    1    1    1    1    2    5    1    0      8394   -8  -13   -8   15   -1   10   -7   12  -15   16    2    4   16   -6   -1   14   -1  -13
    1    1    2    1    2    2    2    1      2074   -6  -10  -11   18   -2   12   -7   11  -11   15    2    3   16   -5   -1   16   -2  -11
    1    1    3    1    3    5    3    1      3760    9    2  -13   -5   -1   -2   -7   -4   -3   14   -6   11    8   -1   10    9  -17   -4
    1    1    4    1    3    1    3    1       658   12    2  -14   -6   -2   -1   -8   -5  -14   18   -6   10    6    2    7    9  -12   -5
    1    1    5    1    1    3    3    0      1104  -12    4   10    1  -11    0   -7   11  -14   -7   14   -3  -10   -7    7   -6   12  -10
    1    1    6    1    3    2    1    0      2446    6    3  -16   -5    0   -5   -6   -5   -2   16   -7   11    4    1   11    9  -10   -2
    1    1    7    1    3    3    1    0      2806    4   -3  -13   -5   -2   -3   -5   -5   -2   13   -5   10    5    0   10   13   -9   -2
    1    1    8    1    2    1    2    1       960   -5  -11   -7   15   -3   10   -6   11   -9   14    1    4   19  -12   -1   16    0  -13
    1    1    9    1    1    2    3    0      1428  -12    2    2    5   -6   -8   -7   13  -13   -4   15   -5  -11   -6    9   -2   12   -9
    1    1   10    1    2    3    2    1      3205   -7  -12   -7   15    0    8   -9   12   -7   18    0    5   13   -3   -2   21   -6   -8
    1    1   11    1    1    5    3    0      3246   -9    4   11   -3  -10   -1  -14   20  -13   -5   14   -4  -10   -6    7   -4   11   -8
    1    1   12    1    3    4    2    0      1224   12   10  -12   -7   -3   -1  -14   -8   -3   14   -7   13    2   -4    9    8  -11   -3
    1    1   13    1    1    4    1    1      1137  -11    3    7    7   -3   -9   -9   10  -10   -2   15   -5   -9  -10    7   -9   13   -9
    1    1   14    1    2    4    2    1      1725   -8   -8   -5   17   -4    9   -5   11  -10   16    8   -1   14   -3   -2   16    1  -14
    1    1   15    1    1    1    1    1      4531  -12    5    9    1  -10   -2  -10   13  -12   -7   17   -5  -10   -6    9   -9   16   -7
    1    2    1    1    3    5    3    1       920    9    2  -13   -5   -1   -2   -7   -4   -3   14   -6   11    8   -1   10    9  -17   -4
    1    2    2    1    3    3    1    0      1291    4   -3  -13   -5   -2   -3   -5   -5   -2   13   -5   10    5    0   10   13   -9   -2
    1    2    3    1    2    1    2    1      1089   -5  -11   -7   15   -3   10   -6   11   -9   14    1    4   19  -12   -1   16    0  -13
    1    2    4    1    1    1    1    1       993  -12    5    9    1  -10   -2  -10   13  -12   -7   17   -5  -10   -6    9   -9   16   -7
    1    2    5    1    1    4    3    0      1011  -11    3    7    7   -3   -9   -9   10  -10   -2   15   -5   -9  -10    7   -9   13   -9
    1    2    6    1    2    4    2    1      1972   -8   -8   -5   17   -4    9   -5   11  -10   16    8   -1   14   -3   -2   16    1  -14
    1    2    7    1    3    2    1    0      1390    6    3  -16   -5    0   -5   -6   -5   -2   16   -7   11    4    1   11    9  -10   -2
    1    2    8    1    1    2    1    1      1281  -12    2    2    5   -6   -8   -7   13  -13   -4   15   -5  -11   -6    9   -2   12   -9
    1    2    9    1    1    5    1    1      3385   -9    4   11   -3  -10   -1  -14   20  -13   -5   14   -4  -10   -6    7   -4   11   -8
    1    2   10    1    3    1    3    1      1228   12    2  -14   -6   -2   -1   -8   -5  -14   18   -6   10    6    2    7    9  -12   -5
    1    2   11    1    1    3    1    1      1172  -12    4   10    1  -11    0   -7   11  -14   -7   14   -3  -10   -7    7   -6   12  -10
    1    2   12    1    2    3    2    1       799   -7  -12   -7   15    0    8   -9   12   -7   18    0    5   13   -3   -2   21   -6   -8
    1    2   13    1    3    4    2    0      1241   12   10  -12   -7   -3   -1  -14   -8   -3   14   -7   13    2   -4    9    8  -11   -3
    1    2   14    1    2    5    2    1       977   -8  -13   -8   15   -1   10   -7   12  -15   16    2    4   16   -6   -1   14   -1  -13
    1    2   15    1    2    2    2    1       997   -6  -10  -11   18   -2   12   -7   11  -11   15    2    3   16   -5   -1   16   -2  -11
    1    3    1    1    3    3    1    0      1351    4   -3  -13   -5   -2   -3   -5   -5   -2   13   -5   10    5    0   10   13   -9   -2
    1    3    2    1    2    1    2    1       731   -5  -11   -7   15   -3   10   -6   11   -9   14    1    4   19  -12   -1   16    0  -13
    1    3    3    1    1    2    1    1      3784  -12    2    2    5   -6   -8   -7   13  -13   -4   15   -5  -11   -6    9   -2   12   -9
    1    3    4    1    2    4    2    1       845   -8   -8   -5   17   -4    9   -5   11  -10   16    8   -1   14   -3   -2   16    1  -14
    1    3    5    1    1    4    1    1      1191  -11    3    7    7   -3   -9   -9   10  -10   -2   15   -5   -9  -10    7   -9   13   -9
    1    3    6    1    2    2    2    1       643   -6  -10  -11   18   -2   12   -7   11  -11   15    2    3   16   -5   -1   16   -2  -11
    1    3    7    1    3    5    1    0      1604    9    2  -13   -5   -1   -2   -7   -4   -3   14   -6   11    8   -1   10    9  -17   -4
    1    3    8    1    3    1    3    1      1581   12    2  -14   -6   -2   -1   -8   -5  -14   18   -6   10    6    2    7    9  -12   -5
    1    3    9    1    2    5    2    1       616   -8  -13   -8   15   -1   10   -7   12  -15   16    2    4   16   -6   -1   14   -1  -13
    1    3   10    1    1    5    1    1      1049   -9    4   11   -3  -10   -1  -14   20  -13   -5   14   -4  -10   -6    7   -4   11   -8
    1    3   11    1    1    1    3    0      1769  -12    5    9    1  -10   -2  -10   13  -12   -7   17   -5  -10   -6    9   -9   16   -7
    1    3   12    1    2    3    2    1      2012   -7  -12   -7   15    0    8   -9   12   -7   18    0    5   13   -3   -2   21   -6   -8
    1    3   13    1    3    4    1    0      2615   12   10  -12   -7   -3   -1  -14   -8   -3   14   -7   13    2   -4    9    8  -11   -3
    1    3   14    1    3    2    1    0      1736    6    3  -16   -5    0   -5   -6   -5   -2   16   -7   11    4    1   11    9  -10   -2
    1    3   15    1    1    3    1    1      1532  -12    4   10    1  -11    0   -7   11  -14   -7   14   -3  -10   -7    7   -6   12  -10
    1    4    1    1    3    4    3    1      2314   12   10  -12   -7   -3   -1  -14   -8   -3   14   -7   13    2   -4    9    8  -11   -3
    1    4    2    1    1    3    3    0      1384  -12    4   10    1  -11    0   -7   11  -14   -7   14   -3  -10   -7    7   -6   12  -10
    1    4    3    1    1    2    1    1     11787  -12    2    2    5   -6   -8   -7   13  -13   -4   15   -5  -11   -6    9   -2   12   -9
    1    4    4    1    3    3    3    1      3150    4   -3  -13   -5   -2   -3   -5   -5   -2   13   -5   10    5    0   10   13   -9   -2
    1    4    5    1    2    5    2    1      1673   -8  -13   -8   15   -1   10   -7   12  -15   16    2    4   16   -6   -1   14   -1  -13
    1    4    6    1    1    4    1    1      1200  -11    3    7    7   -3   -9   -9   10  -10   -2   15   -5   -9  -10    7   -9   13   -9
    1    4    7    1    3    1    3    1      5004   12    2  -14   -6   -2   -1   -8   -5  -14   18   -6   10    6    2    7    9  -12   -5
    1    4    8    1    1    1    1    1      1743  -12    5    9    1  -10   -2  -10   13  -12   -7   17   -5  -10   -6    9   -9   16   -7
    1    4    9    1    2    1    2    1       836   -5  -11   -7   15   -3   10   -6   11   -9   14    1    4   19  -12   -1   16    0  -13
    1    4   10    1    2    4    2    1      2763   -8   -8   -5   17   -4    9   -5   11  -10   16    8   -1   14   -3   -2   16    1  -14
    1    4   11    1    3    2    1    0      1817    6    3  -16   -5    0   -5   -6   -5   -2   16   -7   11    4    1   11    9  -10   -2
    1    4   12    1    2    2    2    1       845   -6  -10  -11   18   -2   12   -7   11  -11   15    2    3   16   -5   -1   16   -2  -11
    1    4   13    1    1    5    1    1      1943   -9    4   11   -3  -10   -1  -14   20  -13   -5   14   -4  -10   -6    7   -4   11   -8
    1    4   14    1    3    5    1    0      1381    9    2  -13   -5   -1   -2   -7   -4   -3   14   -6   11    8   -1   10    9  -17   -4
    1    4   15    1    2    3    2    1      3319   -7  -12   -7   15    0    8   -9   12   -7   18    0    5   13   -3   -2   21   -6   -8
    1    5    1    1    3    4    3    1      2604   12   10  -12   -7   -3   -1  -14   -8   -3   14   -7   13    2   -4    9    8  -11   -3
    1    5    2    1    2    5    2    1       655   -8  -13   -8   15   -1   10   -7   12  -15   16    2    4   16   -6   -1   14   -1  -13
    1    5    3    1    2    3    2    1       975   -7  -12   -7   15    0    8   -9   12   -7   18    0    5   13   -3   -2   21   -6   -8
    1    5    4    1    1    5    1    1      1089   -9    4   11   -3  -10   -1  -14   20  -13   -5   14   -4  -10   -6    7   -4   11   -8
    1    5    5    1    3    3    3    1      6448    4   -3  -13   -5   -2   -3   -5   -5   -2   13   -5   10    5    0   10   13   -9   -2
    1    5    6    1    2    2    2    1      1145   -6  -10  -11   18   -2   12   -7   11  -11   15    2    3   16   -5   -1   16   -2  -11
    1    5    7    1    3    5    1    0      2467    9    2  -13   -5   -1   -2   -7   -4   -3   14   -6   11    8   -1   10    9  -17   -4
    1    5    8    1    3    2    3    1      2349    6    3  -16   -5    0   -5   -6   -5   -2   16   -7   11    4    1   11    9  -10   -2
    1    5    9    1    2    4    2    1       794   -8   -8   -5   17   -4    9   -5   11  -10   16    8   -1   14   -3   -2   16    1  -14
    1    5   10    1    1    4    1    1      1173  -11    3    7    7   -3   -9   -9   10  -10   -2   15   -5   -9  -10    7   -9   13   -9
    1    5   11    1    1    2    3    0      4273  -12    2    2    5   -6   -8   -7   13  -13   -4   15   -5  -11   -6    9   -2   12   -9
    1    5   12    1    1    3    3    0      2960  -12    4   10    1  -11    0   -7   11  -14   -7   14   -3  -10   -7    7   -6   12  -10
    1    5   13    1    3    1    3    1      3076   12    2  -14   -6   -2   -1   -8   -5  -14   18   -6   10    6    2    7    9  -12   -5
    1    5   14    1    1    1    1    1      2402  -12    5    9    1  -10   -2  -10   13  -12   -7   17   -5  -10   -6    9   -9   16   -7
    1    5   15    1    2    1    2    1       877   -5  -11   -7   15   -3   10   -6   11   -9   14    1    4   19  -12   -1   16    0  -13
    1    6    1    1    1    1    1    1      3254  -12    5    9    1  -10   -2  -10   13  -12   -7   17   -5  -10   -6    9   -9   16   -7
    1    6    2    1    2    5    2    1       640   -8  -13   -8   15   -1   10   -7   12  -15   16    2    4   16   -6   -1   14   -1  -13
    1    6    3    1    3    3    3    1      4624    4   -3  -13   -5   -2   -3   -5   -5   -2   13   -5   10    5    0   10   13   -9   -2
    1    6    4    1    1    3    3    0      2834  -12    4   10    1  -11    0   -7   11  -14   -7   14   -3  -10   -7    7   -6   12  -10
    1    6    5    1    2    3    2    1       858   -7  -12   -7   15    0    8   -9   12   -7   18    0    5   13   -3   -2   21   -6   -8
    1    6    6    1    3    5    3    1      1443    9    2  -13   -5   -1   -2   -7   -4   -3   14   -6   11    8   -1   10    9  -17   -4
    1    6    7    1    1    4    1    1      1924  -11    3    7    7   -3   -9   -9   10  -10   -2   15   -5   -9  -10    7   -9   13   -9
    1    6    8    1    3    1    3    1      2626   12    2  -14   -6   -2   -1   -8   -5  -14   18   -6   10    6    2    7    9  -12   -5
    1    6    9    1    2    4    2    1       692   -8   -8   -5   17   -4    9   -5   11  -10   16    8   -1   14   -3   -2   16    1  -14
    1    6   10    1    1    2    3    0      3492  -12    2    2    5   -6   -8   -7   13  -13   -4   15   -5  -11   -6    9   -2   12   -9
    1    6   11    1    2    1    2    1       772   -5  -11   -7   15   -3   10   -6   11   -9   14    1    4   19  -12   -1   16    0  -13
    1    6   12    1    3    2    3    1      4575    6    3  -16   -5    0   -5   -6   -5   -2   16   -7   11    4    1   11    9  -10   -2
    1    6   13    1    2    2    2    1       610   -6  -10  -11   18   -2   12   -7   11  -11   15    2    3   16   -5   -1   16   -2  -11
    1    6   14    1    3    4    3    1      1381   12   10  -12   -7   -3   -1  -14   -8   -3   14   -7   13    2   -4    9    8  -11   -3
    1    6   15    1    1    5    3    0      1225   -9    4   11   -3  -10   -1  -14   20  -13   -5   14   -4  -10   -6    7   -4   11   -8
    1    7    1    1    2    1    2    1       643   -5  -11   -7   15   -3   10   -6   11   -9   14    1    4   19  -12   -1   16    0  -13
    1    7    2    1    2    5    2    1      2244   -8  -13   -8   15   -1   10   -7   12  -15   16    2    4   16   -6   -1   14   -1  -13
    1    7    3    1    3    2    3    1      1813    6    3  -16   -5    0   -5   -6   -5   -2   16   -7   11    4    1   11    9  -10   -2
    1    7    4    1    2    4    2    1       855   -8   -8   -5   17   -4    9   -5   11  -10   16    8   -1   14   -3   -2   16    1  -14
    1    7    5    1    3    1    3    1      6559   12    2  -14   -6   -2   -1   -8   -5  -14   18   -6   10    6    2    7    9  -12   -5
    1    7    6    1    3    4    3    1      3442   12   10  -12   -7   -3   -1  -14   -8   -3   14   -7   13    2   -4    9    8  -11   -3
    1    7    7    1    3    5    3    1       995    9    2  -13   -5   -1   -2   -7   -4   -3   14   -6   11    8   -1   10    9  -17   -4
    1    7    8    1    2    3    2    1       902   -7  -12   -7   15    0    8   -9   12   -7   18    0    5   13   -3   -2   21   -6   -8
    1    7    9    1    1    3    1    1      2570  -12    4   10    1  -11    0   -7   11  -14   -7   14   -3  -10   -7    7   -6   12  -10
    1    7   10    1    1    2    3    0       942  -12    2    2    5   -6   -8   -7   13  -13   -4   15   -5  -11   -6    9   -2   12   -9
    1    7   11    1    1    4    1    1      1697  -11    3    7    7   -3   -9   -9   10  -10   -2   15   -5   -9  -10    7   -9   13   -9
    1    7   12    1    2    2    2    1       777   -6  -10  -11   18   -2   12   -7   11  -11   15    2    3   16   -5   -1   16   -2  -11
    1    7   13    1    1    1    1    1      1669  -12    5    9    1  -10   -2  -10   13  -12   -7   17   -5  -10   -6    9   -9   16   -7
    1    7   14    1    1    5    1    1       766   -9    4   11   -3  -10   -1  -14   20  -13   -5   14   -4  -10   -6    7   -4   11   -8
    1    7   15    1    3    3    3    1      1019    4   -3  -13   -5   -2   -3   -5   -5   -2   13   -5   10    5    0   10   13   -9   -2
    1    8    1    1    3    3    3    1       875    4   -3  -13   -5   -2   -3   -5   -5   -2   13   -5   10    5    0   10   13   -9   -2
    1    8    2    1    2    5    2    1       771   -8  -13   -8   15   -1   10   -7   12  -15   16    2    4   16   -6   -1   14   -1  -13
    1    8    3    1    2    3    2    1      1181   -7  -12   -7   15    0    8   -9   12   -7   18    0    5   13   -3   -2   21   -6   -8
    1    8    4    1    3    2    3    1      1688    6    3  -16   -5    0   -5   -6   -5   -2   16   -7   11    4    1   11    9  -10   -2
    1    8    5    1    1    3    1    1      1505  -12    4   10    1  -11    0   -7   11  -14   -7   14   -3  -10   -7    7   -6   12  -10
    1    8    6    1    2    2    2    1       735   -6  -10  -11   18   -2   12   -7   11  -11   15    2    3   16   -5   -1   16   -2  -11
    1    8    7    1    3    1    3    1      2797   12    2  -14   -6   -2   -1   -8   -5  -14   18   -6   10    6    2    7    9  -12   -5
    1    8    8    1    2    4    2    1       664   -8   -8   -5   17   -4    9   -5   11  -10   16    8   -1   14   -3   -2   16    1  -14
    1    8    9    1    1    5    1    1      1033   -9    4   11   -3  -10   -1  -14   20  -13   -5   14   -4  -10   -6    7   -4   11   -8
    1    8   10    1    3    4    1    0       683   12   10  -12   -7   -3   -1  -14   -8   -3   14   -7   13    2   -4    9    8  -11   -3
    1    8   11    1    2    1    2    1       747   -5  -11   -7   15   -3   10   -6   11   -9   14    1    4   19  -12   -1   16    0  -13
    1    8   12    1    1    4    1    1      1785  -11    3    7    7   -3   -9   -9   10  -10   -2   15   -5   -9  -10    7   -9   13   -9
    1    8   13    1    1    1    1    1      1901  -12    5    9    1  -10   -2  -10   13  -12   -7   17   -5  -10   -6    9   -9   16   -7
    1    8   14    1    3    5    3    1      1916    9    2  -13   -5   -1   -2   -7   -4   -3   14   -6   11    8   -1   10    9  -17   -4
    1    8   15    1    1    2    1    1      1115  -12    2    2    5   -6   -8   -7   13  -13   -4   15   -5  -11   -6    9   -2   12   -9
    1    9    1    1    1    4    1    1      1194  -11    3    7    7   -3   -9   -9   10  -10   -2   15   -5   -9  -10    7   -9   13   -9
    1    9    2    1    3    4    3    1      3301   12   10  -12   -7   -3   -1  -14   -8   -3   14   -7   13    2   -4    9    8  -11   -3
    1    9    3    1    3    1    3    1      3356   12    2  -14   -6   -2   -1   -8   -5  -14   18   -6   10    6    2    7    9  -12   -5
    1    9    4    1    2    4    2    1       623   -8   -8   -5   17   -4    9   -5   11  -10   16    8   -1   14   -3   -2   16    1  -14
    1    9    5    1    1    2    1    1      1040  -12    2    2    5   -6   -8   -7   13  -13   -4   15   -5  -11   -6    9   -2   12   -9
    1    9    6    1    2    2    2    1       609   -6  -10  -11   18   -2   12   -7   11  -11   15    2    3   16   -5   -1   16   -2  -11
    1    9    7    1    1    1    1    1      1219  -12    5    9    1  -10   -2  -10   13  -12   -7   17   -5  -10   -6    9   -9   16   -7
    1    9    8    1    2    3    2    1       702   -7  -12   -7   15    0    8   -9   12   -7   18    0    5   13   -3   -2   21   -6   -8
    1    9    9    1    1    3    1    1      1582  -12    4   10    1  -11    0   -7   11  -14   -7   14   -3  -10   -7    7   -6   12  -10
    1    9   10    1    3    3    3    1      1897    4   -3  -13   -5   -2   -3   -5   -5   -2   13   -5   10    5    0   10   13   -9   -2
    1    9   11    1    2    5    2    1       615   -8  -13   -8   15   -1   10   -7   12  -15   16    2    4   16   -6   -1   14   -1  -13
    1    9   12    1    3    2    3    1      2056    6    3  -16   -5    0   -5   -6   -5   -2   16   -7   11    4    1   11    9  -10   -2
    1    9   13    1    2    1    2    1       592   -5  -11   -7   15   -3   10   -6   11   -9   14    1    4   19  -12   -1   16    0  -13
    1    9   14    1    1    5    1    1       771   -9    4   11   -3  -10   -1  -14   20  -13   -5   14   -4  -10   -6    7   -4   11   -8
    1    9   15    1    3    5    3    1      1423    9    2  -13   -5   -1   -2   -7   -4   -3   14   -6   11    8   -1   10    9  -17   -4
    1   10    1    1    3    5    3    1       672    9    2  -13   -5   -1   -2   -7   -4   -3   14   -6   11    8   -1   10    9  -17   -4
    1   10    2    1    1    2    1    1      1023  -12    2    2    5   -6   -8   -7   13  -13   -4   15   -5  -11   -6    9   -2   12   -9
    1   10    3    1    3    2    3    1      1616    6    3  -16   -5    0   -5   -6   -5   -2   16   -7   11    4    1   11    9  -10   -2
    1   10    4    1    2    4    2    1       729   -8   -8   -5   17   -4    9   -5   11  -10   16    8   -1   14   -3   -2   16    1  -14
    1   10    5    1    3    3    3    1      1621    4   -3  -13   -5   -2   -3   -5   -5   -2   13   -5   10    5    0   10   13   -9   -2
    1   10    6    1    2    5    2    1       670   -8  -13   -8   15   -1   10   -7   12  -15   16    2    4   16   -6   -1   14   -1  -13
    1   10    7    1    2    3    2    1      2429   -7  -12   -7   15    0    8   -9   12   -7   18    0    5   13   -3   -2   21   -6   -8
    1   10    8    1    1    3    1    1       919  -12    4   10    1  -11    0   -7   11  -14   -7   14   -3  -10   -7    7   -6   12  -10
    1   10    9    1    2    2    2    1       556   -6  -10  -11   18   -2   12   -7   11  -11   15    2    3   16   -5   -1   16   -2  -11
    1   10   10    1    1    1    1    1       783  -12    5    9    1  -10   -2  -10   13  -12   -7   17   -5  -10   -6    9   -9   16   -7
    1   10   11    1    3    4    1    0       666   12   10  -12   -7   -3   -1  -14   -8   -3   14   -7   13    2   -4    9    8  -11   -3
    1   10   12    1    2    1    2    1       617   -5  -11   -7   15   -3   10   -6   11   -9   14    1    4   19  -12   -1   16    0  -13
    1   10   13    1    3    1    3    1      2011   12    2  -14   -6   -2   -1   -8   -5  -14   18   -6   10    6    2    7    9  -12   -5
    1   10   14    1    1    4    1    1      2708  -11    3    7    7   -3   -9   -9   10  -10   -2   15   -5   -9  -10    7   -9   13   -9
    1   10   15    1    1    5    1    1       931   -9    4   11   -3  -10   -1  -14   20  -13   -5   14   -4  -10   -6    7   -4   11   -8
    1   11    1    1    2    2    2    1      1177   -6  -10  -11   18   -2   12   -7   11  -11   15    2    3   16   -5   -1   16   -2  -11
    1   11    2    1    3    1    3    1      1668   12    2  -14   -6   -2   -1   -8   -5  -14   18   -6   10    6    2    7    9  -12   -5
    1   11    3    1    1    2    1    1      1148  -12    2    2    5   -6   -8   -7   13  -13   -4   15   -5  -11   -6    9   -2   12   -9
    1   11    4    1    2    3    2    1      1178   -7  -12   -7   15    0    8   -9   12   -7   18    0    5   13   -3   -2   21   -6   -8
    1   11    5    1    3    2    3    1      1411    6    3  -16   -5    0   -5   -6   -5   -2   16   -7   11    4    1   11    9  -10   -2
    1   11    6    1    1    5    1    1       742   -9    4   11   -3  -10   -1  -14   20  -13   -5   14   -4  -10   -6    7   -4   11   -8
    1   11    7    1    2    1    2    1       803   -5  -11   -7   15   -3   10   -6   11   -9   14    1    4   19  -12   -1   16    0  -13
    1   11    8    1    3    5    3    1      3821    9    2  -13   -5   -1   -2   -7   -4   -3   14   -6   11    8   -1   10    9  -17   -4
    1   11    9    1    3    4    3    1      2078   12   10  -12   -7   -3   -1  -14   -8   -3   14   -7   13    2   -4    9    8  -11   -3
    1   11   10    1    1    3    1    1      1271  -12    4   10    1  -11    0   -7   11  -14   -7   14   -3  -10   -7    7   -6   12  -10
    1   11   11    1    3    3    3    1      1405    4   -3  -13   -5   -2   -3   -5   -5   -2   13   -5   10    5    0   10   13   -9   -2
    1   11   12    1    2    5    2    1       766   -8  -13   -8   15   -1   10   -7   12  -15   16    2    4   16   -6   -1   14   -1  -13
    1   11   13    1    1    4    1    1      1866  -11    3    7    7   -3   -9   -9   10  -10   -2   15   -5   -9  -10    7   -9   13   -9
    1   11   14    1    2    4    2    1       938   -8   -8   -5   17   -4    9   -5   11  -10   16    8   -1   14   -3   -2   16    1  -14
    1   11   15    1    1    1    1    1      1582  -12    5    9    1  -10   -2  -10   13  -12   -7   17   -5  -10   -6    9   -9   16   -7
    1   12    1    1    2    2    2    1       841   -6  -10  -11   18   -2   12   -7   11  -11   15    2    3   16   -5   -1   16   -2  -11
    1   12    2    1    1    4    1    1      2546  -11    3    7    7   -3   -9   -9   10  -10   -2   15   -5   -9  -10    7   -9   13   -9
    1   12    3    1    3    3    3    1       918    4   -3  -13   -5   -2   -3   -5   -5   -2   13   -5   10    5    0   10   13   -9   -2
    1   12    4    1    1    3    1    1      1213  -12    4   10    1  -11    0   -7   11  -14   -7   14   -3  -10   -7    7   -6   12  -10
    1   12    5    1    2    5    2    1       712   -8  -13   -8   15   -1   10   -7   12  -15   16    2    4   16   -6   -1   14   -1  -13
    1   12    6    1    1    5    1    1      1127   -9    4   11   -3  -10   -1  -14   20  -13   -5   14   -4  -10   -6    7   -4   11   -8
    1   12    7    1    3    4    3    1      1549   12   10  -12   -7   -3   -1  -14   -8   -3   14   -7   13    2   -4    9    8  -11   -3
    1   12    8    1    2    1    2    1       880   -5  -11   -7   15   -3   10   -6   11   -9   14    1    4   19  -12   -1   16    0  -13
    1   12    9    1    3    5    3    1      3349    9    2  -13   -5   -1   -2   -7   -4   -3   14   -6   11    8   -1   10    9  -17   -4
    1   12   10    1    3    1    3    1      1913   12    2  -14   -6   -2   -1   -8   -5  -14   18   -6   10    6    2    7    9  -12   -5
    1   12   11    1    2    4    2    1       903   -8   -8   -5   17   -4    9   -5   11  -10   16    8   -1   14   -3   -2   16    1  -14
    1   12   12    1    2    3    2    1      1389   -7  -12   -7   15    0    8   -9   12   -7   18    0    5   13   -3   -2   21   -6   -8
    1   12   13    1    1    2    1    1      4512  -12    2    2    5   -6   -8   -7   13  -13   -4   15   -5  -11   -6    9   -2   12   -9
    1   12   14    1    3    2    3    1      1574    6    3  -16   -5    0   -5   -6   -5   -2   16   -7   11    4    1   11    9  -10   -2
    1   12   15    1    1    1    1    1      1666  -12    5    9    1  -10   -2  -10   13  -12   -7   17   -5  -10   -6    9   -9   16   -7
    1   13    1    1    1    2    3    0      1723  -12    2    2    5   -6   -8   -7   13  -13   -4   15   -5  -11   -6    9   -2   12   -9
    1   13    2    1    3    3    3    1      1648    4   -3  -13   -5   -2   -3   -5   -5   -2   13   -5   10    5    0   10   13   -9   -2
    1   13    3    1    3    5    1    0      1289    9    2  -13   -5   -1   -2   -7   -4   -3   14   -6   11    8   -1   10    9  -17   -4
    1   13    4    1    2    2    2    1       800   -6  -10  -11   18   -2   12   -7   11  -11   15    2    3   16   -5   -1   16   -2  -11
    1   13    5    1    2    5    2    1       777   -8  -13   -8   15   -1   10   -7   12  -15   16    2    4   16   -6   -1   14   -1  -13
    1   13    6    1    2    1    2    1       675   -5  -11   -7   15   -3   10   -6   11   -9   14    1    4   19  -12   -1   16    0  -13
    1   13    7    1    3    2    1    0      1281    6    3  -16   -5    0   -5   -6   -5   -2   16   -7   11    4    1   11    9  -10   -2
    1   13    8    1    1    3    1    1      3898  -12    4   10    1  -11    0   -7   11  -14   -7   14   -3  -10   -7    7   -6   12  -10
    1   13    9    1    3    4    3    1      1479   12   10  -12   -7   -3   -1  -14   -8   -3   14   -7   13    2   -4    9    8  -11   -3
    1   13   10    1    2    4    2    1       633   -8   -8   -5   17   -4    9   -5   11  -10   16    8   -1   14   -3   -2   16    1  -14
    1   13   11    1    3    1    3    1      3482   12    2  -14   -6   -2   -1   -8   -5  -14   18   -6   10    6    2    7    9  -12   -5
    1   13   12    1    1    5    1    1       889   -9    4   11   -3  -10   -1  -14   20  -13   -5   14   -4  -10   -6    7   -4   11   -8
    1   13   13    1    1    4    1    1      3247  -11    3    7    7   -3   -9   -9   10  -10   -2   15   -5   -9  -10    7   -9   13   -9
    1   13   14    1    1    1    1    1      1338  -12    5    9    1  -10   -2  -10   13  -12   -7   17   -5  -10   -6    9   -9   16   -7
    1   13   15    1    2    3    2    1      1022   -7  -12   -7   15    0    8   -9   12   -7   18    0    5   13   -3   -2   21   -6   -8
    1   14    1    1    1    1    1    1       959  -12    5    9    1  -10   -2  -10   13  -12   -7   17   -5  -10   -6    9   -9   16   -7
    1   14    2    1    3    5    3    1      2004    9    2  -13   -5   -1   -2   -7   -4   -3   14   -6   11    8   -1   10    9  -17   -4
    1   14    3    1    3    2    1    0      1566    6    3  -16   -5    0   -5   -6   -5   -2   16   -7   11    4    1   11    9  -10   -2
    1   14    4    1    1    5    1    1       681   -9    4   11   -3  -10   -1  -14   20  -13   -5   14   -4  -10   -6    7   -4   11   -8
    1   14    5    1    2    4    2    1       761   -8   -8   -5   17   -4    9   -5   11  -10   16    8   -1   14   -3   -2   16    1  -14
    1   14    6    1    1    2    1    1      3862  -12    2    2    5   -6   -8   -7   13  -13   -4   15   -5  -11   -6    9   -2   12   -9
    1   14    7    1    3    3    1    0      5638    4   -3  -13   -5   -2   -3   -5   -5   -2   13   -5   10    5    0   10   13   -9   -2
    1   14    8    1    2    1    2    1       702   -5  -11   -7   15   -3   10   -6   11   -9   14    1    4   19  -12   -1   16    0  -13
    1   14    9    1    1    4    1    1      5964  -11    3    7    7   -3   -9   -9   10  -10   -2   15   -5   -9  -10    7   -9   13   -9
    1   14   10    1    2    3    2    1       728   -7  -12   -7   15    0    8   -9   12   -7   18    0    5   13   -3   -2   21   -6   -8
    1   14   11    1    2    2    2    1       644   -6  -10  -11   18   -2   12   -7   11  -11   15    2    3   16   -5   -1   16   -2  -11
    1   14   12    1    3    1    1    0      2258   12    2  -14   -6   -2   -1   -8   -5  -14   18   -6   10    6    2    7    9  -12   -5
    1   14   13    1    2    5    2    1       691   -8  -13   -8   15   -1   10   -7   12  -15   16    2    4   16   -6   -1   14   -1  -13
    1   14   14    1    1    3    1    1     35039  -12    4   10    1  -11    0   -7   11  -14   -7   14   -3  -10   -7    7   -6   12  -10
    1   14   15    1    3    4    3    1      3072   12   10  -12   -7   -3   -1  -14   -8   -3   14   -7   13    2   -4    9    8  -11   -3
    1   15    1    1    3    3    3    1      1325    4   -3  -13   -5   -2   -3   -5   -5   -2   13   -5   10    5    0   10   13   -9   -2
    1   15    2    1    1    2    1    1      1441  -12    2    2    5   -6   -8   -7   13  -13   -4   15   -5  -11   -6    9   -2   12   -9
    1   15    3    1    2    3    2    1       865   -7  -12   -7   15    0    8   -9   12   -7   18    0    5   13   -3   -2   21   -6   -8
    1   15    4    1    3    5    3    1      1560    9    2  -13   -5   -1   -2   -7   -4   -3   14   -6   11    8   -1   10    9  -17   -4
    1   15    5    1    1    3    3    0      1252  -12    4   10    1  -11    0   -7   11  -14   -7   14   -3  -10   -7    7   -6   12  -10
    1   15    6    1    2    1    2    1       636   -5  -11   -7   15   -3   10   -6   11   -9   14    1    4   19  -12   -1   16    0  -13
    1   15    7    1    2    2    2    1       797   -6  -10  -11   18   -2   12   -7   11  -11   15    2    3   16   -5   -1   16   -2  -11
    1   15    8    1    3    2    3    1      1703    6    3  -16   -5    0   -5   -6   -5   -2   16   -7   11    4    1   11    9  -10   -2
    1   15    9    1    2    4    2    1       813   -8   -8   -5   17   -4    9   -5   11  -10   16    8   -1   14   -3   -2   16    1  -14
    1   15   10    1    1    5    1    1      1687   -9    4   11   -3  -10   -1  -14   20  -13   -5   14   -4  -10   -6    7   -4   11   -8
    1   15   11    1    1    1    1    1      2942  -12    5    9    1  -10   -2  -10   13  -12   -7   17   -5  -10   -6    9   -9   16   -7
    1   15   12    1    2    5    2    1       740   -8  -13   -8   15   -1   10   -7   12  -15   16    2    4   16   -6   -1   14   -1  -13
    1   15   13    1    3    1    3    1      1535   12    2  -14   -6   -2   -1   -8   -5  -14   18   -6   10    6    2    7    9  -12   -5
    1   15   14    1    1    4    1    1      1562  -11    3    7    7   -3   -9   -9   10  -10   -2   15   -5   -9  -10    7   -9   13   -9
    1   15   15    1    3    4    3    1      3350   12   10  -12   -7   -3   -1  -14   -8   -3   14   -7   13    2   -4    9    8  -11   -3
    2    1    1    4    1    3    1    1      7052   -1   13    9    1  -11    1   -9   12  -13   -4   17   -6  -11   -9    8   -3   12   -8
    2    1    2    4    2    4    2    1      1579   -7  -13    4   17   -3   10   -7   11  -10   14    0    0   17   -7   -1   14   -2  -13
    2    1    3    1    2    5    2    1       807   -8  -13   -8   15   -1   10   -7   12  -15   16    2    4   16   -6   -1   14   -1  -13
    2    1    4    3    1    2    3    0      2530   -9    3   10   -1   -9   -1   -8   11  -16   -3   15   -4  -10   -7    9   -5   11   -8
    2    1    5    3    3    5    1    0      1672    7    2  -14   -5   -2   -2   -5   -4   -4   15   -7   12    6   -1   10   10   -9   -2
    2    1    6    4    3    3    1    0       976    2    7  -16   -5   -2    0   -8   -2   -5   13   -7   11    6   -1    5    4  -12   -5
    2    1    7    4    1    1    1    1       899  -16    1   17    2   -2    2  -13   16  -14  -10   17   -3   -9  -10    5    1   12   -8
    2    1    8    1    1    1    1    1       954  -12    5    9    1  -10   -2  -10   13  -12   -7   17   -5  -10   -6    9   -9   16   -7
    2    1    9    1    2    2    2    1       814   -6  -10  -11   18   -2   12   -7   11  -11   15    2    3   16   -5   -1   16   -2  -11
    2    1   10    1    3    4    3    1      2969   12   10  -12   -7   -3   -1  -14   -8   -3   14   -7   13    2   -4    9    8  -11   -3
    2    1   11    4    3    2    3    1      1341    8    3  -12   -6   -4   -1   -6   -3   -2   14   -4   12    5    0   10    8   -8   -4
    2    1   12    1    3    1    3    1       930   12    2  -14   -6   -2   -1   -8   -5  -14   18   -6   10    6    2    7    9  -12   -5
    2    1   13    3    3    1    3    1      2665    8    1  -15   -5   -2   -2   -7   -3  -11   12   -7   14    6    2    8   11  -10   -2
    2    1   14    3    2    5    2    1       859   -6  -11   -4   14   -3   10   -6   11  -10   14    0    4   15   -7   -1   15   -2  -11
    2    1   15    1    3    2    3    1      1235    6    3  -16   -5    0   -5   -6   -5   -2   16   -7   11    4    1   11    9  -10   -2
    2    1   16    1    2    3    2    1      2589   -7  -12   -7   15    0    8   -9   12   -7   18    0    5   13   -3   -2   21   -6   -8
    2    1   17    4    2    1    2    1      1056   -4  -11   -5   15  -12    9   -6   10   -9   15   -1    5   14   -6   -3   11    0  -10
    2    1   18    5    2    4    2    1      1186   -6  -14   -6   16   -2    9   -6   13  -12   16    1    2   16    4    4   11    0  -12
    2    1   19    3    2    4    2    1       796   -6  -12   -5   16   -2   11   -6   12  -10   14    0    4   15   -5   -1   15   -1  -12
    2    1   20    1    3    3    3    1      1174    4   -3  -13   -5   -2   -3   -5   -5   -2   13   -5   10    5    0   10   13   -9   -2
    2    1   21    2    1    0    1    1      1793  -11    4    9    0   -9   -1   -8   11  -13   -6   15   -4  -10   -8    8   -4   11   -9
    2    1   22    1    2    4    2    1       900   -8   -8   -5   17   -4    9   -5   11  -10   16    8   -1   14   -3   -2   16    1  -14
    2    1   23    4    3    5    3    1      3209   11    1  -14   -4   -4   -4   -6   -5   -9   12   -7   11    1    3    9    7  -12   -1
    2    1   24    5    2    5    2    1       979   -4  -11   -6   17   -5    7  -16   10   -9   15    0    8   16   -5    1   13    4  -21
    2    1   25    5    1    5    1    1      6872  -14    6   14    6  -14   -3  -13   13  -17   -1   18   -3  -10   -9    7   -5   13   -3
    2    1   26    4    2    5    2    1       864   -8   -9   -3   14    0   11   -8   12  -13   24   -2    6   17   -4    0   14    1  -13
    2    1   27    5    2    1    2    1       805  -10  -10   -7   15    8   10    2   11  -10   22    2    5   14   -6   -4   16    0  -11
    2    1   28    5    2    2    2    1      1054   -5  -13   -6   16   -2   11  -15    7  -11   13   -4    5   23  -13    0   15   -1   -9
    2    1   29    4    1    2    1    1      3214  -10    4   11    0  -10    0  -13   10  -15   -5   13    1  -11   -6    6   -5    2   -6
    2    1   30    5    3    3    3    1      6934    8    2  -19   -6    2    2   -7   -4   -5   15   -3    2    3   -3    7   10   -4    0
    2    1   31    1    2    1    2    1      1035   -5  -11   -7   15   -3   10   -6   11   -9   14    1    4   19  -12   -1   16    0  -13
    2    1   32    5    1    4    1    1      4412   -7    2   12    6  -16    2  -17   11   -7   -5   15   -9   -6  -16    6   -1   10  -12
    2    1   33    5    3    4    1    0       851   16   11  -14   -6    3    2   -7   -2   -3   14  -10   22   -4    8    4   17  -11   -2
    2    1   34    4    2    3    2    1       714   -4  -12   -5   15   -2   11   -4   13   -7   12   -1    4   19   -1   -2   15    0  -12
    2    1   35    3    3    3    1    0      1414    6    3  -13   -6   -4   -1   -6   -3   -4   15   -7   12    5    0    8   10  -10   -3
    2    1   36    5    3    5    2    0      4041   -1   12  -24   -6   -8   -5    1  -10   -6   16   -8    7   14   -6    9   10  -10   -2
    2    1   37    2    2    0    2    1       512   -6  -11   -5   16   -2   10   -6   12  -10   15    0    4   15   -5   -1   15   -1  -12
    2    1   38    5    3    2    1    0      2101    6    2  -11   -8    0   -4    4  -14   -2    5   -8    7    8    0    9    8  -20    3
    2    1   39    1    1    5    1    1      1210   -9    4   11   -3  -10   -1  -14   20  -13   -5   14   -4  -10   -6    7   -4   11   -8
    2    1   40    5    1    3    1    1      2565  -10   -3   12   -2   -8   -2   -5   11  -10  -13   19   -9  -10   -9    7   -3    5   -8
    2    1   41    1    3    5    3    1      1690    9    2  -13   -5   -1   -2   -7   -4   -3   14   -6   11    8   -1   10    9  -17   -4
    2    1   42    4    3    1    1    0      1922    7    0  -18    2   -3   -1   -7   -3   -4   16   -7   11    5    8    9   10  -10   -4
    2    1   43    3    2    2    2    1      1086   -6  -11   -5   16   -2   11   -2   19   -6   19    2    5   16   -6    0   14    0  -12
    2    1   44    4    3    4    3    1      1004    5    3  -13   -6   -7    7   -8   -3    1   16   -8   10    8   -4   11   10  -11   -3
    2    1   45    1    1    3    3    0      1373  -12    4   10    1  -11    0   -7   11  -14   -7   14   -3  -10   -7    7   -6   12  -10
    2    1   46    5    2    3    2    1       929   -7   -9    0   20   -1   10   -4   15   -6   13    2    3   13   -5    3   16    0  -13
    2    1   47    4    1    5    3    0      3141  -14    7    7    0  -12   -3  -10   10  -14  -10   14   -4   -9  -10    7   -3   10   -7
    2    1   48    5    1    2    3    0      2513   -9    6    7   -1  -13    1   -7    5  -15  -10   21   -9   -4   -8   10   -9    9   -4
    2    1   49    1    1    2    1    1       999  -12    2    2    5   -6   -8   -7   13  -13   -4   15   -5  -11   -6    9   -2   12   -9
    2    1   50    3    2    3    2    1       713   -7  -10   -5   16   -3   10   -5    3  -10   15   -6    9   15   -5    0   17   -2  -13
    2    1   51    3    1    4    3    0      1093  -10    4    9    0  -11    0   -8   12  -13   -8   14   -4   -9   -8    9   -4   11  -10
    2    1   52    5    3    1    3    1      4035    6    3  -13   -7    1   -4   -7   -3   -2   14   -5   12    4   -6    9   10  -10   -6
    2    1   53    1    1    4    3    0      1723  -11    3    7    7   -3   -9   -9   10  -10   -2   15   -5   -9  -10    7   -9   13   -9
    2    1   54    3    3    4    3    1       784    6    3  -15   -4   -3   -2   -6   -4   -4   15   -6   12    6    0    9    9  -10   -3
    2    1   55    3    3    2    3    1       812    7    2  -13   -6   -3   -3   -6   -3   -3   14   -4   11    6    0   10    9  -12    2
    2    1   56    3    1    3    3    0      1558  -12    3    9   -1   -9   -1   -7    4  -13   -6   15   -5  -11   -7    8   -5   10   -9
    2    1   57    4    2    2    2    1      6050   -7  -10   -5   18   -1    8   -5   14  -14   21   -2    3   14   -7   -3   16   -1  -10
    2    1   58    2    3    0    3    1       857    7    2  -14   -5   -3   -2   -6   -4   -4   15   -6   12    6    0    9    9  -10   -3
    2    1   59    4    1    4    1    1      6144   -9    5    8    0   -8    0   -7   13  -14   -8   14   -3   -9   -9   14  -12    5   -1
    2    1   60    5    1    1    1    1      1894  -10    5   19   -3  -10   -5   -3    9  -14  -11   15   -5  -11   -8    9   -5   20  -18
    2    1   61    3    1    1    1    1       981  -11    4    9    1   -8    0   -9   11  -14   -5   20   -1  -11   -8    7   -3   10   -8
    2    1   62    3    2    1    2    1       617   -7  -11   -4   15   -2   10   -7   11  -11   15    0    4   14   -6   -1   15   -1  -12
    2    1   63    3    1    5    1    1       860  -10    3    9    0  -12   -3   -8   11  -14   -7   16   -5  -10   -9    8   -5   11   -9
