    1    1    1    1    1    1    1    1      8187    5   -7   -1   15   15  -18    9    6   -9   16   -7   -7   12    2   -2    0    3  -10
    1    1    2    1    3    2    2    0      2277   -8   -7    6    1   14   -4  -12   -6  -16   -4    2   12  -20   -7   -9    3   15   11
    1    1    3    1    3    4    3    1      2357   -8   -9   11    8   14   -3  -11   -5  -13  -10    1    8  -13    3   -6   16    7    9
    1    1    4    1    2    2    2    1      2546    1   10   -1  -15   -5    4   13  -13  -16   -1    3  -12    1   -2    9    3   -1    4
    1    1    5    1    2    4    3    0      1226    3   10  -10  -16   -6   11   12    2  -11    3    4  -14    2    1   15   -3   -1    6
    1    1    6    1    1    5    1    1      1107    9   -8   -6   10   12  -16    7   16   -9   24   -7   -5   12    3   -5   -4    6  -10
    1    1    7    1    2    3    2    1      1348    2    9  -10  -12   -5    7   10   -5  -15    0    4  -13    2   -1   15   -2   -3    6
    1    1    8    1    2    1    3    0      1576    1   11   -9  -12   -8    6    7    3  -13    0    2  -18    0   -3   18    4   -3    6
    1    1    9    1    3    1    1    0      1015   -7  -10    4    1    3  -12  -10   -5  -10  -11   11   15  -22   -3   -9    5    6   17
    1    1   10    1    2    5    2    1      1225    2    9   -9  -15   -8    7   12   -6  -15   -3    2  -15   -3   -6   21   -3    1    4
    1    1   11    1    3    5    3    1      1062   -5  -10    9    5   13   -5  -12   -9  -10  -10    4    8  -11    8   -9    6   15   13
    1    1   12    1    3    3    3    1      1241   -7   -9    9    1   12   -3  -12   -5  -13   -9    5    8  -10    7   -2   15   14   12
    1    1   13    1    1    4    1    1      1731    5   -8   -4   13   12  -15    8    6  -11   16   -6   -7   10    1   -5    1    8   -9
    1    1   14    1    1    2    2    0      1146   -5   -3   -3   16   13  -13    6   10  -14   11    3   -2    7    7   -1    1    7  -13
    1    1   15    1    1    3    2    0      1897    8  -11   -2   15   12  -13   16    4   -8   13   -6   -5    8    3   -3    0    2   -9
    1    2    1    1    2    9    3    0      2713    3   10   -9  -13   -8   11   11   -4  -15   -1    7  -13   -5    0   14   -3   -3    5
    1    2    2    1    3    7    1    0      1047   -5   -7    2    3   15   -4  -12  -12  -11  -10    4    7  -13    1   -8    7   14   12
    1    2    3    1    1   10    1    1       631    6   -7   -2   15   12  -15   11   10  -11   16   -6   -5   12    4   -3    3    8  -12
    1    2    4    1    1    6    2    0       746    5   -7    0   16   14  -15    7    7  -12   17   -5   -5    9    4   -4    0   10   -8
    1    2    5    1    1    7    2    0      2041    1   -2   -2   16   13  -15    9    8  -11   14   -4   -7   11    2   -1    1    9   -9
    1    2    6    1    2    8    2    1      1217    1   16    0   -9   -9    5   10   -5  -14   -3    5  -20    0   -2   14   -3    1    4
    1    2    7    1    2    6    2    1      1469   -3    6  -10  -13   -6    5   10   -6  -17    2    2  -13   -3   -1   13   -3    3    4
    1    2    8    1    3   10    2    0      2172    1    2    4    2   11   -3  -10  -15   -5   -6    2    9  -15    2  -20   11   14   12
    1    2    9    1    3    6    3    1      1392   -8   -9    6    1    8   -8  -14   -8  -11   -9    3   10  -14    1  -18    1   16   11
    1    2   10    1    3    9    3    1       643  -15  -12    3    2    9   -1  -13   -9  -14   -7    5   10  -12    0  -11    7   16   13
    1    2   11    1    2   10    1    0      1942    1   10   -8  -12   -2    7   10   -8  -16    1    0  -16   -7    9    8  -12   -3    4
    1    2   12    1    3    8    1    0       867   -2   -9    7    9   11   -3   -9   -3  -13   -8    4    9  -13    2  -12    8   15   11
    1    2   13    1    1    8    1    1      1501    5   -1    0   17   16  -15    8    8   -8   14   -6   -7   12   11   -1    0    8  -11
    1    2   14    1    1    9    2    0       956    6   -4    1   16   12  -15    3    5  -11   16   -7   -7    5    2   -1    0    6  -11
    1    2   15    1    2    7    2    1       800    3   10   -8   -9   -7    8   13   -7  -15    0    5   -6    0   -2   13   -4    1   -5
    1    3    1    1    1   12    3    0      1083    5   -7   -1   18   14  -15    9    9   -9   15   -8   -4    5    5  -10   -8   14  -10
    1    3    2    1    1   11    1    1       859    2   -3   -2   16   14  -12    6    8  -11   16   -6   -4   10    3   -3    2    4  -13
    1    3    3    1    3   11    3    1      2197    3   -3    0    8   12   -3  -10   -8  -12  -11    1   12  -16    1   -9    5   16   13
    1    3    4    1    2   15    1    0      1673    4    9  -10  -16   -5    7    9   -7  -16   -5    3  -14    9    5   12   -2    0    6
    1    3    5    1    2   14    2    1      5746    1   11  -10  -16   -6    4   11  -14  -16   -2    0  -13   -1    0   16   -1   -1    5
    1    3    6    1    2   13    1    0      2119    3    8  -10  -14   -8    6    9   -4  -16    0    3  -15   -2   -6    5  -10    0    4
    1    3    7    1    3   15    3    1       717   -7   -9    6    3    9   -5   -5   -5  -14  -10    4   10  -15    4   -8    4   13   12
    1    3    8    1    1   13    2    0      1147    1  -12    1   14   13  -10    8    7  -11   16   -6   -7   11    3   -7    1   11   -3
    1    3    9    1    2   12    2    1      1958    1    8   -9  -13   -7    5   18    2  -13   -4    1  -13    1   -1   20   -4   -3    7
    1    3   10    1    3   13    3    1      1778   -7  -10    6    1   13   -2  -13   -6  -11  -10    3   10  -12    2  -12    5   15   11
    1    3   11    1    3   14    3    1       535   -8  -10    5    4   14   -5   -8   -3  -14   -8    4    8  -12   11  -11    7   17   10
    1    3   12    1    1   14    2    0      1805    3   -6   -1   17   13  -13    6    8  -11   16   -4   -8    4   -1   -4    2    9  -11
    1    3   13    1    1   15    2    0       896    5   -6   -2   15   12  -13    8   13   -9   17    2    2   13    6   -1    3    5  -12
    1    3   14    1    3   12    2    0      1032   -4  -14    6    1   14   -4  -10   -5  -12  -10    7   10  -14    1   -7    1   15   13
    1    3   15    1    2   11    1    0      1851   -7   19  -11  -15   -9    8    8   -7  -16   -3   -4   -8   -2    1   15   -3    2    3
    1    4    1    1    1   17    2    0      1164    5   -7    8    8   15  -12    6    7  -10   16   -5   -6    7    1   -1    1    6  -10
    1    4    2    1    3   16    2    0      5849   -9    0    6    4    6   -9  -11   -6  -11   -9    2    7  -14    5   -3   -3   14   13
    1    4    3    1    2   16    1    0      2426    1   11   -8  -14   -8    6   11   -5  -16    0   -5  -18   -1   -3   16    0   -2    4
    1    4    4    1    2   18    2    1      2820    1    8  -13  -12   -6    3   10   -7  -15   -3    1  -13    0    0   15   -3    0    5
    1    4    5    1    1   20    3    0      1567    5   -9    0   18   11  -15    7    7  -12   15   -8   -6    8    3    1   -9    8  -13
    1    4    6    1    2   20    1    0      2507   11   20   -8  -16   -8    6   12   -7  -17   -2    2  -17   -1    0   14  -12   -1    5
    1    4    7    1    2   19    2    1      1411    1    6  -10  -16   -7    7   10   -6  -13    0    4  -16    1   -2   15   -4   -4    7
    1    4    8    1    3   20    3    1       841   -6   -8    5    4   13   -5  -10   -6  -12   -8    2    9  -13    2  -11    6   10   12
    1    4    9    1    1   19    1    1      7217    8    4   -3   18   11  -12    7    9   -2   10   -5   -8   12    3   -1    3    9   -9
    1    4   10    1    3   19    3    1       860   -8   -8    4    2   14   -3  -11   -6  -16  -11    4    8  -16    4  -10    7   15   14
    1    4   11    1    1   16    2    0      1877    6   -8    0   17   14  -15    8    6  -11   16   -8   -8   11    1   -2    1    5  -11
    1    4   12    1    3   18    3    1       695   -8   -6    5    4   12   -3  -12   -7  -10   -8    4    9  -14    5   -8    4   15   13
    1    4   13    1    3   17    3    1      1000   -8   -7    3    2   14   -3  -11   -5  -13   -9    4   11  -14    5   -1   -4   16   11
    1    4   14    1    1   18    3    0      2091    3   -8    8   15   11  -15    2   11   -5   15    4    1    9    1   -4    0    6  -10
    1    4   15    1    2   17    1    0      2128    4    9  -10  -15   -5    7    6   -1  -15   -1    3  -16    1   -3   12    3    0    6
    1    5    1    1    3   23    3    1       614   -8   -8    4   -2   12   -3  -13   -6  -11   -8    2    7  -12    4  -11    6   16   12
    1    5    2    1    3   24    1    0      1914    1   -3    2    3   15   -3  -13   -8  -11  -11    1    9  -15    5  -10    5   11   10
    1    5    3    1    1   23    2    0      1307    5   -8    0   17   13  -15    9    8  -10   14   -7   -6   12    2   -1    2   11  -14
    1    5    4    1    2   22    2    1       657    3   10  -10  -14   -7    4   10   -8  -15   -4    3  -15    0   -2   14   -5   -4    4
    1    5    5    1    2   23    2    1       755    2   11  -10  -12   -7    4    6   -8  -14   -4    3  -15   -2   -1   13    0   -1    3
    1    5    6    1    1   24    3    0       801    4   -8   -1   14   11  -14    7   10  -12   15   -6   -5   11    1    1   -3    8  -11
    1    5    7    1    3   22    3    1       603   -6   -9    5    2   16   -6  -13   -5  -11   -8    7   10  -17    5  -11    4   15   14
    1    5    8    1    1   25    1    1      2095    6   -5    0   15   11  -12   12   16   -3    5   -7   -5   10    1   -5    2    6  -10
    1    5    9    1    1   22    3    0       808    9   -9    0   15   11  -16    6    7  -10   12   -7   -6    0   12   -5    3    8  -13
    1    5   10    1    2   21    2    1      1731    3    9  -10  -12   -9    6   10   -5  -21   -2    1  -12   -2    0   13   -4   -2    3
    1    5   11    1    2   24    1    0      2393    2   11   -5   -9   -5    5   11   -7  -16   -2    3  -13    1    0   13   -2   -3    4
    1    5   12    1    1   21    2    0      1318    5   -7   -2   18   14  -12    8    8  -14   17   -4   -8    8    2   -4    2    8  -12
    1    5   13    1    3   21    3    1       509   -7  -10    5    2   12   -5  -13   -8  -10  -10    4    9  -13    4   -8    7   20   10
    1    5   14    1    3   25    3    1      1684   -7   -7    0    1   14   -2  -13   -6  -11   -7    7   12  -13    2   -9    5   17   11
    1    5   15    1    2   25    1    0      2394    7   11  -10  -14   -3    6   11   -7  -10   -7    3  -18   -1   -2   12    1   -2    4
    1    6    1    1    1   28    1    1      8758    3   -2    1   18   13  -16   11   14  -11   16   -6   -4   10    3    0   -9    7  -13
    1    6    2    1    3   30    3    1      1108   -7   -9   -2   -2   13   -4  -13   -6  -14   -8    5   10  -14    4  -11    7   15   11
    1    6    3    1    3   26    2    0      2451   -8   -8    6    5   16   -6  -12  -11  -14  -14    7   10  -13   -1  -11    6   14    5
    1    6    4    1    1   29    1    1      2830    7   -1   -2   17   13  -15    8    9  -11   15   -4   -8   10    3   -5   -1    9  -12
    1    6    5    1    3   27    1    0      2232   -5   -6    2    4   14   -1  -13   -9  -11  -10    3   10  -13    1   -9    4   14    2
    1    6    6    1    3   28    3    1       876   -7   -6    3    1   13   -4  -13   -2  -14   -8    4    9  -23   -6  -11    6   16   19
    1    6    7    1    1   30    2    0      2325    6   -1    4   13   17  -17    8    7   -8   13   -4   -6    5   11   -5    0    5  -15
    1    6    8    1    2   29    2    1      3123    1    9   -9  -13   -8    8   10   -6  -16   -1    0  -14   -6   -7   13   -3   -2    3
    1    6    9    1    1   27    3    0      1938    5   -6    7   10   13  -15   10   13   -9   15   -5   -6   10    1   -2    1    8  -13
    1    6   10    1    1   26    3    0       847    6   -7    0   11   15  -15    6    9  -10   16   -4   -6    8    3   -5    2   -1  -18
    1    6   11    1    2   28    2    1      1193    4   10    0  -22   -7    7   12   -7  -13   -1    0  -14    1    0   12   -2   -4    6
    1    6   12    1    2   26    2    1       807   -2   19   -9  -15   -6    4   17  -10  -14   -2    0  -13    0   -3   14   -3   -3    5
    1    6   13    1    2   27    2    1       946    0   10   -9  -13   -6    5   10   -7  -14   -3    3  -14  -10    2   14   -3  -11    4
    1    6   14    1    3   29    3    1       664   -8   -8    5    4   13   -4  -13   -5  -14  -10    9    7  -15    4  -12    8   18   13
    1    6   15    1    2   30    1    0      1161    2   15  -14  -15   -6    7   11   -5  -18    1    1  -14    2   -3   14    0   -2    6
    1    7    1    1    1   33    2    0      1639    6   -7    0   20   15  -15    9    9   -9   13   -7   -4   12    1   -4    1    5   -9
    1    7    2    1    3   35    2    0      1746   -7   -9   -2    0   13   -2  -13   -6  -11   -9    3    8  -15    5   -9    6   14   12
    1    7    3    1    1   35    2    0      2600    0  -10   -6   20   15  -16    6    9  -11   16   -4   -7   10    1   -5    3    8  -11
    1    7    4    1    2   33    1    0      1998    2    8   -9  -17   -8    5   14    0  -14   -3    1  -13    4  -11    7    8   -2    6
    1    7    5    1    3   31    2    0      3034   -5   -9    3    9   14   -3  -10   -9   -2   -4    5    8   -5   11  -12    5   14    7
    1    7    6    1    3   32    3    1       556   -6   -7    1    4   12    2  -10   -7  -20    0    2    8  -13    3   -5   -4   15   13
    1    7    7    1    3   33    3    1       450   -9  -10    6    5   12   -3  -12   -7  -13   -9    3   10  -14    4   -9    5   13   11
    1    7    8    1    2   32    1    0     11836    4   12   -3  -17   -5    4   15   -9  -10   -6    3  -15   -1   -2   10   -7   -2    4
    1    7    9    1    2   35    1    0      3920    2   12  -10  -15  -13   -1   11   -7   -8   -7    1  -13   -2   -2   14   -4    5   -5
    1    7   10    1    1   31    1    1     26689    5   -8   -3   17   15  -13    1    8  -10   17   -4   -5    9    3   -4    1    3  -11
    1    7   11    1    1   34    1    1     15074    4  -11   -5   11    7  -18    6    8  -11   17   -5   -8   10    3  -11    6    2   -6
    1    7   12    1    3   34    3    1      3157   -7   -9   -6   11   16    0  -10   -7  -12  -10   12   12  -13    1  -13    9   15   13
    1    7   13    1    1   32    3    0      3379    5   -7   -1   15   13  -13    7    6   -9   15   -5   -5    9    0   -3    2    7  -12
    1    7   14    1    2   31    2    1      1063    1    9  -14  -18  -11   15   11   -7  -15   -1    3  -14   -6    2   14   -1   -1   10
    1    7   15    1    2   34    1    0       999    0   12   -8  -14   -7    5    2   -4  -20   -2    2  -16    1    0   16    0   -6    2
    1    8    1    1    3   40    3    1       875   -9   -9   -2    9   13   -4  -10   -6  -13   -9    4    8  -16    3  -14    5   16   10
    1    8    2    1    2   39    1    0      1554    0   10   -8  -14   -5    7   11   -7  -15   -4    3  -14    1   -2   12   -2   -3    4
    1    8    3    1    2   36    2    1       480    1    9   -9  -10   -9    7   12   -5  -15   -1    2  -13   -3    3   16   -1    4    7
    1    8    4    1    3   39    1    0      1001   -7  -10   -1    1   15   -7  -12   -6  -14   -7    9    1  -14    1   -9    5   17   13
    1    8    5    1    1   39    3    0       638    4   -8    9   14   12  -14    8    9  -12   14  -11  -11    9    0   -2    4   -3  -11
    1    8    6    1    2   38    2    1      2078    2   11  -11  -12   -4    7   13   -6  -19   -5    3  -15    1    0   13   -1   -4    3
    1    8    7    1    3   36    3    1       661   -9  -10    6    3   21   -8  -11   -9  -13  -11    3    6  -23    9  -10    7   13    6
    1    8    8    1    1   36    1    1      1828    3   -6   -3   14    5  -17    6    7  -18   14   -6   -8   12    2   -4    3    8  -11
    1    8    9    1    3   37    3    1       808   -5   -8    5    1   14   -5  -12   -7  -14   -9    9    9  -23    2  -18   -2   15   13
    1    8   10    1    1   38    2    0     16098    5   -6   -3   19   13  -13    4   10    0    9   -6   -8   14    3   -5    1   10  -12
    1    8   11    1    1   40    2    0      2011    6   -8    1   17   11  -16    7   10  -10   17   -8   -7   12    0   -2    2    5  -12
    1    8   12    1    1   37    1    1      2373    0   -1    0   17   13  -13   10   10  -12   11   -6   -5   12    3   -1    2    6  -12
    1    8   13    1    3   38    2    0       403   -7   -9    5    4   13   -4   -9   -7   -5    0    2    8   -8   12   -6    3   13   12
    1    8   14    1    2   40    2    1      1677    2    7  -15  -22   -8    6   15   -4  -16   -4    0  -15    0   -2   18  -11    0    3
    1    8   15    1    2   37    2    1      1029    3    9   -8  -15   -9    5    9   -6  -15   -1    2  -15    4   -2   15    0   -3    7
    1    9    1    1    2   41    2    1      1799    4   11   -9  -16   -9    8    9   -7  -13   -2    3  -15    6    9   13   -3   -4    3
    1    9    2    1    1   45    1    1      2075    5   -7  -11   21   13  -15   13   13  -11   15   -6   -7   10    3   -5    0    7  -12
    1    9    3    1    3   42    3    1       919   -7   -6   -1    4   18    1  -10   -7  -12   -8    8    9  -12    1  -15    1   14   11
    1    9    4    1    1   43    2    0       942    4   -5    1   17   14  -13    5    9   -5   13   -8   -4    9    1   -2    1    9  -10
    1    9    5    1    2   43    2    1       916    2   11   -8  -24   -8    1    9   -7  -23   -4    1  -13    1    0   13   -2   -3    3
    1    9    6    1    2   44    2    1      3290    3   10  -17  -21   -8   15   11   -5  -17   -1    2  -12    2    1   14   -4   -2    4
    1    9    7    1    1   42    1    1      4578    4   -5   -8    8   12  -14    8    8   -9   15   -7   -5    9    4   -2    1    6  -11
    1    9    8    1    3   41    3    1       825  -14  -18    6    2   12   -4  -11   -8  -12  -10    4    9  -16    5  -11    5   14   13
    1    9    9    1    2   42    2    1      2307   -1   12   -7  -13   -6    7   11   -4  -16    0    2  -15   -2    0    7   -6   -1    6
    1    9   10    1    3   45    3    1      2098  -13    1    5    3   14   -3   -7   -7  -12   -8    4    8  -16    5  -11    7    5   13
    1    9   11    1    3   44    3    1      3066   -7   -9    5    5   12   -3  -13   -5  -11  -10    4    9  -12    3   -8    5   24   18
    1    9   12    1    2   45    2    1      4666    2   11   -7  -15   -8    6   13    3  -15   -1    1  -14   -2   -2   14   -4   -1    2
    1    9   13    1    1   41    1    1      1339   14    1   -1   15   13  -15   10    4   -9   15   -5   -4   12   -7   -5    0    7   -1
    1    9   14    1    3   43    3    1       626   -5   -6    4    2   11   -4  -13   -9  -11  -10    5    9  -15    3   -9    6   17   12
    1    9   15    1    1   44    1    1      1828    9   -9   -1   14   14  -15    9    6  -11   16   -4   -4    8    2   -4    1    5  -12
    1   10    1    1    1   48    2    0      2598    3   -5   -1   10   13  -13    9    8  -10   16   -4   -9    8    2   -2    2   12  -11
    1   10    2    1    3   50    3    1      1834   -7   -9    5    4   10    2  -12   -6  -11   -9    1    8  -16    5  -10    5   20    8
    1   10    3    1    2   49    1    0      6477    0   12  -12  -11   -5   10   11   -5  -14   -2    4  -16    1    1   13   -3   -1    0
    1   10    4    1    2   46    1    0       678    6   13  -12  -13   -7    5   12   -6  -16   -2    1  -12   -2    1   15   -3   -3    5
    1   10    5    1    3   48    3    1       598   -6   -9    6    3   21   -7  -10   -7   -9   -5    3    8  -19    0  -14    1   14   12
    1   10    6    1    1   50    1    1      4874   12  -10    1   17   13  -12    9   10   -9   17   -6   -7   12    4   -7   -3    6  -10
    1   10    7    1    3   49    3    1       755   -5   -4    5    4   15   -3  -16   -9  -11  -11    9   18  -17    5   -5   -1   15   11
    1   10    8    1    2   50    1    0      2207    0    9   -9  -13  -11    6   11   -7  -14    2    2  -17    1   -2   15   -1   -3    6
    1   10    9    1    3   47    3    1      1187   -9   -7    3    4    9   -3  -11   -6  -13   -8    4    9  -24   13  -15    8   17   11
    1   10   10    1    1   46    2    0      1264    3   -4   -2   17   14  -15    9    7  -12   14   -7   -4   11    2   -2    2    6  -10
    1   10   11    1    3   46    3    1       666   -5  -10    3    2   14   -4  -10   -6  -12   -7    2    5  -14    8  -10    8   14   13
    1   10   12    1    2   47    1    0      1916   -3   15   -7  -16   -7    4   12   -5  -14    1    5  -14   -1   -2   22   -7   -1    5
    1   10   13    1    2   48    2    1      2555    0   11  -11  -22   -7    5    9   -4  -14   -2    2  -12    3    1   13   -2   -1    4
    1   10   14    1    1   49    1    1      1693    3   -7   -3   15   14  -13    8    8  -10   17   -9  -13   10    4   -4    0    6  -12
    1   10   15    1    1   47    1    1      8646    6   -6    0   16   14  -11   12   11  -11   15   -5   -8   14    2   -1    1    8  -11
    1   11    1    1    3   55    3    1      1320   -6   -8    3    3   11   -1  -15  -12  -12  -10    2   10  -15    7   -2    6   20    9
    1   11    2    1    3   53    3    1       830   -9   -8    5    1   15   -2  -14   -2  -13   -9    0    0  -15    8   -5    7   14   10
    1   11    3    1    3   51    3    1       712   -6  -10   -6   -2   10   -5  -12  -16  -12   -7    2    9  -16    5   -8    2   13   10
    1   11    4    1    2   51    1    0      1080    3    9  -10  -12   -9    7   13   -5  -20    3    0  -12    4    3   12   -1   -1    5
    1   11    5    1    1   53    1    1      3849    3   -4    0   16   12  -14    8    9   -8   20   -6   -8   12    3   -8   -3    9   -9
    1   11    6    1    1   55    1    1      2220    6   -7    0   16   14  -22    5    9   -9   15   -5   -6   11    1   -4    4    5  -10
    1   11    7    1    1   51    1    1       782   14   -6    3   20   13  -15    8    8  -11   16   -6   -7   11    1   -4   -2    9  -12
    1   11    8    1    2   53    2    1       555    3   16  -10  -12   -7    5    9   -4  -13   -1    2  -13    2    0   16   -2   -4    4
    1   11    9    1    1   52    1    1      1358    3   -5   -4   19   15  -10    7    7  -10   14   -4   -8   12    0   -4   -1    6   -7
    1   11   10    1    3   52    3    1       884   -8   -6    9    3   14   -3  -12   -6  -13   -9    4   11  -21    2  -11    6   16   22
    1   11   11    1    2   55    1    0      1627    8    4   -7  -16   -6    4    9   -4  -16   -2    3  -15   -1   -2   13   -3   -5   -2
    1   11   12    1    2   54    1    0      1492    3    6  -10  -12   -5    4   11   -8  -20   -5    2  -15    2   -1   12    0   -1    5
    1   11   13    1    2   52    2    1      1638    2    9  -11  -12  -12    1   13   -7  -14   -4    2  -12   -4    3   18   -4   -3    6
    1   11   14    1    3   54    3    1       638   -9   -9    0   -1   15   -3  -10   -5  -12   -8   -2    7  -12   -1   -7    6   14   12
    1   11   15    1    1   54    1    1      3295   10   -2    1   16   12  -14    7    7  -11   13   -5   -6   19   11   -4    1    7   -6
    1   12    1    1    3   56    3    1       649   -7   -6    6    1   15   -4  -12   -6   -9  -14    4    7  -16    5  -10    5   15   11
    1   12    2    1    2   59    1    0      2298    3   19  -10  -15   -6    6    9   -4  -12    3    3  -13   -1    0   15   -1   -2    6
    1   12    3    1    2   56    2    1      1931    0   11  -11  -13   -6    6    3    4  -15   -3    2  -15   -1   -3   15    0   -2    6
    1   12    4    1    1   56    1    1      2504    3   -6   -2   14   12  -14    8    8   -9   18   -7   -6    8   -4   -2    3    6  -12
    1   12    5    1    3   60    3    1       752   -9   -6    9    0   14   -4   -9   -9  -12  -10   -3    1  -12    1  -11    6   13   11
    1   12    6    1    1   59    1    1      1388    2   -5    4   24   10  -14   11    5   -8   15   -4   -6   13    3   -8    7    0  -10
    1   12    7    1    1   57    1    1      1890    5   -5    0   17   12  -15    6    8  -11   15   -7   -6   15    0   -1    0    8  -12
    1   12    8    1    1   58    1    1       980    2   -6   -3   17   13  -15    9   11  -10   14   -7   -2   11    2   -4    1   15  -10
    1   12    9    1    2   60    2    1       473    1   11   -9  -13   -8    6    5   -3  -19    7    0  -12    1   -1   15   -3   -1    6
    1   12   10    1    2   57    2    1      2208    2    9   -8  -15   -9    6   12   -9   -7    7    3  -15    0   -2   16    0   -4    5
    1   12   11    1    3   59    3    1       612   -5   -7    4    2   22   -2   -9   -9  -13   -9    3   10   -7    2  -12    6   15   14
    1   12   12    1    2   58    2    1      1688    2    9  -11  -13   -6    5   12   -7  -12    1   -8   -8    9   -3   13   -2    0    5
    1   12   13    1    3   58    3    1       770    2  -15    3    3    6   -1  -12   -7  -10  -10    2   10  -13    1   -9   11   16   12
    1   12   14    1    3   57    1    0       607  -15   -6    5    1   20   -9  -14  -12  -12  -10    4    7  -14   11   -9    5   14   14
    1   12   15    1    1   60    1    1       836   13  -10    0   16    8  -12    8    8   -9   16   -7   -5    4   -8   -5    3    8   -9
    1   13    1    1    1   62    1    1       735    5   -8    0   15   15  -15   -1    8  -12   14   -6  -16   10    0   -5    2    2   -3
    1   13    2    1    3   61    3    1       831   -6   -7    3    2   12   -1   -9   -7  -21   -7    5    8  -16    4  -11    7   11   16
    1   13    3    1    3   65    3    1      1881   -6   -8    5    1   12   -4  -12   -5   -6  -16    2   11  -16    5   -9    5   17   14
    1   13    4    1    2   62    2    1       971   -2   15   -1  -24  -10    9   12   -7  -16   -1   -2   -6    1    1   16   -2   -2    6
    1   13    5    1    1   64    3    0      2688   -4  -13   -2   18   15  -15   10   10  -10   14   -2  -15   10    3   -2    2    5  -13
    1   13    6    1    3   64    3    1       658   -8   -8    3    4   12   -1  -11   -9  -10  -11    3   10   -9   -4   -3    9   15   13
    1   13    7    1    3   63    3    1      2899   -6  -10    5    1   14   -1   -9   -5  -19    1   -2   12  -16    4  -14    5   14   11
    1   13    8    1    2   64    2    1      3132    5   17  -10  -14   -8    8   13   -6   -8   -6    0  -10    0    4   13   -3   -5   10
    1   13    9    1    2   63    2    1       651    2   11   -8  -13   -7    5    9   -4  -15    3    0  -15   -1   -2   14   -4   -1    4
    1   13   10    1    1   65    1    1       859    3   -4   -2   17   12  -13    8   12   -9   10   -7   -5   11    0   -1    2    9  -12
    1   13   11    1    1   63    1    1       901    3   -8   -1   15    6  -15    5    6  -18   15   -5   -7    4   10   -7   -4    8  -12
    1   13   12    1    3   62    1    0       845   -7   -7    4    4    9   -7  -10   -7  -11  -13    1    8  -14    4   -7   -4   17   13
    1   13   13    1    2   61    2    1      1193   -3    9   -9  -13   -6    6   10   -5  -13   -2    0  -15   -1    0   16   -2   -1    5
    1   13   14    1    1   61    1    1      2516    8   -2   -1   15   11  -15    8    7  -10   14   -7   -7   11    2  -11   -1    8  -11
    1   13   15    1    2   65    3    0      2270    4    8  -13  -19   -8    2   18   -3  -15    0    3  -15    3   -1   12    0   -2    3
    1   14    1    1    2   67    2    1      3455    0    9   -8  -15    0   14   12   -7  -19  -12    2  -12   -1    0   14   -3   -4    0
    1   14    2    1    3   70    3    1       672   -7   -7    3    3   12    6  -10   -6  -13   -7    5   10  -10    3  -12    5   14   12
    1   14    3    1    1   70    1    1      1154    4   -5    0   16   13  -15    8    9  -11   16   -4   -6    9    4   -5    3    8  -11
    1   14    4    1    2   66    2    1       801    3    9  -10  -16   -9    6   11   -5  -14    0    0  -13   -1   -1   12   -1   -2    4
    1   14    5    1    1   66    3    0      1147    6   -7   -2   16   14  -12    9    8   -6   16   -2   -1   11    4   -4    0    6  -10
    1   14    6    1    2   69    1    0      2074    6   11   -9  -16  -16   -3    3    2  -14   -1    6   -9    0   -2    7   -2   -1    5
    1   14    7    1    2   70    1    0      1409    1   10    1   -9   -8    6   11   -4  -18  -11    2  -19    0    0   14   -3   -2    4
    1   14    8    1    3   69    3    1       854   -9   -8    5    3    6  -10   -9   -5  -13   -9    3   10  -15    2  -11    6   15   11
    1   14    9    1    3   67    3    1       880   -6   -9    5    2   14   -2  -21  -15  -10  -11    4   10  -11   -3   -9    5   16   14
    1   14   10    1    1   67    1    1       681    8   -8    0   14   13  -16    3    6   -8   15   -7   -5   11    3   -4    0   12  -12
    1   14   11    1    2   68    1    0      6857   -1   12   -8  -10   -6    4   11   -4  -15   -1    3  -15    0   -2   13   -1   -2    4
    1   14   12    1    3   66    3    1      2436   -6  -10    5    3   16   -7  -10   -6  -16   -9    2   10  -14    2   -8    5   17   11
    1   14   13    1    1   68    1    1       654    3   -8    0   21   13  -13    8    7  -10   13  -11   -9   11    0   -3    2    7  -12
    1   14   14    1    3   68    3    1      2943   -6   -9    3    3   12   -4   -6  -12  -11  -10    2   11  -13    5  -11    6   20   16
    1   14   15    1    1   69    1    1      1350    6   -7    1   15   12  -14    2    5  -11   13   -5  -15   19   10  -10    2    5  -10
    1   15    1    1    1   71    1    1      1019   -1  -15   -3   18   15  -15    7    7  -10   16   -5   -4    8    1   -3   -1    2  -12
    1   15    2    1    3   72    3    1      2720  -17    0    3    1   23    0  -12   -8  -14   -9    4    8  -19    8  -11    1   12   10
    1   15    3    1    3   74    3    1      1166   -8   -9    6    3   11   -4  -10   -5  -14   -8    5    8  -10    0  -10    7   15   10
    1   15    4    1    1   73    1    1      1738    5   -1    0   16    6  -19    8    8   -9   14   -7   -5   11    0    1   -3    8  -10
    1   15    5    1    2   73    2    1       830    4    9   -7  -13   -6    7   13   -6  -14    3   -3   -6    1   -1   17   -4   -1    5
    1   15    6    1    1   74    2    0       457    2   -4   -3   19   13   -4   10   16   -7   24   -5   -6   12    3   -5    2    8  -11
    1   15    7    1    3   73    3    1      1041   -7   -7    4    4   13   -1  -19   -3  -12   -8    2    8  -15   -6  -12    7   17   13
    1   15    8    1    2   71    3    0      1668   -6   10  -10  -13   -8   11    9   -3  -15   -1   -6  -24    0   -3   13   -1   -2    6
    1   15    9    1    3   75    3    1      1707   -6   -8    2    1   11   -1  -13   -5  -10   -8    4   13  -22    8   -9    6   16   12
    1   15   10    1    3   71    1    0       833   -8  -11    2    2    6    7   -9   -4  -13   -9    6   19  -15    5  -15   -4   15   11
    1   15   11    1    2   72    2    1       716    2   11   -9  -15   -7    5    9   -5  -13    1    2  -13   -9   -6    6    5   -1    4
    1   15   12    1    1   72    2    0      2427    3   -6   -2   15    5  -13    5    7  -10   17   -7   -7    5    4   -4   -1    9  -11
    1   15   13    1    2   75    1    0      1047    1   11  -10  -18   -7    8   11   -7  -14   -2    2  -13    4   -4   16   -3    0    4
    1   15   14    1    1   75    1    1       793    0   -9    0   17    9  -21   11    2  -18    9   -8   -8    8    1   -1    6   12  -18
    1   15   15    1    2   74    2    1      2085    4   12   -4  -15   -9    7   12   -5  -21   -4    4  -14    2   -2   17   -1   -1    6
    2    1    1    3    3    5    3    1      4955   -7   -8    4    3   14   -4   -6  -12  -11   -8    3    9  -14    4   -9    6   15   12
    2    1    2    5    1    3    3    0     13232   14   -4    4   16   17  -17    7    9  -17   21   -9   -4   18   -5  -12    4    7  -12
    2    1    3    2    3    0    3    1      2698   -7   -8    4    3   13   -3  -11   -7  -12   -9    3    9  -14    3  -10    6   15   12
    2    1    4    5    3    5    3    1      5498   -9   -6    7    8   18   -7   -7    3  -14   -7    2    6  -11    3  -10    8   15   22
    2    1    5    1    3   51    3    1      2570   -6  -10   -6   -2   10   -5  -12  -16  -12   -7    2    9  -16    5   -8    2   13   10
    2    1    6    4    1    5    2    0      4240    0   -5    0   14   14  -14    8    8   -4   22   -4   -6   11    0    1    0    8   -8
    2    1    7    5    2    4    1    0      4242    6   19   -6  -16  -17    6    6  -10  -15    0    6  -18    3    3   16   -7   -9   11
    2    1    8    3    2    1    2    1      2098    2   10   -9  -14   -8    6   11   -6  -15   -1    1  -14    0   -1   13   -3   -3    6
    2    1    9    5    2    2    1    0      3305    2    7  -12  -20  -10    4   11   -8  -21    0   -3   -7    6    4   14   -1   -3    0
    2    1   10    1    1    4    1    1      2719    5   -8   -4   13   12  -15    8    6  -11   16   -6   -7   10    1   -5    1    8   -9
    2    1   11    3    1    2    3    0      5179    4   -6    0   15   13  -12    8    7  -10   15   -6   -6   10    2   -3    1    7  -11
    2    1   12    3    2    2    2    1      1607    2   10   -9  -14   -7    7   11   -6  -15   -3    2  -14    3  -11   15   -3   -3    6
    2    1   13    1    3   74    3    1       930   -8   -9    6    3   11   -4  -10   -5  -14   -8    5    8  -10    0  -10    7   15   10
    2    1   14    1    1   46    1    1      2279    3   -4   -2   17   14  -15    9    7  -12   14   -7   -4   11    2   -2    2    6  -10
    2    1   15    5    2    1    2    1      4056    1   10   -7  -18  -12   11   14    1  -22   -6    2  -12    5   -8   12   -1   -7   15
    2    1   16    3    3    2    3    1       739   -8   -8    2    1   12   -2  -11   -8  -13   -9    4    9  -14    2   -9    7   14   13
    2    1   17    5    1    5    1    1      5632   -4    3   -2    9   13  -16    5    8  -10   16   -9   -7   11    1   -2    2    9  -10
    2    1   18    3    2    3    2    1       907    2   11   -9  -18   -7    6   11   -5  -16   -2    1  -14   -1    1   14   -2  -10   -1
    2    1   19    4    3    2    3    1       932   -8   -8   -6   -3   11   -4  -15   -6  -13   -4    0    2  -10    8  -14    2   16   11
    2    1   20    1    2   60    2    1      1980    1   11   -9  -13   -8    6    5   -3  -19    7    0  -12    1   -1   15   -3   -1    6
    2    1   21    5    2    3    1    0      1880    5   12  -10  -13   -5   11   12   -8  -22   -4    5  -17    1    3   16   -7   -1    2
    2    1   22    4    1    3    1    1      2906   -2  -10   -1   15   11  -12    4   13   -4   18    4    1    9    3   -6   -3   17   -7
    2    1   23    3    3    3    3    1       770   -8   -8    5    3   14   -4  -20   -7  -13   -9    3    9  -13    3  -10    6   14   13
    2    1   24    3    2    5    2    1       783    2   10   -9  -14   -8    5   11   -6  -16   -2    2  -15   -1    0   14   -2   -2    5
    2    1   25    3    3    4    3    1       732   -8   -7    4    4   13   -3  -10   -9  -13   -9    3    9  -14    3  -14    6   14   12
    2    1   26    5    1    4    1    1      8106    6   -7   -2   15   13  -12    1    4   -5   23    1   -6   15    4   -8    7    8  -11
    2    1   27    1    2    6    1    0     21009   -3    6  -10  -13   -6    5   10   -6  -17    2    2  -13   -3   -1   13   -3    3    4
    2    1   28    4    2    1    2    1      2134    3   12  -10  -14  -16    0   10   -5  -23   -5    4  -14   -1    1   12   -2   -1    5
    2    1   29    4    3    4    3    1       781   -5   -9    0   -2   12   -3  -10   -7  -17   -8    4   10  -15   -6   -8    5   14   12
    2    1   30    1    3   32    3    1       950   -6   -7    1    4   12    2  -10   -7  -20    0    2    8  -13    3   -5   -4   15   13
    2    1   31    5    3    4    3    1      1900   -9   -8   -4   11   11   -3   -4  -10  -13   -7    4    8  -12    5   -2    9   15   11
    2    1   32    1    3   63    3    1       731   -6  -10    5    1   14   -1   -9   -5  -19    1   -2   12  -16    4  -14    5   14   11
    2    1   33    4    1    2    1    1      1001    3   -6    0   16    3  -15    7   10  -11   19   -6   -5   11    4   -3   11    7  -12
    2    1   34    5    3    3    3    1      1869   -4   -2    4    1    9    1  -10   -8  -13  -11   -1    8  -13    4   -9    1    8   17
    2    1   35    5    3    1    1    0      5310   -4   -3   -5   13   10   -4   -8  -10  -10  -14    2    9  -15    5  -11    5   18   12
    2    1   36    4    3    1    3    1       615    0   -3    7    6   13   -2  -11   -6  -14   -8    3   11  -11    4  -14   11   15   14
    2    1   37    5    1    1    1    1      2282   14   -4   -3   20    3  -15    4    0   -9   10   -6   -8    9    6   -6   -3    7  -10
    2    1   38    4    2    3    2    1       555    1    9   -9  -13   -5   10    9   -6  -14   -2    2  -13    0   -3   15   -2    1   -5
    2    1   39    1    1   15    1    1      2818    5   -6   -2   15   12  -13    8   13   -9   17    2    2   13    6   -1    3    5  -12
    2    1   40    2    1    0    1    1      4061    4   -6   -1   16   13  -14    7    8  -10   15   -6   -6   10    2   -3    1    7  -11
    2    1   41    3    1    1    1    1      3255    4   -6   -2   16   12  -14    7   12   -8   13   -7   -6   10    3   -3    1    6  -11
    2    1   42    4    2    2    2    1      1106    8   14   -9  -15   -7    5   18    1  -14   -1    7  -13    2    2   19    5    0    9
    2    1   43    1    1   68    2    0      2081    3   -8    0   21   13  -13    8    7  -10   13  -11   -9   11    0   -3    2    7  -12
    2    1   44    1    2   37    2    1       889    3    9   -8  -15   -9    5    9   -6  -15   -1    2  -15    4   -2   15    0   -3    7
    2    1   45    3    2    4    2    1       640    2   11   -8  -13   -6    6   11   -6  -15   -3    4  -16    0   -2   14   -2   -2    5
    2    1   46    4    3    3    3    1      1475    0  -10   -1   10   13   -2  -10   -9  -12  -10    1    9  -15   -2   -9    5   16   17
    2    1   47    4    3    5    3    1      2597   -8  -13    4    5   14   -2  -12   -7  -11   -9   -4   19  -14    4  -11    7   16   14
    2    1   48    1    2   43    2    1       825    2   11   -8  -24   -8    1    9   -7  -23   -4    1  -13    1    0   13   -2   -3    3
    2    1   49    4    2    5    2    1       625    6   12   -8  -22   -8    5    5   -8  -14   -2    0  -13   -3    2   15   -4   -3    7
    2    1   50    1    1   17    1    1      8738    5   -7    8    8   15  -12    6    7  -10   16   -5   -6    7    1   -1    1    6  -10
    2    1   51    4    1    1    1    1      2544    5   -7    2   15   12  -13    7    3   -9   15   -5   -8   11    3   -1    1    5  -12
    2    1   52    5    1    2    1    1      2343    4   -7   -6   17    6  -22    0    7  -10   11   -6    2    9   12   -2    3    6   -6
    2    1   53    3    1    3    2    0      2022    3   -5   -1   16   13  -14    6    8   -8   14   -9   -1    9    2   -3    0    6  -11
    2    1   54    3    1    5    2    0      1487    5   -5   -1   16   13  -14    6    8  -16    5   -5   -5   10    1   -3    1    7  -11
    2    1   55    1    3   30    3    1       767   -7   -9   -2   -2   13   -4  -13   -6  -14   -8    5   10  -14    4  -11    7   15   11
    2    1   56    5    2    5    3    0      3211    3    6   -8  -10  -11    2   18   -5  -19   -8    4  -15    7  -10   15   -2   -1    3
    2    1   57    5    3    2    3    1      1158  -10  -14    3    4   12   -2  -18   -3  -15   -8    2    9  -14    2   -1    5   15   13
    2    1   58    4    1    4    1    1      1234    6   -7   -1   17   14  -13    7    7  -10   16   -5   -4    5    0   -1    2    8  -12
    2    1   59    4    2    4    1    0       686    1   11   -7   -4   -8    7   10   -5  -25    7   -1   -6    2    1   14   -1   -6    9
    2    1   60    3    1    4    1    1       686    4   -6   -1   17   13  -14    6    7  -10   15   -6   -6    9    3   -4    2    8  -11
    2    1   61    3    3    1    3    1       719   -8   -9    3    3   13   -3  -11   -7  -12   -9    3    9  -14    3   -9    6   16   12
    2    1   62    2    2    0    2    1       814    2   10   -9  -14   -7    6   11   -6  -15   -2    2  -14    0   -1   14   -2   -2    5
    2    1   63    1    2   24    2    1       631    2   11   -5   -9   -5    5   11   -7  -16   -2    3  -13    1    0   13   -2   -3    4
