    1    1    1    1    2    3    1    0      6912    8   10   -8    4   -1  -16    5   -4   12   18  -10    7    2    9   11   14   -7   -9
    1    1    2    1    2    1    3    0      2091    7   13   -5    4   -9  -22    3   -3   15   13   -9    6   -3    9   14    8   -6  -11
    1    1    3    1    2    5    2    1       988    5   11  -10    9   -7  -10    1   -1    8   12  -10    6    2   17   14    7   -4  -11
    1    1    4    1    3    5    1    0      1316   24    8    6   -8   -5  -13   13  -11  -14   -8  -13   16   -8    9    3   -1    2    5
    1    1    5    1    2    4    2    1       984    6   10   -5    3   -8  -20    2   -3   10   14  -12    9    1    6   11    7   -4  -12
    1    1    6    1    3    2    3    1       730   16   11    5   -9    0  -13   15  -14  -12   -2  -12   10  -10    6    0   -3    5    3
    1    1    7    1    1    3    1    1       689    8    4    2    1    4   -5    3   15   11   -4    6   -7    2    7   -8   21   -8  -12
    1    1    8    1    3    4    3    1       911   12   14   -1   -2   -3  -15   12   -8  -12   -4  -11   13   -9    6   -3   -1    6    7
    1    1    9    1    3    3    3    1       806   15   11    8   -9   -3  -12   13  -11   -5  -10  -12   15   -8    7   -1   -3    5    5
    1    1   10    1    2    2    2    1       791    6   10   -6    6  -10  -13    1   -2    8   13   -9    9    0    6   10    6   -5   -9
    1    1   11    1    3    1    3    1       994   16   11    2   -8   -1  -14   15  -12  -16   -4  -10   14  -12    9   -3   -2    6    8
    1    1   12    1    1    2    1    1       629   11    5    7   -1    3   -7   -1   15   12   -3    6   -4   -5    4  -11   15   -5  -15
    1    1   13    1    1    1    2    0       884   12    3    2    3    1   -6   -1   12   12   -4    3    0    4    2  -10   12   -6  -13
    1    1   14    1    1    4    2    0       955   10    2    3    4   -1   -7    0    5   11   -3    9  -10    4    0  -11   14   -8  -12
    1    1   15    1    1    5    2    0       791    9    2    3    1   -8  -12   -4   14   10   -5    6   -4    7    0   -6    5   -8   -9
    1    2    1    1    1    9    2    0      1033   10    6    2    3    2   -5   -2   11   11   -3   10   -7   11    0  -11   15   -7  -13
    1    2    2    1    2    9    1    0       786    4   13   -7    6  -18   -3    2   -2   10   13  -12    7    3    0    9    6   -7   -9
    1    2    3    1    3   10    2    0       948   11   14    4   -7   -3  -13   11  -16  -13   -1   -7   13   -9    8   -1   -1    4    4
    1    2    4    1    2    8    2    1      1089    5   12   -7    7  -10  -10    5   -2   10   13  -11    6    4    4   13    5   -4  -11
    1    2    5    1    1    7    1    1       857   10    5    4    4    0   -7   -1   12   11   -4    8   -4    6    3  -12   13   -6  -15
    1    2    6    1    2    7    2    1      2655    6    9   -7    5   -8  -11    3   -4   10   11  -12   13    5    6   11    6    0   -5
    1    2    7    1    3    8    3    1       688   14    9   -3  -10   -5  -14   16  -13  -13   -4  -10   13   -9    8   -5   -5    9    6
    1    2    8    1    3    6    1    0      1582   15   11    5   -7    0  -10   12   -3  -24    5  -13   16  -11    6   -2   -4    2    7
    1    2    9    1    2   10    2    1      1169    5   10   -5    4   -7  -12    6   -5   10   13  -17   16   -1    7   15    8  -11  -20
    1    2   10    1    3    7    3    1      2005   14   12   10  -13   -2  -12   17  -15  -15   -1  -10   13  -11    8    0   -2    3    7
    1    2   11    1    2    6    1    0      2678   15   17   -7    5   -7  -14    1   -1    9   13  -11   10    0    6   13    5   -5  -12
    1    2   12    1    1    8    1    1      1554   11    4    4    0   -1  -12   -4   13    9   -4    2   -4    5    3   -8   16   -5  -14
    1    2   13    1    1    6    2    0      1436   19   14    1    0    8   -1    6   22   11   -3   -1  -12    4    3  -17    5    2   -7
    1    2   14    1    1   10    2    0       884   12   -2    1    3    5  -12    0   11   11   -5    7   -7    3    1   -9   14   -7  -14
    1    2   15    1    3    9    3    1       803   13   13    2   -9   -1  -13   23  -14  -18   -2  -10   13   -9    6   -2   -2    2    5
    1    3    1    1    3   11    3    1      1293   17   15    5   -9   -2  -15   16  -13  -13    0  -10   13  -11    9   -3   -4    5    4
    1    3    2    1    3   14    2    0       804   14   13   14  -18   -3  -10   18   -8  -13    5  -10   14  -11    9   -1   -4    3    3
    1    3    3    1    2   14    3    0       734   13   10   -8    3  -10  -12    3   -3   13   21   -7   10   -2    8   11    7   -1  -11
    1    3    4    1    1   12    1    1      8939    9    3    4    2    4   -8    0   13   12   -3    7   -4   -2    5  -12   15  -10  -10
    1    3    5    1    3   12    1    0       764   13   12    5   -8    5   -4   18  -13  -12   -4  -13   13  -11    6   -8  -10    5    5
    1    3    6    1    1   14    3    0      1279    3   -3   -2    0    3   -7   -1   12   11   -5    8   -7    6    0  -12   16   -5  -12
    1    3    7    1    3   15    2    0       734   15   13    8  -11   -9   -6   14  -11  -16   -4  -12   12  -12    7   -3   -2    3    3
    1    3    8    1    2   11    2    1      1036    4    9  -10    6   -8  -11    5    0   20   15  -17   -2   -2   10   12    9   -7   -6
    1    3    9    1    1   11    1    1      2014   12    4   -7    5    0   -7   -2   12    2    6   10   -7    6    2  -14   21   -7  -13
    1    3   10    1    1   15    1    1       990    9    2    1    3    1   -8   -2   12    8   -4    7   -6    3    2  -11   15    2  -19
    1    3   11    1    2   15    1    0       709    4   12   -6    6   -7  -13    4   -1   11   12  -11   10    0    3    8    8   -7   -9
    1    3   12    1    3   13    3    1       873   22    2    1  -12   -1  -16   15  -15  -12   -1  -12   15  -13   13   -4   -1    0    2
    1    3   13    1    2   13    2    1       889    7   13   -8   -4  -10  -13    2   -2    6   10  -10    8   -8    3   12    6   -5   -9
    1    3   14    1    1   13    2    0      3136   10    2   12    0   -3   -7   -2   14    9   -3   18   -5    2   -3  -10   15   -6  -12
    1    3   15    1    2   12    3    0      2469    5   10   -6    6   -6  -13    2   -1   10   10  -12    7   -2    6   10    7   -7   -9
    1    4    1    1    1   17    2    0      1093   12    4    2    3   -4   -8   -3   14    0  -13    7   -3   10    3   -5   11   -7  -13
    1    4    2    1    2   16    1    0      1749   -4   18    4    7   -6  -12    2   -2    9   13  -11    9    2   12   13    6   -3  -12
    1    4    3    1    2   19    2    1      1052    5   12   -5    7   -6  -20   -2   -5    5    4  -13    8  -10    5   12    9   -9  -10
    1    4    4    1    3   20    3    1       685   14   11    9  -13   -4  -13   17  -11  -16   -3  -10   16   -4    6    0   -2    5    5
    1    4    5    1    3   18    3    1       756   14   14    6  -10   -2  -15   15  -11  -14   -4   -8   18  -11    7   -3   -5    0    6
    1    4    6    1    3   16    3    1       639   16   12    2   -6   -4  -14   15  -14  -16   -3  -12   16   -9    7   -1   -3    7    4
    1    4    7    1    1   16    1    1      4174   16    0    0    1   -3   -4   -2   14   10   -3    9   -5    3    1   -9   13   -7  -14
    1    4    8    1    3   17    3    1       993   15   11    6   -7   -4  -15   17  -13  -14   -1   -9   15  -14   11   -1   -3    4    7
    1    4    9    1    2   18    3    0       846    5   11   -8    7   -9  -13    7   -2    9   17  -13    6   -6    4   11    6   -4  -12
    1    4   10    1    1   18    3    0      1277    9    4    1    3    2  -12   -2   12    6   -5    9   -4    7    3  -11   10   -7  -12
    1    4   11    1    3   19    3    1       893   15   10   13  -17   -4  -13   10   -7  -16   -1  -13   16  -11    6   -5   -6   -1    8
    1    4   12    1    2   20    2    1      1122    5   13   -7    6   -8  -13    4   -3    8   13   -9   10   -6   11   11    7   -4  -12
    1    4   13    1    2   17    2    1       791    7    8   -6    0   -8  -13    5   -3   11   12  -10    3    0    2   10    9   -6  -12
    1    4   14    1    1   19    1    1      1052    9    5    2    1    2   -8  -11   15   10   -5    7   -7    7    1  -14   16   -5  -15
    1    4   15    1    1   20    1    1       635   10    5    1    2   -2   -5    0   13    9   -4    4   -4    4    3   -9   14   -6  -15
    1    5    1    1    2   23    2    1       973    7    9   -7    5   -6  -10    1   -4    9   13   -7    9  -11    4    9    7    0  -16
    1    5    2    1    3   25    3    1       584   16   11    4   -9   -2  -13   14  -13  -15    2  -10   16  -12    8   -3   -3    3    3
    1    5    3    1    3   23    3    1       570   14   14    6   -8   -5  -13   13  -13  -14   -1  -12   15  -12    9   -4   -4    3    3
    1    5    4    1    1   25    2    0      3485    9    5    2    3    4   -8   -4   13    9   -3    7   -4   -5   -7  -10   15   -5  -15
    1    5    5    1    2   25    1    0      1102    6   10   -4    3   -9  -13    2   -3    9   14  -12    7    1    5   21    5    0  -11
    1    5    6    1    2   21    2    1      1689    5   11   -6    7  -10  -13    5   -1   11   12  -12    9    0    7   13    8   -5  -12
    1    5    7    1    3   24    3    1       793   19   16    2   -5   -4  -14    7  -17  -12   -1  -13   14  -18    6   -3   -3   12    3
    1    5    8    1    3   22    3    1       594   13   12    6   -8   -3  -13   14  -11   -7   -5  -11   13  -12   10   -1   -4    6    5
    1    5    9    1    1   21    1    1      1877   11    3    1    0   -2   -9   -2   12   10   -3    8   -7    3    2   -9   14   -8  -13
    1    5   10    1    1   24    1    1       683    8    5   -3   -1    0   -7   -2   12   10   -3   11   -9    6    3   -9   13   -7  -16
    1    5   11    1    2   24    2    1      1010    5   13   -5    6  -10  -12    6   -4   11   10   -9    7   -1    9   14    5   -1  -17
    1    5   12    1    3   21    3    1       604   15   10    5   -7   -3  -13    9  -18  -14   -2  -12   15   -8    6    7   -9    3    5
    1    5   13    1    1   22    1    1      1701    9    4    1    1   -2  -10    3    9    2  -10    7   -5    3    2   -8   14   -6  -13
    1    5   14    1    2   22    2    1      1708    7   10   -7    5    0  -12   -1    0    9   14  -12    9   -2    8   12    6   -6  -13
    1    5   15    1    1   23    1    1       947    9    3    3    2    1   -7   -1   12   10   -3    6   -3    5    3   -8   12   -7  -16
    1    6    1    1    1   30    1    1       654   12    2    4   -1    3   -9   -1   11   12   -3    7   -5    3    1  -14   11   -7  -14
    1    6    2    1    1   26    1    1       726    7    3    1    2    2   -1   -3   13    8   -1   15   -7    3    3  -11   11   -7  -10
    1    6    3    1    3   30    3    1      1388   16   11    3   -6   -5  -15   16  -12   -8   -2  -14   13  -10    9    5  -13    6    3
    1    6    4    1    1   29    1    1      1015   15    2    1    3    0   -7   -3   13   11    0    9   -4    6    4   -9   14   -6  -12
    1    6    5    1    2   28    2    1       632    7   12   -6    7  -12  -13    1   -5   10   10  -12   10   -2    9   13    7   -8  -11
    1    6    6    1    1   27    1    1       795    9    9    3    2    2   -8   -1   12    6   -9    9   -6    7    7  -11   14   -7  -14
    1    6    7    1    2   30    2    1      1325    8   10   -7    4   -7  -13    5   -5    9   13   -9    6    0    8   18    1   -5  -10
    1    6    8    1    3   28    3    1       948   15   13   -5   -2   -5  -16   19   -8  -10   -1  -13   16   -9    8   -2   -2    5    3
    1    6    9    1    3   26    3    1       752   19   13   14   -2   -5  -15   13  -15  -13   -4  -11   12   -3   15   -1   -1    8   -2
    1    6   10    1    2   29    1    0      2446    7   12   -7    6   -4  -16    4   -2   11   10  -13    8   -3   12   11    6   -4  -13
    1    6   11    1    3   27    3    1       573   15   14    7  -13   -4  -16   17  -11  -13   -2   -7   22  -11    7   -1   -3    3    6
    1    6   12    1    2   27    2    1      1425    6   12   -5    5   -8  -11    2   -3    9   10  -21   11    1    8    4    0   -5  -12
    1    6   13    1    3   29    3    1       606   18   16    5   -6   -3  -16   14  -11  -14   -2  -13   12  -10    9   -1   -4    9    5
    1    6   14    1    2   26    2    1      1375    6   12   -7    6   -9   -6    3   -3    9   12  -13   10   -1    6   12    8   -7  -13
    1    6   15    1    1   28    1    1      1653   12    2    1    6    1   -8   -2   12   12   -4    8   -3    3    3  -10   16   -5  -14
    1    7    1    1    3   35    3    1       692   14   12    3   -8   -9  -12   16  -15  -15   -2   -9   13  -10   10   -1   -5    4    3
    1    7    2    1    3   33    3    1       803   16   10   12  -17   -3  -15   15  -14  -21  -12  -11   13   -8    8   -7    2    3    6
    1    7    3    1    1   32    1    1      1182   12    0    0    0    0   -8   -1   12   11   -3   13   -9    6    1   -8   17   -1  -13
    1    7    4    1    2   33    2    1       608    5   13   -6    7   -9  -12    1   -3   10   10   -9    7   -2   12   11    6   -6  -12
    1    7    5    1    1   31    1    1      1133    8    4    0    0    3   -6   -2   14   14   -5    8   -6    5    0  -10   12   -5  -12
    1    7    6    1    3   31    3    1       634   16   13    0  -18   -2  -13   13  -15   -5   -6   -9   12   -9    7   -2   -4    4    7
    1    7    7    1    3   32    3    1       781   15   13    4   -7   -3  -13   17  -13  -11   -4  -13   15  -12    7   -1   -4    5    4
    1    7    8    1    3   34    3    1       655   14   11    3   -8   -2  -12   15  -12  -14   -2  -14   10  -10   12    0   -3    4    6
    1    7    9    1    1   35    1    1       759    7    7    0    4    1   -5   -3   14   10   -8   12   -2    7    2   -9   14   -5  -16
    1    7   10    1    1   34    1    1       683   11    5    3    1    3   -8   -3   12    9   -3    6   -6    7    4   -9   13   -5  -11
    1    7   11    1    1   33    1    1       793    2   11    1    1    2   -8   -4    8    9   -4    6   -5    5    3  -10   13   -7  -15
    1    7   12    1    2   35    3    0      1661   -3   21   -8    5   -8  -11   11  -12   18   14  -13    4   -1    9   10    8   -6  -10
    1    7   13    1    2   32    2    1       965    6   10   -8    6  -12   -8    4   -3   11   12  -11    6   -3   10   13    6   -3  -11
    1    7   14    1    2   31    2    1       649   -3    3   -6    7   -7  -13    1   -3   11   11   -9    6    0    8   12    8   -2  -13
    1    7   15    1    2   34    2    1      1362    5    9   -9    8    2  -22    6    3    9   11  -10    6   -1    9   11    7   -4  -13
    1    8    1    1    2   37    2    1       744    5   11  -10    2   -7  -13    3   -1   15    8  -13   10   -1    7   12    8   -1  -14
    1    8    2    1    3   38    3    1       566   17   12    4   -7   -7  -11   14  -13  -12   -5   -8   13   -9    6   -4   -3    3    4
    1    8    3    1    1   38    2    0       584   11    2    4   -2    2   -5   -2   12    8   -4    9   -6    9    3  -11   15   -3   -9
    1    8    4    1    1   39    1    1      1389    9    4    2    1    2   -6    0   13   12   -5    9   -6    5    3  -11   15   -5  -14
    1    8    5    1    2   38    2    1       607    3    9   -5    4  -10  -11   10    7   11   14  -11    7    1   10   12    5   -6  -10
    1    8    6    1    1   36    2    0       906   11    4    2    0    0   -7   -3   14    9   -4   12  -13    5    1  -11   15   -2  -22
    1    8    7    1    3   36    3    1       640   16   10    3   -8   -4  -13   14  -13  -16   -2  -11   13  -11   10    7    0    4    4
    1    8    8    1    3   40    3    1       641    8   22    5   -7   -5  -13   16  -13  -16   -5  -10   14  -11    7   -4   -4    3    6
    1    8    9    1    2   39    2    1      1250    4   13   -8    6   -6   -7    3   -1   12   13   -9    4    1   17   13    7   -4  -11
    1    8   10    1    3   39    3    1       659   17   12    2   -6   -1  -13   16  -14  -20   -3  -10   13   -2   11   -2   -2    5    3
    1    8   11    1    3   37    3    1      1052   15   13    3   -8   -4  -12   18   -8  -14   -1  -12   13   -9    8    2    0    5    5
    1    8   12    1    2   36    2    1      2742    6   10   -4    5  -10   -7    5   -6    8   12  -10    9   -1    9   13    6    5  -16
    1    8   13    1    1   37    1    1       987   13    3    4    2    1   -7   -6    9   10   -5    8   -6    7    3  -11   13   -5  -15
    1    8   14    1    2   40    1    0      2613    6   10   -8    7   -6  -12    4    0   11   10  -10    9    7    4   16   17  -15  -18
    1    8   15    1    1   40    2    0      1101   15    4   -8    7    4  -11   -2   14    8   -5    7   -7    5    1  -10   15   -7  -14
    1    9    1    1    3   41    3    1       725   16   12    3   -7   -5  -12   14  -11  -18   -7  -13   16   -9    9   -1   -3    6    3
    1    9    2    1    2   45    2    1      2099    5   12    4    8   -8  -11    4   -3   11   11  -11    7   -2   17   11    8  -12  -20
    1    9    3    1    1   45    1    1      1226   10    5    1    3    3   -9    2   15   10   -3   10   -7    4    3  -11   16   -5  -14
    1    9    4    1    2   41    2    1      1065    5   12   -6    7   -8   -4    4   -3    9   13  -10   15    1   10   10    6   -9  -15
    1    9    5    1    2   42    2    1       835   13   18   -6    4   -8  -13    1    0   13   13  -12   10   -2    7   12    6    5  -20
    1    9    6    1    3   42    3    1       558   13   11    3   -8   -3  -13   12  -19  -17   -1  -10   14   -8    9    1   -5   -1    3
    1    9    7    1    1   43    1    1      1011   11    5    3    1    1   -7   -4   15    9   -3    6   -6    5    4   -7   17   -7  -13
    1    9    8    1    2   43    3    0      1267   -2    1  -15   11   -8  -14    4   -2   10   10  -12   11   -2    9    5    8   -3  -13
    1    9    9    1    2   44    2    1      1155    7    9   -8    5   -9  -12    8   -7    8   11   -7   10    0    8   12    8   -4   -9
    1    9   10    1    3   45    3    1       952   24    2    2   -9    4  -15   17  -13  -15   -4   -6   12   -9    8   -2   -4    5    6
    1    9   11    1    1   44    2    0      1263   11    3    4    2    0   -6   -1   15   11   -6    7   -6    5    4  -11   12   -8  -13
    1    9   12    1    3   43    3    1       737   22   14    5   -7   -4  -15   16  -12  -16   -4  -10   14   -9    7   -2   -4    3    2
    1    9   13    1    1   42    1    1      1127   11    3    0    0    3   -5   -3   14   10   -5    7   -7    4    2   -5   12   -6  -13
    1    9   14    1    3   44    3    1       716   16   10    2   -4   -3  -13   16  -12  -13   -2   -8   10   -9    7   -3   -4    4    6
    1    9   15    1    1   41    1    1       835   10    6    1    4    3   -8   -3   15    5  -11   10   -5    6    3  -12   14   -7  -15
    1   10    1    1    3   46    3    1       635   16   12    4   -5   -3  -12   15  -14  -12   -3  -13   13  -11    6    0   -5    3    6
    1   10    2    1    2   48    2    1       837   11    4  -10    4   -7  -12    5  -11   11   11  -13    9   -1    9   11    7   -2  -18
    1   10    3    1    1   49    1    1       759    1   10    3    1    0   -9   -3    7   11   -3    9   -6    5    3  -11   14   -5  -18
    1   10    4    1    1   48    2    0       955   10    5    4    1   -6    2   -2   14    9    2    9   -5    2    2  -11   16   -5  -14
    1   10    5    1    2   49    2    1       666    8   10   -5    5   -9  -11    0    7   12   12  -10    9   -8   15   13    7   -6  -13
    1   10    6    1    2   46    2    1      1108    5   12  -16    3   -6   -6    1   -1    8   10   -9    6   -2    7   18   16   -2   -7
    1   10    7    1    3   48    3    1       925   10   13    5   -9   -5  -13   14  -13  -15   -3  -10   13  -13   13   -2   -2    2    5
    1   10    8    1    1   47    1    1       891   10    3    2    3    3   -5    0   14   14    2   10   -5    3    1  -12   16   -8  -12
    1   10    9    1    3   47    3    1       586   10   17    4   -7   -3  -15   16  -12  -16   -1  -11   15  -12    7   -1   -3    4    4
    1   10   10    1    3   50    3    1       501   13   12    5   -8   -2  -14   16  -13  -16   -8  -10   14  -11    9   -2   -2    5    4
    1   10   11    1    3   49    3    1       548   24   10    5   -7    2  -12   13  -14  -16   -2  -10   12  -12   10    0   -3    6    5
    1   10   12    1    2   47    2    1       711    6   12  -11    1   -8   -8    4   -2   12   13  -12    9   -2   10   13    7   -9  -11
    1   10   13    1    2   50    2    1      1558    3    3   -8    4   -8  -11    2   -4   10   10  -12    8   -2    8   12    6   -4  -12
    1   10   14    1    1   46    1    1       579   10    3   12    2    6  -13   -2   11    7    6    1   -4    6   -3   -6   23   -5  -14
    1   10   15    1    1   50    2    0       806   10    6    1    2    0   -5   -2   11   11   -3    8   -4    4   -5  -11   13   -9  -10
    1   11    1    1    3   53    3    1       626   14   13    5   -7  -12  -17   15  -14  -15   -3  -10   13  -12   10   -3   -4    5    4
    1   11    2    1    1   51    1    1      2548    9    5    0    2    3   -9   -3   12    9   -4    8   -6    5    1  -10   12   -7  -13
    1   11    3    1    2   55    1    0      1007    7   13   -7    5  -18   -3    5   -1    9   19  -12    3   -1   11   14    8   -2   -6
    1   11    4    1    2   51    2    1      1695   -4   15   -1    9   -4  -16    2   -3   12   12   -8    3  -10   11   13    9   -4  -11
    1   11    5    1    2   52    2    1       856    8    9   -6    4   -6   -6    3   -3    9   12  -10    9    0   12   13    6   -2   -8
    1   11    6    1    3   54    3    1       808   13   10    5   -9   -5  -13   14  -15  -15   -5  -10   15  -15   13   -4   -2    3    5
    1   11    7    1    3   52    3    1       639   12   17    3   -6   -2  -13   13  -13  -15   -5   -7   17  -14    6   -3   -3    4    6
    1   11    8    1    2   53    2    1       982    7   11   -6    3   -9  -10    2   -4   12   10   -9    6   -2    6   11    8   -7   -9
    1   11    9    1    2   54    2    1       570    2   15   -8    4   -6  -11    4   -4    9   13   -9    8    0    3   11    8   -4  -10
    1   11   10    1    3   51    3    1       575   16   16    6   -6   -1  -16   10  -15  -14   -2   -9   15   -6    9    0   -5    5    6
    1   11   11    1    1   53    2    0      1386   12    4    2    4   -3   -2   -4   13    2   -9   10   -3    5    1   -7   15   -6  -13
    1   11   12    1    1   55    2    0       821   11    4    1    4    3   -8   -1   15    9   -5    8    0    1   -1    0   12   -4  -16
    1   11   13    1    1   54    1    1       952   12    2    2    3    3   -8   -4   12    8   -3    8   -6    6    2  -12   16   -6  -15
    1   11   14    1    3   55    3    1       516   16    8    5   -8   -4  -13   17  -14  -13   -4  -13   15   -9   10   -3   -4    3    6
    1   11   15    1    1   52    1    1       898   11    3    4    2    0   -7    2   22   10   -5    8   -6    6    3   -9   14   -5  -16
    1   12    1    1    3   57    3    1       543   15   13    4   -7   -3  -13   16  -11  -13   -4  -10   13  -11    7   -2   -4    4   15
    1   12    2    1    1   56    1    1      1117    2   14    3    3    2   -8   -2   12    8   -6    5  -15    6   -2   -8   14   -7  -16
    1   12    3    1    2   59    2    1      1178    5    9   -8    4   -9  -11    3   -3   15   12  -13   12   -5   11   10    8   -6  -12
    1   12    4    1    3   60    3    1      2327   15   13   11   -6   -2  -15   11  -10  -12   -2   -9   18   -2    8   -5  -12    3    5
    1   12    5    1    3   56    3    1       662   14   12    5   -9   -5  -15   14  -12  -15   -2  -13   12   -9    7    0   -2    4    7
    1   12    6    1    2   58    2    1       582    5   10   -5    7   -8  -11    4   -2   12   12  -14   18    0    7   14    6   -1  -16
    1   12    7    1    3   58    3    1       875   24    5    3   -4   -4  -14   15  -14  -12   -5  -11   15  -20   14   -1   -8   -2   -2
    1   12    8    1    2   57    1    0      1141    6   10   -7    3  -11  -10    0   -4    9   14  -18    0    1    6    4    1   -5  -12
    1   12    9    1    1   58    2    0      1074    8    6    4    0   -4  -17   -1   12    5   -8    9   -7    5    3  -12   15   -4  -14
    1   12   10    1    1   60    1    1      3971   12   -2    3    1    3   -9   -3   14    5   -3    9   -4    0    0  -11   14   -4  -12
    1   12   11    1    1   59    1    1      1111   11    4   -2    0    3   -8    3   16    9   -3    4   -3    1    3  -14   16   -7  -14
    1   12   12    1    1   57    1    1       964   13    6   -8   -1    3   -7    2   13   16    2    9   -4    7    3   -9   13   -7  -12
    1   12   13    1    3   59    3    1       689   13   12    5  -10   -4  -14   21  -22  -16    2  -10   14   -9    7   -4   -1    5    7
    1   12   14    1    2   60    2    1      2184    5   10   -7    6  -10  -14    3   -3   11   10  -10    9   -1    7   14    8   -3  -11
    1   12   15    1    2   56    1    0      1740    4   13   -4    6  -12   -2    3   -1   13   12  -10    6   -2    9   11    8   -7  -11
    1   13    1    1    3   61    3    1       728   17   13    3   -9   -3  -15   15  -12  -16   -4  -11   15  -16    4    0   -2    4    7
    1   13    2    1    2   64    2    1      1487    8   10    2   13  -12  -20    1    3   14   18  -10    7   -2    7   13    8   -9   -9
    1   13    3    1    3   63    3    1       630   11   14    5   -8   -3  -13   14  -12  -15   -3  -16   11   -9    8    0   -4   14    5
    1   13    4    1    3   64    3    1       503   15   11   12   -2   -5  -13    8   -6  -12   -5  -10   12   -8   10   -1   -4    2    3
    1   13    5    1    1   62    3    0       557   14    1    3    2    2   -8   -1   13    7  -12   10   -4    5    1  -18   11   -6   -8
    1   13    6    1    1   64    2    0       905    7    6    3    3    3   -8   -3   13   12   -5   13   -9    6    1   -5   10   -6  -20
    1   13    7    1    2   65    1    0      1434    6   10    4   -2   -6  -12   11   -1   10   13  -13    9    0    9   13    7   -7   -9
    1   13    8    1    2   63    2    1       859    5   10   -5    6   -9  -10    2   -4    9   11   -7    5   -6   12   11    8    0  -10
    1   13    9    1    3   62    3    1       782    5   21    5  -10   -1  -16   14  -11  -13   -2  -10   15  -10    9   -3   -2    3    5
    1   13   10    1    2   61    2    1       970    4   10   -5    6   -8  -11    1   -3    8    8  -12    9   -3    7   12    6    0  -15
    1   13   11    1    3   65    3    1       687   20   11   12   -7   -3  -13   16  -14  -18    7  -10   13  -11    6   -2   -1    4    1
    1   13   12    1    1   61    1    1       998    8    3    3    2    8  -16   -1   12   13   -8    8   -6    5    3  -11   15   -5  -15
    1   13   13    1    2   62    1    0      2128    8   10   -2   -5   -7  -11    3    0    5   13  -13    6    0    7   12    5   -2   -8
    1   13   14    1    1   65    2    0      3109    5    8    3    2    1   -5   -1   13   10   -2   10   -5    6   11   -9   13   -7  -13
    1   13   15    1    1   63    1    1      2652    9    5    1    4    3   -7    0   15   16    4   10   -7    6    3  -10   15   -6  -15
    1   14    1    1    3   66    3    1       836   15   11    5   -8   -4  -12   14  -14  -16   -1   -9   16   -8    7   -1   -3    5    5
    1   14    2    1    1   67    1    1      2877    9    6    1    4    1   -7    2   12   10   -5    7   -6    6    3  -18   20   -9  -17
    1   14    3    1    2   67    1    0      4203    8    9   -8    5   -9  -12    2   -3   12   14  -10    7   -5   11    9    7  -10   -8
    1   14    4    1    3   67    3    1       783   12    9    3   -8   -4  -14    7  -15  -12   -3  -12   15  -12    9   -3   -4    7    5
    1   14    5    1    2   68    2    1      1955    6   12   -2    7   -7  -17    2    0   10   13  -10    7    3    3   12    6   -5  -13
    1   14    6    1    3   68    3    1       959   14   14    5   -6   -3  -13   13  -11  -14   -1  -13   14  -11    7   -3   -5    3    5
    1   14    7    1    1   70    1    1       915   11    4    6    6    4   -8   -1   14   12   -9    0   -9    9    0  -11   15   -6  -13
    1   14    8    1    1   68    1    1       960   11    3    2    1    2   -6   -2   12   12   -6   17   -1    0    5  -10   15   -5  -15
    1   14    9    1    3   69    3    1       619   14   11    3   -8   -2  -13   16  -12  -13   -4  -18    8  -11    9   -3   -2    3    6
    1   14   10    1    1   69    1    1      1188   17    9    4    2    3   -8  -11    3   11    0    7   -4    5    7  -11   15   -4  -14
    1   14   11    1    2   70    2    1       934   13   21   -7    5   -8  -11    5   -2   11   12  -11    7   -1    6   19    6   -4  -12
    1   14   12    1    1   66    1    1       670   12    2   -2    3    0  -11   -2   14    9   -6    7   -5    4    1  -12   15   -7  -14
    1   14   13    1    2   69    2    1       749   10   21   -5    4   -7  -10    4   -4   11   12   -9    7   -2    8    4    9    0  -11
    1   14   14    1    3   70    3    1       674   16   12    4   -7   -5  -14   15   -8  -15   -4  -12   12  -12    7   -3   -3    3    3
    1   14   15    1    2   66    2    1      1035    8    9   -4    3  -14  -13    7    2    9   12  -12   10   -2    8   12    8   -5  -12
    1   15    1    1    2   73    2    1       941   14   15   -7    5   -7   -5    3   -1    9   12  -10    8    1    5   12    8   -4  -11
    1   15    2    1    2   72    2    1      4993    5   13   -4    4   -8  -11    4   -1    8   11  -11    7    0    8   11    5    0   -7
    1   15    3    1    3   73    3    1      1745   15   13    4   -7   -4  -12   14  -15  -13   -3   -5    7  -17    9    8   -3    4    8
    1   15    4    1    1   71    1    1      3189    8    5    1    1   -2  -10   -2   12   10   -5    6   -3    9    2  -10   15   -7  -13
    1   15    5    1    2   71    2    1      2270    6   10   -7    5   -3  -15    4   -1    9   17  -11    6    1   10    2    6   -5   -4
    1   15    6    1    2   75    2    1      1033    4   10  -10    4  -10  -16    4   -3   11   11  -12    8    4    3   12    2   -6  -11
    1   15    7    1    3   74    3    1      1009   16   12    5   -6   -2  -14   16   -9  -13   -3  -10   15   -9    8    0   -4    3    6
    1   15    8    1    3   72    2    0        82   14   13    3   -8   -9  -21   15  -15  -15   -2   -9   15  -14    4   -1   -2    4    6
    1   15    9    1    1   74    1    1      2298   11    5   -2    7    4   -6   -1   13   12   -6    6   -5    4    3  -10   15   -5  -16
    1   15   10    1    1   75    1    1       590    8    3   -2    1    2   -9   -1   15   11   -4    8   -4    6    2  -10   12   -3   -9
    1   15   11    1    1   73    1    1      1025    4    5    7   -5    5   -9   -7   16    9   -2    9   -7    4    1  -11   13   -5  -16
    1   15   12    1    3   75    3    1      1259   14   12    2   -7   -2  -14   17  -14  -14   -2  -10   16   -8    6   -4   -1    4    4
    1   15   13    1    3   71    3    1      4524   16   13    4   -3   -3  -13   15  -14  -14   -2  -10   14  -11   10   -1   -4    2    7
    1   15   14    1    1   72    1    1      2317    9    2    2    1    1   -7   -1   12   10   -3   15    5   10    5   -8   14   -6  -15
    1   15   15    1    2   74    2    1      1113    8   10   -7    6  -10  -11    4   -4    8   15  -12    9    1    7   16    4   -4  -11
    2    1    1    1    2   17    2    1      1817    7    8   -6    0   -8  -13    5   -3   11   12  -10    3    0    2   10    9   -6  -12
    2    1    2    3    3    2    3    1       660   15   12    5   -8   -3  -14   15  -13  -12   -4  -11   14   -9    7   -1   -4    6    2
    2    1    3    5    1    4    1    1      1150   13    6    6    3    4   -9   -1   12   19    4    8   -4   15   -8  -12   14   -7  -24
    2    1    4    4    1    5    1    1      2082    1    3    4    6    0   -8  -11    6    9   -3    7   -5    6    2   -8   13   -6  -15
    2    1    5    3    1    3    1    1      1592   10    5    2    2    3   -6   -3   13   17  -14    8   -5    5    1   -9   14   -6  -14
    2    1    6    1    1   58    1    1       946    8    6    4    0   -4  -17   -1   12    5   -8    9   -7    5    3  -12   15   -4  -14
    2    1    7    3    1    5    1    1       744   10    4    2    3    1   -6   -1   13   10   -4    8   -6    5    2  -10   14   -4  -12
    2    1    8    3    3    5    3    1       726   15   12    5   -8   -3  -14   10  -17  -15   -3  -11   14  -11    8   -3   -2    5    4
    2    1    9    1    3   33    3    1       678   16   10   12  -17   -3  -15   15  -14  -21  -12  -11   13   -8    8   -7    2    3    6
    2    1   10    4    2    4    2    1      6127    6   12   -1    9   -5  -14    1    0   10   11  -12   10    0    7   15   16   -4  -10
    2    1   11    4    3    3    3    1       855   14   12    4  -10   -2  -16   17  -12  -14   -2  -12   14  -12    8   -6    1   -6    7
    2    1   12    3    2    4    2    1      1096    6   10   -6    5  -12   -7    3   -2   11   13  -12    6   -2    9   11    7   -7   -9
    2    1   13    3    1    1    1    1      2271   10    4    3   -4    3   -7   -2   14   10   -4    8   -5    5    1  -10   14   -6  -14
    2    1   14    1    1   75    1    1      6726    8    3   -2    1    2   -9   -1   15   11   -4    8   -4    6    2  -10   12   -3   -9
    2    1   15    3    1    2    2    0      2372   11    3    2    2    2   -8   -3   14   10   -4    7   -6    5    1   -9   15   -6  -14
    2    1   16    5    1    5    1    1      1481    8   10    3   -3    0   -8   -2   15   17   -6    7   -5    3    1  -12   13   -5  -15
    2    1   17    5    3    3    3    1      2154   20   15   14  -18    0   -6   15  -12  -18   -4   -6   10   -9   10   -1   -4    9    3
    2    1   18    5    2    1    2    1      1168   -2   18   -7    6   -7  -12    0   -7   10   13   -9    8    9   16    5   12    2   -5
    2    1   19    1    2   51    2    1      1142   -4   15   -1    9   -4  -16    2   -3   12   12   -8    3  -10   11   13    9   -4  -11
    2    1   20    4    1    2    1    1       988   19   -4    2    1    8  -11    0   11   10   -5    7   -7    8    0  -11   12   -1   -7
    2    1   21    1    2   14    2    1      1983   13   10   -8    3  -10  -12    3   -3   13   21   -7   10   -2    8   11    7   -1  -11
    2    1   22    5    1    2    2    0      1604   10    3    4   -3    8    0    5   13    9   -8    7   -6    2    7  -11   14  -11  -21
    2    1   23    5    1    1    1    1      1536   10    2   -8    4    4   -8    4    9   10   -5    5  -10    7   -2  -17    6   -6   -6
    2    1   24    5    2    2    2    1      3437    8    9  -12   13   -8  -14   -6    0   12   12  -11    6   -5   18    6   -3   -4  -12
    2    1   25    3    3    4    3    1      1398   22    3    4   -8   -2  -14   15  -13  -14   -3  -10   15  -10    8   -1   -4    4    5
    2    1   26    1    3   49    3    1      1527   24   10    5   -7    2  -12   13  -14  -16   -2  -10   12  -12   10    0   -3    6    5
    2    1   27    5    1    3    1    1      3236    9    1    6    5    1   -7   -2   15   16   -7    6   -2    2   -1  -11   13   -5  -13
    2    1   28    3    1    4    1    1      1245    7    8    3    1    3   -8   -2   13    9   -3    9   -6   13    3  -10   14  -10  -12
    2    1   29    3    2    2    2    1       863    5   11   -6    5   -8  -12    4   -2    8   11  -11    7    0    9   12    7   -5  -11
    2    1   30    3    3    3    3    1       720   15   13    4   -7   -2  -14   15  -12  -14   -2  -11   14  -10    8   -2   -3    4    5
    2    1   31    4    1    4    1    1      3750   13    1    7   -7    1   -2   -1   15   12   -3    7   -3    6    4  -13   15   -6  -15
    2    1   32    5    3    4    3    1       603   18   10    2   -9   -6  -13   19  -21  -16   -5  -13   18   -9    8    0   -5    6    0
    2    1   33    4    2    1    2    1      1528    8   10   -8    3  -14  -14    7    2   15   22  -15   18   -1    9   12    8   -2   -9
    2    1   34    5    3    1    3    1      1559   14    4    5   -9    1  -17   12  -15  -13    4  -16   11   -6    2    8   -3    3    0
    2    1   35    1    3   42    3    1       468   13   11    3   -8   -3  -13   12  -19  -17   -1  -10   14   -8    9    1   -5   -1    3
    2    1   36    4    3    1    3    1       492   15   11    3   -6   -5  -16   13  -13  -14   -2  -10   13  -11   10   -4   -2    6    3
    2    1   37    3    2    3    2    1       699    6   11   -5    5   -9  -13    6    1   10   12  -10    7   -1    8   12    7   -5  -11
    2    1   38    4    2    2    2    1       586    5   11   -8    7   -7  -14    4   -3   15   10  -11    6   -3    7   19   13   -7   -9
    2    1   39    5    2    5    1    0       942    9   11   -5    4   -7  -12   -5    1   10   13  -12    9   -6    9   13    7   -1   -5
    2    1   40    1    3   61    3    1       713   17   13    3   -9   -3  -15   15  -12  -16   -4  -11   15  -16    4    0   -2    4    7
    2    1   41    1    1   29    2    0       865   15    2    1    3    0   -7   -3   13   11    0    9   -4    6    4   -9   14   -6  -12
    2    1   42    5    3    5    3    1       626   18    7    4   -9    1  -19   10  -11  -16  -12  -18   18  -11   12   -1   -1   -6   12
    2    1   43    4    2    3    2    1      6213    6   14   -6    6   -9  -11    2   -5   10    8  -13    5   -3    9   10    5   -3  -10
    2    1   44    4    1    1    1    1      1233    3   14    1    0    4   -6   -4   14    9   -2    9   -6    3    1  -12   14   -8  -13
    2    1   45    4    3    2    3    1       586   13   11    5   -9  -10   -8   18  -14  -14   -4  -11   15  -11    7   -1   -3   -5   15
    2    1   46    4    2    5    2    1      4198    8   13  -10   -5  -10  -13    3   -3    4   10  -10    8   -1    5   13    7   -1   -8
    2    1   47    1    2    8    2    1      1499    5   12   -7    7  -10  -10    5   -2   10   13  -11    6    4    4   13    5   -4  -11
    2    1   48    5    2    4    2    1       521    5   11   -4    5   -8  -13    7   -3   11   12  -10    7    4   13    2   16   -5   -9
    2    1   49    4    3    5    3    1       728   18   14    4   -9   -2  -15   14  -12  -15   -1  -12   13  -12    6   -3   -1    5    5
    2    1   50    5    2    3    1    0      3107   -3    1  -12   11  -10  -12   -2   -3   17    3   -8   14    0    8   20    6    0  -11
    2    1   51    1    3    5    3    1       680   24    8    6   -8   -5  -13   13  -11  -14   -8  -13   16   -8    9    3   -1    2    5
    2    1   52    1    1   67    1    1      1480    9    6    1    4    1   -7    2   12   10   -5    7   -6    6    3  -18   20   -9  -17
    2    1   53    2    1    0    1    1       838   10    4    2    2    2   -7   -2   13   10   -4    8   -5    5    2  -10   14   -6  -14
    2    1   54    1    1   36    1    1      2981   11    4    2    0    0   -7   -3   14    9   -4   12  -13    5    1  -11   15   -2  -22
    2    1   55    3    2    5    2    1      1041    6   11   -6    5   -8   -8    3    7    9   16  -10    8   -2    9   12    7  -12   -2
    2    1   56    4    1    3    1    1       900   11    3    3    4    3   -7    7   10   10   -5    7   -4    3    0  -11   10   -6  -15
    2    1   57    2    3    0    3    1       468   15   12    4   -8   -3  -14   15  -13  -14   -3  -11   14  -10    8   -2   -3    4    5
    2    1   58    2    2    0    2    1       740    6   11   -6    5   -8  -12    3   -2   10   12  -11    8   -1    8   12    7   -5  -11
    2    1   59    1    2   25    2    1       723    6   10   -4    3   -9  -13    2   -3    9   14  -12    7    1    5   21    5    0  -11
    2    1   60    3    2    1    2    1       546   13   13   -6    5   -8  -12    2   -6   11   12  -11    8   -1    7   11    6   -5  -11
    2    1   61    3    3    1    3    1       617   14   13    3   -8   -3  -14   15  -13  -14   -3  -11   14   -9    9   -2   -3    4    5
    2    1   62    4    3    4    3    1       553   13   13    4   -7   -3  -12   13  -17  -13   -3  -15   19   -1   -1   -3   -3    6    7
    2    1   63    5    3    2    3    1       445   15   11    3   -8   -4  -13   17   -8  -14   -2   -7    7   -9    8    2    0    4    6
