    1    1    1    1    2    6    3    1    0      3177   -2   22   13    0  -13   -9  -11  -10  -13    5    7    4  -16  -15    6   12    3  -13
    1    1    2    1    2    9    3    2    1      1674    7   23   22   -5   -1   -9  -24   -4  -13    5    2   -1  -14  -14    5    7    0  -12
    1    1    3    1    1    5    3    1    1      1316  -11  -11  -11   11    8  -11   16   11   -7  -13    9   12   -3   -3  -12   17   -7    4
    1    1    4    1    1    1    3    3    0      1613  -13   -7  -11   21    8  -16   23   21  -16  -15   22   16  -10    3   -3    6  -18   -9
    1    1    5    1    2    3    3    1    0      1336   -4   15    7    3   -7   -6  -18   -5  -15    2    3    6   -4  -22    5   -1   -4   -8
    1    1    6    1    3    1    3    2    0       848  -11   10   -4  -16   10    9    7  -14   -4   -6   10    3    9    6   -3   14    1    1
    1    1    7    1    2    8    3    2    1       858  -11   18   14   -5  -12  -12  -17   -6  -11    5    2    4   -5   -6   10   10    9  -10
    1    1    8    1    2    5    3    3    0       901    2   12    9   -5  -17  -12   -9  -10   -9    2   -1    9  -16   -9    9    9   -3  -19
    1    1    9    1    2    4    3    3    0       798   -1   20   19   -2  -15   -6  -18  -16   -9    7    2    7  -14  -20    8    9    9  -18
    1    1   10    1    3    2    3    3    1      1002  -13   12   -3  -21    8    7    8  -12   -1   -4   22   -3    6   18   -7   -1   -5    4
    1    1   11    1    3    6    3    2    0      2079  -13   11  -13   -8    9    8   10   -8   -7  -13   13   -4    4   20  -11   13    9   11
    1    1   12    1    1    8    3    3    0      2569  -12   -7  -22   22   18  -14   18    9   -9  -19   11    8   -3    0    3   11  -19   -5
    1    1   13    1    3    9    3    2    0      1167   -5   -1   -8  -12    4   16   11  -18   -3   -7   15   -1    7   13  -12    5    0    0
    1    1   14    1    3    4    3    1    0      3134  -16    1  -17   -2    3    5    3   -3    4   -5   10   -8    5   11  -15   14   12   -4
    1    1   15    1    1    4    3    3    0      3118  -12   -4  -15   14   14  -12   16    9  -15  -15    3   15   -7    0   -3    6  -15  -12
    1    1   16    1    1    7    3    1    1      3902  -13   -6  -19   19   13  -15    7    2  -10  -12   14    6   -6    0   -1    7  -15  -12
    1    1   17    1    2    1    3    1    0      2239   -2   13   14    4  -15    0  -14   -8   -8   -2   12   -1  -14  -22   10    7    4  -13
    1    1   18    1    1    9    3    3    0      2691  -11   -6  -15   24   11  -14   11   13  -17  -11   16    6   -7   -3   -7    4  -15   -6
    1    1   19    1    3    8    3    2    0      1043  -16    6  -17  -11    6    4    7  -13   -4   -6   15   -5    8   16  -12    5    4    5
    1    1   20    1    1    3    3    3    0      1368   -8   -7  -12   14   21   -8   14    6   -5  -20   11    8   -6    0   -3    6  -14   -5
    1    1   21    1    1    2    3    3    0      1071  -12   -4  -19   21   17  -15   21   11   -9  -20    8    3   -8   -1   -2    8  -14   -3
    1    1   22    1    3    5    3    2    0       977   -8   13   -7  -13   12    8   -1   -4   -1    0   18   -4    6   17  -13    5    6    4
    1    1   23    1    3    7    3    2    0       839  -15    9   -9  -10    8    7    7  -13   -3   -5   16    1   -3   11  -13   14    3    4
    1    1   24    1    3    3    3    2    0       931  -12    8   -8  -12    6    7    2   -5   -5   -8   10    2    8   19  -14    7    6    2
    1    1   25    1    2    7    3    3    0       892    1   23   21    1    2    3  -10   -9  -13    5    8    9  -16  -11   17    8    9  -13
    1    1   26    1    2    2    3    2    1      2277   -3   17   17    0  -11   -7  -14   -7  -12    9    2    1  -13  -11   17   10    1  -16
    1    1   27    1    1    6    3    1    1      3016  -14   -9  -13   14    5   -4   20    9  -17   -9   10    3   -7    4   -1   12  -24   -6
    1    2    1    1    1   12    3    1    1      1613  -14  -11  -18   12   14  -14    8    5   -7   -3    7   13  -10    9    0    5  -12   -1
    1    2    2    1    2   14    3    1    0      2537    1    8   14   -1  -11   -2  -18   -9  -17    7    5    6  -13  -10   20    6    0  -12
    1    2    3    1    2   16    3    3    0      2242   -3   16   16  -10   -3  -10  -24  -18  -13    5    6   -5  -19   -6   11   10    6  -14
    1    2    4    1    3   14    3    1    0      2517   -6   17  -10  -10    9    3    7  -11    0   -4   18  -12    9   18  -14    7    5    3
    1    2    5    1    3   16    3    2    0      1550  -13   10   -5  -11    9    6    6  -11    2   -1   17   -2   14    7  -12    5   -6    9
    1    2    6    1    1   14    3    1    1      1581  -18  -15   -6   17   17  -13    5   19  -14  -16   16   14   -2   -9   -1   -2  -10   -4
    1    2    7    1    1   13    3    1    1      4122  -20  -18  -13   13   11  -14   11   15  -17  -13    5    4   -4    6   -6    7  -15   -6
    1    2    8    1    3   11    3    3    1      1746  -14   11  -14   -6    9    7   14  -12   -5   -4   15   -5    3   11  -15    5    9    3
    1    2    9    1    1   18    3    3    0      2889   -6  -16  -13   14   11   -9   14   11  -14  -13   12    7   -3   -9    8   13  -12  -10
    1    2   10    1    3   10    3    3    1      2002  -13    2   -4  -16   16   -1    7  -13    4    1   17    1   13    6   -9    8    2    2
    1    2   11    1    1   11    3    1    1      1167  -13   -7  -13   12   12  -15    7   21  -18  -18    4   16   -5    1  -10   -1  -11   -9
    1    2   12    1    2   12    3    1    0      1518   -2   16   17   -5  -11  -11  -14   -6  -14    7    1    8  -11  -22   11    9    7  -13
    1    2   13    1    3   18    3    1    0      1885  -11   10   -9  -13   -2   18    9  -13   -1   -4   21    3   17   23  -11    6    4   -1
    1    2   14    1    2   18    3    1    0      2141   -5   20   24   -7  -11   -2  -14   -8   -7    1    0   12  -19  -17   11    8   -3   -5
    1    2   15    1    2   11    3    1    0      4437    3   15   19   -3  -13    2  -13  -11  -22   -5    6    5   -7  -18   10   10    9  -16
    1    2   16    1    3   12    3    2    0      1393  -16    5  -13   -6   11   -1   11   -8    3    0   12   -5   16   12  -20   -1    8    2
    1    2   17    1    3   15    3    1    0      4071  -12   11  -10  -13   11   10   -2  -18    0   -4    8    4   14   11  -14    4    6    0
    1    2   18    1    2   13    3    3    0      5280   -3   15   17    4   -9   -7  -12  -13  -10    5    3    5  -17   -8   11    8   -2  -24
    1    2   19    1    3   13    3    2    0      1066  -13    8   -7  -12   17   15   14   -7    1    0   23    1    3    8   -9    4   -6   -1
    1    2   20    1    2   17    3    3    0      3820   -2   14   15    1   -5   -7  -14   -7  -13    5    3    3  -10  -11    6    0    2  -16
    1    2   21    1    2   15    3    3    0      5952    5   13   18   -8   -6   -8  -13  -10  -20    2   -1    7  -15  -13   11   11    6  -15
    1    2   22    1    3   17    3    2    0       895   -9   13   -9   -6   14    9    7  -12    1   -3   17   -7   12   13  -20   -3    4    2
    1    2   23    1    1   15    3    3    0       360   -8  -10  -19   13   13  -15   12    7  -14   -6   16    2  -16   -8   -1    8  -23   -6
    1    2   24    1    1   16    3    3    0      1271  -13   -6  -14   16   20  -24   15   13  -17  -11   12    9  -10   -5   -3   13   -7  -12
    1    2   25    1    1   17    3    1    1       945  -13   -8  -13   19   14  -14   15    4  -14  -12   13    7  -13    3   -1    6  -13   -2
    1    2   26    1    2   10    3    1    0      2024   -2   14   22    8   -9   -5  -17   -7  -14    0    4    4  -21  -16    5    7    6  -15
    1    2   27    1    1   10    3    1    1      4020  -10  -10   -6   24    6  -11   13   12  -13  -18   19   10  -12   -3    2   -3  -20   -6
    1    3    1    1    1   22    3    1    1      3135  -17  -12  -16   11   16  -18   18   11  -18  -17   10    7  -13    8   -3    7  -14  -13
    1    3    2    1    2   24    3    3    0      3757   -8    7   22    3   -2    4  -20   -7   -6    3    8   -2  -16  -10   12   10   -1  -20
    1    3    3    1    2   25    3    1    0       932    0   16    7   -1  -14    0  -24  -16  -13    5    0    6  -13   -3   11   12    3  -12
    1    3    4    1    3   21    3    2    0       811  -10   13   -8  -10    5   17    4   -8    1   -6    4    3    7   13  -12    2   -3    5
    1    3    5    1    2   22    3    1    0      2744   -3   13    6   10  -13   -6   -4   -3  -12    3    4    3  -14  -16   13    6   13   -8
    1    3    6    1    3   20    3    3    1      4455  -12   14  -14   -5   10    9    7  -12    0   -4   13   -2    2   18   -9    8    3    4
    1    3    7    1    2   23    3    1    0      2386   -3   18   23   -2   -6   -8  -12  -16  -13    4    5    6  -24   -4   10    7   10  -11
    1    3    8    1    3   26    3    3    1      1343   -9    7  -13  -11    9    9   12  -18   -5   -6   15   -2    9   12   -7    0   -3    5
    1    3    9    1    1   24    3    1    1      1126  -14   -7  -13   11   15  -15    5   18  -18   -3   13    7   -6    1   -6    7  -20   -2
    1    3   10    1    1   27    3    1    1      7845  -11  -10  -14   18    4   -8   12   16  -15  -18   22   16   -6   -1   -3    4  -14   -9
    1    3   11    1    1   20    3    2    0      3993  -22   -9   -4   24   15  -11   21   12  -10  -10   19   15   -8    2    1    2  -12   -7
    1    3   12    1    3   25    3    3    1      2838  -17    9   -8  -11    9    8   10  -14   -1    4   11  -10   11   19   -9    7    4    0
    1    3   13    1    1   23    3    1    1      3473  -12  -13  -22   17   12  -14   13   13  -16  -14   11    9   -6    0   -6    9  -15   -4
    1    3   14    1    2   26    3    2    1      3332    1   14   14    5  -10   -4  -17   -1  -12    6    0    7   -4   -9   19    2    6  -14
    1    3   15    1    2   27    3    3    0      4027   -2   16   12   -4    0   -1   -6    0  -19    8   -2    0  -10  -19   20   13    6  -13
    1    3   16    1    2   19    3    1    0      2583   -1   15    8  -10  -18   -3   -7  -11   -2   10    1   -4  -14  -11    9   19    6  -15
    1    3   17    1    3   19    3    3    1      1771  -13   -1  -17   -2   12   -2    8  -18    3  -11   12   -5    8   11   -7   14    3    4
    1    3   18    1    2   20    3    1    0      2131   -2   12   20    8   -8   -5  -15   -9  -10    0   12   -1  -22   -4   10    8    5  -13
    1    3   19    1    3   22    3    2    0      1291  -12   11   -9  -13   15   15   10  -15   -3   -6   14   -4    8   14  -12    6    3    5
    1    3   20    1    3   27    3    2    0      2388  -14    4   -8  -12    7    8    3   -4  -10   -9    7   -7    2   17  -11    8    4    5
    1    3   21    1    1   26    3    3    0      2241  -14   -9  -16   17   15  -16    7   17  -13  -21   14    7   -5   -1   -2    6  -23  -10
    1    3   22    1    1   19    3    3    0       997   -9  -10  -11   13   17  -12   23    5  -18  -14   12   17  -11    2    3   10  -20   -1
    1    3   23    1    1   25    3    1    1      1338   -8   -9  -16   22   23   -5   12   15  -18  -14   10    9   -5   -7    2    5  -17   -7
    1    3   24    1    3   24    3    2    0       961  -14    9   -7  -18    9    8    4  -12    2   -8   18   -8    3   17  -17    8    5    3
    1    3   25    1    1   21    3    1    1      1143   -3   -5  -14   12    9  -17   23   13  -16  -22    2   14   -8    2   -1   13  -16  -15
    1    3   26    1    2   21    3    3    0      1862    8    7   17    0   -5   -9  -24    1  -11    4    6    5  -10  -11    9   14    8  -12
    1    3   27    1    3   23    3    2    0       634   -9    8   -7  -14    7    9    5  -11    5   -7   22  -12    8   13  -10    2    2    6
    1    4    1    1    1   30    3    1    1      1278  -18   -5  -19   23   11  -14   16   13  -17  -15    9    5    2    7    7   16   -5    0
    1    4    2    1    1   29    3    2    0      1593   -8  -12  -10   15   12  -14   16   13  -14  -12   12    9   -3    2    0    5  -15   -4
    1    4    3    1    1   31    3    1    1       775  -11  -11  -13   13    5  -11   16   16  -25  -20   11    9  -10   -4   -2   10  -20  -10
    1    4    4    1    1   33    3    1    1      2149  -22   -7  -24   14   15  -14   14   12  -16  -15   14    8   -8    2   -2    8   -8   -9
    1    4    5    1    3   29    3    2    0      2075  -23    6  -12  -10    8   -2    4  -14   -1   -7   12  -12    8   14  -11    2    7    3
    1    4    6    1    3   31    3    2    0       726  -17    2   -9  -15    6    7   12  -12    1    0   15   -3    4    8  -17    7    5    5
    1    4    7    1    3   32    3    2    0       407  -20    8   -3  -13   10   16   14   -7    0   -3   13   -1    8   14   -5    6    9   -1
    1    4    8    1    2   31    3    2    1       468   -4   15   15    1   -7   -8   -9   -5  -16    9    4    6  -13  -14    9   10    8  -13
    1    4    9    1    2   30    3    2    1      1373   -3   17   15    1   -7   -7  -11  -14  -17    8    2    6  -16  -17    7    2    6  -15
    1    4   10    1    3   30    3    3    1       836   -8    5  -10  -11    9   13    9  -13    2   -6   15   -2   12   18   -7    2    5    5
    1    4   11    1    1   28    3    1    1      1473   -8   -6   -9   16   14  -13   18   16  -16  -13   17   10  -15   -2   -9   10  -13   -5
    1    4   12    1    2   28    3    2    1      1058   -1   15   16   -6   -3   -2  -15  -10  -12    4    7    0   -9  -15   10   10    6  -15
    1    4   13    1    2   32    3    2    1      1702   -1   13   17    1   -7  -11  -10   -7  -11    4    3    6  -13  -14    9    9    0   -9
    1    4   14    1    3   35    3    3    1      1263   -7   11   -9  -10   13    9   -2  -19   10   -9   15   -4    9   18  -17    9   -2    9
    1    4   15    1    3   34    3    1    0      1257   -9   19  -17  -11   15   12    7  -13   -3   -2   11   -4    3    4  -13    4    5    3
    1    4   16    1    2   29    3    2    1      1060   -2   11   13    2   -5  -13   -6   -3  -19   14    8    5  -10  -16    1   18    6  -13
    1    4   17    1    3   28    3    3    1      2663  -22    7   -4  -16   12   11   10   -9    0  -12   12   -3    9   15  -12    6   -1    5
    1    4   18    1    1   32    3    1    1       939  -11   -8  -14   13   16   -7   10    5  -13  -12   13    8   -8    2  -10    0  -10   -4
    1    4   19    1    3   36    3    3    1      2146  -19    7   -2  -19    6    9   12  -16   -1   -7   17   -7    7   23  -10    3    9   -1
    1    4   20    1    2   34    3    1    0      2171   -4   19   21    2   -1   -3  -15  -10  -11    4    4   -4  -17  -15   10   10    9  -17
    1    4   21    1    2   35    3    1    0      1121   -5   12   17   -1   -7   -4  -17   -6  -13    6    0    8  -23  -15   11    9    6  -15
    1    4   22    1    2   36    3    2    1       624  -11   18    6    7   -5   -5  -16  -11  -14    6   -4    7   -6  -19   16    2    9  -10
    1    4   23    1    1   36    3    2    0      1380  -14  -12   -7   19    5  -14   15    9  -11  -13   11   10   -7    2    0    8  -11   -3
    1    4   24    1    1   35    3    2    0      2170  -13   -8  -14   13   18  -11   14   10  -23  -11    7    5   -7   -1    1    1  -20    0
    1    4   25    1    3   33    3    3    1      2128  -13    8   -5  -19    7    9   14  -21   -1   -4   11   -3    8   14  -14    4   -2    7
    1    4   26    1    1   34    3    3    0      2474   -9  -10   -7   23    9  -24   18   10  -22  -14   13   10   -3   -3    0   -3  -11    5
    1    4   27    1    2   33    3    2    1      1205   -5    6   16   -2  -11  -15  -12   -5  -14    9    4    7  -12  -18   10   12   -5  -15
    1    5    1    1    3   38    3    2    0      1570  -15    8   -7  -18   10    9   10  -17   -3   -4   12   -5    7   13   -6   13    5    3
    1    5    2    1    1   43    3    1    1      2031  -11   -9  -16   16    9  -11   15    8  -16  -12   11    9   -6    0   -3    5  -14   -5
    1    5    3    1    2   42    3    1    0      2444   -3   13    6    6  -18   -1  -11  -17  -10    4    3    5  -15  -16   11   11   10  -13
    1    5    4    1    1   41    3    3    0      1913   -8  -11  -11    9   16  -23    8   18  -17  -12   12    9   -6    1    2    5  -19  -13
    1    5    5    1    2   40    3    2    1      1339   -8    8    8   -6   -7   -6  -16  -10  -11    4    6    4   -9  -17   10    8   10  -14
    1    5    6    1    1   39    3    2    0      1699  -12   -7   -8    5    8  -11   19    2  -18  -14   17   10    3   -7   -6    4   -5   -6
    1    5    7    1    2   41    3    3    0      4684    3    8   23    3   -7   -2  -15   -9  -13    6    3    5  -13  -14   15    4    6  -14
    1    5    8    1    3   43    3    2    0      1216  -13    5  -19  -10   11    3    3  -13    9  -13   14   -3    8   13   -2   -1    6    2
    1    5    9    1    2   37    3    2    1      6748    0   15   14    0   -1  -11  -13   -7  -19   13    6    4   -5  -12   11    9    3  -13
    1    5   10    1    2   44    3    3    0      2603   -4   16   16    4   -9   -6  -12   -7  -13   12    5    6  -10  -10   17    0   13  -23
    1    5   11    1    2   39    3    2    1      1793   -6   12   18    0  -10   -4   -9  -10  -11    5   11   -3  -18   -9   14   14    4  -12
    1    5   12    1    3   41    3    2    0      2518  -18   12   -9  -13    8    9    8  -12    5    3    7   -7   10    4  -11    8    0    4
    1    5   13    1    3   39    3    2    0      1550  -14   10  -10  -10   13    0   11  -16   -4    0   11   -9    8   13   -4   14    2   -5
    1    5   14    1    1   40    3    2    0      1437  -13   -7  -10   11   11  -18   17    9  -25   -7   11    4   -8    3   -1    7  -14   -3
    1    5   15    1    3   44    3    2    0      1585  -16   11   -8   -9    5    9   10  -17    5    5   15   -4    3    7  -13   11    2    5
    1    5   16    1    2   38    3    2    1       622    0   10    7   -3   -8    0  -15   -8  -17    3    6   13  -10  -13    8   11   -1  -13
    1    5   17    1    3   45    3    3    1      1842  -20   -1   -8  -13    9    8    8  -12    1   -5   15    6    8   15   -8    3   -4   13
    1    5   18    1    3   40    3    3    1      1846  -21    0   -8  -12    5    4    9  -13   -9   -4   11   -4   16   21  -12    5    1    9
    1    5   19    1    3   42    3    3    1      5258  -22   18   -2   -3    9    6    7  -15    1   -4   13   -6    8   13  -15   -4    2    4
    1    5   20    1    2   43    3    2    1      1351    0   14    6    9    2  -11  -13   -4   -9    3    0    2  -14  -14   11    8    8  -17
    1    5   21    1    1   42    3    1    1      1807  -14   -7  -12   11    9  -22   21    6  -13  -11    7   14   -7    0   -5    1  -14   -3
    1    5   22    1    2   45    3    1    0      5827   -2   16   23    6  -12  -11  -20  -18  -10    5    5    5  -15   -9   20    1    6  -14
    1    5   23    1    1   37    3    1    1      6425  -20  -15  -20   17   14  -10   16    1  -14  -14    5    0   -6    3    0    9  -14   -5
    1    5   24    1    1   44    3    1    1      2854  -13   -7  -14   15   11  -13   20    6  -14  -14   11    7   -2    1   -1    6   -8  -12
    1    5   25    1    3   37    3    2    0      1409  -12    8  -16   -3   10    9    7  -13    0    0   11   -7    4   10   -7   -1   -2   -1
    1    5   26    1    1   45    3    3    0      1607   -3  -13  -13   16   10  -15   12    2  -13  -15   17    8    1    9   -2    6  -14   -5
    1    5   27    1    1   38    3    1    1      1382   -8   -1  -18   15    8  -18   15   10  -21  -22    9    8   -4   -6   -3    6  -20    2
    1    6    1    1    1   50    3    1    1      4091  -11   -8  -18    7   15  -15   10   11  -13  -14   13    7   -9    1   -2    8  -12   -2
    1    6    2    1    3   48    3    2    0      3091  -14    9   -1  -15    6    4   10  -13   -5   -4   19    0    6   22  -10    4    4    3
    1    6    3    1    2   51    3    1    0      3045   -3   16   20   -4   -9   -5  -14   -5  -10   13   -1    5  -21   -8    9   10    0  -15
    1    6    4    1    3   54    3    3    1      1687  -13    8  -10  -11   18   14   16  -15   -7    5   18    2    8   13   -8    3    3    5
    1    6    5    1    1   52    3    2    0      1664   -8  -13  -20   20   20   -7   18   14  -12  -17   15    9   -8    2    0    6  -14   -5
    1    6    6    1    1   54    3    1    1      1324  -13   -8  -14   15    8  -15    5   21  -25  -20   12   10   -6   -4   -2   14  -14  -10
    1    6    7    1    3   53    3    2    0       789  -14    9   -6  -10    8    7    7   -8    1   -5   14    5    6   11  -18   -5    6    2
    1    6    8    1    2   46    3    1    0       884   -9    8   15    1  -11   -5  -21  -18  -11   13    1    4  -15  -13   18    3    6  -11
    1    6    9    1    2   48    3    2    1      3230   -1   18   16    2    1  -13   -6   -2  -13    6   -2    4  -14  -14    8    4   10  -14
    1    6   10    1    2   47    3    1    0      2444   -5   17   18    0  -10   -4  -16   -8  -12    4    5    6  -13  -13    9    6   15  -13
    1    6   11    1    3   49    3    2    0       951  -12    8    0   -3   10    4   -1  -17    3   -6   13   -5    9   12  -11    5    6    3
    1    6   12    1    1   49    3    1    1       941  -15   -9   -8   23   18  -10   15    9  -16  -13   13    8   -2    0   -1    7  -20   -3
    1    6   13    1    2   54    3    3    0      1141   -2   16   17    1   -4   -3  -15   -8  -13    6    5   -3  -13  -23   10    7   10  -16
    1    6   14    1    3   50    3    3    1       596  -13    8   -8   -9    5    7   10  -12    4   -8   12   -2    6   15  -21   -6   -3   -6
    1    6   15    1    1   46    3    1    1       937  -14   -9   -9   20    4   -7   12   14  -10  -14    2    6   -9    0   -3    7  -25    0
    1    6   16    1    1   48    3    1    1      1456  -12    1  -12   14    8   -4   19   20  -18  -15   20    0  -14    8   -2    6  -20    0
    1    6   17    1    1   51    3    1    1      2482   -8   -9  -13   14   11  -13   16   15  -14  -14   11    8   -9    0   -6   11  -14    0
    1    6   18    1    2   50    3    3    0      1820   -3   15   15    0   -7   -7  -12   -9  -12    1    0    8  -14  -14    6    5    2  -14
    1    6   19    1    2   53    3    3    0      1072  -10   23   11   -1   -7  -10  -15   -8  -17   12    5    6  -13  -14    9    7   13  -16
    1    6   20    1    1   47    3    3    0      1091   -8  -11  -18   11   14  -24   17   15  -15  -11   12    7  -11   -5   -1    7   -8   -3
    1    6   21    1    2   52    3    3    0       805   -1   14   13    4   -9   -9  -11  -11  -12    4   -6   12  -14  -12   11    8    4  -14
    1    6   22    1    3   51    3    3    1       594   -8   -1  -14   -9    6   10   14   -8    1   -3   16   -1   12   17  -11    2   -4   12
    1    6   23    1    2   49    3    2    1      1815    1   20    8    5  -10    4   -5  -10   -4    1    0    3  -16  -10   15   13    3   -7
    1    6   24    1    3   47    3    1    0      1196  -14    9   -7  -13    6    3    4  -14   -4   -9    5   -9    8   18  -14   -6   -2   13
    1    6   25    1    3   46    3    2    0       969  -16    6  -10  -11    7    8    7  -12    9   -6   14    0    7   12   -2   13    2    8
    1    6   26    1    1   53    3    1    1      1199  -13   -7  -21   19   14  -15   10   15  -10  -11   11    9    3   -3   -3    7  -16   -3
    1    6   27    1    3   52    3    3    1      3130  -12    8   -6  -14    8   10    6  -14   -2   -6   14    2    1   10  -12   -6    8   -1
    1    7    1    1    3   55    3    2    0      9065  -13    8   -8  -11    3   13    8   -9   10  -11   11   -1    8   13   -8   -5    6    5
    1    7    2    1    1   59    3    1    1       860   -2   -4  -13   14   11   -7    7    9  -23  -13   13    8  -10   -3   -5    3  -16   -7
    1    7    3    1    1   55    3    3    0      1111   -9   -6  -15   15   13  -12   23   20  -19   -7   11    7    0    3    1    6  -18   -3
    1    7    4    1    3   61    3    3    1      1257  -14    9   -6  -13   18    6   11   -9    2   -4    3    6    8   14  -12    3   -5    4
    1    7    5    1    3   62    3    3    1      1958  -17    0  -10  -11    7    6    9  -16   -1   -6    5  -12    6   10  -21   -4    5    3
    1    7    6    1    2   61    3    2    1      1206    3   13   16    8   -8   -4  -10  -11  -14    1    7    7  -15  -13    9    8    7   -5
    1    7    7    1    2   59    3    2    1      1284    2   16   15    2   -9   -5  -21  -17  -14    5   -4    5  -10  -12    3    8   -5  -16
    1    7    8    1    2   55    3    1    0      1950   -3   14   16    2   -7   -6  -18   -6  -11    5    3    6  -19  -10   18    6    4  -13
    1    7    9    1    2   56    3    1    0      2204    0   12   20   -8  -12    3  -24  -14  -14   13   -3   15  -15  -18   12    6   11  -14
    1    7   10    1    2   62    3    2    1      1791    3   17   16   -2   -7   -4  -20    0  -12    7    6    2  -12   -5    3    8   14  -16
    1    7   11    1    1   62    3    1    1      1157  -19   -4  -12    7   14  -14   16   10  -15  -14   15    7   -6    0    6    5  -11   -1
    1    7   12    1    3   59    3    2    0      4771  -17   10  -19   -8    8   10   18  -17    5    2   10   -6    8   18  -10    4    2    3
    1    7   13    1    3   60    3    3    1      2242  -12    9  -11  -10   17   11    7  -13   -1   -5   10   -6    6   15  -12    5    6    5
    1    7   14    1    1   57    3    1    1      1351  -14  -11  -14   15   11  -11   16    7  -25   -6   11    7   -7   -1    7    2  -14   -3
    1    7   15    1    1   61    3    1    1       927  -14    2  -13    8   20  -23    7   11  -16  -13   22    0   -5    1   -1   12  -10   -7
    1    7   16    1    1   63    3    1    1      1815  -21   -3  -22   18    8  -11   22    2  -15  -12   11    9  -13    5   -3    6  -10   -8
    1    7   17    1    3   56    3    1    0       683  -14   10  -14   -6   16   -2    7  -14   -3   -2   18   -7   15   19  -13    5    2    7
    1    7   18    1    3   57    3    3    1      1292  -15    8   -9  -12   11    6    7  -13    4   -4   14   -7    6   13  -13   14    3    5
    1    7   19    1    2   57    3    1    0      2312  -10   14   18    4   -8   -5  -17   -4  -13    6    2    5  -15  -13    6    7   12  -23
    1    7   20    1    1   60    3    2    0       938  -16    1  -14   13   13  -15   10   13   -8  -18    7   13   -6   11   -5    9  -20   -5
    1    7   21    1    2   60    3    2    1      6482   -2   10   15    1   -3   -1   -6  -12   -8   10    5    5  -24   -7   15    4    2  -19
    1    7   22    1    3   63    3    3    1      2108  -18   10   -4  -15    7    8    6  -13    0   -6   12  -12    9   13   -8    7    2    9
    1    7   23    1    3   58    3    1    0       933  -15   11  -14  -15    5   13   11   -6    0   -4   13   -4    9   12  -13    0   14    9
    1    7   24    1    2   58    3    1    0       493   -7   10   17    0  -10   -5  -13  -10  -11    4    5    8  -17  -17    0   12    4  -16
    1    7   25    1    1   56    3    1    1       392  -11   -8  -24    8   12  -13   14   12  -18  -12   15    3   -7   -1    1   15  -16   -4
    1    7   26    1    2   63    3    1    0      1029  -11    8   15    1   -9   -6  -18  -16  -14    6   -2   13  -17  -11   10   18    8  -14
    1    7   27    1    1   58    3    1    1      1164   -8   -6  -16   18   16   -8   12    8  -14  -12   11   13  -16   11    3   -1  -15   -4
    1    8    1    1    1   66    3    2    0      1979   -7   -8  -12   18   21  -10   15    8   -6  -13    8   13  -12    4   -1   15  -17   -6
    1    8    2    1    2   72    3    3    0      2459   -3   17   12  -10   -3  -11  -16   -8   -3    9    5    6   -9  -18    8   -1    9  -11
    1    8    3    1    3   66    3    2    0      1222  -14    9   -9  -19   10   17   13  -18    1   -6   11   -8    7   15  -17    2   -2   -5
    1    8    4    1    1   69    3    2    0      2243  -22   -7   -5   17   14  -16   10    1  -15  -14   14    7  -17    3   -5    4   -6  -10
    1    8    5    1    2   67    3    2    1      1128   -2   16   17    1   -3  -16  -16   -9  -10   11    4    6  -12  -15   12    7    4  -14
    1    8    6    1    1   68    3    2    0      1800   -2  -11  -12   14    4  -20   16   13  -15  -12   13    8   -6    1    4   15  -10   -2
    1    8    7    1    2   71    3    1    0      1150   -7    6   19    1  -18    0  -15  -11  -15    2    3    5  -11   -8    8    8    4  -13
    1    8    8    1    2   66    3    1    0      1039   -6   19   22  -10   -6   -8  -13   -9  -16    0    2    4  -14  -14   19    1    3  -13
    1    8    9    1    3   71    3    3    1      2884  -10   14  -10  -10    1    4   14  -21   -9   -7    9   -5   -1   17  -11    4    8    0
    1    8   10    1    2   69    3    1    0       958   -1   16   17   -1  -10   -6  -13  -11  -12    4   -1    9  -20  -18    8    9    3  -12
    1    8   11    1    1   70    3    1    1       806   -9  -13  -18    6   13  -10   14   10  -11  -23   12   16   -8    0    6   -3  -21    0
    1    8   12    1    2   65    3    2    1      3253   -7   15    8    3  -10   -3  -14   -8   -2    3    3    5  -13  -14   13    7    2  -24
    1    8   13    1    3   69    3    1    0      3104  -12   10   -8  -12    9   13    8  -14   -4  -10   21   -7    8   10  -11    3    4    5
    1    8   14    1    3   64    3    1    0      4258  -14   11  -16   -2    9    7   -1   -7    0    4   14    1    8   15  -13    3   14   -3
    1    8   15    1    1   72    3    1    1       455  -14   -9  -18   11   14   -9   19    7  -16  -12   12    9  -13   -1   -2    3   -8  -13
    1    8   16    1    3   65    3    3    1      1251  -11    9  -10   -9   -2    8    3  -10   -3   -8   13   -4    5   16   -7   12   -1    0
    1    8   17    1    2   68    3    1    0      3167    3   23    7   -7  -18  -13  -12   -7  -11    5   12    9  -15  -12    8   11    6  -15
    1    8   18    1    3   67    3    3    1      1774  -14    9  -11  -12    0    8    0   -3    1   -6   17  -10    7   13  -10    2    3    2
    1    8   19    1    1   67    3    1    1      2566  -13   -5  -15   17    8   -9   14    9  -23  -12   12    5   -2   -4    2   -1  -15   -6
    1    8   20    1    1   65    3    1    1      1276  -14   -6  -16   14   20  -16   18    9  -10  -11    7    8   -7   10   -2    8  -22  -15
    1    8   21    1    3   72    3    3    1      1640  -14    2   -4  -16    8   17    7   -8    3   -7   18   -9    4   15   -6   13    6    2
    1    8   22    1    3   68    3    1    0      1621  -17   10  -15   -9    9    8    8  -14   -2   -5   18   -3    6    4  -12   -1    4    5
    1    8   23    1    2   64    3    1    0      1858   -2   11   15    2  -13   -2  -14   -8  -22   10    7    3  -16  -13   15    7    5  -16
    1    8   24    1    3   70    3    2    0      3111  -20   10   -9  -18    8    9    7  -15    1   -5   15  -12    8   13  -11    3    5    4
    1    8   25    1    2   70    3    2    1      1081   -3   11   22    3   -5  -15  -24  -14  -16    8    9   -5   -4  -11   20   14    4  -15
    1    8   26    1    1   71    3    2    0      1516  -15  -12   -6    6    5  -11   18    6  -24  -17   15   12   -8   -6    1    5  -14   -6
    1    8   27    1    1   64    3    1    1      1118  -13   -9  -22   14   16  -15   16   10  -20  -11    9    6   -6    0   -2    9  -17   -5
    1    9    1    1    2   75    3    3    0       927   -2   16   17    2    0  -15  -19    1  -12    6    8   10   -5   -9    0   19    3  -21
    1    9    2    1    2   78    3    3    0      1529   -7   18   14    7  -13   -5   -4   -9  -12    6   10   10   -8   -3    8    9    8  -12
    1    9    3    1    1   79    3    3    0       635  -13   -8  -15   10   13  -13   14   12  -18  -17    8   12   -7   -1   -2    9  -15   -7
    1    9    4    1    3   74    3    1    0      1936  -23   13  -11  -15    9   13    1  -12   -4   -4   16    6    2   14  -11    6   12   10
    1    9    5    1    3   75    3    3    1       704  -14   10   -4  -11    7    8    4  -11   -7   -3   13   -4    7   12  -14    4    3    4
    1    9    6    1    2   79    3    2    1      1122   -1   17    9   -5   -5   -9  -11  -16   -8   15    6    6   -9  -21    9    8    6  -16
    1    9    7    1    1   77    3    3    0      1363  -11   -7  -21   23   17  -19   13    6  -14  -13   13    3   -6    8   -1    8  -13   -4
    1    9    8    1    1   75    3    3    0      4474  -13  -10  -19    8    9  -10   13   11  -17   -8    2   14   -4   -7    3   10  -15   -6
    1    9    9    1    3   78    3    3    1       566   -8    8   -8  -11    6    9   11   -6    4    1   14   -6    8   14   -9    5   -2    5
    1    9   10    1    1   80    3    1    1      1885  -15  -12  -10   15   10  -12   15   10  -19  -17    7   13  -16   -7  -11   -1  -13   -3
    1    9   11    1    3   77    3    3    1      2561  -15    6   -9  -13   -2   12   10  -14    8    3   12   -3    8   12  -13    5   10    4
    1    9   12    1    3   81    3    1    0      3642  -20   13  -17  -16    8   12   15   -8    4    1   17   -1   13   22  -16    9   -5   13
    1    9   13    1    1   78    3    2    0      1399  -19  -13  -13   13   16  -16   16   11  -20   -6   10    6   -8    2  -10   13  -12   -9
    1    9   14    1    2   73    3    2    1       622   -3   15   17   -5   -9   -6  -16   -7  -14    6   -1    7   -6  -11   10    7    2  -20
    1    9   15    1    2   81    3    1    0      1571    6   23   14    0  -12  -15  -18  -11  -17   10    5    6  -22   -3    9    7   15   -9
    1    9   16    1    2   77    3    3    0      1459    2   10   15    3   -4   -8  -11  -19   -8    1    5    9   -5  -17   11    7    0  -19
    1    9   17    1    1   73    3    1    1      2502  -19   -5   -9   18   14   -9   17   11   -8  -21   12   10   -7   -8   -3    8  -13   -4
    1    9   18    1    2   80    3    3    0      1105   -4   19   12    7   -7  -16  -17  -11  -12    7    3    4  -14  -12    8    8    2  -13
    1    9   19    1    3   79    3    3    1       483  -14   10  -14   -7   10   -2   13  -18   -4   -1    6   -2   16    6  -14    5    0    2
    1    9   20    1    2   74    3    1    0      1164    0   16   22    3   -6   -3   -9  -12  -12    8    5   -3   -4   -9    4    1   15   -9
    1    9   21    1    1   76    3    1    1      1914  -12   -9  -16   13   20  -14   17   15  -21  -10    3    0   -6    0   -3    6   -7    4
    1    9   22    1    3   73    3    2    0      1068  -13   10   -4  -14   10   10   12  -12   -4   -9   10    4    4   12  -10    3   -2   -6
    1    9   23    1    3   80    3    2    0       608  -12   -1   -5  -14    4   11   10  -15    0   -6   12   -2    7   12   -7   12    6    5
    1    9   24    1    1   74    3    1    1      2006  -19  -17  -13   15   13  -15   14   11   -5  -17    9   12   -7   -3    1    7  -18   -5
    1    9   25    1    2   76    3    2    1      1780    5   12   15    0   -7  -10  -14  -11  -12    4    3    5   -9  -13   16    6   -4  -10
    1    9   26    1    1   81    3    1    1      2604   -3   -4  -13   16    8  -16   15   10  -18   -6   12   10    1    9    1    3  -16   -5
    1    9   27    1    3   76    3    3    1      6817  -12   10   -8  -19    4    2    8  -15   -7    3   20  -11    2   17   -5    6    2    4
    1   10    1    1    2   82    3    3    0      6752   -1   13   12   -3  -11   -6  -16   -9   -8   10   10    7  -15  -11   17    2    5  -13
    1   10    2    1    1   90    3    2    0      3567  -12   -7  -13   12   12  -16   11    6  -18  -14    6   -2   -4   -4    1    3  -14   -6
    1   10    3    1    1   84    3    2    0       797  -11  -15  -16   18    6  -13   13   15  -15  -16   16   10   -3   -3   -4    4  -16   -4
    1   10    4    1    2   84    3    2    1       429   -2   16   18    5   -7   -4  -15   -9  -13    4    2   10   -4  -18    8   14    5  -13
    1   10    5    1    3   83    3    2    0      1130  -14   12   -7  -14    9    7    4  -13    2   -3   14   -4   16    4  -10   14    3    7
    1   10    6    1    3   82    3    2    0      1498  -16   18  -10  -10    7    9    8  -14   -9   -7   12   -2   -3   10  -13    9    8    2
    1   10    7    1    1   89    3    1    1      1661  -12   -9  -15   14   14  -16   13   16  -17  -12   19    0   -6    1   -1   12  -11   -5
    1   10    8    1    1   87    3    3    0      1527  -18   -5  -11    6   15  -13   15   10   -8  -15   14    3    0   -8   -1    0  -16   -4
    1   10    9    1    3   88    3    3    1       552  -14    5   -8  -12   18    8    0  -20   -3    1   19   -5    3   16  -14    8    3    5
    1   10   10    1    1   86    3    1    1      1057  -11   -8  -13   13   14  -13   15   12  -15  -17   16    7   -8    0    0    6  -17   -5
    1   10   11    1    1   83    3    1    1      2595  -15    2  -23    7   22  -21   13   10  -24  -13    3    5  -15    5   -2    8  -16   -5
    1   10   12    1    3   85    3    2    0      1625  -14    7  -13  -16    3    8    8  -14    1   -5    8   -1    7   12  -13   11    8   -4
    1   10   13    1    2   89    3    2    1       919   -4   15   18    6  -10   -1  -13   -7   -3   13   10    8   -6  -15    6   -1   15  -20
    1   10   14    1    3   84    3    3    1      2512  -14    7   -4  -15   12    4   10  -15    2   -2   16   -4    3    8  -12    3   -6   -4
    1   10   15    1    3   90    3    1    0      1657  -10    6  -15  -15    8    7   14  -11    4   -7    5    7    8   13  -13    5    4   -1
    1   10   16    1    2   88    3    1    0      1301    8   12   20    1  -15   -4  -22  -19   -9    9    3    1  -14  -11    8    7    4  -17
    1   10   17    1    2   90    3    3    0      2654   -7   16   17   -1   -5   -8  -14  -10  -14    4    8   -4   -4  -23   11    4    3   -9
    1   10   18    1    1   85    3    1    1      3122  -12   -7  -10   16   12  -14   11    9   -8   -5   15   13   -7   -1   -5    7  -11   -1
    1   10   19    1    2   86    3    1    0      5875   -4   17   11    1  -11   -4  -12  -13  -17    1    8    5  -20   -4    5   14    6  -15
    1   10   20    1    3   86    3    3    1      1191  -13    1   -9  -10    9    8    9   -8    0   -7   18    1    7   12  -13    4    9    4
    1   10   21    1    2   87    3    2    1      9829   -5   18   18   -1   -3  -13  -12  -13  -17    6    3    2  -12   -4    8   12    7  -18
    1   10   22    1    3   89    3    2    0      7465  -12    8  -11   -9    9    4   10  -13   -9    3   12   -2    5   12  -20    7    3    5
    1   10   23    1    2   85    3    1    0      3115   -1   14   20    3   -9   -6  -13   -9  -16   -1    0   10  -12  -12   13   13   -4  -19
    1   10   24    1    1   88    3    1    1      1451  -21   -3  -18   16   13  -19   11   12  -17  -11    8   -2   -7   -3   -4    6  -13    0
    1   10   25    1    2   83    3    2    1     10334  -10    9    6   -4   -1   -5  -15  -11   -8    2   12   -3  -14  -14    6   16    6  -15
    1   10   26    1    3   87    3    1    0      5486  -11    8    0  -14    9    9    4  -20    5   -9   18    0    9   15  -14    6    1    4
    1   10   27    1    1   82    3    1    1      5473   -6   -8  -13   11    6   -8   14    9  -15  -18   10    5   -4    3    1    3  -12   -3
    2    1    1    1    3   77    3    1    0     12634  -15    6   -9  -13   -2   12   10  -14    8    3   12   -3    8   12  -13    5   10    4
    2    1    2    5    2    2    3    3    0      4316    2   18   17   -1   -6   -6   -9  -12   -5   14    4    4  -13  -13   10    8    4  -15
    2    1    3    4    3    1    2    1    0      1132  -13    8  -15   -4   10   10    9  -13   -4  -13   15   -4    5   15  -13    5    2    3
    2    1    4    5    3    6    3    1    0      3373  -15   12  -14  -14   13   17    3  -17   -1   -5   13   -4    5   10   -7    1    3    4
    2    1    5    5    3    1    3    2    0      4788  -10    8  -14  -19   18   11    6  -11   -6    2   17    1    8   14  -19   -4    3    6
    2    1    6    3    3    3    1    3    1      2338   -6   11   -9  -12    7    8    8  -14    0   -5   13   -3    7   14  -12    4    4    4
    2    1    7    1    1   81    3    1    1      1809   -3   -4  -13   16    8  -16   15   10  -18   -6   12   10    1    9    1    3  -16   -5
    2    1    8    5    1    1    3    1    1      1207   -4   -2  -12   13   10  -14   18   14  -15  -12   14    9   -6   -1   -1    8  -17   -4
    2    1    9    1    1   25    3    1    1      1300   -8   -9  -16   22   23   -5   12   15  -18  -14   10    9   -5   -7    2    5  -17   -7
    2    1   10    4    1    4    2    1    1      4191   -9   -2  -12   14   15  -15   14   11  -23  -17   10    8  -13    0   -2   11   -6    2
    2    1   11    4    3    2    2    3    1      2583  -14    9  -15  -16   10    6    6  -12   -1   -5   15   -1    9   13  -20   11   -1    8
    2    1   12    1    1   74    3    1    1      6956  -19  -17  -13   15   13  -15   14   11   -5  -17    9   12   -7   -3    1    7  -18   -5
    2    1   13    5    1    6    3    2    0      1939  -10   -4   -9    9    8   -6   15   10  -21  -15   13   13  -15   -8   -1    9  -15   -4
    2    1   14    1    2   62    3    3    0      1092    3   17   16   -2   -7   -4  -20    0  -12    7    6    2  -12   -5    3    8   14  -16
    2    1   15    4    3    6    2    3    1      1317  -11    5   -9   -9    9   10    9  -12   -5   -9   14   -3   16    7   -7    0    5    4
    2    1   16    1    1   89    3    1    1      4733  -12   -9  -15   14   14  -16   13   16  -17  -12   19    0   -6    1   -1   12  -11   -5
    2    1   17    4    3    4    2    2    0      1213  -12    7   -9  -13    8    9    5   -8    2   -4   11   -2    7   15  -10    3    4    5
    2    1   18    5    1    3    3    2    0      1131  -13   -7  -13    9   11  -13   20    7  -10   -9   12    0   -6    5    8    0  -20   -2
    2    1   19    3    1    2    1    3    0      2604  -13   -7  -14   17   12  -16   15   11  -16  -14   12    7   -8    3   -2    7  -16   -6
    2    1   20    3    3    1    1    2    0      3297  -13   10   -9  -12    9    9    8  -14    0   -5   13   -3    7   14  -13    5    5    4
    2    1   21    1    3   81    3    1    0       972  -20   13  -17  -16    8   12   15   -8    4    1   17   -1   13   22  -16    9   -5   13
    2    1   22    4    1    3    2    1    1      2114  -12   -7  -13   15   14  -14   17   11  -18  -16   11    9  -12    3   -1    7  -20    0
    2    1   23    4    3    5    2    2    0      2746  -11   14   -7  -11    2    8   10  -12   -2   -9   12   -4   11   16  -13    5   -5   11
    2    1   24    3    1    3    1    1    1      4907  -12   -8  -14   14   14  -14   15   11  -15  -13   12    9   -7    1   -9    8  -15   -5
    2    1   25    1    3   46    3    2    0      2276  -16    6  -10  -11    7    8    7  -12    9   -6   14    0    7   12   -2   13    2    8
    2    1   26    5    2    1    3    2    1      2232   -1   14   15    1   -4   -3  -13  -10   -7    7   12    8  -13  -17    6   10    4  -15
    2    1   27    5    2    8    3    3    0      1820    8    5   12    1    2   -4  -10   -5  -22   -3    3    5   -5  -19   14   13    6  -14
    2    1   28    1    1   15    3    2    0      5648   -8  -10  -19   13   13  -15   12    7  -14   -6   16    2  -16   -8   -1    8  -23   -6
    2    1   29    1    2   10    3    1    0      1755   -2   14   22    8   -9   -5  -17   -7  -14    0    4    4  -21  -16    5    7    6  -15
    2    1   30    1    3   67    3    3    1      1056  -14    9  -11  -12    0    8    0   -3    1   -6   17  -10    7   13  -10    2    3    2
    2    1   31    5    2    3    3    1    0      2644  -12   22   12    1   -7   -6   -5  -16  -15    9    6    8  -10  -10   11    9    2  -10
    2    1   32    4    2    1    2    2    1      5527    0   17   16    2   -5   -5  -15  -10  -11    6    4   11  -15  -14    0    1    3  -13
    2    1   33    2    2    0    0    3    0      1960   -2   15   16    0   -8   -6  -14   -9  -12    5    4    5  -14  -13   10    9    5  -14
    2    1   34    5    1    5    3    2    0      4422  -11   -8  -14   13    7   -8   12   10  -12  -21    3   15   -8   -1   -3    4  -15   -6
    2    1   35    2    1    0    0    1    1       980  -12   -8  -14   14   13  -14   15   11  -15  -13   12    8   -7    1   -2    7  -15   -5
    2    1   36    1    3   80    3    3    1      1226  -12   -1   -5  -14    4   11   10  -15    0   -6   12   -2    7   12   -7   12    6    5
    2    1   37    1    1   73    3    2    0      1062  -19   -5   -9   18   14   -9   17   11   -8  -21   12   10   -7   -8   -3    8  -13   -4
    2    1   38    5    1    2    3    1    1       858   -5   -2  -16   14   14  -12   16   10  -14  -14   18   13  -11    5   -1    6  -25  -10
    2    1   39    4    2    6    2    1    0      3220  -12    8   16   -1  -16    3  -13  -10   -9    7    5    4  -13  -13    9    7    4  -16
    2    1   40    1    1   68    3    2    0     15665   -2  -11  -12   14    4  -20   16   13  -15  -12   13    8   -6    1    4   15  -10   -2
    2    1   41    5    3    5    3    2    0     10747  -14   10   -8  -11   10    7    6  -12   -3    0   12   -3   16   22  -15    8   -1    3
    2    1   42    4    2    3    2    3    0      1081   -1   15   15    1   -8   -7  -15   -8  -11    5    6   12  -13  -14   13    7    4  -13
    2    1   43    1    3    7    3    2    0      4315  -15    9   -9  -10    8    7    7  -13   -3   -5   16    1   -3   11  -13   14    3    4
    2    1   44    5    3    9    3    2    0      4380  -13   10   -4   -5    8    9    8  -15   -4   -8   13   -2   12   22  -11    3   -4   -2
    2    1   45    4    1    1    2    1    1      1546  -11   -8  -11   15    4  -13   15   10  -25  -20    8   17   -6    0   -6   10  -13   -5
    2    1   46    4    3    3    2    3    1      1481  -11   10  -10   -8    9    8    8  -12    1   -5   17   -4    8   14  -14    3    4    5
    2    1   47    5    3    3    3    2    0      5372  -11   10  -11  -16   16   12    8  -14   -9    1   10    6    8   13  -13    2    4    3
    2    1   48    5    2    7    3    1    0      4066   -4   19   13    9   -6   -6  -21   -6  -13    5    3    6  -16  -10    9   10    6  -14
    2    1   49    3    2    3    1    2    1      6109   -2   15   16   -1   -8   -6  -12   -5  -12    5   11    1  -14  -13   10    9    5  -14
    2    1   50    1    3   24    3    1    0      2520  -14    9   -7  -18    9    8    4  -12    2   -8   18   -8    3   17  -17    8    5    3
    2    1   51    5    3    8    3    3    1      2480  -14   13   -7   -2   15   17   10  -18    6  -10   15   -7   12   16  -20   -5    2    3
    2    1   52    5    2    5    3    1    0      7530   -2   14   11    0   -9   -5  -14   -8  -11    6   14    4  -12  -13   15    6    4  -15
    2    1   53    5    1    8    3    2    0      2122   -7  -11  -23   23   10  -13    5   20  -15  -23    7    5  -12    5   -7    5  -16   -4
    2    1   54    4    1    2    2    1    1      2691  -13   -8  -16   12   10  -12   16   10  -13  -11   12    9   -6    2   -1    6  -14   -4
    2    1   55    1    3   38    3    3    1      2549  -15    8   -7  -18   10    9   10  -17   -3   -4   12   -5    7   13   -6   13    5    3
    2    1   56    5    1    7    3    3    0      2347  -12  -16  -13   13   15  -14   21   20  -17  -12    2    4   -3    5   -6   11   -9    0
    2    1   57    1    2   48    3    2    1      5180   -1   18   16    2    1  -13   -6   -2  -13    6   -2    4  -14  -14    8    4   10  -14
    2    1   58    1    1   30    3    1    1      5112  -18   -5  -19   23   11  -14   16   13  -17  -15    9    5    2    7    7   16   -5    0
    2    1   59    1    1    4    3    1    1      6569  -12   -4  -15   14   14  -12   16    9  -15  -15    3   15   -7    0   -3    6  -15  -12
    2    1   60    1    2   24    3    3    0     13280   -8    7   22    3   -2    4  -20   -7   -6    3    8   -2  -16  -10   12   10   -1  -20
    2    1   61    1    2   72    3    2    1      5610   -3   17   12  -10   -3  -11  -16   -8   -3    9    5    6   -9  -18    8   -1    9  -11
    2    1   62    1    3   48    3    3    1      2999  -14    9   -1  -15    6    4   10  -13   -5   -4   19    0    6   22  -10    4    4    3
    2    1   63    5    3    7    3    3    1      2491  -11   11   -6   -1   12    6    6  -14    2  -10   14   -3   10   11  -11    4   -4    5
    2    1   64    3    2    2    1    2    1      1316   -2   15   16    0   -8   -6  -14   -9  -12    5    4    4  -14  -13    6   16    5  -14
    2    1   65    5    2    4    3    2    1      2923    2   20   15    2   -7   -7  -21   -8   -2    3    5    2  -12  -12   18   14   -4  -13
    2    1   66    5    2    6    3    1    0      1125   -4   20   13    7   -4   -1  -12   -5  -11    7   -4   15  -14  -12    5    7    0  -18
    2    1   67    3    1    1    1    1    1      1701  -12   -9  -15   15   12  -13   16   11  -15  -14   12    9   -7    2   -2    6  -14   -4
    2    1   68    1    2   41    3    2    1      5022    3    8   23    3   -7   -2  -15   -9  -13    6    3    5  -13  -14   15    4    6  -14
    2    1   69    4    1    5    2    1    1      1779  -12  -10  -15   15   15  -15   20    5  -16  -12   14    9   -6    2    0    7  -13   -8
    2    1   70    5    1    4    3    3    0      2392   -8  -13  -15   13    8  -13   11   13  -10   -6    4   10   -5    1   -1    7  -15   -6
    2    1   71    1    2   40    3    3    0      2390   -8    8    8   -6   -7   -6  -16  -10  -11    4    6    4   -9  -17   10    8   10  -14
    2    1   72    1    2   11    3    2    1      3986    3   15   19   -3  -13    2  -13  -11  -22   -5    6    5   -7  -18   10   10    9  -16
    2    1   73    4    1    6    2    2    0      7232  -11   -9  -12   15   11  -15   15   12  -15  -15   10   12   -7    2  -10   -3  -17   -6
    2    1   74    3    2    1    1    1    0      6764   -2   12   16    0   -3   -9  -14  -10  -13    5    3    5  -14  -13   11    8    6  -14
    2    1   75    5    2    9    3    3    0      1658   -3   15   16   -1  -10   -7   -8  -17  -13    4    2    4  -13  -12    9   13   13  -12
    2    1   76    2    3    0    0    3    1      1270  -13    9   -9  -11    8    8    8  -13    0   -5   13   -3    7   14  -12    4    4    4
    2    1   77    4    2    4    2    3    0      3488    0   13    8   -2   -7   -7  -14   -7  -14    5   -1    4  -18  -12    9   11    5  -15
    2    1   78    5    1    9    3    1    1      1187   -9  -13  -15   13   12  -12   19   10  -14  -13   11    2   -9    1   -1    8  -16   -1
    2    1   79    4    2    2    2    1    0      2240    0   15   17   -1   -8   -5  -14   -8  -15   11    6    3  -16  -13   10   10    4  -13
    2    1   80    3    3    2    1    3    1      1540  -13    9   -9  -11    8    9    8  -13    0   -5   12   -2    3   19  -18    8    3    5
    2    1   81    1    2   43    3    2    1       852    0   14    6    9    2  -11  -13   -4   -9    3    0    2  -14  -14   11    8    8  -17
    2    1   82    5    3    4    3    3    1      2702  -14    9  -10  -13   13   10    8  -11    0  -10   23    7   15   16  -13    4    5    5
    2    1   83    4    2    5    2    1    0      3375   -8   15   17    0  -10  -11  -12  -10   -4   -4    3    5  -14  -11   11    8    5  -13
    2    1   84    5    3    2    3    3    1      3735  -17   11   -9  -15    8    9   -1  -10   10  -12    7    6    6   13   -6   10    5    3
