    1    1    1    1    1    5    1    1    1      6958   20   11    9   -9   -1   -5    3   -2    6    7   -2   11   -2  -12  -11   12    6   -2
    1    1    2    1    1    3    1    3    0      2289   15   12    8   -9   -3   -3    3   -2    6    6   -3   13   -3  -12  -11   12    6   -5
    1    1    3    1    1    6    1    2    0      1443   14   10    9   -9    4  -11    3   -2    5    8   -4   13   -2  -13  -10   10    6   -3
    1    1    4    1    3    2    1    2    0      1308   16   15  -11    2  -14  -15    9    5   -9  -13   12   15    4   15    1   -9    7  -13
    1    1    5    1    2    9    1    2    1      2076   -1   -4    1   13   14   -3   -5    4   -8    3   -6   15   -5  -15    1   -2  -11    6
    1    1    6    1    2    6    1    1    0       941    1   -6    1   13   12   -4   -6    4   -8    1   -6   15   -6  -15    4   -5  -11    7
    1    1    7    1    3    8    1    3    1      1899   16   15  -12    2  -15  -14    8    7  -17   -7    8   13    4   16    2  -10    3  -13
    1    1    8    1    3    9    1    3    1      1395   24   14  -13    1  -13  -14    9    7   -9  -12    8   13    5   14    1   -9    7  -13
    1    1    9    1    3    5    1    2    0      1406   15   14  -12    0  -14  -15    8    6  -11  -13    9   13    4   15    1   -9    7  -13
    1    1   10    1    3    6    1    3    1      2122   16   15  -13    1  -14  -14    8    6   -9  -13    8   13    3   15    1   -9    8  -13
    1    1   11    1    2    5    1    2    1      1457   -1   -5    3   14   14   -5   -7    4   -7    1   -6   16   -6  -14    5   -6  -11    7
    1    1   12    1    2    3    1    1    0      1610   -2   -4    2   13   15   -6   -6    4   -9    3   -6   15   -6  -15    4   -5  -10    6
    1    1   13    1    1    1    1    2    0      5318   16   10    9   -9   -2   -4    3   -2   -3    1   -2   11   -3  -11  -10   11    6   -3
    1    1   14    1    3    1    1    3    1      1966   16   15  -13    1  -15  -13    8    6   -9  -13    7   12    5   15    1   -9    6  -12
    1    1   15    1    1    7    1    2    0      3226   16   10   10   -9   -2   -4    2   -1    5    8   -3   12   -1  -11  -10   11    6   -2
    1    1   16    1    2    2    1    2    1       989    0   -5    2   13   13   -3   -6    4   -7    2   -6   15   -6  -15    4   -6  -12    6
    1    1   17    1    2    4    1    2    1      2127    0   -5    4   13   13   -4   -2   -1   -7    2   -6   14   -6  -15    4   -5  -11    7
    1    1   18    1    3    3    1    3    1       796   17   15  -14    1  -14  -13    9    5   -9  -12    8   13    3   15   -2   -5    6  -13
    1    1   19    1    1    4    1    2    0       904   15   12   10   -5   -3   -4    3   -2    5    7   -3   13   -2  -11   -9   11    7   -4
    1    1   20    1    1    9    1    1    1      1359   15   11    8   -9    3   -9    3   -2    6    7   -3   12   -3  -12  -11   11    6   -3
    1    1   21    1    1    2    1    1    1      1404   13   14    9   -9   -3   -3    2    0    6    7   -4   12   -2  -12  -10   11    7   -4
    1    1   22    1    2    7    1    3    0      1238    1   -4    2   13   14   -5   -5    3   -8    3   -6   15  -13  -24    3   -6  -12    8
    1    1   23    1    3    7    1    3    1      1456   16   15  -14    1  -15  -13    7    7   -9  -11    9   13    4   15    1   -9    3  -23
    1    1   24    1    2    8    1    2    1      2113   -1   -5    4   11   12   -4   -6    4   -7    2   -7   14   -6  -14    5   -6  -12    6
    1    1   25    1    2    1    1    1    0      1047   -1   -4    3   12   14   -5   -6    4   -7    2   -7   16   -6  -15    5   -6  -11    7
    1    1   26    1    3    4    1    3    1       687   17   15  -13    1  -13  -14    9    5   -9  -13    8   13    4   15    2  -10    7  -13
    1    1   27    1    1    8    1    1    1      1623   14   13    9   -8   -2   -3    3   -1   11   15   -2   12   -3  -14  -10   16    4   -3
    1    2    1    1    1   13    1    1    1      1786   15   12   10  -10   -1   -5    3   -2    6    7   -2   12   -2  -13  -10   11    6   -3
    1    2    2    1    2   15    1    2    1      1422   -1   -4    2   13   14   -5   -7    4   -7    1   -6   15   -6  -16    3   -5  -12    8
    1    2    3    1    3   13    1    3    1       626   16   15  -13    1  -14  -15    8    6   -9  -12    7   13   10   10    2   -7   16   -3
    1    2    4    1    1   12    1    2    0       747   15   11    9   -9   -1   -4    4   -3    7    6   -3   12   -1  -12  -11   12    1   -5
    1    2    5    1    2   11    1    2    1      2311    1   -5    3   14   14   -4   -6    5   -7    1   -7   14   -5  -14    5   -6  -12    7
    1    2    6    1    3   10    1    3    1       853   16   15  -18   -1  -14  -14    6   10   -9  -12    7   12    3   15    1   -9    7  -12
    1    2    7    1    3   18    1    3    1      1184   16   15  -15   -1  -14  -13   10    4   -9  -13    7   14    4   16    1   -9    7  -14
    1    2    8    1    1   17    1    2    0      1483   15   10    8   -8   -3   -3    2   -1    4   10  -11    6   -2  -14  -11   12    7   -4
    1    2    9    1    3   12    1    2    0       962   17   14  -12    2  -14  -14    9    7   -4  -17   14    4    2   16    2   -8    8  -11
    1    2   10    1    1   10    1    1    1      4470   15   11    9  -10   -2   -4    2   -2    7    8   -4   13   -2  -12  -10    9    6   -3
    1    2   11    1    1   11    1    1    1       832   15   11    8  -16   -3   -4    2   -1    6    7   -3   12   -2  -12   -9   10    7   -2
    1    2   12    1    2   14    1    2    1      1825   -1   -4    2   13   13   -5   -6    4   -7    1   -6   16   -7  -15    5   -6  -12    7
    1    2   13    1    2   10    1    3    0      1508    1   -5    1   13   13   -4   -7    5  -13    5   -5   14   -1  -20    5   -6  -11    7
    1    2   14    1    3   11    1    3    1       781    6   20  -12    0  -14  -13    7    6  -10  -13    7   13    3   14    1   -9    2  -18
    1    2   15    1    2   12    1    2    1      1954    4   -9    3   12   12   -9   -5    3   -8    2   -7   19    0  -23    4   -6  -11    6
    1    2   16    1    3   14    1    3    1      1272   14   16   -4   -9  -14  -14    8    6   -7  -14    8   13    4   15    2   -9    6  -14
    1    2   17    1    1   16    1    1    1       762   15   11    9  -10   -4   -5    3   -2    6    7   -3   13   -3  -11  -11   11    6   -3
    1    2   18    1    1   18    1    1    1       759   15   10    9   -9   -3   -4    2   -1    6    6   -3   12   -2  -12  -10   11    6   -3
    1    2   19    1    3   16    1    3    1       979   15   16  -11    5  -15  -13    8    7  -10  -13    8   13    5   13    0   -9    7  -13
    1    2   20    1    1   14    1    1    1      2006   15   11    9   -9   -2   -3    1   -6    7    8   -3   12   -1  -12  -11   12    6   -4
    1    2   21    1    2   18    1    2    1       931   -1   -5    2   14   12   -3   -5    4   -8    2   -6   15   -6  -10    4   -5  -11    7
    1    2   22    1    2   16    1    2    1       762    0   -5    7   14   12   -4    0   -2   -7    2   -6   14   -6  -15    4   -5  -12    7
    1    2   23    1    2   17    1    2    1       768    1   -7    2   12   13   -5   -6    4   -9    1   -6   14   -5  -15    2   -3  -11    7
    1    2   24    1    1   15    1    1    1       796   13   12    6   -8   -2   -5    5    0    7    8   -3   12   -3  -11  -10   11    7   -3
    1    2   25    1    3   17    1    3    1      1318   15   16  -13    0  -14  -14    8    6   -9  -14    8   13    3   15    1   -9    6  -12
    1    2   26    1    2   13    1    2    1      1589    0   -5    2   13   12   -4   -7    5   -6    1   -6   15   -6  -15    5   -3  -11    7
    1    2   27    1    3   15    1    3    1       848   16   15  -12    1  -14  -14    7    4   -8  -14    8   13    4   17    1   -9    5  -14
    1    3    1    1    1   24    1    1    1       714   16   12    8   -8   -1   -5    3   -2    7    8   -3   12   -2  -12  -10   11    6   -3
    1    3    2    1    2   26    1    2    1      5304   -1   -4    1   14   13   -5   -5    4   -7    3   -1   15  -13   -5    4   -5  -11    7
    1    3    3    1    2   19    1    1    0       794    0   -5    2   13    4   -3   -6    4    0   -2   -7   14   -4  -11   -5   -1  -11    7
    1    3    4    1    2   25    1    2    1      1208   -1   -4    2   13   12   -5   -6    4   -7    2   -4   16   -7  -16    3   -5  -11    6
    1    3    5    1    2   27    1    2    1      1484    5   -6    2   13   13   -4  -15   14   -7    2   -7   15   -4  -13    3   -5  -10    8
    1    3    6    1    3   27    1    1    0      1446   17   15  -13    1  -12  -14    7    6  -10  -13    8   13    4   15    3  -10    7  -13
    1    3    7    1    1   20    1    1    1       696   15   11    5  -12   -2   -4    2   -2    6    7   -3   12   -3  -11  -10   10    5   -2
    1    3    8    1    3   22    1    3    1       679   17   15  -13    1  -14  -15    8    6  -11  -12    8   13    2   15    1   -9    7  -14
    1    3    9    1    3   19    1    3    1       599   17   15  -13    1  -13  -14    8    7   -9  -14    7   14    3   14    1   -9    7  -13
    1    3   10    1    1   21    1    1    1      1233   15   11    9   -9   -2   -4    3   -1    6    7    7    5   -1  -13  -11   12    7   -2
    1    3   11    1    3   21    1    3    1      2236   15   15  -12    1  -14  -14    8    7   -9  -12    7   12    5   14    1   -8    7  -13
    1    3   12    1    2   24    1    2    1       894    2   -4    3   13   13   -4   -6    4   -7    2   -6   15   -6  -15    4   -5  -10    6
    1    3   13    1    3   24    1    3    1      1303   15   15  -14   11  -13  -13    8    6   -9  -13    8   13    4   16    1  -10    8  -10
    1    3   14    1    3   25    1    3    1      1024   16   15  -13    0  -12  -12    9    5   -8  -13    8   13    4   15    1   -9    7  -14
    1    3   15    1    2   21    1    2    1      1241    0   -5    2   14   12   -4   -6    4   -8    2   -6   15   -6  -15    3   -5  -15    7
    1    3   16    1    1   23    1    1    1       451   15   11    7  -10   -2   -4    3   -2    6    7   -3   12   -2  -14  -11   11    7   -4
    1    3   17    1    2   22    1    3    0       780    0   -5    2   13   13   -4   -7    4   -7    1   -5   14   -6  -15    3   -5  -11    7
    1    3   18    1    3   23    1    3    1       959   16   15  -13    1  -12  -15    0    1   -8  -14   -1    6    5   15    6   -4    7  -13
    1    3   19    1    1   26    1    1    1       835   15   11    1  -10   -3   -3    2   -2    5    6   -4   13   -2  -12   -9   11    5   -3
    1    3   20    1    1   22    1    2    0       644   15   11   10   -9   -2   -4    3   -2    7    8   -4   11   -2  -12  -11   11    6   -3
    1    3   21    1    3   20    1    3    1       848   16   15  -13    1  -14  -14    8    5   -9  -12    8   13    3   16    1   -8    7  -13
    1    3   22    1    1   19    1    1    1      1370   15   11   10   -9   -2   -4    3   -2    5    6   -3   12   -2  -12  -10   11    7   -4
    1    3   23    1    2   23    1    2    1      1877    0   -9    1   14   13   -3   -5    5   -2   -4   -6   15   -6  -15    4   -5  -10    7
    1    3   24    1    1   27    1    1    1       749   15   12    9   -9   -3   -3    3   -1    6    7   -3   12   -2  -12  -10   11    6   -3
    1    3   25    1    1   25    1    1    1       578   15   10    8   -9   -3   -3    3   -2    7    7   -3   11   -2  -12   -9   11    7   -4
    1    3   26    1    3   26    1    3    1       615   11   20  -13    8  -13  -14    8    6   -9  -13    7   12    3   15    1   -9    6  -14
    1    3   27    1    2   20    1    2    1      1444   -1   -5    2   13   13   -4   -7    5   -8    3   -7   16  -10  -14    3   -4  -11    7
    1    4    1    1    3   31    1    3    1      1125   16   15  -13    1  -13  -15    8    6  -11  -12    8   13    4   15    1   -9    7  -13
    1    4    2    1    3   36    1    3    1      7236   16   15  -13    1   -4  -17    8    6   -9  -13    8   13    5   15    1   -8    7  -13
    1    4    3    1    3   33    1    3    1       768   17   15  -14    2  -21   -8    8    6  -14  -15    9   12    5   14    1   -9    6  -13
    1    4    4    1    1   35    1    1    1      1988   15   11   10   -9   -3   -4    3   -2    7    8   -2   12   -2  -11   -7   17    6   -3
    1    4    5    1    2   33    1    2    1      1151   -1   -4    3   12   13   -4   -6    4   -7    1   -6   16   -6  -16    3   -6  -12    8
    1    4    6    1    2   30    1    2    1       700    0   -5   11   20   13   -4   -8    4   -7    2   -6   15   -6  -15    4   -5  -10    6
    1    4    7    1    1   29    1    3    0      1362   15   12   10   -8   -1   -5   13   -3   14    7   -2   12   -2  -13  -10   11    6   -2
    1    4    8    1    3   28    1    3    1       535   16   15  -14    0  -14  -14    8    6   -9  -13    8   13    4   15    4  -13    8  -12
    1    4    9    1    2   31    1    3    0       982    0   -6    2   12   12   -4   -7    4   -6    2    4   14   -6  -14    4   -6  -11    7
    1    4   10    1    3   30    1    3    1      1299   16   15  -12    1  -13  -15    8    6   -7  -13    8   13    3   14    2  -10    8  -14
    1    4   11    1    1   31    1    1    1       627   20   12    9   -9   -2   -4    3   -2    6    7   -2   12   -1  -13  -10   11    6   -3
    1    4   12    1    2   32    1    2    1      2436    0   -6    2   13   12   -3   -6    5   -6    2   -6   15   -6  -16    4   -6  -12    8
    1    4   13    1    2   36    1    2    1       485    0   -5    2   14   12   -3   -5    5   -7    2   -6   15   -6  -15    4   -5  -11    7
    1    4   14    1    1   33    1    1    1       682   16   12    9   -9   -3   -3    4    0    6    7   -8    3   -1  -13  -11   12    5   -4
    1    4   15    1    1   28    1    2    0       885   14   12   13   -7   -2   -4    4   -3    6    7   -3   12   -2  -12  -10   11    7   -3
    1    4   16    1    3   34    1    3    1      1077   17   16  -14    1  -14  -14    9    5   -9  -14    6   17    5   15    2  -10    6  -13
    1    4   17    1    1   30    1    1    1       903   15   11    8  -10   -3   -4    3   -2   -4   -1   -3   12   -2  -12   -9   11   -4    2
    1    4   18    1    3   35    1    2    0       870   15   14  -12    0  -14  -14    8    6  -10  -12    8   12    4   15    1   -9    6  -12
    1    4   19    1    1   32    1    1    1       707   14   12    9   -9   -2   -4    4   -2    4    6   -4   13   -1  -13   -9   10    6   -3
    1    4   20    1    3   32    1    3    1       593   16   15  -12    0  -15  -14    8    5  -10  -13    9   18    4   15    0   -8    8  -13
    1    4   21    1    1   36    1    3    0      6469   16   10   10  -10   -2   -4    3   -2    7    8   -2   11   -7  -16  -14    2    6   -3
    1    4   22    1    3   29    1    3    1      2528   13   16  -13    0  -14  -14    8    6  -10  -13    9   14    4   15    0   -8    7  -12
    1    4   23    1    2   34    1    2    1      1382    1   -6    3   12   13   -5   -6    4   -8    2   -7   15   -6  -15    4   -5  -11    7
    1    4   24    1    2   29    1    2    1       890    0   -5    3   13   13   -3   -2    5   -7    3   -7   16  -11  -12    3   -4  -11    7
    1    4   25    1    2   35    1    2    1      1307    6   -1    1   14   14   -4   -5    3   -7    2   -6   15   -6  -20    3   -5  -10    6
    1    4   26    1    2   28    1    2    1      1521    0   -5    2   13   14   -4   -1    0   -7    3   -6   16   -5  -16    4   -5  -11    7
    1    4   27    1    1   34    1    1    1      1353   15   11   12  -13   -2   -4    4   -1    6    7   -2   13   -3  -11   -9   11    6   -3
    1    5    1    1    2   45    1    2    1      1404   -1   -5    2   13   13   -4   -5    4   -6    1   -6   15   -6  -15    4   -5  -10    7
    1    5    2    1    1   43    1    1    1       760   16   12    9   -9   -1   -3    3   -2    6    7   -3   13   -2  -12   -9   10    7   -4
    1    5    3    1    1   44    1    1    1      3740   14   12    9   -9   -3   -5    3   -2    7    6   -4   13    8   -3  -10   12    5   -4
    1    5    4    1    3   45    1    3    1       962   15   15  -13    1  -14  -15    8    5   -9  -12    8   12    4   15    1   -9    7  -13
    1    5    5    1    3   37    1    3    1       558   15   15  -13    1  -14  -14    9    6  -10  -12    9   13    4   15    1   -9    7  -13
    1    5    6    1    3   39    1    3    1       539   16   15  -13    0  -15  -14    7    7   -9  -11    8   13    4   15    1   -9    8  -12
    1    5    7    1    1   37    1    1    1       848   16   10   10   -9   -2   -4    2   -2    8    7   -3   12   -2  -13  -11   10    6   -3
    1    5    8    1    2   44    1    2    1       833    1   -6    2   13   12   -4   -5    4   -7    2   -6   15   -6  -14    4   -5  -11    7
    1    5    9    1    1   38    1    1    1       516   20   11    8   -8    0   -4    2   -1    5    5   -2   15   -2  -12  -11   12    6   -3
    1    5   10    1    2   38    1    2    1      1595    1   -6    1   14   13   -4   -6   -5   -7    1   -5   14   -6  -15    4   -3  -10    7
    1    5   11    1    2   43    1    2    1       559   -1   -6    2   13   12   -3   -6    4   -6    1   -6   15   -7  -14    4   -5  -10    6
    1    5   12    1    2   37    1    2    1       870    0   -5    2   13   13   -4   -7    5   -7    2   -2   17   -6  -16    4   -6   -9    7
    1    5   13    1    1   40    1    2    0       736   15   11   19   -1   -2   -4    3   -3    6    7   -3   13   -3  -12   -9   11    7   -4
    1    5   14    1    3   40    1    3    1      3341   16   14  -13    1  -18  -14    8    6   -8  -13    9   12    4   15    0   -9    7  -13
    1    5   15    1    3   44    1    3    1      2814   16   15  -13    1  -16  -12    8    6   -8  -14    7   14    4   15    2  -10    7  -13
    1    5   16    1    1   42    1    1    1       907   14   12   10   -8   -1   -4    2   -2    5    8   -3   13   -2  -12  -10   11    7   -4
    1    5   17    1    1   45    1    1    1      1585   15   11   10   -9   -2   -4    3   -2    4    7   -3   14   -2  -12  -11   11    6   -3
    1    5   18    1    1   39    1    1    1       527   16   10    9   -9   -2   -4    2   -3    6    7   -3   12   -3  -11  -11   10    5   -3
    1    5   19    1    1   41    1    2    0      1005   15   11    8   -8   -2   -3    3   -2    5    7   -2   12    0  -12  -10   11   16  -10
    1    5   20    1    2   40    1    3    0      1175    1   -6    3   13   13   -4   -6    4   -7    1   -5   14   -7  -15    5   -5  -10    6
    1    5   21    1    2   42    1    2    1      1180    1   -4    2   13   13   -5   -6    4   -7    2   -5   14   -7  -15    5  -13  -10    7
    1    5   22    1    3   38    1    3    1       785   16   14  -11    2  -14  -14    8    5  -10  -11    7   13    3   16   -1  -11    9  -12
    1    5   23    1    2   41    1    2    1      1853    1   -5    3   12   13   -4   -6    5  -13    9   -5   15   -6  -15    4   -4  -12    7
    1    5   24    1    3   43    1    3    1       941   15   16  -12    0  -15  -14    7    7  -10  -14    8   14    4   15    3  -11    7  -13
    1    5   25    1    2   39    1    1    0      3434    0   -5    2   13   13   -4   -5    3   -8   -1   -6   15   -8  -16    3  -15  -10    7
    1    5   26    1    3   41    1    3    1      4331   15   13  -13    2  -15  -13    7    6   -8  -14    8   13    4   15    1   -8    6  -13
    1    5   27    1    3   42    1    3    1       596   16   16  -14    0  -18  -13    9    6   -9  -13    9   12   -2   22    1  -10   13   -7
    1    6    1    1    1   50    1    1    1       831   14   12    9   -9   -2   -4    4   -2    5    6   -3   11   -3  -12   -9   12    6   -3
    1    6    2    1    3   53    1    3    1      1008   16   14  -13    2  -14  -14   12    6  -10  -13    8   13    5   14    1   -8    7  -13
    1    6    3    1    1   52    1    1    1      1107   15   11   10   -9   -3   -5    3   -3    6    7  -10    6   -2  -11  -10   11    6   -3
    1    6    4    1    3   49    1    3    1       962   16   15  -13    2  -15  -14    8    6  -10  -13    7   13    5   14    1   -8    6  -14
    1    6    5    1    1   53    1    1    1       783   16   10    9   -9   -1   -3    3   -2    6    7   -2   13   -2  -12  -10   10    6   -3
    1    6    6    1    2   52    1    3    0      1521    0   -5    2   12   12   -4   -6    4   -7    2   -5   14   -6  -14    4   -5  -11    7
    1    6    7    1    3   50    1    3    1       608   16   15  -13    1  -15  -14    8    5   -9  -13    7   14    2   17    1  -10    6  -12
    1    6    8    1    3   51    1    3    1       826   16   15  -13    1  -12   -6    9    5  -18  -19    8   13    4   16    1   -9    4  -10
    1    6    9    1    1   46    1    1    1       947   15   11    9   -9   -2   -3    2   -1    6    8   -4   13   -3  -12  -10   11    6   -3
    1    6   10    1    2   46    1    2    1      1336   -5   -6    2   12   14   -6    3   -3   -6    2   -6   15   -6  -15    4   -5  -11    6
    1    6   11    1    3   52    1    3    1       805   16   15  -13    1  -14  -13    8    7   -9  -13    9   13    4   15   -1   -7    6  -12
    1    6   12    1    2   50    1    2    1      1479   -1   -6    1   12   12   -4   -5    4   -7    2   -5   15   -7  -15   14  -11   -9   11
    1    6   13    1    1   47    1    1    1       976   15   11   10   -8   -2   -2    3   -3    6    7   -3   12   -3  -12   -9   11    6   -2
    1    6   14    1    2   51    1    1    0      4523    1   -6    1   12    9   -9   -6    4   -7    2   -6   14   -6  -15    5   -5  -11    6
    1    6   15    1    3   47    1    3    1       921   17   15  -13    1  -15  -13    8    6   -9  -13    7   15    4   15    2   -9    7  -13
    1    6   16    1    2   49    1    2    1      1328    0   -5    1   14   13   -3   -6    3   -8    1   -6   15   -6  -16    5   -4  -11    7
    1    6   17    1    3   46    1    3    1      1292   16   15  -13    1  -14  -14   -1   15   -4  -14    8   13    4   14    1   -8    7  -13
    1    6   18    1    2   48    1    2    1      2005    0   -4    2   13   14   -4   -9   14   -7    1   -7   16   -7  -14    8  -10   -4    4
    1    6   19    1    1   51    1    1    1      1398   14   12    8  -10   -2   -4    3   -2    6    7   -3   12   -1  -13   -9   10    7   -4
    1    6   20    1    3   48    1    3    1       706   17   15  -13    1  -14  -14    9    8  -10  -12    9   14    4   15    1   -9   -2  -12
    1    6   21    1    2   47    1    2    1      2033    0   -5    2   14   13   -4   -7    0   -8    3   -6   15  -10  -17   -4   -3  -11    7
    1    6   22    1    1   49    1    1    1      2591   15   11   10   -9   -2   -5    1   -2    6    7   -3   12   -2  -12  -11   11    6   -3
    1    6   23    1    1   54    1    1    1      5083   14   12    9   -9   -2   -3   10    2    6    7   -3   13   -3  -11  -10   11    7   -4
    1    6   24    1    1   48    1    1    1       686   14   11    9   -9    0   -4    2   -1    7    8    2    7   -2  -12  -10   10    5   -2
    1    6   25    1    3   54    1    3    1       641   16   15  -13    1  -13  -15    8    5   -9  -13    8   12    4   14    1   -9    7  -13
    1    6   26    1    2   54    1    2    1       981    0   -5    2   14   13   -4   -6    5   -6    1  -12    5   -6  -14    4   -5  -11    7
    1    6   27    1    2   53    1    2    1       701   -1   -6    2   14   13   -5   -4    9  -11   -2   -6   14   -6  -16    4   -5  -11    7
    1    7    1    1    1   61    1    2    0      3093   15   11    8   -9   -1   -5    4   -1   15   -1   -3   11   -3  -11  -10   12    6   -3
    1    7    2    1    1   56    1    1    1      2360   16   11    9   -9   -1   -5    3   -2    7    6   -3   12   -3  -11  -10   12    6   -4
    1    7    3    1    2   62    1    2    1      8960    0   -5    2   13    9   -4   -6    4   -7    2   -6   15   -7  -16    5   -5  -11    8
    1    7    4    1    2   60    1    2    1      1670    1   -6   10   13   14   -5   -6    4   -7    2   -6   16   -7  -14    4   -5  -10    7
    1    7    5    1    1   57    1    1    1       856   15   11    8   -9   -1   -4    4   -1    6    7   -3   12   -2  -12  -11   11    7   -3
    1    7    6    1    3   62    1    3    1      2418   15   15  -14    1  -15  -13    9    6  -10  -12    8   13    4   16   -5  -14    7  -13
    1    7    7    1    2   61    1    2    1      1509    1   -5    2   13   13   -4   -6    4   -7    2   -8   14   -5  -16    4   -5  -12    6
    1    7    8    1    1   60    1    1    1      1238   16   12    7  -15    2   -7   -3    2    6    8    0    6   -2  -12  -11   12    6   -4
    1    7    9    1    1   62    1    2    0       920   15   11   10   -9   -2   -4    3   -2    6    6   -3   12   -2  -13  -10   11    6   -3
    1    7   10    1    3   57    1    3    1       624   16   15  -13    1  -14  -15    9    6  -17  -10    8   12    5   15    1  -10    3  -13
    1    7   11    1    2   56    1    2    1      1115    0   -5    3   12   12   -3   -6    4   -8    2   -6   15   -6  -15    4   -4  -12    7
    1    7   12    1    3   61    1    3    1       714   16   15  -14    0  -15  -13    8    6   -8  -13    8   12    4   15    1   -9    7  -14
    1    7   13    1    1   55    1    1    1      1216   15   12   -1  -17   -2   -4    3   -2    7    8   -3   12   -3  -13  -11   11    5   -3
    1    7   14    1    2   59    1    2    1      2283   -1   -5    2   13   13   -4   -5    4   -7    2   -6   15   -6  -15    4   -5  -12    6
    1    7   15    1    3   60    1    3    1       572   16   15  -13    2  -13  -13    8    6   -9  -13    7   15   -2    8    1   -8    7  -13
    1    7   16    1    2   57    1    2    1      3423    0   -5    1   14   12   -5   -6    4   -9    2   -6   15   -5  -14    4   -5  -11    7
    1    7   17    1    3   55    1    3    1      1499   16   15  -20   -4  -14  -15    8    6   -9  -13    8   12    4   16    1   -9    8  -12
    1    7   18    1    1   58    1    2    0      1492   15   12   10   -9   -2   -3    4   -2    6    8   -3   11   -1  -12  -10   10    6   -3
    1    7   19    1    2   63    1    2    1      3596    0   -5    2   13   12   -3   -7    5   -8    3   -7   14   -7  -15    3   -5  -10    8
    1    7   20    1    3   59    1    3    1       975   13   19  -13    0  -14  -14    7    5   -8  -14    8   13    2   15    1   -8    7  -13
    1    7   21    1    2   58    1    2    1       724    2   -4    2   13   13   -4   -6    5   -8    2   -5   15   -6  -15    4   -5  -10    6
    1    7   22    1    3   58    1    3    1       643   17   15  -13    1  -14  -14    7    7  -10  -13    8   13    4   15    0   -8    7  -13
    1    7   23    1    3   56    1    3    1       549   15   15  -14    1  -15  -13    8    6   -9  -13    7   14   -1   14    1   -9    6  -12
    1    7   24    1    3   63    1    3    1       620   16   15  -13    1  -14  -15    8    6   -9  -12    8   13    4   15    1   -9    6  -12
    1    7   25    1    1   59    1    1    1       726    5   19   10  -10   -2   -4    3   -2    6    8   -2   11   -1  -12  -10   11    6   -3
    1    7   26    1    1   63    1    1    1       715   15   11    6  -19   -2   -4    3   -2    5    7    0    3   -2  -12  -10   11    6   -3
    1    7   27    1    2   55    1    2    1       971    0   -5    6    5   14   -5   -5    5   -8    2   -6   15   -7  -15    5   -4  -11    7
    1    8    1    1    3   66    1    3    1      1101   16   15  -13    1  -14  -14    8    6    1  -22    8   13    4   15    2  -10    7  -13
    1    8    2    1    2   72    1    2    1      1030   -1   -5    4   13   12   -3   -7    5   -6    1   -6   14   -6  -15    3   -4  -12    7
    1    8    3    1    3   64    1    3    1       663   15   15  -13    1  -14  -15    7    7   -9  -13    8   12    4   15    1   -9    6  -13
    1    8    4    1    1   67    1    1    1      2352   16   11    8   -9   -3   -4    4   -1    6    7   -3   12   -2  -12  -10   11    6   -3
    1    8    5    1    3   69    1    3    1       582   16   15  -12    2  -14  -14    9    5   -8  -13    8   13    4   15    2   -9    8  -14
    1    8    6    1    1   64    1    1    1       914   16   11   10  -11    0   -2    3   -2    6    7   -3   12   -2  -12  -10   11    6   -3
    1    8    7    1    1   69    1    1    1       714   15   12    9   -9   -3   -3    2   -3    5    6   -3   12   -2  -12  -10   11    6   -2
    1    8    8    1    1   68    1    1    1       586   14   12    9   -9   -2   -4    2   -1    5    8   -3   11   -3  -12   -9   12    7   -4
    1    8    9    1    3   72    1    3    1       583   16   16  -14    0  -15  -14    7    6   -9  -14    7   12    4   14    1   -9    7  -13
    1    8   10    1    2   66    1    2    1      3100   -1   -4    2   13   14   -4   -7    5   -6    1   -6   14   -6  -15    4   -5  -11    8
    1    8   11    1    2   65    1    2    1       845    0   -5    1   14   14   -4   -5    4   -8    2   -5   15   -7  -14    3   -5  -11    7
    1    8   12    1    3   70    1    3    1       624   16   15  -12    0  -15  -15    5    5   -9  -13    8   13    5   14    2  -10    7  -13
    1    8   13    1    1   72    1    1    1       850   15   11    8   -8   -2   -4    4   -2    6    7   -3   17   -1  -11  -10   10    7   -4
    1    8   14    1    2   71    1    2    1       859    0   -5    2    7   13   -4   -5    2   -7    3   -6   15   -2  -17    5   -6  -11    7
    1    8   15    1    1   71    1    1    1       741   15   11    9  -10   -2   -4    3   -2    5    6   -3   11   -3  -13  -10   11    6   -3
    1    8   16    1    3   67    1    3    1       964   16   15  -13    0  -14  -15    8    7  -10  -13    8   13    4   15    7  -16    7  -13
    1    8   17    1    1   65    1    2    0      3218   11    6    9   -9   -2   -4    3   -1    6    7   -2   12   -2  -12  -11   12    6   -3
    1    8   18    1    3   68    1    3    1       910   16   15  -13    1  -13  -12    8    6   -8  -14    8   13    4   15   -3   -4    8  -12
    1    8   19    1    2   68    1    2    1       726    0   -5    2   14   13   -4   -4    5   -8    2   -6   15   -6  -15    3   -5  -10    6
    1    8   20    1    2   64    1    2    1       813    0   -5    3   14   15   -4   -6    3   -8    1   -6   17   -6  -14    5   -6  -12    6
    1    8   21    1    3   71    1    3    1       787   16   15  -12    1  -14  -15    8    7   -9  -13    8   13    2   14    7   -5    7  -13
    1    8   22    1    1   66    1    1    1       697   16   10   10   -9   -2   -4    4   -3    6    8   -3   12   -1  -12   -9   10   13    6
    1    8   23    1    3   65    1    3    1       657   16   14  -13    1  -14  -14    9   11   -8  -13    8   13    4   15    0  -10    7  -12
    1    8   24    1    2   67    1    2    1       742    0   -5    3   13   13   -4   -6    4   -9    3   -6   16   -6  -14    6   -4  -11    7
    1    8   25    1    2   69    1    3    0       678    0   -5    2   12   13   -4   -6    4   -6    1   -6   18   -8  -15    4   -5  -11    7
    1    8   26    1    2   70    1    2    1      4194   -1   -4    2   12   15   -5   -7    4   -8    2   -5   14   -5  -14    2   -4  -11    7
    1    8   27    1    1   70    1    1    1      3006   17   12    8   -9    0   -4    8   -2    6    6   -2   13   -3  -13  -12    7    6   -3
    1    9    1    1    3   76    1    3    1       947   15   14  -12    2  -14  -14    7    7   -8  -14   10   14    5   15    3   -5    6  -12
    1    9    2    1    3   75    1    3    1       521   16   14  -13    1  -14  -14    8    6  -10  -12    7   14    3   16    1   -9    8  -13
    1    9    3    1    2   75    1    2    1       768    0   -4   -1   10   15   -7   -6    4   -7    2   -5   16   -5  -15    4   -3  -12    6
    1    9    4    1    2   76    1    2    1       638   -1   -5    2   13   11   -4   -5    4   -7    2   -8   14   -6  -14    4   -5  -10    7
    1    9    5    1    1   78    1    1    1       721   13   11    9   -8   -1   -4    3   -2    6    8   -3   12   -1  -13  -10   11    4   -4
    1    9    6    1    2   81    1    2    1       640    0   -4    2   14   13   -4   -7    5   -7    2   -6   16   -7  -15    3   -8  -13    8
    1    9    7    1    2   79    1    2    1       924    0   -4    2   14   14   -3   -6    4   -7    2   -6   15  -10  -19    4   -5  -12    7
    1    9    8    1    1   74    1    1    1       892   15   12   10   -8   -3   -3    3   -1    7    7   -3   11   -2  -13  -10   11    7   -4
    1    9    9    1    1   77    1    1    1       484   15   11    9  -10   -2   -4   -2    1    5   12   -2   13   -1  -13   -9   12    6   -2
    1    9   10    1    3   78    1    3    1      1526   16   15   -8   -5  -15  -13    8    6   -8  -13    8   14    5   14    2  -10    7  -13
    1    9   11    1    2   77    1    2    1       564    1   -6    3   13   12   -4   -6    4   -7    2    0    7   -5  -16    5   -6  -11    7
    1    9   12    1    2   78    1    2    1       553    1   -6    3   12   15   -3   -5    4   -8    3   -6   15   -4  -15    4   -5  -12    8
    1    9   13    1    1   73    1    1    1       655   15   12   10   -8   -2   -3    3    2    6    7  -12   12   -2  -11  -10   11    6   -3
    1    9   14    1    1   79    1    1    1      1352    6    3    9   -9   -2   -4    2   -1    6    7   -3   12   -3  -13   -9   11    7   -4
    1    9   15    1    1   80    1    1    1      2557   16   11    9   -9   -3   -4    3   -2    5    7   -5   12   -3  -11  -10   12    4  -13
    1    9   16    1    3   80    1    3    1       747   16   15  -14    0  -14  -14    8    6  -10  -13    8   13    5   15    1   -8    5  -12
    1    9   17    1    2   73    1    2    1       809   -1   -4    1   13   13   -5   -6    5   -8    1   -5   16   -6  -15    4   -5  -13    6
    1    9   18    1    2   80    1    2    1       485   -1   -6   -2   14   14   -5   -5    4   -8    1   -6   15   -6  -16    4   -4  -10    7
    1    9   19    1    1   75    1    1    1       557   15   11    9   -8   -3   -3    2   -1    7    7   -3   12   -2  -12   -9   11    5   -4
    1    9   20    1    3   74    1    3    1       828    9   19  -13    1  -14  -14    7    7   -8  -13    7   14    4   16    0   -8    7  -13
    1    9   21    1    3   79    1    3    1       791   16   15  -16   -2  -13  -14    8    7   -8  -14    8   13    4   14    0  -10    7  -14
    1    9   22    1    1   76    1    1    1       708   14   10   10   -9   -1   -5    4   -1    5    7   -2   11   -2  -12  -10   11    5   -3
    1    9   23    1    3   77    1    3    1      1157   16   15  -13    2  -17  -23    8    5   -8  -14    8   14    4   14    1   -8    7  -13
    1    9   24    1    3   81    1    3    1      1467   15   14  -14    1   -5  -16    8    6  -10  -13    8   14   13   21    0   -8    8  -14
    1    9   25    1    1   81    1    1    1       886   15   12    9   -9   -2   -4    2   -2   12    7   -3   12   -1  -11   -9   12    6   -2
    1    9   26    1    3   73    1    3    1       735   16   16  -12    2  -14  -15    9    5  -11  -11    7   13    2   16   -4   -6    7  -13
    1    9   27    1    2   74    1    2    1      2006    0   -5    2   14   13   -6   -6    4   -7    2   -7   15   -5  -15    4   -6  -21    0
    1   10    1    1    3   90    1    3    1      1491   13   19  -13    1  -14  -15    9    5   -9  -13    7   14    4   15    1   -9    7  -13
    1   10    2    1    1   85    1    1    1       610   14   12    9   -9   -2   -4    2   -1    5    5   -3   12   -2  -12   -1    6    5   -2
    1   10    3    1    3   83    1    3    1       742   15   14  -13    1  -14  -14    6    8   -9  -14    8   13    4   20    3  -10    8  -14
    1   10    4    1    3   89    1    3    1      1037   16   14  -13    2  -14  -15    9    6   -9  -13    8   12    3   15    3  -19    8  -13
    1   10    5    1    2   89    1    2    1      1184    1   -5    2   12   13   -4   -8    3   -7    1   -7   15   -2  -11    4   -5  -11    7
    1   10    6    1    1   90    1    1    1      1005   21    7    9   -9   -2   -4    2   -2    8    5   -3   12   -2  -13  -11   11    5   -2
    1   10    7    1    2   86    1    2    1       810    1   -5    2   13   13   -4   -6    4   -8    2   -6   15   -6  -14    5   -6  -11    7
    1   10    8    1    2   88    1    2    1       870    0   -5    2   13   12   -3   -6    4   -8    2   -6   14   -9  -12    5   -6  -11    7
    1   10    9    1    2   82    1    2    1       520    0   -5    2   13   13   -5   -5    4   -7    2   -6   15   -5  -14    3   -4   -9    3
    1   10   10    1    3   85    1    3    1       553   11   10  -14    2  -15  -13    9    5  -13  -11    8   13    5   14    2   -9    6  -12
    1   10   11    1    3   84    1    3    1      1559   16   16  -10    2  -14  -14    9    5   -9  -13    7   13    4   15    2   -8    7  -14
    1   10   12    1    2   87    1    2    1       606    1   -6    2   13   14   -4   -6    4   -7    2   -6   15   -6  -15    4   -5  -11    7
    1   10   13    1    1   86    1    1    1       650   14   11   10   -9   -2   -3    3   -3    6    7   -2   11   -1  -13  -11   10    7   -3
    1   10   14    1    3   86    1    3    1      1396   15   16  -13    1  -13  -11    8    5   -9  -13    9   13    4   15    1   -9    8  -13
    1   10   15    1    1   88    1    3    0       560   14   11    9   -8   -3   -4    3   -2    9    3   -3   12  -12  -10  -11    9    8   -5
    1   10   16    1    3   82    1    3    1       726   18   16  -13    1  -15  -14    8    6   -6  -12    7   12    3   15   -1   -8    7  -13
    1   10   17    1    1   84    1    1    1       684   14   11    9   -9   -2   -4    2    0    6    7   -2   12   -2  -12   -9   11    6   -3
    1   10   18    1    2   90    1    3    0      1069   -2   -6    2   13   14   -4   -7    4   -8    2   -6   16   -6  -16    5   -4  -11    7
    1   10   19    1    2   84    1    2    1      4951   -1   -5    2   13   13   -4   -6    5   -7    3   -6   15  -11   -5    3   -3  -12    7
    1   10   20    1    2   83    1    3    0      1037    0   -5   -2   11   13   -3   -6    5   -7    2   -6   15   -6  -14    4   -5  -12    7
    1   10   21    1    3   87    1    3    1       720   24   10  -13    1  -13  -15    8    6   -8  -14    8   12    4   15    1   -8    7  -13
    1   10   22    1    1   89    1    1    1       689   15   11   10  -10   -1   -3    3   -2    7    7   -4   12   -2  -12  -10   11    6   -3
    1   10   23    1    1   87    1    1    1       539   16   11    8   -8   -1   -3    3   -2    6    7   -2   11   -2  -12  -12    9    6   -3
    1   10   24    1    1   83    1    1    1       563   15   12    8   -8   -2   -4    3   -2    5    7   -8   12   -3  -13  -10   11    6   -3
    1   10   25    1    3   88    1    3    1       649   16   15  -14    1  -14  -14    8    6   -9  -12    8   13    4   15    0   -9    6  -14
    1   10   26    1    1   82    1    1    1       780   16   11    9  -10   -3   -3    7  -11    7    7   -3   12   -3  -12   -9   10    7   -4
    1   10   27    1    2   85    1    2    1       810    0   -5    2   12   12   -3   -5    5   -7    2   -5   14   -6  -15    3   -4  -10    8
    2    1    1    1    1    5    1    1    1      2192   20   11    9   -9   -1   -5    3   -2    6    7   -2   11   -2  -12  -11   12    6   -2
    2    1    2    5    2    4    3    2    1      1781    3  -11   12   11    9   -5  -10    1   -8   -8  -10   24   -9  -18    7    4   -6   11
    2    1    3    5    3    4    3    3    1      1107   17   15  -12    2  -15  -14    8    3   -8  -18   12   18   -6   15    5  -13    8   -4
    2    1    4    1    2   18    1    2    1       683   -1   -5    2   14   12   -3   -5    4   -8    2   -6   15   -6  -10    4   -5  -11    7
    2    1    5    4    1    6    2    1    1       854   14   10   10  -10   -2   -6    2    0    7    6    7    3   -1  -10  -11   10    4   -1
    2    1    6    1    3   20    1    3    1      1193   16   15  -13    1  -14  -14    8    5   -9  -12    8   13    3   16    1   -8    7  -13
    2    1    7    5    3    3    3    3    1      1094   14   10   -9    1  -14  -13    9   11   -5  -17   10    4    3   16    2  -10   16   -3
    2    1    8    4    3    1    2    3    1       807   17   14   -9   -9  -19  -19    4    7  -11  -14    7   13    5   14    3   -6    9  -13
    2    1    9    1    2   29    1    2    1       842    0   -5    3   13   13   -3   -2    5   -7    3   -7   16  -11  -12    3   -4  -11    7
    2    1   10    3    3    3    1    3    1       869   15   16  -12    1  -14  -14    9    5  -10  -12    8   12    4   16    1   -8    7  -13
    2    1   11    5    3    9    3    3    1       769   21   11  -18   -2  -23  -17    4    4  -19   -4   17   18    3   17    2   -7    8  -13
    2    1   12    5    2    1    3    2    1      1319   -1   -5   -2   16   13   -6   -7    3  -10   -3   -1   11   -5  -17    3   -9  -10    7
    2    1   13    1    3   40    1    3    1      2000   16   14  -13    1  -18  -14    8    6   -8  -13    9   12    4   15    0   -9    7  -13
    2    1   14    4    2    2    2    2    1      1068   -8   -3    2    8   12   -4  -14    2   -8    4   -8   14   -7  -15    5   -5  -12    6
    2    1   15    5    3    7    3    1    0       998    8   19   -4   -5   -8   -8   13   12  -11  -17    4   17    4   14    2   -8    8  -17
    2    1   16    5    3    1    3    2    0      1386   17   15  -13    2  -10  -11    7   -4   -6  -18   15    8    2   21    4  -13    0   -8
    2    1   17    4    3    4    2    3    1      1496    7   23  -11   -1  -21   -6    3    6   -4   -4    7   15    8    5    1  -11    5  -11
    2    1   18    5    1    8    3    2    0       744   21   21    9   -4   -1   -7   13  -10    6    8    0   13   -7   -7  -11   11    6   -8
    2    1   19    4    1    5    2    1    1       823   11   13    9   -7    0   -6    4   -2    6    9    7    7   -2  -11   -9   10    7    4
    2    1   20    5    2    2    3    3    0      1961    1   -6    2   14   11   -5  -14   11   -8   11    1   21   -5  -14    0    0   -3    7
    2    1   21    1    1   52    1    1    1       800   15   11   10   -9   -3   -5    3   -3    6    7  -10    6   -2  -11  -10   11    6   -3
    2    1   22    3    3    1    1    3    1      1004   16   15   -3   11  -15  -14    7    7  -11  -12    9   14    4   15    1   -9    7  -13
    2    1   23    4    2    3    2    3    0      5857   -1   -6    1   15   20   -2   -5    4   -8    1   -2   12   -2  -14    5   -6  -10    6
    2    1   24    1    1   63    1    1    1       731   15   11    6  -19   -2   -4    3   -2    5    7    0    3   -2  -12  -10   11    6   -3
    2    1   25    4    1    1    2    1    1      1410   16   11   11  -11    0   -5    2    1    5    7   -4    8   -2  -11  -12   14    6   -1
    2    1   26    3    2    3    1    3    0      1766    1   -4    2   13   13   -6   -8    5   -6    2   -6   15   -6  -14    3   -5  -19   14
    2    1   27    5    2    7    3    2    1      5292   -9    3    1   14    5  -14   -5    3   -6    7  -15   17   -6  -14   13  -14   -4   15
    2    1   28    1    2   68    1    2    1       984    0   -5    2   14   13   -4   -4    5   -8    2   -6   15   -6  -15    3   -5  -10    6
    2    1   29    2    3    0    0    3    1       766   16   15  -13    1  -14  -14    8    6   -9  -13    8   13    4   15    1   -9    7  -13
    2    1   30    1    3   75    1    3    1       852   16   14  -13    1  -14  -14    8    6  -10  -12    7   14    3   16    1   -9    8  -13
    2    1   31    3    2    2    1    2    1       832    0   -5    2   13   14   -3   -6    5   -7    2  -12   13   -6  -15    4   -6  -11    7
    2    1   32    4    1    4    2    3    0     19354   14   11    7   -8    8  -14    5   -2    5   12   -1   13    4   -7  -20   16   -1    6
    2    1   33    5    2    9    3    3    0       931    1   -5    6   22   12   -4   -4    3   -3   -3   -6   21   -8  -21    5   -6  -20    2
    2    1   34    5    1    3    3    2    0      1898   16   13    4   -7   -1   -2    2   -2    7    8   -3   11   -4   -2   -6    9   14  -12
    2    1   35    3    2    1    1    2    1      1835   -8  -10    2   13   14   -4   -8    0   -7    2   -7   15   -7  -14    4   -5  -12    8
    2    1   36    4    2    6    2    1    0      1350    0   -7    0   14   12   -3   -6    8   -6    1   -8   17  -14   -9   10    0  -13    3
    2    1   37    2    2    0    0    2    1       652    0   -5    2   13   13   -4   -6    4   -7    2   -6   15   -6  -15    4   -5  -11    7
    2    1   38    3    3    2    1    3    1      1357   16   15  -12    0  -14  -13    3    1  -11   -8    7   15    4   14    2  -10    7  -13
    2    1   39    5    3    6    3    3    1      1210   20   15  -12   -5   -9  -15   16   16   -9  -12    7    8    9   10    1   -8    5  -13
    2    1   40    1    3   89    1    3    1      1279   16   14  -13    2  -14  -15    9    6   -9  -13    8   12    3   15    3  -19    8  -13
    2    1   41    1    2    3    1    2    1       656   -2   -4    2   13   15   -6   -6    4   -9    3   -6   15   -6  -15    4   -5  -10    6
    2    1   42    5    1    9    3    1    1      6273   17   14   18   -5   -1   -6    5   -4    6    6    2    9    3  -19   -6   11    8   -2
    2    1   43    4    3    5    2    3    1       671   18   16  -12    0  -14  -13    9    6  -11  -18    9   12    5   19    1  -10    8   -9
    2    1   44    5    2    6    3    3    0      1233    2   -6    7    8   19    6   -4    0  -16   -3    3    8   -5  -16    6  -12   -6    5
    2    1   45    1    1   10    1    1    1      1044   15   11    9  -10   -2   -4    2   -2    7    8   -4   13   -2  -12  -10    9    6   -3
    2    1   46    3    1    3    1    1    1       510   15   11    9   -9   -2   -3   -5   -7    6    6   -4   13   -3  -11  -11   12    7   -4
    2    1   47    5    1    4    3    1    1      1061   15    8    9  -10  -10   -3    2   -3    6    6   -1   12   -4   -9   -9   12   15   -3
    2    1   48    1    2   25    1    2    1       904   -1   -4    2   13   12   -5   -6    4   -7    2   -4   16   -7  -16    3   -5  -11    6
    2    1   49    4    3    6    2    3    1       865   22   14  -14   -1  -22   -6    9    6  -10  -12    8   14    5   15    2   -9    6  -12
    2    1   50    1    2   35    1    2    1      1146    6   -1    1   14   14   -4   -5    3   -7    2   -6   15   -6  -20    3   -5  -10    6
    2    1   51    1    3   45    1    3    1      1081   15   15  -13    1  -14  -15    8    5   -9  -12    8   12    4   15    1   -9    7  -13
    2    1   52    1    1   47    1    1    1       618   15   11   10   -8   -2   -2    3   -3    6    7   -3   12   -3  -12   -9   11    6   -2
    2    1   53    5    2    8    3    2    1      3445    1    3   -1   12   22    1    1    6   -4    4   -5    7   -5  -16    4   -6  -11    8
    2    1   54    1    1   62    1    1    1       519   15   11   10   -9   -2   -4    3   -2    6    6   -3   12   -2  -13  -10   11    6   -3
    2    1   55    5    1    7    3    1    1       879   18   11   11   -8    6    6    7   -1    5    8    1    7   -3  -10   -6    9    5   -2
    2    1   56    1    1   69    1    1    1       504   15   12    9   -9   -3   -3    2   -3    5    6   -3   12   -2  -12  -10   11    6   -2
    2    1   57    5    1    1    3    1    1       487   15   10   10   -9   -3   -4   -1    1    8    6   -7   14   -1  -13   -8   16    2   -1
    2    1   58    5    3    5    3    3    1       704   15   15  -10   -2   -6  -24   13   10  -10  -14   10   12    4   13    1  -10    9  -14
    2    1   59    1    3   79    1    3    1       923   16   15  -16   -2  -13  -14    8    7   -8  -14    8   13    4   14    0  -10    7  -14
    2    1   60    1    2   87    1    2    1       835    1   -6    2   13   14   -4   -6    4   -7    2   -6   15   -6  -15    4   -5  -11    7
    2    1   61    1    1   30    1    1    1       606   15   11    8  -10   -3   -4    3   -2   -4   -1   -3   12   -2  -12   -9   11   -4    2
    2    1   62    4    3    2    2    3    1      1394   14   17  -17    9  -14  -15   10    4  -11  -12    7   18   -6   15    0   -9    8  -11
    2    1   63    1    3   60    1    3    1       703   16   15  -13    2  -13  -13    8    6   -9  -13    7   15   -2    8    1   -8    7  -13
    2    1   64    4    1    3    2    2    0       873   14    9   11  -10   -3   -4    2   -2   10   -1   -5   11    1   -8  -11   12   16  -13
    2    1   65    5    2    5    3    1    0       801    1   -2    2   11   12   -2  -14    6   -2    1   -7   17   -5  -24   -6   -7   -7    4
    2    1   66    5    2    3    3    1    0       812    2  -11   -5   23    8   -6   -5    3   -7    1   -7   15   -5  -14   10  -15   -2   13
    2    1   67    2    1    0    0    1    1      1320   15   11    9   -9   -2   -4    3   -2    6    7   -3   12   -2  -12  -10   11    6   -3
    2    1   68    1    3   41    1    3    1       687   15   13  -13    2  -15  -13    7    6   -8  -14    8   13    4   15    1   -8    6  -13
    2    1   69    1    1   67    1    1    1       609   16   11    8   -9   -3   -4    4   -1    6    7   -3   12   -2  -12  -10   11    6   -3
    2    1   70    4    1    2    2    1    1       535   16   12    9  -10   -1   -5    4    2   -4    7   -3   10   -1  -14  -14    9    7   -4
    2    1   71    4    3    3    2    3    1       742   15   17  -12    2  -13  -15    9    6  -13   -9   10   12    3   13    5  -11    7  -14
    2    1   72    4    2    4    2    1    0      1428   -1   -7    2   14   11   -6   -6    5   -8    2   -5   14   -2  -13    6    0   -9    9
    2    1   73    5    3    2    3    2    0       864   13    5   -9   -3   -9  -11    8    7  -11   -9    4   17    0   12    0   -9    1   -3
    2    1   74    4    2    5    2    2    1      3922   -5   -4    2   14   10    3   -7    5   -7    1   -7   17   -5  -15    5   -4  -12    5
    2    1   75    5    1    6    3    1    1       601    7    5   13   -8   -4   -9    2   -1    0    8    4    3    1  -10   -6    6    7   -4
    2    1   76    5    1    2    3    1    1      1629   15   10    4  -14   -1   -4    3    4    7    8    7   14   -4  -12   -8    9    5   -9
    2    1   77    1    2   73    1    2    1       727   -1   -4    1   13   13   -5   -6    5   -8    1   -5   16   -6  -15    4   -5  -13    6
    2    1   78    5    3    8    3    3    1       906   17   15  -15   10  -15  -14   11    8  -13  -10   18    5    3   20   -2  -11    9  -13
    2    1   79    5    1    5    3    2    0      1601   16    5    0   -3   -3   -4    7   -2    7    7   -4   19   -1  -16  -13   16   -4  -10
    2    1   80    1    2   85    1    2    1       666    0   -5    2   12   12   -3   -5    5   -7    2   -5   14   -6  -15    3   -4  -10    8
    2    1   81    3    1    2    1    1    1       674   15   11    9   -9   -2   -4    3   -2    6    6   -1   20   -3  -12   -7    3    6   -3
    2    1   82    3    1    1    1    1    1      4978   16   12    8   -9   -8  -14    3   -3    5    7   -3   11    4   -6  -13    9    7   -3
    2    1   83    1    3   10    1    3    1      1017   16   15  -18   -1  -14  -14    6   10   -9  -12    7   12    3   15    1   -9    7  -12
    2    1   84    4    2    1    2    2    1      1517    0   -7    1   11    9   -2   -8    6   -7    1   -2   18   -5  -15    2   -4  -15    8
