    1    1    1    1    2    6    3    2    1      5031   -9   -9    6   18   -8  -11    2   -8    0    0   14   14   10    3  -11    5   13  -12
    1    1    2    1    3    3    3    1    0      1983   -3    7  -14   11   10    3  -17    5   -4  -15   -5   -1    7    5   14   13   -6  -18
    1    1    3    1    3    8    3    1    0      1596   -6   -1   -5   16   14    3  -19   18  -14  -12   -5   -5    9   11   14   15   -1   -6
    1    1    4    1    1    9    3    1    1      1545   -5   -2  -13   14   -8  -13   -3   17  -10  -17    3   13    7   -6   13   10  -11   -1
    1    1    5    1    2    8    3    2    1      1321  -11  -10    8   20  -12   -1    2   -3   -5    4   11   14   13    3   -2   17    4  -10
    1    1    6    1    1    6    3    3    0      1184   -4    0   -7   10    2   -2    1   21  -11  -14    5   16   13   -2    7    1  -19   -1
    1    1    7    1    2    2    3    3    0      1820  -13   -7    1   22  -12   -2   -3   -8    0    3   18   14   11    6   -1   -2   10  -16
    1    1    8    1    3    1    3    1    0      6111    3   -7   -4    3   13    3   -6   12  -15   -5   -8   -3   13    8   24   13    2  -13
    1    1    9    1    1    3    3    2    0       921   -3   -4   -9   14   -6   -6    8    7  -10  -16    9   16    7  -13   12   12   -7  -13
    1    1   10    1    3    2    3    2    0      1839    3    8   -8    8   14    4  -19    4   -4  -15  -10   -3    5   -1    9   14    6   -9
    1    1   11    1    1    5    3    2    0       979   -5    2   -8   13   -3   -4   -6   10  -12  -11    3   16    5  -20   16    7   -8   -1
    1    1   12    1    1    2    3    3    0      1753   -3   -8  -17   19    2    7   -7   14  -12  -16    1   15    7   -9   12   11   -9   -2
    1    1   13    1    1    7    3    2    0      5310   -3    2   -2    4    0    7    2   20  -12  -12   10   12   10  -10   12   11   -4   -7
    1    1   14    1    2    1    3    2    1      1013  -16   -4   11    8   -5   -5    5   -9   -2    0   13   13   17    0  -14    8   14  -12
    1    1   15    1    2    5    3    1    0      1818   -1  -10    9   14   -7  -11    6   -8   -1    0   12   15   18    4  -11    8   22   -7
    1    1   16    1    3    4    3    1    0       990  -13    7   -9    7   14    4  -14   15  -11  -20   -1    1   16   -6   18   13    0  -15
    1    1   17    1    1    1    3    2    0      3379   -4   -1  -12   12    2   -1   -3   21  -11  -11    4   15   10  -12   17    9  -17    4
    1    1   18    1    1    8    3    2    0      1014   -5   -1   -9   14   -1   -4  -10   23  -11  -17   12    6    9  -12   14    3   -4   -3
    1    1   19    1    3    5    3    2    0       971   -5   -1   -8    5   14    8  -16   15   -6  -14   -3   -8    7    3   10   18    2  -20
    1    1   20    1    3    6    3    3    1      1138   -1   -3    0   16   20    6  -13   16    0  -16  -13  -11   17   11   15   14    6  -16
    1    1   21    1    2    7    3    3    0      1007  -19  -15   13   13   -7  -10    5   -9    0   -3   11   15   22   13  -10    7   16  -13
    1    1   22    1    1    4    3    1    1      1458   -5    4   -9   12   -1   -1   -1    7   -8  -12    1   18    8  -17   20    5  -19   -1
    1    1   23    1    2    4    3    2    1      1141   -6   -8    7   13   -7  -10    3  -10    4    2   12   13   14    3  -12   10   13  -11
    1    1   24    1    3    7    3    1    0      1684   -8   -2    0   -1    7    0  -20   22   -4  -13   -8  -12    6    4   13   15    2  -12
    1    1   25    1    3    9    3    1    0      3500   -5   -7  -15    9   10    4  -16   17   -7  -17  -10   -3    3    8   13   15    1  -12
    1    1   26    1    2    9    3    3    0      1709  -10  -10   12    9    1    0   11   -3   -2    0   11   20   14    2  -16    8   19   -1
    1    1   27    1    2    3    3    1    0       789  -11  -10    9   15   -5  -10    5  -13   -3    0   23   21   13    3  -10    9   10  -10
    1    2    1    1    3   17    3    1    0      2114   -2   -2   -8   -1   14    6   -8   23   -6  -13  -16  -11    3    5    4   15    1  -14
    1    2    2    1    3   16    3    2    0      1465   -7   -7   -3   11   14    6  -13   14   -2   -5  -13   -2    8    5    8   19    5   -9
    1    2    3    1    2   17    3    1    0      1739   -2  -12    6   20  -12   -7    0   -7   -2   -3   12   14   14    2   -7    2   16  -12
    1    2    4    1    1   13    3    2    0       626  -11   -9  -11   13   -4   -2    7   13  -12  -19    5   16    7   -7   14    9  -12    7
    1    2    5    1    3   18    3    3    1       660   -2    2   -7    8    8    5  -11   10  -15   -5   -4   -6    3    8   16   18   -1  -15
    1    2    6    1    2   11    3    3    0       694  -12  -10    5   17    3   -3    0  -11    0   -2    7   13    9   -1   -7   13   16  -13
    1    2    7    1    2   10    3    2    1      1192   -2   -4    9   15   -7  -15    1   -9    1    1    9   19   15    2   -5   16   14  -12
    1    2    8    1    2   13    3    1    0       739  -10   -4   12   17   -6   -7    2   -8    3  -10   13   15   21   10   -9    6   22  -16
    1    2    9    1    3   10    3    1    0      3441  -14    7   -6   11   20   -3  -14   16  -10  -19  -10   -6    9   14   22   20   11   -7
    1    2   10    1    1   10    3    3    0      1060    2    6  -19   18   -2   -6   -2   15  -13  -15   14    5    8  -11   13   10   -9   -4
    1    2   11    1    3   14    3    1    0      1254    1   -1   -9    8   16    2  -14   18    4  -18  -12  -12   10    6    9   15    2  -13
    1    2   12    1    2   18    3    2    1       786  -12   -8    4    8  -16   -2    8   -6    4  -11   14   12   11   14  -12    8    7  -18
    1    2   13    1    1   16    3    1    1       844   -9    7   -9   13   -2    0   -6   10   -7  -12    3   16   11   -6   14    4   -7   -2
    1    2   14    1    1   17    3    3    0       487    2   10  -17   17   -5   -5   -6   14   -5  -14    0   14    8  -12   13   13  -14   -3
    1    2   15    1    2   15    3    2    1       671  -16   -4    7   15   -6  -17    1   -8    4   -5   14   12    4    9   -9    3   13   -9
    1    2   16    1    2   12    3    1    0       384  -18  -13    8   17   -2   -7   -4    1    0    0    5   23   13    3  -10    7   18  -16
    1    2   17    1    2   16    3    1    0       574   -7   -4   10   13  -14    0   11    0   -3    0   11    9    8    8  -14    4   17  -14
    1    2   18    1    1   14    3    2    0      1073    3    7   -9   11   -3   -8   -3   17  -12  -15    5   13    3   -7   12   10  -10   -7
    1    2   19    1    2   14    3    1    0       898   -9  -10    8   16   -5   -8   12   -1    2   -7   14   24   14    4   -6    5   10   -7
    1    2   20    1    3   13    3    1    0       490   -5   -2   -4   13   10    4   -6   11   -3  -13  -10   -3   10   -6   23    8   -6   -7
    1    2   21    1    3   11    3    1    0       963   -5   -3   -9    6    9    7  -15   15   -6  -14   -7   -4    3    4   13   15    1  -14
    1    2   22    1    1   12    3    2    0       426   -4   -2   -8    5   -6   -1   -2   15  -12  -15    3   14   11  -20   21   13  -11   -6
    1    2   23    1    1   18    3    3    0      1380   -2   -1   -8   13   -2   -4   -2   18  -21   -5   12   18   19  -20   13   10  -19  -12
    1    2   24    1    3   12    3    1    0      2168   -1   -1   -6   12   12    3   -5    5   -4  -15  -15    3    3    4   19   17    9   -6
    1    2   25    1    1   15    3    1    1       941   -3  -10  -15   11    1   -7    3   11   -9  -11    9    5    7  -10   14    9   -9   -2
    1    2   26    1    3   15    3    2    0      1412   -5    0   -9   16   11    5  -14   13    4  -20  -11   -7    1    1    6    7    0   -9
    1    2   27    1    1   11    3    2    0       744   -4   -1  -10   11   -5   -5   -8   15  -12  -14    1   18   14   -8   13    1   -8   -2
    1    3    1    1    2   21    3    1    0      3396  -20   -1    6   12   -8  -13   12   -4   -3   -5    8   18   18    7  -16    7   10  -10
    1    3    2    1    2   27    3    3    0      3593  -11  -17   14    7   -9  -16    9  -14    0   -2   21    9   14    4  -11    8   11   -2
    1    3    3    1    3   26    3    2    0       964   -6    0   -4   11   14    6  -15   13   -9  -10   -7    3   -2    3   20    6    6   -9
    1    3    4    1    2   22    3    2    1       490  -15   -8   11   13   -2  -17    2  -10  -11    7   10   11    8    4   -8    9   10  -15
    1    3    5    1    3   23    3    1    0       802  -11    6  -18   -3   10    3  -19   12   -6  -13  -12   -7    8    5   10   10    9   -8
    1    3    6    1    2   20    3    1    0       958  -13   -9    5   18   -6   -7    1  -10   -2   -4    3   12   13    2  -20    7   15  -12
    1    3    7    1    3   20    3    2    0      1268  -13    8   -7    6   17    1  -16    9   -5  -16  -11   -5    7    5   14   13    2  -13
    1    3    8    1    1   22    3    2    0       269   -4   -1  -10   11    4  -12   -1   17  -17   -6    4   10    9  -14   13   16   -9   -2
    1    3    9    1    1   25    3    3    0       366   -7    4  -11   11   -4   -5    2   23  -11  -12   13   14   10  -11   16    5  -10   -3
    1    3   10    1    1   23    3    1    1       360    6    9  -10   13   -3   -2    3   15  -10  -14   11   24    0   -4   16   13   -8    0
    1    3   11    1    1   19    3    1    1       949    0   -3  -14   13    5   -5   -4   13  -14  -13    4   15    8  -11   12    7  -10   -2
    1    3   12    1    3   21    3    2    0       441   -2   -6  -10    9   13    3  -18   13   -5  -20   -6    1    3   10   11   22    3  -13
    1    3   13    1    1   20    3    3    0       483   -4    1  -10   11   -8   -4   -5   14  -16  -12    6   14    8  -10   17    3  -10   -2
    1    3   14    1    3   24    3    3    1       924   -8   -1   -8    6   16    3   -5    4   -6  -11  -10   -4   11    0   22   12    0  -19
    1    3   15    1    1   21    3    3    0       881   -3   -1  -13   12    1    0    0   17  -16  -23    6   13    9  -12   12    9   -9  -13
    1    3   16    1    1   26    3    2    0       825   -5    0   -8    8   -6   -3   -2   17  -11  -11   15    7   11  -13   11    7   -1    0
    1    3   17    1    3   22    3    1    0       436   -2   -2    0    7   13    0   -9    9   -2   -9    1  -12   10   13   15    4    6   -3
    1    3   18    1    2   24    3    1    0      1056  -17    1    7   20   -5  -10   -6  -15    1   -3   23    4   13    2  -12    0   18   -7
    1    3   19    1    1   24    3    2    0      3551   -3    1   -9   12   -1   -6   -4    9  -10  -15   10   17    0  -10   22    7   -9   -1
    1    3   20    1    2   25    3    1    0      1803  -20   -5    4    7   -5  -11    1   -7   -4    0   19   12   18    7  -18   -2   15  -15
    1    3   21    1    3   25    3    3    1      2415    3    3   -9   11    7    8  -18   15   -5  -22   -9   -2    9   -1   14   15   11  -19
    1    3   22    1    2   19    3    2    1       922  -11   -8    9   10   -1  -11    0   -7   -3    2   12   14   15    9   -1   -2   13   -6
    1    3   23    1    2   23    3    3    0       335  -10   -8    8   11    1  -15    3  -10    4    7   22   22   12    4   -8    9   14   -1
    1    3   24    1    3   27    3    2    0       412   -3   -1   -7    7   10   -2   -4    8   -9  -17  -19    5   15    6   15   13   -1   -8
    1    3   25    1    3   19    3    1    0       871    2   -7  -13    6   12    2  -14   11   -7  -12   -2   -5    6    2   12   10    1  -10
    1    3   26    1    2   26    3    3    0       721  -11   -5   11   24   -2  -14    4  -11    5   -2   12   12   14    5  -16   16   19  -18
    1    3   27    1    1   27    3    2    0       415  -10   -5   -9   11   -6   -8   -2   12  -12  -10    3   12    7  -18    8   10   -8   -9
    1    4    1    1    2   32    3    1    0      1320   -2  -13   15    8   -7  -10    0   -8    0   -2   14   13   14    3  -13    5    4  -10
    1    4    2    1    1   30    3    2    0       704  -13    5   -8   10   -4   -5    0   19  -11  -12   13   13   10  -12   15   14   -7    0
    1    4    3    1    1   36    3    1    1       641    0    0   -8   10   -3   -4   -1   13   -6  -12   -2    9   11  -12   14   11   -4   -7
    1    4    4    1    3   35    3    2    0       867   -3   -1   -2    7   11    3  -15   14   -4  -13  -17   -7   11   13   20   15    2  -11
    1    4    5    1    1   28    3    2    0       412   -4   -4  -10   11    0   -1   -5   16  -11  -14   10    9    7  -14    7    2   -9   -4
    1    4    6    1    2   29    3    3    0       342  -12   -8    8   14   -7  -19    1   -9    1   -6   12    6   11    1   -9    5   13  -11
    1    4    7    1    1   34    3    1    1       338   -4    1  -10   11    4   -1   -1   18   -9  -12    0   23   11  -12   13    4  -11   -4
    1    4    8    1    3   29    3    1    0       495   -3   -1   -8    5   11    4  -15   18   -5  -19   -9   -2    2    8   14   13   -9  -21
    1    4    9    1    2   30    3    2    1       374  -11  -10   14   20    4  -20   -8   -8   -2   -1   13   12   14    6  -15    9    6  -16
    1    4   10    1    2   34    3    2    1       849  -19   -7    7   16    3   -8   -1  -18   -5   -3   20    9   22    8   -8    1   14   -2
    1    4   11    1    1   35    3    3    0       618    4    8   -9   12   -2    2  -12   12  -20  -20    2   12    4  -18   12   10   -8    1
    1    4   12    1    3   28    3    3    1       426   -3   -3   -4    5   13    4  -20   13   -2  -16  -10   -4    8    3   19   15   -7  -13
    1    4   13    1    3   30    3    3    1       547   -5   -1   -2    4    8    7  -11   18   -6  -19    1    5   11   12    8   17    2   -8
    1    4   14    1    1   33    3    1    1       295   -5    0    0   16   -2   -2    3   13  -10  -16    4    6    1   -3   21   12  -10   -5
    1    4   15    1    2   31    3    1    0       613  -12  -13   -2   16    4  -15   -1   -5    3   -5   13   12   12    8  -14    4   15   -6
    1    4   16    1    1   29    3    2    0       519   -7   -6  -16   20    5   -3    3   19   -6  -11    2   17   19  -13   23   14  -17   -5
    1    4   17    1    2   35    3    2    1       269  -15  -19    7   16   -5  -11   -8  -10   -5   -6   17   18   17    4   -4    8   12  -14
    1    4   18    1    3   31    3    2    0       236   -4   -3  -11   14   13    4  -13   13    3   -5  -10   -3    9    5   11   17    1  -14
    1    4   19    1    1   31    3    3    0       396   -6    5   -5   12  -12   -5   -2   17  -10  -16   13    4    2   -4   12    0   -8   -2
    1    4   20    1    2   33    3    3    0       344   -6  -13    9   15   -7  -10    2  -10    1    2   14   13   17   -1  -11    4   17  -10
    1    4   21    1    1   32    3    3    0       372  -10   -5  -10   20   -4   -3   -1   14  -12  -16    8   14    9  -12   14   11   -9   -1
    1    4   22    1    2   36    3    3    0       335  -11   -8   10   13   -9  -10    3   -8    1   -3    6    6   14    2  -12    7   13  -13
    1    4   23    1    3   32    3    2    0       315    2    0  -14   -2    7    1   -9   17   -3   -4   -9   -4   10    6   11   19    1  -14
    1    4   24    1    2   28    3    3    0       280  -16   -2    9   16  -13   -1    7   -1    5  -10    9   19   13    0  -19    6   15  -13
    1    4   25    1    3   33    3    2    0       726   -4   -1   -9    7   14    9  -19    8    0  -13   -3  -13    6    5   13   14    2  -10
    1    4   26    1    3   34    3    2    0       258   -5    0    0   -1   22   -5  -14   11  -14  -13   -9   -4   -1    9   19   17   -1   -3
    1    4   27    1    3   36    3    2    0       578   -4   -1   -8    5    7    7  -11   13   -7  -14   -9   -2    9    4    9   19    6  -13
    1    5    1    1    1   42    3    1    1       997   -1    0  -14   12    1    5    4    9  -15  -19    4   17    9  -10    9   10    1  -12
    1    5    2    1    1   39    3    1    1       345   -3    1   -4   12  -13  -10    1   17  -13  -15   -2    4   13   -7   13    7    1    3
    1    5    3    1    2   38    3    1    0       532  -12   -8    8   14   -6   -9    8   -7   -6    4   15   14   14    3  -10    4    8  -14
    1    5    4    1    2   42    3    2    1       442  -16   -6   14   24   -4   -5    6   -5    0   -1   16   10   14    6   -2   10   16  -19
    1    5    5    1    3   37    3    2    0       451   -9   -3    0   10    8   10  -16   11   -4  -23  -14  -13    2    4   19   16    6  -12
    1    5    6    1    2   37    3    3    0       316   -2  -14   -1    7   -6  -11    0   -8   -1   -3   15   15    9    1   -9    2   15  -12
    1    5    7    1    2   40    3    3    0       651  -15   -8    2    7   -8   -9    1   -9   -1   -2   14   16   11    6  -14    4   12   -9
    1    5    8    1    3   39    3    3    1       379   -1   -1    2    1   13    7  -15   18   -3  -21  -12   -1    8    4   23   10    2  -13
    1    5    9    1    1   40    3    3    0       566   -2    0  -12    7   -2   -3   -6    6   -9  -20    3   14    8   -8   14   10   -8   -4
    1    5   10    1    1   43    3    1    1       410    2    4   -6   15   -7    3    3   17  -12  -16    9   13    8  -14   11    8  -11   -4
    1    5   11    1    3   38    3    2    0       342   -4    2  -14   -2   12    6  -15   12   -4  -16  -10   -3    0    2   15   13    3  -13
    1    5   12    1    3   40    3    2    0       450   -3   -2   -9    3   13    5  -14   13   -5  -13  -16    0    5    5   11   18    2  -13
    1    5   13    1    3   45    3    2    0       286   -4   -4   -6    5   14    3  -13   13   -5  -13   -8   -3   10    4    9   11    1  -10
    1    5   14    1    1   37    3    3    0       478    2    1  -11   13   -3    5   -8   24  -13   -5    3   15   13  -11   13    7   -8   -2
    1    5   15    1    3   42    3    3    1       518   -1   -2  -12   12   11    4  -15   10   -4  -14  -10   -4    2   12    8   15   10  -10
    1    5   16    1    3   43    3    3    1       266   -4    3  -17    3    8    1   -5   17    3   -5   -5   -5    8    4   15    7    2  -13
    1    5   17    1    1   45    3    3    0       298   -4    7  -11   14   -2    1   -4   17  -12  -15    5   13    8   -7   10    0   -8   -4
    1    5   18    1    2   43    3    1    0       376  -16  -10    9   14    1  -17   -6   -8    0   -2   16   12   14    5  -21   13   24   -9
    1    5   19    1    3   41    3    1    0       276   -3   -3  -10    7   11    5   -9   10   -8  -23  -10   -2    8    3   19   16   -9  -16
    1    5   20    1    2   44    3    1    0       229   -7    0    6   11    1  -17    3   -8    9   -3   14   15   13    3   -9    6   12  -12
    1    5   21    1    2   39    3    2    1       248  -11   -8    8   17  -15   -3    1  -10   -5    1    6    9   13    6  -20    2   13  -10
    1    5   22    1    2   45    3    2    1       267   -7    1    0   24   -6   -8    2  -11    0   -4    9    9   15    2  -12    9    7  -13
    1    5   23    1    1   44    3    2    0       424   -1    1  -11   14   -9   -1    5   14  -12  -14   -5   22   10   -9   17   11   -3   -9
    1    5   24    1    1   38    3    1    1       224  -13    1   -6    7   -5  -12    8   22  -16  -22    4   15    8  -12   23    4   -2   -2
    1    5   25    1    2   41    3    1    0       292   -6   -6    8   16   -7  -10    5   -6    0    0   16   15   21    9   -9    0   11  -15
    1    5   26    1    1   41    3    1    1       293    1   -5  -11   13   -1   -3   -3   16   -9  -17   15   18   14   -9   16    7   -9   -2
    1    5   27    1    3   44    3    1    0       693    1   -1  -12    9   10    5   -4   20  -15  -22  -14   -3    6    3   13    8   -4   -9
    1    6    1    1    2   47    3    1    0      1924  -12   -9    9   14   -1  -19    0  -12   -2   -2   12   14    9   -2  -16   -3    8  -14
    1    6    2    1    2   48    3    1    0       675  -10  -10   10   14   -8   -7    3  -10    6   -9    9    6   13    0  -10    7    9  -14
    1    6    3    1    3   47    3    2    0       900   -8  -11   -7    5   12    5  -12   14    1   -8   -9    4    6    5   20   13   -3  -15
    1    6    4    1    2   53    3    3    0      1676  -10   -9   10   13   -6  -11    7  -13   -5    2    9   15   12    4  -11    8   22  -10
    1    6    5    1    1   52    3    3    0      1877   -4  -10   -8   12    2    0   -4    9  -13  -19   -3   13    1  -16   14    8  -10  -10
    1    6    6    1    3   46    3    2    0      1060    5    5   -9    8   11    5  -13   12   -7  -14  -16   -1    8    3   22   23   -3  -18
    1    6    7    1    3   49    3    2    0       869    2   -3   -7   10    7    7  -16   15   -3  -16   -4    0    1    8   12   13   -7  -12
    1    6    8    1    3   48    3    1    0       574   -5   -7  -10    9   13    4  -21    6   -3  -16  -12    4    8    4   20   23   -2   -7
    1    6    9    1    3   53    3    1    0       835   -6    5   -9    7   20   -2  -13   14   -9  -16  -14    2   15    0   12   24    1   -8
    1    6   10    1    3   52    3    3    1       349    2    4  -10    7    3    6  -13   13   -5  -15   -8   -7    2    9    7    4    2  -11
    1    6   11    1    1   53    3    3    0       298    2   -6  -10   11  -11   -1   -1   15  -10  -16    5   16    9  -12   15    2   -9   -2
    1    6   12    1    2   50    3    1    0       714  -15   -5    8   13   -2  -11   -2  -14   -1    0   21   18   11   14  -12    6   19  -21
    1    6   13    1    2   46    3    1    0      1034  -11   -7   10   16  -15   -1   -4    0   -9    5   14   13   15    2  -12    9   14  -10
    1    6   14    1    3   54    3    2    0       300   -8    1  -11    4   13    3  -18   17    3  -12   -9   -2    9    8   16   17    0  -13
    1    6   15    1    1   48    3    2    0       252   -2   10   -8    9    2   -2    7   13  -21  -21    5   21   10  -11   18   10   -5   -4
    1    6   16    1    1   47    3    2    0       319  -10   -7   -4   18   -2   -4    4   10  -10  -16    4   16    8  -10   14   11  -14   -2
    1    6   17    1    2   49    3    1    0       382   -9   -7    9   16   -4   -7   -8  -16    3    1   14   14    9    5  -12    7   13  -13
    1    6   18    1    3   50    3    1    0       412   -4   -1    0    8   15    6  -15   12   -4  -15  -10   -3    4    9   15   12   -7  -16
    1    6   19    1    2   52    3    3    0       231   -8  -10   17   10  -14   -1    0   -9    1   -2   15    9   18   -4  -10    7   15   -9
    1    6   20    1    1   51    3    3    0       234    0    2   -7   14   -7   -1   -7   17  -11  -14   -5   19   11  -10    4   -1  -12   -4
    1    6   21    1    1   54    3    2    0       412    3   -2   -8   11   -2   -3    0   10  -10  -15    7   15    8  -11   15    6  -14   -7
    1    6   22    1    2   51    3    1    0       261  -12   -4    6   15  -11   -8    4  -14   -7    4    9   13   19   -3  -15   17    8   -6
    1    6   23    1    2   54    3    1    0       263  -10  -11    3   12    2  -15    1   -8   -6    4   14   15   17   -3  -18   -2   16   -8
    1    6   24    1    1   49    3    1    1       249   -3   -1  -11   12    1   -6    7   13  -19  -10    3   18    6   -6   17   14   -8   -4
    1    6   25    1    3   51    3    1    0       300   -5   -2   -9    7   15    5  -14   18   -5  -10  -11   -8   10    0   16   17    5   -3
    1    6   26    1    1   46    3    2    0       683   -1   -7  -10    7    3    0   -3   12  -10  -15    4   16    9   -9   14    7  -11   -2
    1    6   27    1    1   50    3    1    1       522   -6    5   -2   17   -3   -1    2   19  -10   -9   13   18    8  -10   14    8   -7   -8
    1    7    1    1    1   63    3    1    1      1008   -4    1  -11   12   -5   -4  -12   19  -12  -17    8   13   11  -10   15   14   -9   -2
    1    7    2    1    1   55    3    1    1       373   -2    2  -10   11    5    6   -1   16  -16  -14   15   13    9  -12   14   11  -10   -3
    1    7    3    1    3   56    3    1    0       611   -2   -1   -7    7    9    9  -16   16   -4  -15   -8   -3    4   -2   18   10    3  -12
    1    7    4    1    3   59    3    3    1      1241    1   -5   -9   16   13    5  -13   16   -5  -18   -2   -5   12   10   13   16    7   -3
    1    7    5    1    1   61    3    3    0       561   -2    0  -14   15   -2   -6   -3   16  -13  -15    1    9   19  -17    9   14   -9   -5
    1    7    6    1    3   61    3    2    0       342   -3   -3   -8    6   11    9  -12   15   -6  -14   -7   -6    8   13   13   16    6   -5
    1    7    7    1    2   63    3    3    0       276  -14   -5   18    5  -11   -6    6   -4   -7  -11   22   23   11    3   -5   16   24  -11
    1    7    8    1    3   60    3    3    1       276   -5   -1   -9    6   12    5  -13   13   -5  -15  -10    1    7    3   23   20   -3  -12
    1    7    9    1    3   62    3    3    1       437   -5    0  -17   12   12    7  -17   19   -2  -15  -14    6    8    4   13   15    9  -23
    1    7   10    1    1   58    3    3    0       558   -8    0   -9   11    7    1    6   23  -16  -16   -2   19   10  -13    5    6  -14    7
    1    7   11    1    2   62    3    3    0       434  -10   -8    7   15   -3   -6    3   -8    0   -1    5    7   14    6  -15   -3   18   -6
    1    7   12    1    1   57    3    2    0       251    1    5  -10   13   -7    2    0   19  -21  -25    2   21   18  -20   12   10  -10    0
    1    7   13    1    2   57    3    1    0      1131   -6   -8    7   13   -4   -9    0   -5    6    8    9    5   23    1   -7    8   15  -21
    1    7   14    1    1   62    3    1    1       295   -2   -1  -11   14   -7   -7   -3   15  -11  -13    4   13    4   -7   17   13    0   -2
    1    7   15    1    2   59    3    1    0       279  -13  -10    6   14   -7  -15    9   -8   -2    0    3   17   11    6  -12   15   19  -12
    1    7   16    1    2   61    3    1    0       217  -11  -10    8   14   -7   -9    0  -10   -1    6   12   15   21   11  -17    7   12  -12
    1    7   17    1    3   58    3    1    0       250  -10    6   -3    3   16    2   -9   17  -13  -19   -7   -3    7    5   17   13    2  -15
    1    7   18    1    3   57    3    1    0       188   -6   -1   -1   15    9    7  -15   14   -9  -14   -9   -8    8    4   16   13   -2  -12
    1    7   19    1    3   63    3    1    0       366   -5   -1   -9    5   20    8  -14   12    1  -21   -7    6   10    2    8   22    6  -11
    1    7   20    1    1   60    3    3    0       459    2   -1   -6    6    3    4    8    9  -11  -14    7   12   10  -14   11    9  -17    3
    1    7   21    1    1   59    3    2    0       692   -2    0   -9   11   -3   -7   -1   15  -12  -15   -3    9    8  -12   13    8   -7   -2
    1    7   22    1    1   56    3    2    0       499    0   -5  -11    5  -12   -2    0   16  -12  -14    6   13   11  -10    5    2   -9   -4
    1    7   23    1    2   58    3    1    0       298  -11   -8   13   19   -6  -11    4  -10    4   -6   15   15   14    4  -18    4   15  -11
    1    7   24    1    2   55    3    1    0       253   -5  -14    1   24  -15  -16    3   -3   -5  -10   14   11    7    5   -5   14   13  -11
    1    7   25    1    2   56    3    2    1       222   -6   -4    8   14   -5  -13    0   -8   -1    0   14   11   10    8   -6    3   15  -10
    1    7   26    1    3   55    3    2    0       333   -1    1   -2    9   11    4   -5   19    1   -4   -8   -3    5   13   20   11    6  -20
    1    7   27    1    2   60    3    2    1       204   -7   -9    7   17  -16  -18    5   -6  -11   -1   15   13   13    3  -10    9    5  -17
    1    8    1    1    2   64    3    1    0       956  -13   -8    4   16  -14  -11    3   -8    2   -1   18    9   23    5  -12   17   15  -12
    1    8    2    1    2   68    3    2    1       387  -21    1    8   16   -3  -15   -8   -6    6    2    5   15   13    3  -13    9   17  -16
    1    8    3    1    1   65    3    2    0       385    6    2  -10   13   -2   -3   -2   14   -6  -17    2   16    5  -13   18   11  -10   -3
    1    8    4    1    1   69    3    2    0       463    1    9  -10   11  -10    6   -3   17  -16  -20    6   15    3   -5   17   12  -11    2
    1    8    5    1    1   71    3    1    1       666   -6   -3  -15   12   -2   -5  -12   23   -2  -22    3   14   11  -12   13   10  -11   -4
    1    8    6    1    1   70    3    1    1       492   -4   -2  -15   13  -12   -4   -2   18   -9  -13    9    8    8  -12   13   10   -9   -6
    1    8    7    1    1   72    3    1    1       421   -8    5  -14   17   -4   -9   -2   14  -15  -10    8    7   10  -11    5   11  -19  -11
    1    8    8    1    1   66    3    1    1       337   -5    2  -11    3  -10   -6   -4   15  -12  -11    0   14    8  -13   14   14   -8    2
    1    8    9    1    2   71    3    2    1       593  -14   -1    8   20   -4   -8    6   -9   -2   -2   14   12   12    4   -1    5   17  -17
    1    8   10    1    3   70    3    2    0       326   -4   -7  -18    9   14    4   -4   21  -15  -17   -9    0    6    5   16   13    1  -15
    1    8   11    1    2   69    3    3    0       567  -15   -6   17   22   -8   -2    5  -10   -2   -2   12   14   10    2  -11    6   13  -12
    1    8   12    1    3   69    3    1    0      1258   -2   -1   -3    5    3    8  -12   16   -4   -7   -8   -8    5    5   17   12    1  -12
    1    8   13    1    2   65    3    3    0       401  -10  -10    9   10   -5  -10    4   -4   -8   -4   23   24   12    4  -11    1   12   -9
    1    8   14    1    2   72    3    3    0       719   -6  -13    7   15  -16   -7    8   -3   -5    9   21   21   13    7   -9    6   12   -4
    1    8   15    1    1   64    3    3    0       303    0   -9  -10   14  -11    6   -1   16  -19  -23    6   14    4  -10   16    2  -10   -2
    1    8   16    1    1   67    3    3    0       252   -2   -2    0    4   -4   -4   -2   12   -5  -22    6   14   10  -11   12   10  -11    7
    1    8   17    1    3   65    3    3    1       286   -3   -5   -3    2    9    1  -15   14   -8  -18   -4   -3    7    3   15   16    0  -13
    1    8   18    1    3   64    3    3    1       350  -10   -8  -18    3   11    7  -21   23    0  -12   -9   -5    9    6   16   13   -5   -9
    1    8   19    1    3   71    3    3    1       332   -8    3   -6   14   16    8  -15    9    4   -9   -9   -1    7    3   12   17   11  -21
    1    8   20    1    3   66    3    3    1       284   -8    2  -16   13   11    5  -14   12   -4  -15   -1    4   -1    8   15    7    1   -8
    1    8   21    1    1   68    3    1    1       284   -1   -1   -6   10   -4   -2    6   24  -13  -20    3   16   13  -14   14   10  -12   -3
    1    8   22    1    3   72    3    1    0       461    6   -4   -6    7   12    3  -19    4   -9  -19   -7   -3    7    5   19   14    2  -11
    1    8   23    1    2   66    3    3    0       565  -16   -6   14   17   -5   -5    3   -8    1   -2   13   13   21   14  -16   12   13  -11
    1    8   24    1    2   70    3    2    1       459  -12   -8    9   18   -7   -8    2  -11    4   -2   12   12    4    8  -14    4   19  -16
    1    8   25    1    2   67    3    2    1       357  -11   -7   -2    9   -7   -8   12    0   -2   -8   11   17    8    3  -13    9    8  -16
    1    8   26    1    3   68    3    2    0       259   -4    1   -8    8   17    6  -12   12   -4  -14   -1  -13    8    4   15   13   -5   -5
    1    8   27    1    3   67    3    2    0       310  -12    8  -13    5   17    8  -13   10   -3  -18   -8   -2   10    9   15   13    4  -18
    1    9    1    1    1   77    3    1    1      1508   -6    2   -2   18   -1    1    8   11   -8  -19    2   10    8  -10   14   10   -2   -9
    1    9    2    1    3   79    3    1    0       326   -2   -3   -5   11   10    6  -17   11   -7  -13   -7   -3    7    3    4   18    0  -13
    1    9    3    1    2   78    3    1    0       548   -3  -12    8   14   -9  -12    1   -4    0    4   12   15    8   -1  -12    8   13  -12
    1    9    4    1    2   76    3    1    0       372  -12   -7    8   17   -7   -9    1   -8   -9   -2   11   14   13    3  -12    7   17  -14
    1    9    5    1    3   78    3    1    0       319   -9    0   -8    5   13    3  -16   19   -7  -16   -5    1    7    3   10   10   -7  -20
    1    9    6    1    1   78    3    1    1       334   -7   -2  -11   12   -3   -6    0   24  -16  -19    3   13   10  -11    5   17  -13   -7
    1    9    7    1    3   74    3    1    0       442   -4   -3  -18   10   11    5  -15   15   -4  -12   -8   -4   17    2   22    8    5  -15
    1    9    8    1    3   81    3    1    0       323   -5   -1  -16   -1   11    4  -13   15   -7   -9   -8   -3    8    4   13   12    0  -13
    1    9    9    1    3   80    3    2    0       290    1   -9   -7    0    8    2  -12   18   -8  -14   -8   -2   -1   11   13   14    2  -13
    1    9   10    1    1   81    3    2    0       272   -3    2   -8   12   -3   -8    8   23   -9  -14    4   14   11  -14   20    2   -5   -2
    1    9   11    1    1   80    3    2    0       448   -1    7  -20    5   -3   -2   -1   15  -21  -19    5   15    8   -9    6   13   -9   -1
    1    9   12    1    2   77    3    2    1       360   -9   -5    6    9    3   -3   11   -3   -6   -5   12   11   14    4  -12    8   13  -10
    1    9   13    1    2   75    3    2    1       372   -2  -12   12   15   -8  -11    2  -10    1    6   14   14   16   -2  -10    8    9  -10
    1    9   14    1    2   81    3    2    1       319  -13  -15   12   18   -7  -13    3   -7   -4  -11   11   14   12    4  -21    6   14  -10
    1    9   15    1    3   77    3    2    0       270   -7    5  -12    4   15    4  -17   13   -6  -13   -9   -2    1    9   20   19    4  -13
    1    9   16    1    2   80    3    2    1       239  -10  -10    9   12   -7   -9    4  -18   -1    0   15   14   13    2  -11    6   15   -6
    1    9   17    1    2   74    3    2    1       194  -17   -3    7   17   -6  -11    3   -7    1   -2    4   18   12    4  -10   -2   15  -12
    1    9   18    1    2   73    3    2    1       308   -9  -10    3   24   -7  -14    2  -10   -3   -6    4   16   19   11   -8    2    8  -13
    1    9   19    1    2   79    3    2    1       241   -2  -13   -2   10   -2   -5   12  -10   -3    1   11   13   14    6  -11   10    9  -17
    1    9   20    1    1   73    3    2    0       338   -7    5  -15    7   -2   -3   -1   15   -9  -19    0   12    8  -11   12    9   -9   -5
    1    9   21    1    3   76    3    3    1       332   -3   -2   -8   10   15    4  -12    9   -1  -17    0   -4    7    5   14   15    2  -13
    1    9   22    1    1   75    3    3    0       475   -5   -1  -20   15    7   -2   -5    9  -16  -15   -4    4   11  -10   15   11   -8   -4
    1    9   23    1    1   74    3    3    0       322   -3    1   -9    7    0    6   -4   13  -20  -23   12   13   10  -11   14    7  -11   -2
    1    9   24    1    3   75    3    1    0       513    1   -6   -8    5   17    6  -16    5   -5  -13  -10   -4    6    5   14   13    0  -21
    1    9   25    1    1   79    3    1    1       344   -4    2   -8   11   -5   -3    5    6   -6  -22    6   23   14   -9   12    9  -17    1
    1    9   26    1    3   73    3    1    0       521   -3   -2   -7   10   18    8  -17   15   -5  -16   -8    6    7   14   12   16   -3  -13
    1    9   27    1    1   76    3    1    1       338  -11   10  -14   22   -2   -4   -9   12  -10  -15    7   11    9  -10   18    1  -16   -5
    1   10    1    1    2   86    3    3    0      1791  -15  -10    7   24   -4   -5    2  -12    4    0   17   16   13    7  -11    8   11  -10
    1   10    2    1    3   82    3    3    1     12082   -7   -2  -17    9    5    6   -5    9  -13   -9   -9   -4    2    4   13   17   -5  -15
    1   10    3    1    1   87    3    3    0        12   -4    5  -10   11    6   -2   -4   14  -16  -12    4   15   10  -13   22   13  -14    0
    1   10    4    1    2   87    3    1    0       328  -11   -8    4   24   -8   -9    8   -8   -8    1   16   11   10   -2  -10    7   15   -8
    1   10    5    1    3   84    3    1    0      1301   -2   -1   -9    7   10    3  -12   12   -6  -13   -2    5    7    3    4    9    2   -3
    1   10    6    1    1   85    3    1    1       185   -2    1   -5   10  -11    2   -3   17  -12  -17    0   18   13  -13   18   19   -8   -4
    1   10    7    1    2   83    3    3    0       332  -13   -8   10   14  -11   -6    2   -8    3   -3   15   13   13    5   -1   -2   13  -11
    1   10    8    1    2   82    3    2    1       249  -15  -17    6   15  -10  -13    0    1   -2    0   22   24   17    8  -11   10   14  -12
    1   10    9    1    3   90    3    3    1       265   -5   -2   -7    8   15    3   -4   11   -2  -10   -8    3    7    3   10    8    2  -19
    1   10   10    1    2   85    3    2    1       301  -12  -11    8   13   -7   -8    7   -5  -10    3   10   12   14    4   -5    6   16  -13
    1   10   11    1    2   90    3    2    1        63   -3   -1    7   18   -7  -11    1   -4    5    7   19    6   12    8  -12    8    7   -5
    1   10   12    1    1   83    3    1    1       173   -5    0   -3    9   -2   -3    5   17  -17  -13   -5    8    5   -9   13    8   -8   -1
    1   10   13    1    1   90    3    1    1       302    4   -9   -8   21   -1   -5   -5   16  -14  -18   -2    5   14  -10   22   19   -3  -12
    1   10   14    1    3   86    3    2    0       431   -5    0   -8    6   20    1  -19   11    2  -14  -10   -2    6    5   10   11   -1  -13
    1   10   15    1    3   83    3    2    0       279   -3    8    0   16   10    4  -15   12   -5  -15   -9   -4    7    6   19   10   -3   -6
    1   10   16    1    3   88    3    2    0       311    2    8  -15    1   11    5   -7   11  -12  -12  -18   -9    7    3   22    4   -1  -11
    1   10   17    1    1   84    3    2    0       277   -2    0  -12   11    7    2    1   18  -14  -22   12   22   10  -11   16    5  -16   -1
    1   10   18    1    1   82    3    2    0       213  -13    8  -11   12    6    2   -4   12  -11  -20   10   16   18   -9    9   10   -1   -8
    1   10   19    1    1   89    3    2    0       199   -4  -10   -6   16    5  -10    5   20  -16  -24    5   16   12  -13   19    7  -12   -3
    1   10   20    1    1   86    3    3    0       392  -11    4   -8    8   -3   -2   -1    9  -14   -7    1   13    5   -6   13   13   -7   -3
    1   10   21    1    2   88    3    3    0       290   -8  -16    4   12   -6   -9    2  -10  -10    8   11   10    8    0  -15   -3   11   -8
    1   10   22    1    2   84    3    1    0      1040  -19   -5    2   10   -5  -11    0   -9    9    6   18   13   12    2  -15    8    4   -5
    1   10   23    1    3   89    3    2    0       305   -2    5   -7    8   13    4  -17   18   -6  -14  -19   -7    5   -1    9    4    5  -11
    1   10   24    1    3   85    3    2    0       366   -3    2   -7   11    3    4  -15   15   -1  -17   -8   -4    0   12    4   19   -9  -19
    1   10   25    1    2   89    3    3    0       265   -9   -4    3   12   -3  -20    1  -11   -2   -1   13   13    5   -3  -21   13   12  -12
    1   10   26    1    3   87    3    3    1       395    6   -9  -17   16   15    0  -24   17   -6  -18  -12   -8    6    4   20   21    2  -14
    1   10   27    1    1   88    3    3    0       484   -2    0  -11   10    0   -7    0    8  -15  -13    6   16    9  -12   14   11  -10   -3
    2    1    1    5    1    1    3    1    1      3812   -4   -6   -9   12   -2   -4    4   11  -10  -22    4   14    3   -8   20    2  -10   -3
    2    1    2    4    2    3    2    1    0      1017  -21  -17   10   13   -4   -8    3   -9    1   -3   14   14   11    3  -15    3   14  -12
    2    1    3    5    1    3    3    3    0      1181   -3    1  -19   11   -4   -3    2   11  -12  -17   -4   24   10  -12    9   12   -9   -5
    2    1    4    3    1    2    1    3    0       714   -3    0  -10   12   -3   -3   -2   16  -11  -15    5   13    9  -10   15   11   -9   -3
    2    1    5    1    2    2    3    2    1       952  -13   -7    1   22  -12   -2   -3   -8    0    3   18   14   11    6   -1   -2   10  -16
    2    1    6    1    1   15    3    2    0       830   -3  -10  -15   11    1   -7    3   11   -9  -11    9    5    7  -10   14    9   -9   -2
    2    1    7    1    3   23    3    1    0      1177  -11    6  -18   -3   10    3  -19   12   -6  -13  -12   -7    8    5   10   10    9   -8
    2    1    8    3    1    1    1    3    0      1270   -2   -1  -10   13   -4   -2   -6   16  -10  -15    6   14    8  -10   12    9   -9   -3
    2    1    9    1    1   29    3    3    0       961   -7   -6  -16   20    5   -3    3   19   -6  -11    2   17   19  -13   23   14  -17   -5
    2    1   10    1    1   40    3    2    0      1721   -2    0  -12    7   -2   -3   -6    6   -9  -20    3   14    8   -8   14   10   -8   -4
    2    1   11    5    2    3    3    2    1       799   -8  -11    7   13   -1   -8   -4   -8  -10   -5   13   17   12    3  -16    5    4  -15
    2    1   12    5    3    1    3    3    1      1242  -12  -10  -12   11   12    0   -4   15   -3  -19   -9   -2   12   14   15   14   -1  -11
    2    1   13    5    3    9    3    1    0       709   -3   -2   -4    2    8    2   -5   22   -8   -4  -14  -13    2   13   15   14    8   -4
    2    1   14    5    2    6    3    1    0       547  -19    1    8   14    0  -16   -5  -19   -1   -5   11   15   13    3  -11    6   15  -14
    2    1   15    4    3    2    2    3    1      1208   -4   -3   -7    6   10    5  -15   16   -3  -12  -10   -2    5    5   18   11    1  -14
    2    1   16    1    2   50    3    2    1       660  -15   -5    8   13   -2  -11   -2  -14   -1    0   21   18   11   14  -12    6   19  -21
    2    1   17    5    1    9    3    2    0       758   -4    0  -14   19   -9    3    0   18  -15  -14    7   14    8   -9    7   19  -10   -3
    2    1   18    1    3   57    3    3    1       980   -6   -1   -1   15    9    7  -15   14   -9  -14   -9   -8    8    4   16   13   -2  -12
    2    1   19    4    1    5    2    1    1       762  -10   -6   -8   10   -2   -5   -4   16  -12  -17    5   13    7  -10   12   10   -9   -1
    2    1   20    5    1    2    3    1    1       599    2   -2  -12    7   -2    1   -1   14  -10  -14    5   13   13   -9   14    7  -16    6
    2    1   21    1    1   72    3    3    0       506   -8    5  -14   17   -4   -9   -2   14  -15  -10    8    7   10  -11    5   11  -19  -11
    2    1   22    1    2   79    3    2    1       481   -2  -13   -2   10   -2   -5   12  -10   -3    1   11   13   14    6  -11   10    9  -17
    2    1   23    5    2    8    3    3    0       537   -9  -11    9    7  -13   -7    2  -11    3   -3   17   15   12    4   -9    6    9  -12
    2    1   24    3    3    1    1    1    0       591   -4   -3  -10    7   12    4  -15   15   -4  -14   -9   -3    7    4   13   14    1  -12
    2    1   25    1    2   87    3    1    0       564  -11   -8    4   24   -8   -9    8   -8   -8    1   16   11   10   -2  -10    7   15   -8
    2    1   26    1    1    5    3    1    1       775   -5    2   -8   13   -3   -4   -6   10  -12  -11    3   16    5  -20   16    7   -8   -1
    2    1   27    5    2    4    3    3    0       642   -2   -8    0   13   -7  -10    7  -13    1    1   20   15   13    2  -21   10   15  -10
    2    1   28    5    3    3    3    1    0       515   -5   -3   -9    5   11    0  -13   12  -10  -18  -10   -5    1    8   20   21    7  -11
    2    1   29    1    3   18    3    2    0       634   -2    2   -7    8    8    5  -11   10  -15   -5   -4   -6    3    8   16   18   -1  -15
    2    1   30    5    3    6    3    3    1       588  -14    8   -6    5    6   14  -13   20   -6  -12   -5   -2    5    4    9   17    6  -15
    2    1   31    1    2   22    3    1    0       688  -15   -8   11   13   -2  -17    2  -10  -11    7   10   11    8    4   -8    9   10  -15
    2    1   32    1    1   34    3    2    0       560   -4    1  -10   11    4   -1   -1   18   -9  -12    0   23   11  -12   13    4  -11   -4
    2    1   33    4    1    3    2    1    1       325   -1   -2  -10   13   -7   -8   -1   16  -11  -17   10   14    9   -8   11    8   -8   -5
    2    1   34    3    2    3    1    3    0       434  -11   -9    6   14   -6  -10    1  -10   -2    0   13   14   13    4  -10    7   15  -11
    2    1   35    1    2   45    3    2    1       734   -7    1    0   24   -6   -8    2  -11    0   -4    9    9   15    2  -12    9    7  -13
    2    1   36    1    3   49    3    2    0       236    2   -3   -7   10    7    7  -16   15   -3  -16   -4    0    1    8   12   13   -7  -12
    2    1   37    1    3   55    3    3    1       559   -1    1   -2    9   11    4   -5   19    1   -4   -8   -3    5   13   20   11    6  -20
    2    1   38    5    3    5    3    3    1       274   -3   -1  -11    8   14    2  -12   22   -7  -14   -5  -12   -1   -4   14   13    0  -16
    2    1   39    3    3    2    1    3    1       196   -3   -2   -8    6   12    4  -14   14   -5  -14   -9   -3    8    3   14   14    0  -12
    2    1   40    4    2    1    2    3    0       357  -16  -13    9   14   -6  -11    3  -11   -1    0   12   14    3   -3  -14    2   12  -10
    2    1   41    5    3    4    3    1    0       259  -13   -5   -7    6   14    3  -11   11   -5  -16   -6    1   16    9    8   19    2  -11
    2    1   42    5    3    2    3    1    0       405    6   -1   -9    8   14    3  -13   13  -10  -15   -7   -3    7    2   15   14    0  -12
    2    1   43    4    3    1    2    2    0       274   -4   -3   -6    7   13    2  -15   12   -6  -12  -10   -2    6    5   14   13    1  -12
    2    1   44    2    1    0    0    3    0       274   -3    0  -10   12   -3   -3   -2   16  -11  -15    5   14    9  -11   13    9   -9   -3
    2    1   45    4    1    4    2    1    1       292   -5   -2  -10   10   -1   -2    2   13  -12  -14    6   15   10  -11   13    8   -9   -1
    2    1   46    3    3    3    1    1    0       291   -3   -2   -9    8   12    2  -15   15   -5  -14   -9   -2    7    4   10   11    1  -13
    2    1   47    4    1    1    2    1    1       196   -8    5  -12   11    5   -2   -4   17   -6   -7    6   13   10  -12   13   10  -11   -2
    2    1   48    4    3    5    2    2    0       278   -3   -3   -8    9   18   13  -13    5   -6  -16   -8    0   10    8   14   15    4  -17
    2    1   49    4    2    4    2    1    0       374  -12   -9    6   17   -4  -13    4  -19   -2   -2   15   10   15   -1  -10    8   14   -9
    2    1   50    2    3    0    0    3    1       386   -4   -2   -8    7   12    4  -14   14   -5  -14   -9   -3    7    4   14   14    1  -13
    2    1   51    3    2    1    1    3    0       556  -11   -8    9   14   -3   -9    2   -9   -2   -1   14   13   12    5  -10    8   14  -12
    2    1   52    3    1    3    1    3    0       191   -2    0  -10   12   -3   -3   -2   16  -11  -15    4   14    7  -10    4    2  -10   -2
    2    1   53    5    1    6    3    2    0       431   -3   -1   -5   21   -8   -5   -7   18  -11  -20    8   10    5  -16   18   10  -10   -4
    2    1   54    5    2    5    3    3    0       422   -8   -8    3   19   -1   -7    5   -6   -9    9   12   14   14    2   -8    6   17  -13
    2    1   55    1    2   71    3    1    0       269  -14   -1    8   20   -4   -8    6   -9   -2   -2   14   12   12    4   -1    5   17  -17
    2    1   56    1    2   73    3    3    0       364   -9  -10    3   24   -7  -14    2  -10   -3   -6    4   16   19   11   -8    2    8  -13
    2    1   57    4    3    6    2    2    0       375   -5   -1   -6    6   13    6   -8   13   -3  -12   -9   -4    7    3   14   13    1  -12
    2    1   58    4    1    6    2    1    1       320   -1    0   -9   12   -5   -2   -4   11  -11  -14    6   13   11  -12    6   16  -10   -3
    2    1   59    5    1    7    3    3    0       284    7   -5   -9   11   -7  -12   -2   14  -13  -15    4   13    7  -14   14   15  -11   -4
    2    1   60    1    1   84    3    2    0       666   -2    0  -12   11    7    2    1   18  -14  -22   12   22   10  -11   16    5  -16   -1
    2    1   61    2    2    0    0    3    0       363  -11   -9    8   15   -6  -10    2   -9   -1   -1   13   14   13    4  -11    7   14  -11
    2    1   62    4    1    2    2    1    1         0   -2   -1   -9   11   -8   -5   -7   14  -12  -13    7   13    9   -9    8    7  -10   -4
    2    1   63    1    3   20    3    2    0         0  -13    8   -7    6   17    1  -16    9   -5  -16  -11   -5    7    5   14   13    2  -13
    2    1   64    4    3    3    2    3    1       266   -4   -3   -7    8   14    5  -13   14   -3  -16   -8   -1    8    5   13   14    0  -15
    2    1   65    5    1    4    3    1    1        42   -4   -2  -20   19    6   -3    5    7  -16  -15    6   13    7  -12   20   12  -10   -4
    2    1   66    1    1   64    3    2    0         0    0   -9  -10   14  -11    6   -1   16  -19  -23    6   14    4  -10   16    2  -10   -2
    2    1   67    1    3   61    3    1    0        14   -3   -3   -8    6   11    9  -12   15   -6  -14   -7   -6    8   13   13   16    6   -5
    2    1   68    4    3    4    2    1    0         0   -3   -1   -6    5   12    3  -16   15   -3  -18   -9   -2    8    2   14   15    0  -18
    2    1   69    4    2    6    2    3    0       183   -9   -7    7   16   -6   -9   -2  -16   -3    0   12   12   11    3  -10    9   19  -18
    2    1   70    1    1    8    3    3    0       171   -5   -1   -9   14   -1   -4  -10   23  -11  -17   12    6    9  -12   14    3   -4   -3
    2    1   71    1    2   30    3    2    1         0  -11  -10   14   20    4  -20   -8   -8   -2   -1   13   12   14    6  -15    9    6  -16
    2    1   72    4    2    2    2    3    0       170  -11   -8   10   14   -7   -9    0   -7    0    0   12   15   13    5  -10    6   13  -11
    2    1   73    5    2    2    3    3    0         0   -4  -16   11   20   -5  -12    2  -10    9    6   13    7   16   -2  -12    7   13  -10
    2    1   74    3    2    2    1    3    0         0  -11   -9   10   16   -6  -10    1   -9   -1    0   14   15   14    4  -11    7   13  -11
    2    1   75    5    1    5    3    3    0       339   -4    1  -12   15   -4   -7   -1   16   -9  -17    6   14   10  -12   12   10   -8   -2
    2    1   76    5    3    8    3    1    0       383   -1    8   -9    7   11    8  -10   14  -10  -16   -8   -3    8    0   20   23   -5   -3
    2    1   77    1    3   89    3    1    0       409   -2    5   -7    8   13    4  -17   18   -6  -14  -19   -7    5   -1    9    4    5  -11
    2    1   78    5    2    1    3    1    0       546   -6   -2    9   14   -5   -9   -2   -5   -5    0    3   22   14    3  -14   -2   19   -2
    2    1   79    5    3    7    3    1    0       385   -1    0   -5    3    7    8  -18    8  -13  -20  -10   -2   -1    6   14   15   -2  -14
    2    1   80    5    2    9    3    2    1       299   -9   -4   13   12    3  -10   -4   -2  -11   -5   15   14   10    8  -12    8    9   -6
    2    1   81    1    3   51    3    3    1       285   -5   -2   -9    7   15    5  -14   18   -5  -10  -11   -8   10    0   16   17    5   -3
    2    1   82    4    2    5    2    3    0       237  -12   -9    9   17   -7   -8    3  -10    0    0   17    8   12    6  -11    6   14  -13
    2    1   83    5    1    8    3    3    0       861   -7    9   -5    7   -3   -5   -9   13   -7  -19    0   20    9   -7   18   18  -12   -5
    2    1   84    5    2    7    3    3    0         0  -16   -7    9   17    1   -6    3   -9    0   -4   14   13   13    5  -21    8   15  -14
