    1    1    1    1    2    6    1    2    1      6351    3    6   14    4  -14   -5   15    8    6  -12   -2   16   -3   -7   -6   -3    9  -10
    1    1    2    1    1    6    1    3    0      6943  -12   17    1    1    3   10   -2    2  -13   -8   -7    9   -1   -1    9    1   -1  -15
    1    1    3    1    1    2    1    3    0      4516  -13   17   -5    4    3   10   -2    2   -4   -4   -8    7   -1   -1   10    1   -3  -15
    1    1    4    1    2    7    1    3    0      1563    3    6   14    3  -13   -4   11    9    7  -12   -2   16   -3   -6   -6   -2    9  -11
    1    1    5    1    1    1    1    1    1      1353  -17   20    1    1    4    9    3   11  -11  -10   -7    9   -2   -2   10   -1   -3  -14
    1    1    6    1    3    6    1    2    0      2046    3   -5    0   11    0   -7    6   -9   -6   -6   -8   17    1    9    2    6    7   12
    1    1    7    1    1    4    1    1    1      1224  -12   16    0    0    3   11   -2    2  -12   -9   -8    9   -1   -6   10    0   -2  -15
    1    1    8    1    3    8    1    3    1      1346   -2   -1    0   11   -1   -5    7  -10   -5   -6   -2   13    6   16    3    4    7   12
    1    1    9    1    1    5    1    2    0      1799  -21    9    1    2    4   11   -3    4  -12   -9   -8    7   -2   -1   10    0   -2  -15
    1    1   10    1    3    7    1    2    0      1226   -2   -1   -1   11    0   -6   14  -15   -5   -4   -2   13    3    8    4    6    7   12
    1    1   11    1    2    2    1    2    1      2116    3    5   14    4  -14   -4   12    8    6  -11  -13   18   -2   -7   -7   -3    9  -11
    1    1   12    1    1    8    1    1    1       923  -11   15    1    1    2   10   -3    2  -12   -9   -7    8   -2   -1    8    1   -5  -14
    1    1   13    1    1    3    1    1    1       849  -12   16    0    1    3   10   -2    3  -20  -14   -7    7   -1   -1   10    1   -2  -15
    1    1   14    1    2    3    1    3    0       937    4    5   13    3  -12   -5   11    9    4  -16   -5   17   -4   -7   -6   -3    8   -9
    1    1   15    1    3    2    1    3    1      3838   -1    0   -1   11    0   -6   13  -17   -4   -5    0   14    3    6    4    3    7   12
    1    1   16    1    3    9    1    2    0      3296   -2    1    0   12    2   -9    6  -10   -4   -4   -2   14    6    8   -6   -3    9    7
    1    1   17    1    3    4    1    1    0      1256   -1    0    0   11   -2   -5    5  -10   -5   -5    0   16    5    7    3    9    7   11
    1    1   18    1    2    8    1    2    1      1057    4    6   13    4  -12   -4   10    9    4  -16   -4   16   -3   -7   -4   -3    8  -10
    1    1   19    1    3    3    1    1    0       946   -1   -2   -1   10   -1   -5    6  -10   -5   -5   -2   13    5    7    2    4    7   12
    1    1   20    1    3    5    1    3    1      1224    0    0    1   11    9    3    6  -11   -6   -5   -2   14    5    7    3    4    8   14
    1    1   21    1    2    5    1    3    0      2226    4    5   21    4  -12   -5   11    8    5  -11   -3   15   -3   -7   -7   -3    9  -10
    1    1   22    1    2    9    1    2    1      2470    4    5   13    5  -13   -4   11    8    2  -12   -4   15   -3   -6   -7   -4    9  -10
    1    1   23    1    1    9    1    1    1       654  -12   16    1    2    3    9    2   -1  -11  -10   -7    9   -1   -1    9    0   -1  -14
    1    1   24    1    1    7    1    1    1       782  -12   16   -1    1    2    9   -2    3  -13  -10   -7    9    0   -2    8    0   -2  -14
    1    1   25    1    3    1    1    3    1      1498   -1    0    0   14   -1   -7    6  -10   -5   -5   -3   15    5    7    4    5    7   13
    1    1   26    1    2    4    1    1    0      3386    3    6   23   12  -13   -4   11   10    7  -11   -4   15    2   -1   -9   -5   10  -10
    1    1   27    1    2    1    1    3    0      1854    7    7   15    3  -12   -5   11    8    6  -13   -4   16   -3   -6   -5   -5    9  -11
    1    2    1    1    1   18    1    1    1      2015  -13   16   -1    4    4   10   -2    2  -12   -9   -7    8    7   -7    9    0   -1  -16
    1    2    2    1    2   14    1    3    0      2203    5    5   13    3  -13   -4   11    8    7  -13   -3   16   -3   -6   -6   -3    8  -10
    1    2    3    1    2   12    1    2    1      1151    3    5   14    4  -12   -4   11    8    6  -12   -4   16   -2   -7   -7   -3   10  -10
    1    2    4    1    3   17    1    2    0      3292    0    0    0   12   -2   -5    6  -10   -4   -6   -2   13    5    7   14    1    8   13
    1    2    5    1    3   10    1    3    1       804    4    8   -2   10   -1   -6    6  -10   -5   -5   -3   15    6    9    4    5    7   12
    1    2    6    1    3   15    1    3    1      1406   -2    0    0   10    0   -6    6   -9  -15    4   -1   14    5    7    5    4    7   12
    1    2    7    1    3   11    1    2    0      1538    5   -3    0   10   -1   -6    6  -11   -9   -6    5    7   13    9    4    5    6   13
    1    2    8    1    1   15    1    1    1       719  -12   16    0    0    4   10   -2    2  -12  -12   -7    9   -2   -1    8   -1   -3  -14
    1    2    9    1    1   10    1    1    1       670  -12   16    1   -1    2    9   -2    2  -12   -9   -7    9   -1   -2   10   -1   -1  -16
    1    2   10    1    3   16    1    3    1      2380   -2   -1    1   10   -1   -6    6  -11   -6   -4   -2   14    3    7    3    4    8   11
    1    2   11    1    1   11    1    1    1      1976   -9   11    7    1    2   10   -3    1  -13   -8   -7    9   -2   -1   10    1   -2  -15
    1    2   12    1    1   14    1    1    1       691  -12   16    3   -1    2   10   -2    2  -11   -9   -7    9    0   -1    8    0   -3  -14
    1    2   13    1    2   13    1    2    1      1442    3    5   14    4  -14   -3   11    9    6  -12   -4   16   -4   -7   -6   -3    9  -11
    1    2   14    1    3   13    1    3    1      1013   -1    1    1   10   -1   -7    7   -8   -5   -5   -2   14    6    7    5    4    8   11
    1    2   15    1    3   18    1    3    1       825   -1    0    0   11    0   -6    6  -11   -9    5   -3   14    5    8    5    4    7   12
    1    2   16    1    1   16    1    3    0      1619  -12   16    0    1    5   18   -2    2  -13   -9   -6    9    7   -3    9    1   -3  -14
    1    2   17    1    2   11    1    2    1      1102    3    4   13    4  -13   -4   10    9    6  -12   -5   15   -3   -6   -7   -3    8  -10
    1    2   18    1    2   18    1    1    0      1469    4    5   15    4  -12   -5   12    8    7  -13   -4   16   -4   -7   -5   -3    8  -10
    1    2   19    1    3   12    1    3    1      2879   -2    2   -1   12   -2   -7    7  -11   -5   -5   -3   14    8    6    4    6    7   12
    1    2   20    1    2   16    1    2    1      1336    4    6   14    4  -13   -4   12    3    7  -12   -4   16   -3   -6   -9   -1   10  -11
    1    2   21    1    1   13    1    1    1       605  -11   17    1    1    3   10   -3    2  -12   -9   -7   10   -1   -1    9    0   -1  -13
    1    2   22    1    2   17    1    3    0      2447    5    6   13    3  -13   -4   11    9    5  -13   -4   16   -2   -5   -6   -3    9  -10
    1    2   23    1    1   12    1    1    1       904  -12   16    0    1    2   10   -2    3  -10  -11   -5   -1    0   -2    9    0   -2  -14
    1    2   24    1    2   10    1    2    1       831    4    5   14    4  -13   -4   10    9    6  -11   -3   16   -3   -6   -6   -3    9  -10
    1    2   25    1    2   15    1    1    0       921    4    5   14    6  -13   -4    9    7    7  -16   -4   16   -4   -5    1    0   10   -9
    1    2   26    1    3   14    1    3    1       817   -1   -1   -1   12   -1   -6    6  -10   -5   -5   -2   14    6    7    4    6    8   12
    1    2   27    1    1   17    1    1    1       604  -12   16    1   10    9    7   -2    2  -13   -8   -8   10   -1    0    9    0   -1  -15
    1    3    1    1    3   27    1    3    1      2271   -1   -1    0   12   -2   -6    5  -11   -5   -5   -2   14    5    8    5    5    7   13
    1    3    2    1    3   24    1    3    1      2591   -2    1   -1   11    0   -6    5  -10   -6   -4    0   13    5    6    8    6    8   11
    1    3    3    1    3   23    1    3    1       787   -2    1   -1   11   -1   -7    6  -10   -5   -5   -2   15    5    7    4    5    6   11
    1    3    4    1    2   26    1    1    0      1023   10   -2   13    4  -13   -3   11    9    6  -12   -4   16   -3   -5   -6   -3    9  -10
    1    3    5    1    2   24    1    2    1      1091    5    6    6   14  -14   -4   12   11    7  -12   -7   13   -3   -6  -10   -9    8   -9
    1    3    6    1    1   20    1    1    1       612  -10   16    0    1    4   10   -2    2  -13   -8   -6    8   -2   -1    8    1   -3  -14
    1    3    7    1    1   23    1    1    1       567  -12   16    1   -1    2   10   -3    1  -13   -9   -7    9   -1   -2    8    1   -2  -15
    1    3    8    1    1   26    1    1    1       525  -12   16    1    0   -2   18   -2    2  -12   -9   -8    9   -2   -1    8    1   -2  -14
    1    3    9    1    2   21    1    2    1       867    4    5   13    5  -11  -10   12   10    6  -13   -6   16   -3   -6   -6   -3    9  -10
    1    3   10    1    3   25    1    3    1       813   -2    1   -1   11   -1   -6    5  -10   -4   -4   -2   14    5    7    4    4    7   12
    1    3   11    1    2   23    1    2    1       953    4    5   15    4  -11   -6   11    9    6  -13   -5   17   -4   -7  -14   -8    9  -10
    1    3   12    1    3   21    1    3    1      1022    0   -1    0   11   -1   -5    5   -9   -4   -3   -2   15    4    8    4    5    7   11
    1    3   13    1    3   19    1    3    1       977   -1    1    0   12   -1   -6    5  -10   -5   -5   -1   15    6    8    4    5    7   11
    1    3   14    1    1   27    1    1    1      1014  -11   16    0    1   -2   10   -3    2  -12   -9   -8    6   -1   -1    9    0   -3  -15
    1    3   15    1    3   20    1    3    1       841   -2    0    0   11    0   -7    6  -10   -5   -4   -2   14    5    7    4    5    8   11
    1    3   16    1    2   22    1    2    1      1155    4    5   13    4  -13   -3   11    9    6  -12   -3   15   -3   -6   -7   -2    9  -10
    1    3   17    1    2   20    1    1    0      1520    5    5   15   -1  -12   -5   11    9    6  -14  -14   12   -4   -6   -6   -4    6  -10
    1    3   18    1    3   22    1    3    1      1168   -2    0    1   11   -1   -6    5  -10   -5   -5   -3   13    4    8    5    4    7   12
    1    3   19    1    2   27    1    2    1      1438    4    5   15    2  -13   -4   11    9    8  -10   -2   23   -1   -6   -6   -3   10   -8
    1    3   20    1    2   19    1    2    1       992    3    5   13    3  -13   -4   11   10    7  -12   -3   17   -4   -6   -7   -2    8   -9
    1    3   21    1    1   22    1    1    1       644  -13   17    0    1    3   10   -2    3  -12   -9   -7   10   -7    4    8    1   -2  -16
    1    3   22    1    2   25    1    2    1      2468    3    5   13    4  -13   -3   10    9    5  -11   -3   12   -2   -6   -5   -3   11  -10
    1    3   23    1    3   26    1    3    1       701   -1    0    0   11   -1   -6    5   -9   -5   -5   -4   14    5    7    5    4    8   11
    1    3   24    1    1   24    1    1    1       588  -13   15    0    1    3   10    6    2  -12  -10   -7    9   -1   -1    8    0   -2  -15
    1    3   25    1    1   25    1    1    1       592  -12   16   -1    2    2    9   -4   11  -12   -9   -7    9    0   -1    9    0   -4  -16
    1    3   26    1    1   21    1    1    1       514  -12   15    0    1   -3   20   -2    2  -12   -9   -7    9    0   -2    8    1   -3  -15
    1    3   27    1    1   19    1    1    1       474  -11   15    0    1    4   10   -3    2  -12   -9   -7    9   -1   -1    9    0   -2  -15
    1    4    1    1    3   33    1    3    1      1009    0   -1   -1   11    0   -5    5  -10   -5   -5   -2   15    6    8    3    5    7   12
    1    4    2    1    1   30    1    1    1       550  -12   16    0    1    3   10   -3    3   -8  -10   -7    9   -1   -1    9    0   -2  -15
    1    4    3    1    2   32    1    2    1      1307    3    4   15    3  -13   -4    9   11    5  -12   -4   15   -3   -7   -6   -3    8  -10
    1    4    4    1    1   35    1    1    1       609  -13   14    0    1    2   10   -2    2  -12   -9   -7    9   -1   -2    9   -1   -2  -14
    1    4    5    1    3   29    1    3    1       468   -1    0   -1   10    3   -8    5  -10   -4   -5   -3   13    6    7    5    4    7   11
    1    4    6    1    3   35    1    3    1       669    0    0    1   10   -1   -6    5   -9   -6   -4   -2   14    5    7    4    5    8   12
    1    4    7    1    1   28    1    1    1       751  -12   17   -1    2    3   10   -3    0  -10  -10   -6    8   -2   -2   10    0   -1  -15
    1    4    8    1    1   32    1    1    1       812  -12   16    0    1    3   11   -2    2  -13   -9   -5   10   -2   -1    9    0   -2  -15
    1    4    9    1    2   29    1    2    1       840    5    5   14    4  -13   -4   11    9    6  -11   -5   17   -3   -5   -6   -3    9  -11
    1    4   10    1    2   35    1    2    1       978    6    5   14    4  -18   -3   12    9    5  -13   -4   16   -2   -6   -6   -3   13  -13
    1    4   11    1    3   31    1    3    1       870    0    0    0   11   -1   -6    6  -10   -5   -5   -3   13    5    7    4    4   -1    4
    1    4   12    1    3   28    1    3    1       704   -1    0    0   10   -1   -6    6  -12   -4   -6   -3   14    5    7    4    5    7   11
    1    4   13    1    2   34    1    2    1       912    5    5   14    3  -14   -3   13   11    7  -12   -4   16   -3   -7   -6   -3   10  -10
    1    4   14    1    2   36    1    2    1      1399    5    5    7    4  -13   -3    9   11    6  -12   -4   17   -3   -6   -4   -4    8  -10
    1    4   15    1    1   34    1    1    1       523  -12   16   -1    2    3    9    0    7  -12   -9   -7    9    0   -2    9    1   -3  -16
    1    4   16    1    3   34    1    3    1       673   -1    0    0   11   -1   -6    6  -10   -5   -5   -2   14    5    7    4    5    7   12
    1    4   17    1    2   31    1    2    1       914   11   15   14    5  -13   -4   12    8    5  -12   -5   16   -4   -5   -6   -3    9  -11
    1    4   18    1    1   33    1    1    1       537  -13   17    0    1    3   10   -2    2  -12   -9   -7    8   -1   -1    9   -1   -3  -16
    1    4   19    1    3   36    1    3    1       750   -1    0    0   11   -2   -6    6  -10   -5   -5   -3   15    6    7    4    4    7   11
    1    4   20    1    2   33    1    2    1       508    5    7   15    3  -14   -3   11    9    6  -11   -3   15  -13   -7   -6   -2    9  -10
    1    4   21    1    1   29    1    1    1       484  -12   14    0    1   -3   15   -3    1  -13   -8   -7    9   -1   -1    8    1   -1  -15
    1    4   22    1    3   32    1    3    1      1052  -10   10    0   11    0   -6    5  -10   -5   -5   -2   13    5    6    5    9    7   12
    1    4   23    1    1   31    1    1    1       590  -13   16    5    4    4    9   -7   -1  -11  -10   -9    8    0   -2    9    1   -3  -15
    1    4   24    1    2   28    1    2    1      1057    5    4   13    4  -13   -4   11    8    6  -11   -4   16   -2   -7   -6   -3    7   -5
    1    4   25    1    1   36    1    1    1       853  -11   17   -1   -4    4    9   -1    1  -10   -7   -6    8   -2   -1    8    0   -3  -15
    1    4   26    1    2   30    1    2    1       862    3    6   15    4  -16   -6   14   10    5  -12   -3   15   -2   -7   -6   -3    9  -10
    1    4   27    1    3   30    1    3    1       615   -1   -1   -1   11   -1   -7    6  -10   -6   -5   -3   14    5    7    3    4    6   13
    1    5    1    1    2   38    1    2    1      1657   -1    9   14    3  -13   -5   11    6    6  -12   -4   16   -6   -9   -6   -3    9  -11
    1    5    2    1    1   45    1    1    1       628  -13   17    0    1    4   11   -2    2  -12   -9   -7    9   -2   -1    9    0   -2  -14
    1    5    3    1    3   39    1    2    0       904    1    0    7   14   -1   -6    7  -10   -5   -5   -2   15    5    7    4    5    6   12
    1    5    4    1    1   41    1    1    1       783  -12   16    1    0    4   11   -1    2  -11   -8   -6    8    1   -3   10    0   -2  -15
    1    5    5    1    1   44    1    1    1       876  -11   13    0    1    2   10   -2    2  -12  -10   -7   10    0   -2    9    1   -1  -14
    1    5    6    1    3   44    1    2    0       885   -1    0    1    7   -2   -5    6  -10   -7    5   -2   16   -1    8    5    4    7   12
    1    5    7    1    3   42    1    1    0      1053   -6   -1   -7   19   -1   -6    8   -5   -5   -3   -1   14    5    7    1   12    6   12
    1    5    8    1    2   41    1    3    0      1437    3    5   14    4  -12   -3   11    9    5  -13    6   16   -2   -6   -4   -1    9  -10
    1    5    9    1    3   41    1    3    1       897   -1   -1    0   12   -2   -5    6  -10   -5   -5   -3   15    4    7    5    4    7   12
    1    5   10    1    2   40    1    2    1      1034    5    4   17    0  -10   -6   11    9    7  -13   -4   16   -2   -7   -5   -4    8   -9
    1    5   11    1    1   39    1    1    1       605  -12   16    0    1    3   10   -3    2  -10   -9   -7    9   -1   -1    9    0   -1  -15
    1    5   12    1    2   37    1    2    1      2415    3    6   14    3  -13   -4   11    9    6  -13   -7   19   -2   -7   -6   -4    8  -10
    1    5   13    1    1   37    1    1    1       700  -13   15    0    1    3   10   -2    2  -11   -9   -7    9   -1   -1    7   -1   -1  -15
    1    5   14    1    3   45    1    3    1       555    9    6    1   10    1   -5    6   -9   -5   -6   -1   15    4    8    4    4   11   15
    1    5   15    1    2   39    1    2    1      1553    3    5   13    5  -12   -4   13   10    6  -12   -3   17   -2   -5   -6   -3    9  -11
    1    5   16    1    3   40    1    3    1       734    3  -10    1   11   -3   -7    6  -10   -4   -5    3   15   -4    6    4    5    7   12
    1    5   17    1    1   40    1    1    1       556  -11   16    1    1    3   10   -2    2  -12   -9   -8   10   -2   -1    8   -1   -2  -15
    1    5   18    1    1   38    1    1    1       721  -11   15   -5    4    7    5   -1    2  -11   -9   -7    9   -5   -3    8    0   -4  -14
    1    5   19    1    3   38    1    3    1      1136   -1    0   -1   11   -1   -6    6  -11   -4   -6   -2   14    6    6    4    5   17   19
    1    5   20    1    2   42    1    2    1       750    3    5   14    4  -13   -4   14   13    6  -12   -4   16   -3   -6   -6   -3    9  -11
    1    5   21    1    3   43    1    3    1      1468   -1    0    0   10   -2   -7    7   -9   -6   -6   -2   14   -3    9    4    5    7   12
    1    5   22    1    2   44    1    2    1       909    4    5   12    2  -20  -13   12    8    6  -12   -3   17   -3   -6   -6   -3    9  -10
    1    5   23    1    1   42    1    1    1       484  -12   16    0    1    5    5   -1    3  -11  -10   -7    9   -1   -1   10    2   -2  -15
    1    5   24    1    2   45    1    1    0       557    6    3   14    3  -13   -4    7    6    6  -12   -4   16   -4   -7   -6   -2    9   -9
    1    5   25    1    3   37    1    3    1       675   -2   -1    1   10   -1   -6    5   -9   -5   -5   -2   14    5    8    4    6    7   13
    1    5   26    1    1   43    1    1    1       563  -12   16   -1    0    3   10   -2    2  -11   -9   -7    9    0   -2    8    0   -3  -15
    1    5   27    1    2   43    1    2    1      1304    4    4   14    4  -13   -4   11    8    6  -12   -4   17    3   -2   -8   -6    9  -10
    1    6    1    1    2   50    1    2    1      1935    2   10   14    3  -13   -5   15    7    7  -13   -4   16   -3   -5   -5   -4   10  -10
    1    6    2    1    1   47    1    1    1       557  -17   18    5    9    2   11   -2    1  -12   -9   -7    9    3    4    9    0   -1  -15
    1    6    3    1    1   51    1    1    1       628  -13   16    2    4    3    9   -3    3  -11  -10   -7    9   -1   -1    9   -1   -2  -16
    1    6    4    1    3   53    1    3    1      1254   -2   -1    0   11    0   -6    6  -10   -5   -5   -2   14    6    6    4    5    6   12
    1    6    5    1    2   48    1    2    1       815    5    4   15    3  -14   -4    9   -1    7  -13   -4   16   -8   -2   -4   -5    7   -8
    1    6    6    1    3   54    1    3    1       715    1    1    0   11   -1   -7    6   -9    2    4   -2   14    5    8    5    5    6   13
    1    6    7    1    2   53    1    2    1       923    6    7   14    4  -12   -5   11    9    6  -12   -4   16   -2   -7   -6   -3    9  -10
    1    6    8    1    3   48    1    3    1       626   -1    0    0   11   -2   -6    6  -10   -6   -5    2   12    5    8    2    7    7   12
    1    6    9    1    1   53    1    1    1       503  -12   16    1    1    3   10   -2    2   -8  -13   -8    9   -1   -1    9    0    7  -22
    1    6   10    1    3   46    1    3    1       750   -1   -1    0   10   -1   -7   10  -10  -14   -2   -3   14    5    7    4    5    7   11
    1    6   11    1    3   52    1    3    1      1084   -1   -1   -2   10   -3   -7    5   -9    0  -11   -2   14    5    7    3    5    7   12
    1    6   12    1    2   49    1    2    1       972    4    4   16    3  -13   -4   11    8    5  -12   -4   16   -4   -6   -5   -4    9  -10
    1    6   13    1    2   52    1    2    1      1088    4    5   14    4  -12   -3   12    8    2   -7   -4   15   -4   -5   -7   -3   10   -9
    1    6   14    1    3   50    1    3    1       642   -2    0    0   11   -1   -6    6  -10   -6   -5   -2   14    3   16    4    6    9   10
    1    6   15    1    2   46    1    2    1      1028    4    5   14    4  -13   -5   11   10    3  -19   -5   15   -3   -6   -7   -2   11  -12
    1    6   16    1    1   52    1    1    1       567  -11   18    0    1    3   10   -3    2  -11   -9   -7    8   -1   -1   10    0   -2  -15
    1    6   17    1    1   48    1    1    1       636  -12   16    0    0    2   12   -7    6  -11   -9   -8    8   -1   -2   13   -1   -7   -9
    1    6   18    1    3   51    1    2    0      2382   -7   -1    0   11   -2   -6    6  -10   -5   -4   -2   13    6    3    4    5    8   12
    1    6   19    1    1   50    1    1    1       987  -13   16    0    3   -3   19   -2    2  -12  -10   -8    8    0   -2   12   -4   -2  -15
    1    6   20    1    1   49    1    1    1       623  -10   16    1    2    3   10   -2    2  -12   -9   -7    9   -1   -1    9    0   -2  -15
    1    6   21    1    3   47    1    3    1       802    0   -1    1   10   -1   -5    7  -11   -5   -5   -5    7    4    8    4    5    6   13
    1    6   22    1    1   54    1    1    1      2589  -13   18    0    1    3    9   -2    2  -13   -8  -10   18    0   -2   10    0    8  -19
    1    6   23    1    1   46    1    2    0      1299  -13   10    1    1    4   11   -2    2  -12   -9   -5    7    0   -2    9    0   -2  -15
    1    6   24    1    3   49    1    3    1       923   -1    0    1   10   -1   -6    6  -11   -5   -4   -3   14    5    8    2    4    7   12
    1    6   25    1    2   51    1    2    1       962    4    6   14    4  -13   -5   11    9    7  -11   -5   15   -3   -5   -7   -3   10  -11
    1    6   26    1    2   54    1    2    1       918    4    5   15    3  -13   -4   11    8    6  -10   -5   17   -3   -6   -7   -2    9  -10
    1    6   27    1    2   47    1    2    1       894    5    5   14    4  -13   -3    9   11   15  -15   -4   16   -3   -6   -6   -3    9  -10
    1    7    1    1    2   58    1    2    1      1189    4    6   14    4  -13   -3   12    9    6  -12   -3   15   -3   -6   -6   -3    9  -10
    1    7    2    1    3   55    1    3    1       704    1    0    1   10   -2   -6   11  -11   -4   -5    6   16    4    8    3    4    7   12
    1    7    3    1    1   62    1    1    1       528  -12   15    8   -2    3   11   -1    1  -11   -9   -7    9   -2   -1   10   -1   -1  -15
    1    7    4    1    2   59    1    2    1       806    0   10   15   -3  -13   -4   11    8    5  -12   -5   16   -3   -7   -6   -4   -1   -5
    1    7    5    1    3   60    1    3    1      1377   -1    0    0   11   -1   -6    5  -11   -5   -5   -2   14    5    8    3    4    2   10
    1    7    6    1    3   63    1    3    1       822   -1    0    0   11    3   -8    8  -10   -4   -6   -2   13    6    7    4    5    8   11
    1    7    7    1    2   56    1    2    1       770    5    4   15    2  -13   -3   11    9    2   -3   -4   16   -3   -5   -6   -3    8  -10
    1    7    8    1    1   61    1    1    1       543  -12   17   -1    0    3   10   -1    3  -11   -8    2   -1    8   -8    9    1   -1  -15
    1    7    9    1    1   56    1    1    1       516  -12   16    0    2    3   10   -2    1  -12   -9   -7    9   -1   -1    9   -1   -4  -23
    1    7   10    1    2   55    1    2    1       842    5    5   13    4  -12   -3   11    9    7  -13   -4   16   -3   -6   -6   -4    9  -10
    1    7   11    1    3   57    1    3    1       883   -1    0   -1   11   -1   -7    6  -10   -6   -8   -3   13    5    7    6    3    7   11
    1    7   12    1    3   58    1    3    1       669   -1    0    1   10   -3   -6    5  -10   -5   -5   -2   13    6    8    4    5    7   13
    1    7   13    1    1   58    1    1    1       573  -11   13    1    0    3   10   -3    1  -13  -10   -7    9    0   -2    9    1   -2  -15
    1    7   14    1    2   63    1    2    1       641    3    5   14    5  -17   -5   11    9    6  -11   -3   16   -3   -5   -6   -4   10  -11
    1    7   15    1    2   61    1    2    1       531    4    5   14    4  -13   -3   12    9    5  -12   -4   15   -3   -7   -6   -3    8   -7
    1    7   16    1    1   55    1    1    1       650  -12   17    2    0    2   11   -2    2  -12   -8   -6   10   -1   -1    9   -1   -2  -14
    1    7   17    1    1   57    1    1    1       923  -12   16    1    0    3   10   -4    4  -11   -7   -6    8   -1   -1    9    0   -2  -15
    1    7   18    1    2   60    1    2    1       994    3    6   13    5  -10   -6   11    9    8  -12   -4   16   -4  -11   -6   -3   10  -11
    1    7   19    1    1   59    1    1    1       534  -11   17    0    0    2   10   -1    2  -12  -10   -6    9   -2   -2    5   -4    0  -17
    1    7   20    1    2   57    1    2    1       956    3    6   14    3  -13   -4   10    9    6  -13   -3   15   -4   -6   -5   -2    9  -12
    1    7   21    1    3   59    1    2    0      4066   -1    0  -10    5   -1   -7    7   -9   -5   -4   -3   14    5    7    4    5   -1    4
    1    7   22    1    3   61    1    3    1       476   -2    1    0   11   -1   -7    5   -3   -4   -6   -1   14    4    8    4    5    8   10
    1    7   23    1    2   62    1    2    1       739    2    4   14    3  -13   -4   12    9    6  -11   -6   16   -3   -6   -7   -3    8  -10
    1    7   24    1    1   63    1    2    0      2193  -12   17    1    1   13    8   -1    5  -11   -8   -7    9   -1   -1    9   -1   -2  -15
    1    7   25    1    3   56    1    3    1       581    3    2    0   11   -1   -6    9  -10   -6   -5    0   16    5    7    3    5    7   13
    1    7   26    1    1   60    1    1    1       426  -13   17    0    1    3   11   -2    2  -13   -8   -7    8   -1   -1    9   -1   -3  -14
    1    7   27    1    3   62    1    2    0       788   -1   -1    1   10   -1   -6    5   -9   -6   -4    0   19    9    0    4    5    7   12
    1    8    1    1    2   72    1    2    1      1280    4    5   14    5  -13   -3   10   10    6  -12   -4   15    1   -9   -6   -3    7   -9
    1    8    2    1    2   71    1    2    1       634    3    4   14    4  -12   -3   12    8    7  -11   -3   16   -2   -6   -6   -3    9   -9
    1    8    3    1    2   67    1    2    1       541    3    6   14    3  -13   -4   12   10    6  -12   -5   16   -4   -5   -6   -3    9  -10
    1    8    4    1    2   68    1    2    1       613    4    5   14    4  -21    2   12    9    6  -12   -4   16   -3   -7   -7   -3   10   -9
    1    8    5    1    3   72    1    3    1       663   -1    2    0   11   -1   -7    7  -11   -5   -5   -3   14    4    8    2    9    7   12
    1    8    6    1    1   72    1    1    1       505  -12   16    0    1    2   11   -3    3  -12   -9   -7    9   -1   -1   10   -1   -1  -16
    1    8    7    1    1   70    1    2    0      1041  -20    8    1    1    4   10   -5    3  -11   -9   -6   10    3    4    9    0   -2  -15
    1    8    8    1    3   65    1    3    1       836    0    1    0   11   -5   -3    8   -9   -6   -5   -1   15    5    8    4    5    8   11
    1    8    9    1    1   64    1    1    1      1887  -19    6    0    1    4   10   -2    2  -13   -7   -7    9    1   -3    9   -1   -3  -17
    1    8   10    1    3   67    1    3    1      1264   -9    3    1   11   -1   -6    5   -9   -4   -6   -3   14    5    7    4    5    7   13
    1    8   11    1    3   64    1    1    0      1176    2    6    0   11   -2   -5    5   -9   -5   -5   -4   15    7    8    4    5    6   10
    1    8   12    1    1   65    1    1    1      1508  -12   16    0    1    4    9   -2    3  -11  -10  -14    7   -1   -1   10    0    2  -12
    1    8   13    1    3   70    1    3    1       691   -2    0    0   11   -1   -6    6  -10   -5   -5   -2   15    6    6    4    5    7   12
    1    8   14    1    2   65    1    2    1      1748    4    5   20    6  -11   -4   11    9    0   -6   -5   17   -3   -5   -7   -2    9  -10
    1    8   15    1    1   66    1    1    1       715  -12   16   -1    8    4   12   -3    3  -13   -9   -7    9   -1   -1    9    0   -2  -16
    1    8   16    1    2   69    1    2    1       955    4    5   14    4  -14   -5   12    9    6  -12   -5   17   -3   -5   -6   -3   10   -9
    1    8   17    1    3   69    1    3    1      2832   -1    0    0   11   -1   -5    6   -9   -5   -6   -2   14   10    7    5    6    6    4
    1    8   18    1    3   71    1    3    1       843    1   -1    0   11   -3   -8    6  -10   -6   -5   -1   15    5    7    4    5    7   12
    1    8   19    1    2   66    1    2    1       901    4    5    9    4  -13   -4   10   10   11  -18   -4   15   -3   -5   -6   -4    9  -10
    1    8   20    1    3   68    1    3    1       829   -1    0    0   12   -2   -6    6  -10   -5   -5   -1   14    5    7    4    5    7   12
    1    8   21    1    1   68    1    1    1       793  -13   16    0    1    3   10   -3    3  -12   -9   -7    9   -2   -1   10   -1   -2  -14
    1    8   22    1    2   70    1    2    1       853    5    6   12    3  -12   -4   11   10    7  -10   -5   17   -4   -6   -2   -7   10  -10
    1    8   23    1    1   71    1    1    1       639  -11   15    0    3    3   10   -2    2  -12   -8   -7    9    0   -1    9    0   -3  -14
    1    8   24    1    2   64    1    2    1      1345    5    5   16    5  -12   -5   10   10    5  -13   -4   16   -2   -7   -7   -2    9  -10
    1    8   25    1    1   67    1    1    1       664  -12   16    0    0   -4   13   -1    2  -12   -9    1    6   -1   -2   10    0   -3  -14
    1    8   26    1    1   69    1    1    1       633  -12   16    0    1    3   10   -3    3  -11   -9   -7    9   -1   -2    8    1   -2  -15
    1    8   27    1    3   66    1    3    1       972    0   -1    0   11   -1   -7    7  -11   -4   -4   -1   15    0    5    3    5    8   13
    1    9    1    1    3   78    1    3    1      1473   -3    3    0   11   -2   -5   10    0   -4   -6   -2   14    5    7    4    5    7   12
    1    9    2    1    3   74    1    3    1       626   -1    0    0   11   -1   -6    6  -10   -4   -5   -2   14    6    8    5    5    6   12
    1    9    3    1    1   73    1    1    1       660  -14   16    1    2    4   11   -2    2  -12   -9   -7    9   -2   -1    9    0   -1  -16
    1    9    4    1    2   74    1    2    1       934   -1    5   15    3  -14   -3   10    9    5  -13   -4   16   -4   -6   -7   -2    9  -10
    1    9    5    1    3   75    1    2    0      4429   -1    0    1   11    0   -6    6  -11   -5   -3   -3   15    5    7   -6    9    8   11
    1    9    6    1    2   81    1    2    1       777    6    3   14    4  -13   -4   11    9    5  -11   -3   16   -2   -6   -6   -3    9   -9
    1    9    7    1    2   76    1    2    1      1255    6    3   14    4  -15   -2   11    9    3  -15   -4   17   -4   -5   -6   -4    9  -10
    1    9    8    1    1   74    1    1    1       944   -8   17    0    1    2   11   -3    2  -11  -10   -8    9   -1   -1   13   -2   -1  -16
    1    9    9    1    1   75    1    1    1       583  -11   16    1    0    3   10   -2    2  -12   -8   -8    8   -2   -1    9    0   -2  -14
    1    9   10    1    1   76    1    1    1       651  -12   17    5   -1    3   11   -2    2  -12   -9   -7    9   -1   -1    9    1   -2  -16
    1    9   11    1    3   81    1    3    1       652   -1    0    0   12    0   -6    7  -11   -6   -5   -2   15    4    8    4    4   11   15
    1    9   12    1    3   73    1    3    1       605    0    0    1   12   -2   -6   -4  -12   -5   -5   -2   14    5    7    4    5    7   13
    1    9   13    1    2   75    1    2    1       625    4    6   13    5  -13   -3   11    9    7  -13   -4   11   -3   -6   -7   -3    9  -10
    1    9   14    1    2   79    1    1    0       468    4    4   14    4  -13   -4   11    9   11  -10  -11   19   -4   -5   -6   -3    9   -9
    1    9   15    1    1   79    1    1    1       526  -12   16    0    1    3   10    4   -5  -12   -7   -6   10    1   -2    9    0   -3  -15
    1    9   16    1    1   78    1    1    1       868  -12   16    0    1    3   10   -2    2  -12   -9   -8   17   -1   -1    8    0   -2  -15
    1    9   17    1    1   77    1    1    1       718  -12   16    1    0    4   10   -2    2  -11   -8   -8   10   -1   -1   11    1   -2  -14
    1    9   18    1    2   78    1    2    1      1245    4    6   14    4  -13   -4   11    8    6  -12   -3   17   -3   -6   -6   -4   10  -10
    1    9   19    1    3   80    1    3    1       664   -1    0   -1   11   -1   -6    6   -9   -4   -5   -2   14    5    7    4    5    8   11
    1    9   20    1    2   73    1    2    1      1098    5    4    6   14  -13   -4   11    9    6  -12   -4   10   -4   -4   -6   -2    9  -10
    1    9   21    1    2   77    1    2    1      1514    3    5   14    4  -13   -4   10    9    6  -13   -5   17   -2   -7   -6   -3    9  -10
    1    9   22    1    2   80    1    1    0      1738    4    6   14    5  -19    2   11    8    5  -13   -4   16   -3   -6   -5   -3   14   -9
    1    9   23    1    1   80    1    1    1       560  -12   16   -4    4    3    9   -2    2  -13   -9   -7    9   -1   -1    9    0   -2  -15
    1    9   24    1    3   76    1    3    1      1141   -5   -4    0   11   -1   -5    6  -10   -9   -1   -6   14    5    7    6    9    6   13
    1    9   25    1    1   81    1    1    1       596  -11   15    0    1    3   10   -2    2  -12   -9   -8    2   -1   -1    9    0   -1  -15
    1    9   26    1    3   79    1    3    1       870   -1    0    0   11    0   -6    3   -1   -6   -4   -2   14    5    8    3    5    7   12
    1    9   27    1    3   77    1    3    1      1424    1   -1   -1   12    7  -15    6  -10   -5   -5   -2   15    7    8    4    5    6   12
    1   10    1    1    3   84    1    3    1      1378   -1    1    0   12    8   -2    6  -10   -6   -6   -2   14    4    8    4    5    7   12
    1   10    2    1    3   89    1    3    1       856    0   -1    0   10   -1   -5    5   -9   -5   -5   -2   15    5    7    3    3   12   20
    1   10    3    1    3   82    1    3    1      4002    0   -2   -7    8   -1   -5    5  -18   -5   -5   -2   15    4    8    4    5    7   11
    1   10    4    1    3   90    1    3    1       716   -2    1    0   11   -1   -6    5  -10   -5   -5   -2   14    6    6    4    5    7   13
    1   10    5    1    2   88    1    2    1       620    6   -4   14    4  -13   -4   13   11    6  -11   -4   14   -3   -6   -6   -3    9  -10
    1   10    6    1    1   82    1    1    1      1327  -12   16    1    0    2   10   -2    2  -11   -9   -6    8    0   -3    9    1   -2  -14
    1   10    7    1    1   88    1    1    1       902  -12   16    1    0   -2   15   -1   -3  -11  -10   -7   10   -2   -1    9    0   -2  -16
    1   10    8    1    3   85    1    3    1      2414    1   -1   -1   11   -1   -6    5   -9   -6   -5    1    4    6    6    3    7    3   10
    1   10    9    1    2   83    1    2    1       857    3    5   14    4  -14   -3   11    9    5  -12   -4   17  -13   -5   -7   -2    9  -10
    1   10   10    1    2   85    1    2    1       659    4    5   15    4  -13   -4   11    9    6  -12   -4   16   -3   -6   -6   -2   10  -10
    1   10   11    1    2   86    1    2    1      1125    5    4   13    2  -14   -3   15   16    6  -13   -4   16   -4   -7   -6   -2    9  -10
    1   10   12    1    2   90    1    2    1       595    4    5   15    3  -12   -4   13   19    6  -12   -4   15    3   -5   -7   -2    8   -9
    1   10   13    1    2   89    1    2    1      2695    5    5   15    3  -13   -5   11    7    7  -13   -5   17   -2   -7   -8   -3    4   -7
    1   10   14    1    3   83    1    3    1       776   -1    0    1   12   -1   -6    5   -9   -5   -5   -2   14    4   16    3    5    7   12
    1   10   15    1    1   85    1    2    0      1204  -12   16    5    2    3   19   -2    2  -13   -9   -7    9   -2   -2    8    1   -3  -23
    1   10   16    1    1   84    1    1    1       575  -11   18   -5   -3    3   10   -2    3  -12   -9   -7    9    0   -1    9    0   -3  -15
    1   10   17    1    1   89    1    1    1       644  -12   16    0    1    3   11   -2    2  -22   -6   -7    9    2    9    9    1   -3  -15
    1   10   18    1    1   86    1    1    1       518  -11   16    0    2    2   10   -3    2  -13   -1   -6    8   -2   -1    9    0    3  -11
    1   10   19    1    3   88    1    3    1       973   -1   -1   -1   11   -1   -6    6  -11   -4   -6   -2   13    5    7    4    4    6   12
    1   10   20    1    2   82    1    2    1       787    4    5   13    5  -12   -3   12    8    8  -20   -4   16   -2   -6   -6   -3    8   -9
    1   10   21    1    1   90    1    1    1       622  -12   15    0   -5    3   10   -2    2  -12  -10   -7    9   -1   -1    9    0   -2  -14
    1   10   22    1    3   87    1    3    1       866   -1    0    0   11   -2   -5    5  -10   -5   -5   -1   15    7    5    4    4    2   15
    1   10   23    1    2   87    1    2    1       747    3    6   13    5  -11   -3   11    9    7  -13   -4   16   -2   -6   -5   -3    8   -9
    1   10   24    1    3   86    1    3    1       841   -2   -1    0   11   -1   -6    6   -8   -4   -6   -2   14    4    8    4    5    6   10
    1   10   25    1    1   83    1    1    1      1538  -12   16    1    1    4   11   -2    2  -11  -10  -11    7   -1   -1    8    0   -2  -14
    1   10   26    1    2   84    1    2    1       945    4    5   15    3  -14   -5    3   16   15  -10   -3   16   -2   -6  -16  -12    9  -10
    1   10   27    1    1   87    1    1    1       631  -11   15    2   -1    6    3   -3    2  -11   -8   -7    9    0   -2    9    0   -2  -14
    2    1    1    1    1    5    1    2    0      3529  -21    9    1    2    4   11   -3    4  -12   -9   -8    7   -2   -1   10    0   -2  -15
    2    1    2    4    3    6    2    3    1      2505   -2    0   -1   10   -5   -8    6   -2   -6   -4   -2   15   -2   12    5    5    4    2
    2    1    3    2    1    0    0    1    1      1297  -12   16    0    1    3   10   -2    2  -12   -9   -7    9   -1   -1    9    0   -2  -15
    2    1    4    3    2    3    1    2    1      3753    4    5   13    3  -14   -4   11    7    5  -11   -5   16   -3   -6   -5   -4    9  -14
    2    1    5    5    3    4    3    3    1      1597   -5   -1   -3   14   -3  -10    4    0  -10    1    3    9    6    6    1    2    7   13
    2    1    6    3    3    2    1    2    0      3128    0    1    0   11   -5    4    6  -10   -6   -6   -5   18    6    6    3    5   17    8
    2    1    7    1    3   16    1    3    1      3286   -2   -1    1   10   -1   -6    6  -11   -6   -4   -2   14    3    7    3    4    8   11
    2    1    8    1    2   27    1    2    1      2414    4    5   15    2  -13   -4   11    9    8  -10   -2   23   -1   -6   -6   -3   10   -8
    2    1    9    4    3    4    2    2    0      3194   -2    0    0    9   -3   -7   -2   -4   -7   -5  -12   11    6    9   -5   -4    3    7
    2    1   10    1    1   36    1    1    1       998  -11   17   -1   -4    4    9   -1    1  -10   -7   -6    8   -2   -1    8    0   -3  -15
    2    1   11    5    2    4    3    2    1      5401    6    8   12    2   -3  -13   16    3    3   -2   -5   16   -2   -7   -5   -2   -1  -10
    2    1   12    5    3    7    3    3    1      1052   -5   -1    4   15    2   -2   10   -7   -1   -4   -1   14    6    8    2    1    6   12
    2    1   13    5    2    2    3    1    0      1246    2    9   15    3   -6  -10    1    7   -4  -15   -7   14    0   -3   -8   -1   10   -9
    2    1   14    1    2   40    1    2    1       904    5    4   17    0  -10   -6   11    9    7  -13   -4   16   -2   -7   -5   -4    8   -9
    2    1   15    5    1    7    3    1    1       591  -11   16    0    0    8   10   -3    7  -13   -8   -8    9   -6    1   10    0   -9  -25
    2    1   16    5    1    5    3    2    0      1538  -12   15   -5    5    1   16   -3    3   -9  -13  -17   13    6    7   12   -1   -1  -16
    2    1   17    4    3    5    2    3    1       736    1    6   -1   12   -5  -16    7  -10    4    3   -3   16    6    7    2    4    5   10
    2    1   18    1    3   46    1    3    1       717   -1   -1    0   10   -1   -7   10  -10  -14   -2   -3   14    5    7    4    5    7   11
    2    1   19    4    2    5    2    2    1      1036    7    6   13    3  -11   -5   12    9    5  -12   -4   17    7   -5   -6   -2    8   -9
    2    1   20    5    3    6    3    3    1      2463   -2    0    1   13    1   -7   -3   -9   -6   -4   -5    9    1    5   12    3    3   11
    2    1   21    1    3   56    1    3    1       760    3    2    0   11   -1   -6    9  -10   -6   -5    0   16    5    7    3    5    7   13
    2    1   22    1    2   64    1    2    1       756    5    5   16    5  -12   -5   10   10    5  -13   -4   16   -2   -7   -7   -2    9  -10
    2    1   23    5    1    1    3    1    1      1394  -17   12    0    0    4   10    1    7   -2   -6  -15   13  -11   -5    6   -2    3  -10
    2    1   24    5    1    3    3    2    0       836  -17   13    9   -8    2    6    6   -4   -8   -6   -8   11   -3   -2   13   -3   -3  -18
    2    1   25    4    2    3    2    3    0       735    7    9   14    3  -21   -5   11   11    7  -11    1   16   -4   -6   -7   -1   13   -7
    2    1   26    3    2    1    1    2    1       973    4    5   14    4  -14   -4   12   10    7  -12   -3   17   -5   -5   -7   -4   19   -8
    2    1   27    5    1    4    3    1    1      2210  -12   15    2    1   11    7   -7    6  -17   -7   -8   10  -10    8   10   -1    2  -10
    2    1   28    1    2   78    1    2    1       790    4    6   14    4  -13   -4   11    8    6  -12   -3   17   -3   -6   -6   -4   10  -10
    2    1   29    4    2    1    2    2    1       754    3    6   15    4   -7    4   12   10    7  -12   -6   17   -5   -6   -5   -2   10  -10
    2    1   30    1    3   90    1    3    1       959   -2    1    0   11   -1   -6    5  -10   -5   -5   -2   14    6    6    4    5    7   13
    2    1   31    5    3    5    3    3    1       676    1   -2    0    9    0   -8    6   -9  -15   -7   -1   14    5    5   11    5    4    9
    2    1   32    3    2    2    1    2    1      1988    4    5   16    3  -13   -4   12    9   -2  -15   -3   16   -2   -7   -8   -4    9   -9
    2    1   33    4    2    4    2    2    1       704   10    6   14    5  -16   -8   12    8    5  -12   -5   14   -4   -6   -8   -2    7   -9
    2    1   34    1    3    3    1    3    1      1169   -1   -2   -1   10   -1   -5    6  -10   -5   -5   -2   13    5    7    2    4    7   12
    2    1   35    5    2    1    3    3    0       813    4    3   17    3  -19  -14   10   10   11  -14   -6   23    7  -16   -7   -1   -1  -17
    2    1   36    5    1    2    3    2    0      1785  -15   22    5   11   -1   13   -9   -1  -15  -13  -14   12    2   -6    1   -9   -1  -16
    2    1   37    4    1    2    2    1    1      2638   -8   18    1   -2    3   11   -3    2  -11   -9   -6   10   -2    0    8    1   -1  -15
    2    1   38    5    3    9    3    3    1      5439   -6    8   -1   10    9  -16   11  -14    4   -1    5   21    3    5    1    9    7   19
    2    1   39    5    2    8    3    2    1      2017    5    9   12    5  -12   -8   11   10    4   -9   -3   16  -10   -6   -7   -2   10  -13
    2    1   40    5    2    9    3    2    1       764    4   -2   13   -3  -18   -1    6    3    4   -6    1   13   -5  -13   -4    0    7   -8
    2    1   41    4    1    3    2    1    1       713  -11   16    4    3    7    4    2    7  -13   -6   -7    8    2    1    8    1   -2  -14
    2    1   42    1    1   15    1    1    1       729  -12   16    0    0    4   10   -2    2  -12  -12   -7    9   -2   -1    8   -1   -3  -14
    2    1   43    1    3   24    1    3    1      1385   -2    1   -1   11    0   -6    5  -10   -6   -4    0   13    5    6    8    6    8   11
    2    1   44    3    1    1    1    1    1      1517  -17   19    0    1    2    9   -6   -1  -14  -11   -7    9   -2   -1    9    0   -2  -15
    2    1   45    4    1    6    2    3    0      3035   -6   17   -2   10    4    8    0    3   -7  -10   -8    7   -2   -3    8    2   -1  -17
    2    1   46    1    3   32    1    3    1       621  -10   10    0   11    0   -6    5  -10   -5   -5   -2   13    5    6    5    9    7   12
    2    1   47    1    1   39    1    1    1       607  -12   16    0    1    3   10   -3    2  -10   -9   -7    9   -1   -1    9    0   -1  -15
    2    1   48    5    3    2    3    2    0       754   -1   -1   -2   14    4   -7   16  -12   -1  -10   -3   16    6    6   -3   -2   15   10
    2    1   49    4    1    1    2    1    1      1712   -7   17    1    0    4    8   -4    1  -11   -9   -5   10    1   -3    7   -1   -2  -14
    2    1   50    5    1    9    3    3    0      1703  -12   15    1   -7    2   10    0    1  -17   -2  -10   -1    6   -8    5   -1   -1  -15
    2    1   51    1    1   52    1    1    1       639  -11   18    0    1    3   10   -3    2  -11   -9   -7    8   -1   -1   10    0   -2  -15
    2    1   52    1    2   57    1    2    1      2353    3    6   14    3  -13   -4   10    9    6  -13   -3   15   -4   -6   -5   -2    9  -12
    2    1   53    5    3    1    3    2    0      2526   -2   -5   -9   15    3    2   13  -17    1   -9   -1   19    5    6   -6   11    8   19
    2    1   54    3    1    3    1    1    1       644  -12   16    1    1    3   10   -3    2  -11   -8   -7    9    2   -5    9    0   -2  -15
    2    1   55    1    2   70    1    2    1      1127    5    6   12    3  -12   -4   11   10    7  -10   -5   17   -4   -6   -2   -7   10  -10
    2    1   56    1    1   80    1    1    1       694  -12   16   -4    4    3    9   -2    2  -13   -9   -7    9   -1   -1    9    0   -2  -15
    2    1   57    5    2    3    3    2    1       758    8    8   24    2   -8   -7    9   10    5   -5  -14   11    1  -11    0   -5    9   -9
    2    1   58    3    3    3    1    3    1       755   -1    0   -1   12    0   -8    6  -10   -3   -4   -2   15    5    8    4    5    6   12
    2    1   59    4    1    5    2    1    1       738  -10   24    2    0    3   12   -3    2  -12  -11   -5   10    0   -3   11    1   -1  -13
    2    1   60    1    3   89    1    3    1      3199    0   -1    0   10   -1   -5    5   -9   -5   -5   -2   15    5    7    3    3   12   20
    2    1   61    5    3    8    3    3    1      1611    4    0    1   16    5    2    5   -9   -6   -4    3   15    7    4    7   10    7   13
    2    1   62    3    1    2    1    1    1       664  -11   17    1    0    3   10   -2    2  -12   -9   -7    9   -1   -2    5    3   -2  -15
    2    1   63    3    3    1    1    3    1       730    0   -1    0   12    0   -7    6   -9   -5   -5    2   16    5    7    4    4    8   11
    2    1   64    1    2   29    1    2    1       697    5    5   14    4  -13   -4   11    9    6  -11   -5   17   -3   -5   -6   -3    9  -11
    2    1   65    5    1    6    3    2    0      1161  -12   17    3    4    3   12   -1    4  -14   -7   -7    6    9    7   10    2    0  -13
    2    1   66    5    1    8    3    1    1      2854  -15   14    8    4    5    5    2    5  -18   -3    3    8   -3    3    4    0  -12  -23
    2    1   67    4    3    3    2    2    0      1119   -7    8   -2   16    0   -6   11  -13   -5  -10   -5   15   14    6    6   10    6   13
    2    1   68    1    1   74    1    1    1       845   -8   17    0    1    2   11   -3    2  -11  -10   -8    9   -1   -1   13   -2   -1  -16
    2    1   69    5    2    5    3    2    1      1000    3    6   20    3  -11   -3    6    0   10  -20   -1   13   -2   -5   -1  -10    9  -11
    2    1   70    5    2    7    3    1    0      1324   14    0   11   -6   -9    3   10   10    9  -17  -11   23   -3    0   -5   -4   10  -11
    2    1   71    2    3    0    0    3    1       883   -1    0    0   11   -1   -6    6  -10   -5   -5   -2   14    5    7    4    5    7   12
    2    1   72    1    1   55    1    1    1       716  -12   17    2    0    2   11   -2    2  -12   -8   -6   10   -1   -1    9   -1   -2  -14
    2    1   73    1    1   13    1    1    1       715  -11   17    1    1    3   10   -3    2  -12   -9   -7   10   -1   -1    9    0   -1  -13
    2    1   74    4    3    2    2    3    1      1834    0    0    0   13   -2   -7    5   -9   -6   -5   -2   15    4    8    2    7    5   13
    2    1   75    5    2    6    3    2    1      1660    8   11   16    2  -14   -6   11   11    5  -10   -2   17   -2   -2   -7   -6    9  -11
    2    1   76    5    3    3    3    2    0      1287  -11   -4   -1    8    0   -7    6   -9    3   -9   -3   13    7    7    3    5   17   12
    2    1   77    2    2    0    0    2    1      1023    4    5   14    4  -13   -4   11    9    6  -12   -4   16   -3   -6   -6   -3    9  -10
    2    1   78    1    2   50    1    2    1       979    2   10   14    3  -13   -5   15    7    7  -13   -4   16   -3   -5   -5   -4   10  -10
    2    1   79    4    3    1    2    3    1       967    0    1    1   10   -2   -6    6  -12   -5  -12   -3   13    7    5    8    0    3   20
    2    1   80    4    1    4    2    1    1       716  -10   14    0    2    2   12   -3    3  -13  -19   -6    8   -3   -2   11   -2   -1  -13
    2    1   81    1    2   26    1    2    1       860   10   -2   13    4  -13   -3   11    9    6  -12   -4   16   -3   -5   -6   -3    9  -10
    2    1   82    4    2    6    2    1    0      1716    4    6   13    3  -12   -4   11    8    6  -10  -12   24    0   -2   -6   -2    9  -11
    2    1   83    1    3   40    1    3    1      1082    3  -10    1   11   -3   -7    6  -10   -4   -5    3   15   -4    6    4    5    7   12
    2    1   84    4    2    2    2    2    1       682    4    4    4   -5  -12   -9   12    9   14   -3   -4   15   -2   -6   -3    2    9   -9
