    1    1    1    1    2    3    3    3    0     11188  -16    0    8   -7  -11   12    5   -3   -7  -16  -11   -2  -13    4   -4   11   10    2
    1    1    2    1    1    2    2    3    0      4137   -6   -8   -1  -13   -5   -3   -4    8    6    8    4   13  -11    2  -15  -15   15  -15
    1    1    3    1    3    6    3    3    1      1277   -3   13   12   -6   18    7    8  -22   -5    1  -11   12    5  -14  -12   -1  -13  -15
    1    1    4    1    2    5    2    2    1      2037   -9    5   17  -15  -11    8   11    5   -3  -18  -10    3  -12   13   -4   13   18    5
    1    1    5    1    2    7    1    1    0      1326   -8    5    4  -11  -10    8   11   -1   -6  -13  -11    4  -13   13   -7   10   18   -1
    1    1    6    1    3    3    3    1    0      1779    0   14    7    0   16    6   15  -13   -7    4  -10    1    9  -10   -9   -8  -12  -14
    1    1    7    1    3    9    3    2    0      1175    0   18    8   -1   20   14   13  -13   -2    5   -1    8    9    1   -7   -4  -11  -15
    1    1    8    1    3    4    1    3    1      1042   -1   13    8    0   10   12   14  -13   -5    2   -2    9   10   -9  -10   -8  -12  -12
    1    1    9    1    2    4    1    1    0      1893   -8    5   15   -4  -10    9   11   -1   -5  -12  -11    3  -12   12   -7   13   20   -6
    1    1   10    1    2    1    1    1    0      1203   -8    5    7   -5  -10    8   10   -1   -5  -13  -12    4  -12   12   -6   11   17   10
    1    1   11    1    1    9    3    3    0      1053   -3   -6   -5  -13   -3   -2    2    6    0    2    2    9   -7    1  -14  -16    6  -16
    1    1   12    1    2    9    3    3    0       897  -13    6   -1  -12  -14    8   10    3   -7  -13  -10   11  -20   13   -9    6   13   -1
    1    1   13    1    1    7    1    2    0       825   -7   -9   -3  -16   -5   -3   -4    8    7    4    2   13  -13    2  -12  -11   13   -6
    1    1   14    1    1    8    2    2    0      1363   -6   -9   -1  -22   -7   -4   -5    8    0    6    4   10  -13    0  -13  -10   13   -4
    1    1   15    1    1    6    3    3    0      1207   -5    2    3  -10   -9    6   -3    9    7    3    4   11  -13    2  -10  -11   22  -14
    1    1   16    1    3    7    1    1    0      1013    3   12    7    1   10   15   14  -13   -5    2   -1    9    9   -9   -9   -7  -12  -12
    1    1   17    1    1    4    1    2    0      1221   -7   -8    1  -13   -7   -5   -3    8    7    4    3   12  -13    3  -12  -10   13   -6
    1    1   18    1    3    2    2    3    1      1039   -5   12    9   -1   13   12   13   -7  -13   -4   -2    8    9  -10   -8   -6  -13  -13
    1    1   19    1    1    1    1    3    0      1746   -7   -8    1  -12   -5   -3   -3    8    7    4    3   12  -12    1  -13  -12   12   -8
    1    1   20    1    3    8    2    2    0      1047    0   13   13    0   12    9   14  -12   -4    2   -1    8    5   -5  -17    3   -7  -10
    1    1   21    1    3    1    1    1    0      1845    0   12    8    0   11   11   14  -13   -5    3   -2    7    8   -9  -11   -1  -12  -13
    1    1   22    1    2    8    2    3    0      1652   -9    3    6   -5  -10    6   11    0   -3  -14  -13    4  -12   13   -4    9   16   -1
    1    1   23    1    1    5    2    2    0      1166   -8   -8    1  -22   -6   -2   -3    7    6    4    5   13  -13    2  -14  -10   15   -8
    1    1   24    1    2    6    3    3    0      2201  -16   10    9   -2  -11    8   17   -2   -2  -13  -11    4  -13   13   -7   11   13   -1
    1    1   25    1    2    2    2    1    0      1660  -10    4    8   -7   -9    9   12   -1  -13  -11  -12    3  -10   12   -7   12   18   -9
    1    1   26    1    1    3    3    2    0      1109    1   -9   -4  -15   -6   -5   -7   -1    7    5    1   15  -12    4  -17   -2   12  -11
    1    1   27    1    3    5    2    3    1       821    1   12   10    0   21   19   12  -14   -4    2    3    6    9   -7  -11   -7  -13  -12
    1    2    1    1    1   10    1    2    0      1059   -7   -7   -1  -13   -6   -4   -4    9    7    4   -1    9  -12    2  -13  -10   13   -7
    1    2    2    1    2   18    3    3    0       757  -11    4    8    0  -17   14    8    4    3   -9  -13   -1  -13   13   -3   15   14    7
    1    2    3    1    1   15    3    1    1       611   -7  -13   -1  -13    4   -2   -4    8    0    9    3   13  -11   -1  -10  -13    8  -10
    1    2    4    1    1   14    2    2    0      1429   -6   -7   -1  -13   -8   -2   -7   14    6    6    4   12   -4    9  -10  -11   13   -8
    1    2    5    1    3   11    2    3    1       730    0   12    7    1   12   11   12  -14   -5    4    0    8    4  -14   -9   -8   -4   -9
    1    2    6    1    3   10    1    2    0      3834   -1   13    8    0   11   11   14  -12   -5    1   -6    7    8   -9  -10   -6  -12  -14
    1    2    7    1    3   14    2    1    0       974   -1   14   10    1    1   17   13  -12   -5    3   -8    7   10  -11   -2   -3  -12   -9
    1    2    8    1    3   15    3    3    1       720    0    8    7    1   11   10   16  -11    3    6    4   12    4  -11  -10   -5  -12  -17
    1    2    9    1    1   12    3    2    0      2416   -6   -8   -1  -12  -11  -11   -1    8    6    5    4   11  -14    6   -3  -14   12  -14
    1    2   10    1    2   13    1    3    0       666   -8    6    8   -6  -16    8   11   -1   -2  -15  -11    3  -11   12   -6   10   15    0
    1    2   11    1    1   13    1    1    1       265   -7   -8    2  -12   -5   -3   -4    8   10    2    2   11  -12    2  -12  -12   13   -7
    1    2   12    1    3   18    3    2    0      1062   -1   15    6   -2    7   16   14   -3   -9   -3   -2    7    6   -9  -14   -3  -12  -14
    1    2   13    1    2   12    3    3    0       841   -8    4    9   -5  -15    2    5    8  -14   -9  -19   10   -5    8   -9    2   13   -5
    1    2   14    1    2   11    2    2    1       818   -1   13    9   -5  -11   18   10   -1   -6  -14  -10    3  -10    8   -7   16   16    1
    1    2   15    1    2   10    1    2    1       541   -8    5    8   -7  -11    9    9   -3   -5  -13  -11    4  -12   12   -6   11   15    1
    1    2   16    1    3   13    1    3    1      1360   -1   13    2    3   11   11   13  -13   -9    1   -2    8    8   -9  -11   -5  -12  -12
    1    2   17    1    1   11    2    1    1       916    3   -3    0  -14   -6   -3   -6   10    7    2    1   12  -12    0  -12   -9   14   -9
    1    2   18    1    2   14    2    2    1       874   -8    6   10   -8   -9    8   12   -3   -5  -12  -12    3  -13   13    1    8   14    1
    1    2   19    1    3   12    3    3    1      1217   -1   15    8    2   12   14   13  -13   -6    3   -1    8    8   -7  -18  -16  -19  -11
    1    2   20    1    3   16    1    2    0       906   -1   12    8    0   12   10   13  -13   -5    3   -3    8   10   -9  -11   -6   -5  -20
    1    2   21    1    1   16    1    1    1      1200   -7   -8    0  -14   -7   -4   -4    9    7    4    3   13  -11    2  -13  -11   13   -7
    1    2   22    1    2   15    3    3    0      2522   -7    6    3    3  -11    9   12    2    4  -20   -6   -1  -12   13   -4   12   13   -4
    1    2   23    1    1   17    2    3    0      1058  -10   -5    2  -15   -6   -3   -6    6   14    1    2   12  -12    3  -14  -10   10  -16
    1    2   24    1    2   16    1    3    0       869   -8    4    8   -5  -10    8   11   -1   -7  -14   -7    1  -12   14   -6   10   14    0
    1    2   25    1    3   17    2    3    1       719   -7   13   13  -10   12   10   16  -14   -5    3   -6    9   11  -11  -10   -5  -14  -12
    1    2   26    1    1   18    3    1    1       782   -5   -8    2  -13   -5    3   -4   10    9    7   -1   17   -4    0  -13   -4   22    0
    1    2   27    1    2   17    2    2    1      2967   -8    3    7   -5   -5   11    7    3   -3  -12  -12    2  -13   10   -6   13   14   -1
    1    3    1    1    2   26    2    3    0      1050   -7    6    8   -5   -9    7   13   -2   -5  -15  -12    3   -8   15   -7   11   11   -4
    1    3    2    1    1   23    2    3    0       732   -3  -12   -1  -15  -12  -12   -1    8   11   -5    1   14  -11    1  -20   -6   14   -9
    1    3    3    1    1   22    1    1    1       761   -8   -7    0  -13   -6   -5   -4    7    7    4    4   11  -12    2  -10   -8   12   -6
    1    3    4    1    3   25    1    2    0       722    4   15    7    0   11   11   13  -12   -4    2   -2    9    9   -9  -12   -8  -13  -12
    1    3    5    1    1   26    2    3    0       686   -6   -6    1  -14   -6   -3   -4    9   12    4    2   13  -14    3  -10  -15   11   -7
    1    3    6    1    3   21    3    3    1      1358    0   12   10   -3   16   12    9  -11   -6    2   -3    5   15   -9  -11   -8  -11  -14
    1    3    7    1    3   20    2    3    1       708   -3   13    7    2   10    9   21  -16   -7    3   -2   10   10   -8   -9  -13  -13  -13
    1    3    8    1    2   27    3    3    0       771   -7    4    7   -6   -1    1   11   -2   -5  -18  -10    7  -16   10   -7   11   24   -8
    1    3    9    1    1   27    3    2    0       832   -5   -9    1  -15   -5   -1    0   13   -3   11    2   14  -12    4  -22   -4   15   -9
    1    3   10    1    3   23    2    2    0       779    0   12    9   -1   10   12   12  -14   -5    3   -1    9   -1  -11   -9   -5  -14  -13
    1    3   11    1    2   23    2    3    0      2537   -7    6    8   -1  -10    7   16   -6   -6  -13  -13    5  -10   13   -2    8   17    2
    1    3   12    1    3   27    3    3    1      1070    2   14   10    2   13   14   11  -12   -4    1    6    1    8   -7  -14   -9  -19  -21
    1    3   13    1    2   20    2    2    1      1565  -10    5    6   -6   -4    8   10   -1   -3  -14   -8    8  -10   12   -6   13   13   -2
    1    3   14    1    1   25    1    1    1      1351   -7   -8    0  -13   -5   -4   -3    7    7    4    4   10  -12    2  -11  -12   13   -8
    1    3   15    1    2   21    3    2    1      1146  -10    2   13   -7  -11    8   10    0   -5  -10   -5   -4  -10   16   -5   11   10   -3
    1    3   16    1    3   19    1    1    0      4279   -1   14    8    0   12   12   13  -12   -6    3   -2    8    9   -8  -10   -6  -11  -12
    1    3   17    1    3   26    2    2    0       932   -1   12    5   -5   12   13   15  -14   -4    1    0   10   10   -7   -7  -12  -14  -11
    1    3   18    1    3   24    3    3    1       902   -1   11    1    9   12   11   15  -14   -5    1   -4    9   11   -9  -10   -7   -8   -9
    1    3   19    1    2   19    1    3    0      1550   -8    5    8   -6   -8    9   12   -1   -5  -13  -11    3  -12   12   -5   12   16   -1
    1    3   20    1    2   22    1    1    0       989   -7    5    7   -5   -9    7   12   -2   -5  -13  -12    3  -12   11   -5   11   15    0
    1    3   21    1    3   22    1    2    0       252   -1   13    8    1   10   10   15  -13   -5    3   -2    9    9   -9  -10   -7  -13  -12
    1    3   22    1    2   25    1    3    0       176   -9    5    7   -7  -17   18   11   -1   -4  -13  -11    3  -11   12   -6   10   14    0
    1    3   23    1    1   24    3    1    1      1171   -9  -17   -2  -12   -5   -4    5   17    9    9    6   20  -15   -1  -12  -10   17  -12
    1    3   24    1    1   19    1    3    0       811   -8   -7    0  -13   -7   -5   -3    9    7    3    2   12  -12    2  -12  -11   21   -5
    1    3   25    1    1   20    2    1    1       727  -11  -14    0  -14   -1   -4   -3    6    5    4    2   11  -12    3  -13  -10   12   -5
    1    3   26    1    1   21    3    3    0       851  -10    1    3  -16    4    0    5   13    9    5   12   16  -17   12   -7   -8   22  -11
    1    3   27    1    2   24    3    2    1      1181  -11    5   12    4   -3    0    3   -6   -3  -21   -7   -2  -16   13  -12   13   22   -2
    1    4    1    1    2   28    1    3    0      1721   -8    6    8   -6  -10    8   10   -1   -5  -13  -12    4  -12   12   -6   11   15    1
    1    4    2    1    2   30    3    1    0      1104   -7    1   10    0   -4   -2   14   -2   -7  -14  -11    0  -21   16   -6   12   11   -8
    1    4    3    1    2   32    2    2    1      4652   -9    4    5   -6  -12    8   12    1   -4  -14  -12    2  -14   13  -11   17   18   -4
    1    4    4    1    3   33    3    3    1       793   -2   16   10    9    7   16   15  -14    4    7    0    3   10   -9  -13  -14   -4  -23
    1    4    5    1    2   35    2    2    1      1542   -4   10    6   -6  -14    9    7   -4   -4  -14  -12    3  -12   13   -5   13   12   -3
    1    4    6    1    3   34    1    3    1       863   -1   12    8    0   11   11   14  -13   -5    2   -2    9   10  -10  -10   -6  -12  -13
    1    4    7    1    3   31    1    3    1      2005   -3   10    8    1   11   10   10  -11   -5    3   -1    9    8   -8  -10   -7  -12  -13
    1    4    8    1    1   28    1    3    0       731   -6   -8    1  -13   -8   -5   -2    7    8    3    3   13  -11    1  -12  -11   12   -6
    1    4    9    1    2   31    1    3    0      1190   -7    4    8   -6  -10    8   10   -1   -5  -13  -11    3  -12   12   -5   10   15    0
    1    4   10    1    1   31    1    2    0       190   -6   -8    0  -13   -6   -4   -4    7    7    4    3   11  -12    2  -12  -11   12   -3
    1    4   11    1    3   30    3    2    0       541    0   13   17  -10   12   12   15  -14   -6    0   -3   14    4  -14  -14   -3  -11  -14
    1    4   12    1    1   34    1    3    0       223   -8   -7   -1  -12   -6   -4   -1    9    7    4    3   12  -11    2  -12  -11   13   -7
    1    4   13    1    3   32    2    2    0       893    1   14    9    0   11   12   14  -14   -4    2   -2    7    9   -7  -11   -8  -14  -11
    1    4   14    1    2   36    3    2    1       705    1    7   -2  -11   -5    8    9    1   -6  -13   -7    5   -2   11  -12    2   15   -2
    1    4   15    1    3   36    3    3    1      2000   -4   22    7    2   13   14   15  -13  -15   -1   -3   12    7   -9  -12   -2  -11  -23
    1    4   16    1    1   36    3    3    0      3289   -9  -16    1  -12   -7   -6    5    4    9    5    2   17  -13    2  -10  -19   13   -6
    1    4   17    1    1   33    3    2    0       576   -8   -8    5  -10    3  -11    2    8   -1    6   -5    3  -10    2  -12  -12    8  -10
    1    4   18    1    1   32    2    2    0      1743   -6   -9   -1  -12   -1   -3   -2    7   12   -5   -1   13  -11    2  -13  -10   14   -9
    1    4   19    1    1   30    3    3    0      1167   -7    2    8  -15   -7   -6  -10   12   10   -6    1   14  -18   -3  -12  -14   14    2
    1    4   20    1    2   34    1    1    0       937   -9    5   12   -8  -10    8   10   -1   -5  -12  -10    3  -12   13  -15   17   15   -1
    1    4   21    1    1   29    2    2    0       362   -4  -13    0  -12   -8   -4   -3    9    8    3   -7    9  -13    2  -12  -10   15   -4
    1    4   22    1    2   29    2    3    0      1026   -7   -3    6  -14   -8   15   10    0   -3   -8  -13    5  -12   13   -6   10   17   -2
    1    4   23    1    3   29    2    2    0       690   -2   15   15    9   11    9   12  -13    1    1   -2   10   10   -7  -11   -8  -13  -13
    1    4   24    1    2   33    3    1    0       605   -7    4   10   -4   -7   17   10  -11   -4  -13  -20   13  -14   12  -14   18    7    9
    1    4   25    1    3   35    2    2    0       476    1   15    9    0   10   12   15  -14  -15    7   -2   -1    8  -11  -14   -7  -12  -12
    1    4   26    1    3   28    1    3    1       625   -1   12    8    2   10   11   14  -13   -5    2   -3    9   10  -10  -10   -6  -13  -14
    1    4   27    1    1   35    2    2    0       705   -5   -6    2  -12   -7   -9    3   18    7    2    3   14  -21   -4  -10  -10    8   -4
    1    5    1    1    3   44    2    3    1       222   -3   14    9   -1   10   12   15  -13   -6    3   -3   10    8   -8   -9   -5  -14  -11
    1    5    2    1    1   42    3    1    1       894  -17  -16    5  -23   -7   -4   -8   12    7    2   -1    7  -13    3  -13  -11    6   -3
    1    5    3    1    3   39    3    3    1       931    9   22   10    0    6    3    5  -18   -3    1    0    7    9   -3  -11   -7  -14  -14
    1    5    4    1    3   40    1    2    0      2293   -1   12    7    1   11   10   14  -12   -5    3   -3   10    9   -9  -11   -5  -10  -11
    1    5    5    1    3   42    3    1    0       275    6   23    8    3   14    8   18  -17   -8    2  -11   14   11  -11  -10   -8  -14  -14
    1    5    6    1    2   39    3    2    1       973   -6    3    6   -6  -18    6   18    2   -5   -9  -16    2  -14   10   -7   12   15    1
    1    5    7    1    2   37    1    2    1       800   -8    5    7   -5   -9    7   11    0   -5  -13  -10    3  -12   12   -6   11   16    0
    1    5    8    1    2   43    1    2    1       684   -7    5    8   -6  -11    9   11    0   -4  -14  -10    3  -14    2   -6   10    8    0
    1    5    9    1    2   42    3    1    0       762   -6    2   14   -4  -13    9   15   -8   -7  -12   -2   -4  -16    7   -5   11   11    5
    1    5   10    1    2   40    1    3    0       980   -9    5    9   -6  -10    8   12   -2   -7  -11  -10    2  -13   11   -6   12   16   -1
    1    5   11    1    3   38    2    2    0      1895   -2   13   10   -1   12   10   15  -14   -4    4   -2    7    7  -10   -9   -4  -14  -11
    1    5   12    1    1   40    1    2    0       788   -8   -8   -1  -13   -5   -5   -1    8    9    4    3   12  -13    2  -12  -10   12   -6
    1    5   13    1    2   44    2    3    0      2558  -10    5    8   -7   -8    8   14   -1   -3  -11  -13    5  -12   14   -6   12   12    1
    1    5   14    1    3   43    1    3    1       902   -2   14    8    0   11   11   12   -3   -5    0   -2   10    9   -9   -9   -7  -11  -14
    1    5   15    1    2   45    3    3    0       573   -7    5    6   -8   -9   12    9   -3    2   -4  -21    2   -3    7    3    8   22   10
    1    5   16    1    1   44    2    1    1       946   -5  -10   -8   -7   -7   -4    3   18    6    5    2   12  -13    5  -13  -11   13   -5
    1    5   17    1    1   45    3    2    0       805   -5    0   -6  -21   -7   -4   -3    7    4    5    4   13  -16    5  -13  -13    5    0
    1    5   18    1    2   38    2    3    0       477   -8    4    8   -4   -9    7   11   -3   -6  -12  -13    2  -13   14   -5   10   17   -1
    1    5   19    1    3   37    1    2    0       789    8    9    8    0   12   10   14  -13   -5    3   -2    9    9   -9  -10   -6  -12  -13
    1    5   20    1    1   38    2    1    1       222   -7   -7   -1  -13   -7   -3   -5    8    6    2    0   13  -13    4  -11  -12   18  -12
    1    5   21    1    1   41    2    1    1       508   -6   -8   -1  -12   -4   -5   -4   10    8    5    1   12  -16   -2  -10  -13   16  -11
    1    5   22    1    3   41    2    3    1       912    0   13    6    2   14   20   14  -14   -9    0   -3    7   10  -11  -11   -8  -15   -8
    1    5   23    1    2   41    2    2    1      1734   -9    5    6   -6  -12   10   12   -3   -5  -11  -11    4  -14   12   -8   12   16    0
    1    5   24    1    1   37    1    2    0       699   -6   -9    0  -13   -7   -4   -4    9    6    4    3   12  -13    3  -12  -11   13   -8
    1    5   25    1    1   43    1    1    1       729   -8   -8    0  -12    3    5   -3    7   17    0    1   11  -11   -1  -13  -11   13   -7
    1    5   26    1    1   39    3    1    1       548   -8  -10    1  -11   -7   -3   -8    8   17   11    8   10  -12    9   -3   -1   15   -8
    1    5   27    1    3   45    3    3    1       836   -1   15    7    1   11   10   12  -13    0    4   -3    9    4   -5  -17   -5  -14  -12
    1    6    1    1    2   50    2    3    0      1004  -10    7    8   -7   -8   -1   10   -1   -3  -15  -13    1  -19    2   -6   13   13    1
    1    6    2    1    2   48    3    3    0      1136   -5    5    5   -4  -11    8   18    2    0  -13  -11    2  -12   10  -15    2   22    8
    1    6    3    1    3   53    2    3    1      4638   -9    5    7    2   11   12   13  -13   -4    4   -1   11    7  -10   -8   -6  -13  -13
    1    6    4    1    2   46    1    1    0      1359   -8    5   -1   -1  -10    8   11   -1   -5  -13  -10    3  -12   12   -8   13   15    0
    1    6    5    1    1   48    3    1    1       786   -8   -8  -10  -16   -4   -5   -5    8   -1    8    5   16  -13   -2  -12  -10   14   -6
    1    6    6    1    1   47    2    2    0      2860   -7   -9    4  -17   -3    4   -4    7    7    5    1   11  -14    3   -9  -12   12   -9
    1    6    7    1    3   48    3    3    1       850   -2   13    7    0   10   11   11  -23   -3   -4   -7    2   11   -4  -12  -10  -10  -12
    1    6    8    1    3   47    2    2    0      1339   -2   13    8   -1   10   11   14  -14   -8   -1   -3   10    9   -7  -10   -7  -12  -12
    1    6    9    1    2   54    3    2    1       895   -4    6    7   -6  -12    9   10    2    4  -19  -12    4  -13    7    3   18   19   -4
    1    6   10    1    2   53    2    3    0      1144  -12    9    1    1  -10    6   13   -5    1  -12  -10    3  -10   10   -7   10   15   -7
    1    6   11    1    1   54    3    1    1      1125   -6  -11    3  -12  -11   -3  -11    0    6    3    8   12   -6    7  -16   -8   10   -6
    1    6   12    1    3   50    2    2    0      2626    0   14    7    0   12   13   11  -17    3    0   -1   10    8  -16   -9   -5  -10  -15
    1    6   13    1    3   49    1    1    0       946   -2   14    8    0   10   12   14  -12   -7   -8   -2    8    9   -9  -11   -5  -12  -14
    1    6   14    1    2   52    1    2    1       981   -9    6    8   -6  -10    8   11   -1   -5  -14  -10    3  -12   12   -6   12   16   -1
    1    6   15    1    1   50    2    2    0       950   -5   -7    0  -14   -7   -3   -8   12    8    4    4   11   -9   -1   -2   -7    7   -7
    1    6   16    1    3   46    1    3    1       275   -1   14    9    1   11   11   15  -11   -5    2    2    2   10   -9  -11   -6  -12  -13
    1    6   17    1    1   51    3    3    0       965   -7   -9    2   -4   -6   -5    1   11    8    3   -5   18  -20   -5  -16  -14   12   -7
    1    6   18    1    3   51    3    2    0       299    4   15    9    0   18    2   12  -13   -7    8    0    8    5   -8   -2   -8  -16  -21
    1    6   19    1    1   53    2    1    1        57   -7  -11   -2  -11   -8   -4   -2    6    7    3    2   13  -10   -2   -7  -14   11   -7
    1    6   20    1    1   49    1    2    0         0   -6   -9   -1  -16   -6    0   -4    7    8    4    2   12  -12    3  -12  -10   17  -11
    1    6   21    1    2   47    2    3    0         0   -8    4    6   -6   -5    0   12   -2   -6  -14  -13    2  -14   17   -1   12   16   -1
    1    6   22    1    1   46    1    1    1         0   -7   -8    0  -13   -6   -4   -2    8    7    4    4   14  -12    2  -12  -11   13   -6
    1    6   23    1    3   54    3    2    0        91   -4   14    7    2   19    3   12   -3   -4   -8    0    5    8   -9   -9   -6  -13   -6
    1    6   24    1    1   52    1    1    1         0   -7   -7   -1  -12   -6   -4   -2    7    1   10    3   12  -12    3  -12  -11   14   -8
    1    6   25    1    2   51    3    3    0         0   -7    6    9   -7   -9    7   11   -2   -2   -9  -10    2  -13   10   -6   10   19    4
    1    6   26    1    3   52    1    2    0         0   -1   14    9   -1    1    3   13  -14   -5    2   -1    8    9   -9   -5  -14  -13  -12
    1    6   27    1    2   49    1    1    0        47   -7    4   10   -9  -10    9   11   -1   -5  -13   -2   -3  -13   11   -6   11   17    1
    1    7    1    1    3   56    2    3    1         0   -2   12    8    1   20    4   19  -10   -4   -3   -3    8    8  -11  -10   -5  -17  -11
    1    7    2    1    1   56    2    2    0       706   -6  -10   -1  -12  -10  -10   -2    7   16    2    4   11  -11    1   -5   -1    9    0
    1    7    3    1    2   58    1    1    0      1533   -8    5    8   -5  -10    8   12    0   -6  -13  -11    5  -12   11  -11   16   15    1
    1    7    4    1    3   62    2    3    1       297   -1   11    1   -2   13   15   20   -8   -3    4    0    8    9  -10  -11   -7   -5  -21
    1    7    5    1    1   58    1    3    0         0   -7   -7    1  -13   -6   -4   -2    7    8    3    4   12  -12    2  -13  -10   13   -7
    1    7    6    1    2   59    2    2    1       880   -7    4    4   -3  -10   17   11   -2   -4  -12  -10    5  -12   11   -7   12   17   10
    1    7    7    1    3   61    1    3    1       534    0   12    9    0   12   13   15  -13   -6   -3   -3    9    9   -9  -10   -6  -13  -13
    1    7    8    1    2   63    3    1    0       252  -18   -2   14  -13   -7   12   17    6   -2  -10   -2   -6  -21    4  -12   16   14    5
    1    7    9    1    3   58    1    2    0       740   -2   12    8    0   10   12   14  -13   -6    3   -1    9    9   -9  -11   -7  -13  -14
    1    7   10    1    2   56    2    3    0       152   -6    7    9   -8  -10    9    9    0   -7  -14  -12    2  -13   11   -5   10   16    0
    1    7   11    1    3   59    2    2    0       121   -2   11    8   -2    3   15   15   -7   -5    4   -1    8    7   -9  -11   -5  -17  -17
    1    7   12    1    2   57    3    1    0         0  -12    8    6   -7  -19   18   11   -2   -4  -14  -18   10  -16   15   -4   12   17   -2
    1    7   13    1    2   61    1    3    0       119   -8    5    7   -7  -11   10   11   -1    3  -20   -2   -6  -12   12   -5   10   15    0
    1    7   14    1    2   60    3    3    0      1283  -10    5   11  -15   -7   10   18    4    4  -14  -10    1  -13    2   -6   12   14    9
    1    7   15    1    3   63    3    1    0       390    0   14    6    0   13   16   18  -18    0    2    0    9   10   -8  -12   -6  -16   -9
    1    7   16    1    2   62    2    2    1        47   -7    5    8   -5  -16   11   10   -1   -8  -15  -12    4  -11   11   -6    9   13   -1
    1    7   17    1    1   55    1    2    0       979   -7   -8    0  -14   -5   -4   -3    8    7    5    3   12  -12    2  -11  -10   12   -6
    1    7   18    1    1   60    3    3    0       751   -2   -7   -5  -15  -10  -13   -2    8   12    2    1    7   -9    6  -14   -7   19  -14
    1    7   19    1    1   59    2    2    0       812   -7   -9    0  -12   -5   -3   -4    6    8    5    4   14  -10    0  -11   -4   13   -5
    1    7   20    1    3   57    3    3    1       884   -2   14    9   -1    9   13   10  -11   -5    3    0   10    8  -10   -4  -12  -16  -12
    1    7   21    1    1   63    3    3    0       971   -7   -7   -1  -13   -2    5   -8   12    4    3   11   21  -12    1  -16  -11   12   -8
    1    7   22    1    1   61    1    2    0       543   -7   -9   -1  -15   -6   -4   -3    8    6    5    3   13  -13    2  -11  -12   14   -7
    1    7   23    1    3   55    1    3    1       757   -1   13   12    0   11   11   14  -12   -5    2   -2    9   10   -9  -11   -6  -12  -15
    1    7   24    1    3   60    3    3    1       819   -1   12    9   -5   13    9   24  -13   -8   -3   -4    0    8   -7   -6   -5  -11  -13
    1    7   25    1    2   55    1    1    0      2043   -7    4    8   -7  -10    8   10   -1   -5  -13   -5   -6  -11   11   -6   10   14    0
    1    7   26    1    1   62    2    2    0       834   -6   -8   -4  -18   -2   -7   -4    6    5    5    0    9  -18    3  -15   -1    9  -10
    1    7   27    1    1   57    3    3    0       826   -5   -8    3  -11   -4   -5    5   15   -1   -5    1   11  -13    1   -7   -6   14  -11
    1    8    1    1    3   68    2    2    0       211    2   16    6    2   11   12   12  -13   -7    6   -8   14    9  -10  -10   -7  -12  -12
    1    8    2    1    2   72    3    1    0        51   -7    4    4   -9  -10    7    8   -5   -7  -14   -7   -2  -12    8   -6   10    5   -2
    1    8    3    1    1   69    3    3    0         0  -15   -4    1  -12   -4   -9   -8   10   16    0    2    4  -12    4  -21   -4   14   -7
    1    8    4    1    3   72    3    2    0         0   -3   14    7    1    9    4   16  -16    5   -4   -4    1   10  -10   -8   -6   -5  -15
    1    8    5    1    3   67    1    1    0         0   -1   14    8    0    7   18   16  -14   -6    3   -2    9   15   -3  -13  -14  -11  -13
    1    8    6    1    3   70    1    3    1       576   -1   13    7    0   10   12   14  -13   -5    2    0    7   10   -9  -10   -7  -11  -12
    1    8    7    1    2   71    2    2    1       771   -6    4   10   -7  -12    7    5   -4   -3  -12  -10    5   -5   15   -7   13   13    2
    1    8    8    1    2   67    1    3    0       334   -8    5    8   -6  -10    8   11    0   -6  -12  -11    2  -12   12   -7   10   15    0
    1    8    9    1    2   66    3    2    1       236   -4    9    6  -11   -5   18    8    2  -14  -21  -10   -5   -7    8   -7   11   19    5
    1    8   10    1    3   71    2    2    0       590   -3   18    9   -1   13   10   16   -9    0    8   -1    5    8   -8  -12   -5  -11  -13
    1    8   11    1    1   64    1    3    0      1075   -6   -8    0  -13   -7   -4    2   18    7    4    4   11  -13    2  -12  -12   12   -6
    1    8   12    1    2   65    2    2    1       225  -10    7   15   -3   -4    0   12    1   -4  -14  -11    1  -12   11   -6    9   20    2
    1    8   13    1    2   70    1    2    1       288   -9    6    7   -6  -10    8   11    0   -6  -13  -12    4  -13   13   -6   11   15   -2
    1    8   14    1    3   66    3    3    1      1070   -2   13   11    4   13    9   17   -9    5   -2    0    9    6  -14  -13    3  -13  -14
    1    8   15    1    1   68    2    2    0      1758  -10  -15    2  -12   -5   -4   -1   -2   15   -6    7   12  -18    1  -13  -10   11   -7
    1    8   16    1    1   67    1    2    0       946   -8   -8    0  -13   -6   -4   -3    8    8    5    3   13  -12    2  -12  -11   12   -7
    1    8   17    1    2   64    1    1    0       980   -8    6    8   -7  -11    8   13   -2   -5  -13   -9    3  -12   12   -6   11   16   -1
    1    8   18    1    2   69    3    3    0      1301   -7    5   16   -1   -6    7    6    2   -4  -15  -15    8  -13   13  -13   21    7    9
    1    8   19    1    2   68    2    2    1         0   -8    6    6   -6   -8   10   12    1   -3  -13  -10    5  -12   11   -8   13   14   -2
    1    8   20    1    3   65    2    3    1       570    9    4    9    0   13   10   13  -12   -4    3   -1   12   10   -9   -3   -5  -10  -15
    1    8   21    1    1   66    3    3    0      1326   -6   -8    3  -13  -15   -1   -4    8    8    1    1   11  -11    3  -14  -10   21  -14
    1    8   22    1    1   71    2    1    1       482   -8  -10    2  -10   -8   -4   -7    4    9    4    4   13  -12   -3  -11  -11   15   -8
    1    8   23    1    1   70    1    1    1       488   -7   -8   -1  -12   -7   -3   -3    8    6    4    4   12  -11    2  -12  -11   13   -7
    1    8   24    1    1   72    3    2    0       781   -6  -10   -1  -15    1  -13    0    7    3   12    0   16  -12    1   -2  -21   18   -3
    1    8   25    1    1   65    2    2    0       807  -12   -4   -8  -18   -7   -5  -10   10    8    3    4   12  -10    4  -20  -14   12   -3
    1    8   26    1    3   64    1    3    1       705   -1   13    8    0   11   10   15  -13   -6    3   -2   10    8   -9   -9   -7  -11  -13
    1    8   27    1    3   69    3    3    1       318   -1   22    9   -2   10   11   19  -15   -6    3   -7    7    9   -8  -19  -14   -9   -7
    1    9    1    1    2   78    3    2    1      1577    0    0   11   -1  -11    7    9    3    0  -12  -10    2  -12   11    1   15   21   -5
    1    9    2    1    1   75    3    1    1       756  -11  -12    0  -17   -6   -5   -4    7   11    0    0   12  -14    1  -13   -6   13   -3
    1    9    3    1    2   77    2    1    0       670  -12    5    8   -5   -2   10   13   -3   -6  -15  -13    2   -5    4   -7   10   16   -1
    1    9    4    1    1   74    2    3    0       859   -8   -6    2  -13   -6   -3    6   11    5    5    2   12  -21   12  -13  -11   13   -8
    1    9    5    1    2   76    1    2    1       116   -8    5    8   -6  -10    9   12   -2   -4  -14  -10    2  -13   17   -6   11   15    0
    1    9    6    1    3   81    3    2    0       486   -7   12   11    0    7    8   20  -19   -2   -5   -2    7    7  -10  -16    2  -11  -15
    1    9    7    1    1   81    3    3    0       617   -6   -8   -1   -6   -5   -6   -2    7    7    0    0   17  -20    9   -7   -2   22   -6
    1    9    8    1    1   73    1    3    0      1065   -8   -7    1  -15   -6   -4   -2    9   12    5    2   12  -12    2  -12  -11   13   -7
    1    9    9    1    3   74    2    2    0      1227  -11   10   11    4    7    8   12  -11   -6    1   -7    7    7  -14   -4   -3  -13  -13
    1    9   10    1    1   77    2    1    1      1523   -3  -13   -4   -9   -7   -3   -5    9    6    3    1   11  -19   -8  -10  -13   13   -6
    1    9   11    1    1   79    1    2    0       780   -6   -7   -1  -12   -7   -5   -3    8    7    4    3   12  -12    2  -12  -11   13   -7
    1    9   12    1    2   81    3    1    0       330  -10   -2    5   -2   -2   16   11    0    2  -13   -9    1  -11   13   -1   14   13   -2
    1    9   13    1    3   75    3    3    1       296   -2    3   10    3   14    7   17  -12   -8    9    2    4    9  -10   -5   -7  -11   -8
    1    9   14    1    3   77    2    3    1       294   -2    4   18   -9   10   12   10  -18   -7   -1   -1   10   10   -8  -12   -7  -21   -4
    1    9   15    1    3   73    1    2    0       855    0   12    7   -1   10   12   14  -13   -5    2   -2    8    7   -8   -8   -8  -12  -14
    1    9   16    1    1   78    3    3    0       559   -5   -9    0   -8   -7   -5  -10   14    8    6   13   15   -2    6  -12  -10    9   -9
    1    9   17    1    1   76    1    1    1       340   -3  -12    0  -13   -6   -4   -3    8    7    4    4   12  -12    2  -11  -10   12   -7
    1    9   18    1    2   79    1    1    0       486   -9    6    8   -6  -10    8   11   -1   -4  -14  -12    3  -12   11   -7   11   14    1
    1    9   19    1    2   80    2    2    1       282   -7    4    8   -4  -11    9    6   -5   -4  -13  -13    1  -18   11   -3    9   10   -3
    1    9   20    1    1   80    2    2    0       262    2    0   -1  -12   -6   -2   -4   10    8    4    1    9  -12    1  -13   -9   12   -8
    1    9   21    1    3   76    1    3    1       229   -1   12   18    8   11   11   13  -13   -6    3   -2    9    6  -11  -10   -7  -12  -13
    1    9   22    1    3   80    2    3    1       615   -3   13    7    1   12   10   11   -4   -4    1   -3    7   10  -13   -8   -8  -10  -13
    1    9   23    1    2   73    1    3    0       267   -9    6   13   -5  -11    8    6    1    3  -21  -11    2  -12   12   -7   11   13    0
    1    9   24    1    3   78    3    1    0        26   -2   18    8    1    5   19   15  -14   -9    8   -2   10    7  -10  -11   -3  -14  -12
    1    9   25    1    3   79    1    2    0        94   -1   13    8   -1   11   11   14  -13   -5    2   -2    9   13  -18  -10   -6  -12  -13
    1    9   26    1    2   74    2    3    0         0   -7    6    8   -9  -11    6   10   -1   -4  -13   -9    4   -2   15   -6   10   14    2
    1    9   27    1    2   75    3    3    0       103   -9    6    2   -8  -11    8    8   -2  -12  -17  -14   -2  -11   12   -1    1   13   -7
    1   10    1    1    2   85    1    2    1       302   -8    5    7  -13  -10    8   11   -2   -4  -13  -11    3  -12   12  -15    4   16   -2
    1   10    2    1    1   87    3    2    0       347  -15  -15   -2  -18   -5    4   -4    6    7   -1   10    3  -13    7  -12  -12   15   -5
    1   10    3    1    1   88    1    3    0       643   -7   -8    3  -13   -7   -3   -4   17    8    3    3   13  -11    3  -12  -11   12   -7
    1   10    4    1    3   89    2    1    0         0   -1   14    8   -2   10    9   15  -14   -6    3   -3   10    8  -10   -1    4  -13  -14
    1   10    5    1    2   83    2    2    1       235   -9    6   10   -4   -7   12   12   -3   -7  -12  -11    2  -10   14   -5   11   15   -2
    1   10    6    1    1   83    2    3    0         0   -7   -9   -1  -12   -9   -2   -7    6    6    5    4   11  -14    4   -5   -1   11   -8
    1   10    7    1    2   90    3    2    1         0   -5   14    0    3   -9    7    9    0  -13  -11  -11    8  -11   16   -5   11   16    1
    1   10    8    1    1   82    1    2    0       867   -7   -8    0  -12   -5   -4   -3    8    6    4    4   11  -11    2  -10  -12   13   -7
    1   10    9    1    1   84    3    1    1       665   -5   -6    5   -3    4   -5    1   14   10    9   -6    9  -13    0  -16  -14   12    3
    1   10   10    1    3   85    1    1    0       547   -1   12    7    1   10   12   16  -11   -5    1   -2   10    9  -10   -9   -7  -12  -13
    1   10   11    1    3   83    2    2    0       418   -2   15   13   -1   12   11   12  -10   -4    2    3   12   10  -11   -5   -3  -12  -15
    1   10   12    1    3   88    1    3    1       521    0   13    9    1   11   11   15  -13   -8   -3   -2    8    9  -10  -10   -6  -11  -12
    1   10   13    1    2   82    1    3    0      1054   -8    5    8   -5  -11    8   11   -1   -7  -15  -11    4  -12   12   -7   11   15    0
    1   10   14    1    1   89    2    3    0       719   -8   -3    1  -13   -4   -6   -2    8    6    6    1    8  -10    3  -13  -10   13   -8
    1   10   15    1    2   89    2    2    1      1567    0   15   13  -11  -11    8   16   -1  -10  -14   -9    4  -10   13   -7   11   17   -6
    1   10   16    1    3   90    3    3    1      1244   -6   17   10   -1   12    8   16  -12   -7    2   -1    9    9  -10  -13   -5  -10  -13
    1   10   17    1    1   86    2    1    1      1144   -9   -6    1  -11   -7   -3   -1    3    8    3    3   11  -13    3  -11  -11   12   -9
    1   10   18    1    1   85    1    3    0       659   -7   -8   -7  -19   -6   -3   -2    7    8    3    3   12   -9    3  -11  -14   20   -1
    1   10   19    1    2   87    3    3    0      1235   -7    5    6    4   -7   12    6   -5   -6  -13  -15    4  -22   17  -12    8   20    4
    1   10   20    1    3   87    3    3    1      1136   -7   15    2    5   12   10   15  -13    2   -8    4   18    5   -9  -18  -16   -9  -23
    1   10   21    1    2   88    1    2    1      1166  -10    5    8   -6   -9    9   12   -2   -5  -12  -10    2  -12   12   -5   12    8    2
    1   10   22    1    3   86    2    3    1       845    0   12    9    1   12   10    7  -15   -3    0   -3    9   10   -7  -10   -5  -13  -12
    1   10   23    1    3   82    1    3    1       617   -1   13    8    0   11   12   14  -14   -5    2   -3    9   10  -10  -11   -2  -12  -13
    1   10   24    1    2   84    3    1    0      1020  -17   10    8   -5  -11    8   10   -2   -5  -14  -10    3  -11   11    4   18   16   10
    1   10   25    1    3   84    3    1    0      2749    0   12   10   -3    2    1    9  -15   -6    2    0    7   17  -13  -11   -6  -16   -8
    1   10   26    1    1   90    3    2    0       892  -16   -3    5   -3   -6   -5   -1    8    5    2    0   12  -15    2   -4  -21   14   -6
    1   10   27    1    2   86    2    2    1       821  -10    3   13   -9   -8   10    9   -3   -4  -13  -12    4  -11   11   -5    9   13    2
    2    1    1    1    1   26    2    3    0      6296   -6   -6    1  -14   -6   -3   -4    9   12    4    2   13  -14    3  -10  -15   11   -7
    2    1    2    5    3    3    3    3    1      1400    1   11    8   -6   12   12   13  -12  -13   -2   -3    4   17   -1   -9   -7  -12  -20
    2    1    3    1    3    2    2    2    0      6525   -5   12    9   -1   13   12   13   -7  -13   -4   -2    8    9  -10   -8   -6  -13  -13
    2    1    4    5    2    5    3    1    0      1299   -9    4   17   -8   -5   12    9   -1   -1  -14   -5    0  -14   14    4    9   14    1
    2    1    5    4    1    2    2    1    1      1672   -8  -10    1  -12   -4   -4   -5    5    9    5    2   12  -12    4  -13  -11   11   -7
    2    1    6    1    2   60    3    2    1      1215  -10    5   11  -15   -7   10   18    4    4  -14  -10    1  -13    2   -6   12   14    9
    2    1    7    5    1    2    3    1    1      3962  -12    2   -1  -12    1   -9   -2    4    9    2   12    7   -5   12  -13  -10   14   -7
    2    1    8    1    2   54    3    3    0       980   -4    6    7   -6  -12    9   10    2    4  -19  -12    4  -13    7    3   18   19   -4
    2    1    9    1    2   25    1    2    1      4584   -9    5    7   -7  -17   18   11   -1   -4  -13  -11    3  -11   12   -6   10   14    0
    2    1   10    3    2    1    1    2    1      1707   -8    5    9   -6  -10    7   16   -5   -4  -14  -11    3  -12    6   -6   11   15    0
    2    1   11    5    1    4    3    1    1      2946  -13   -5    3  -11   -8   -2   -5    7    5    9    3   10   -6   -6  -14  -21   12   -5
    2    1   12    4    3    1    2    3    1      2741    1   12   10   -1   11   10   14   -3   -3    3   -3   10   18  -17   -9   -7  -14  -12
    2    1   13    5    2    6    3    2    1      2694  -13    5    2   -6  -17   -1    6    3   -3  -15  -10    3  -10   13   -7   12   12   -8
    2    1   14    1    2   67    1    2    1      1176   -8    5    8   -6  -10    8   11    0   -6  -12  -11    2  -12   12   -7   10   15    0
    2    1   15    3    1    1    1    1    1       916   -7   -8    0  -13   -6   -4   -3    8    8    4    3   12  -12    2  -11  -11   14   -7
    2    1   16    4    3    5    2    3    1       730    0   13   11    0   13   13   13  -12   -6    2   -1    8    9   -8  -10   -7   -9  -20
    2    1   17    3    2    3    1    2    1      1082   -9    5    7   -6  -10    8   11   -2   -7  -15  -10    3  -12   12   -5   11   16   -1
    2    1   18    1    2   73    1    2    1      1658   -9    6   13   -5  -11    8    6    1    3  -21  -11    2  -12   12   -7   11   13    0
    2    1   19    1    1   37    1    1    1       931   -6   -9    0  -13   -7   -4   -4    9    6    4    3   12  -13    3  -12  -11   13   -8
    2    1   20    4    1    1    2    2    0      1959   -7   -9   -2  -11   -8   -2   -3    7    7    3    1   11  -13    2  -10  -11   12   -6
    2    1   21    2    3    0    0    3    1      1013   -1   13    8    0   11   11   14  -13   -5    2   -2    9    9   -9  -10   -6  -12  -13
    2    1   22    5    2    7    3    2    1      2376  -12    5    7   -5  -10    9    1   -3    1  -16  -13    7  -11   12    2    3   15    2
    2    1   23    1    3   52    1    3    1      2676   -1   14    9   -1    1    3   13  -14   -5    2   -1    8    9   -9   -5  -14  -13  -12
    2    1   24    3    3    1    1    3    1       983   -1   12    8    0   11   11   14  -13  -10   -2   -2    9    9   -9  -10   -6  -12  -13
    2    1   25    1    1   25    1    2    0       957   -7   -8    0  -13   -5   -4   -3    7    7    4    4   10  -12    2  -11  -12   13   -8
    2    1   26    4    2    3    2    2    1      4002   -8    6    9   -6  -11    9   10    0  -11   -5  -15    7  -13   11   -5   10   14   -2
    2    1   27    5    1    5    3    1    1      3053  -11   -6    2   -8   -1    4   -2   11   -2    0    6   19  -16    5   -8   -7   13   -8
    2    1   28    1    2   23    2    2    1      2284   -7    6    8   -1  -10    7   16   -6   -6  -13  -13    5  -10   13   -2    8   17    2
    2    1   29    1    1   13    1    3    0      1739   -7   -8    2  -12   -5   -3   -4    8   10    2    2   11  -12    2  -12  -12   13   -7
    2    1   30    1    2   53    2    2    1      1762  -12    9    1    1  -10    6   13   -5    1  -12  -10    3  -10   10   -7   10   15   -7
    2    1   31    1    3    1    1    3    1       725    0   12    8    0   11   11   14  -13   -5    3   -2    7    8   -9  -11   -1  -12  -13
    2    1   32    1    1   65    2    1    1      3092  -12   -4   -8  -18   -7   -5  -10   10    8    3    4   12  -10    4  -20  -14   12   -3
    2    1   33    1    1    6    3    1    1      1795   -5    2    3  -10   -9    6   -3    9    7    3    4   11  -13    2  -10  -11   22  -14
    2    1   34    4    3    3    2    3    1      1027    8    5    7    1   12   10   17  -23   -7    2   -5    5    9  -10  -16  -16  -11  -13
    2    1   35    5    1    9    3    2    0      1335   -5    2    3  -18   -5  -13   -3    9    2    3    1   14  -12    1  -13  -13   16   -6
    2    1   36    4    2    2    2    1    0       939   -9    3    8   -5   -9    8   12   -1   -3  -11   -7   -1  -10   16   -4   12   13    1
    2    1   37    5    2    9    3    1    0      1117  -18    6    8  -10  -11   10   11   -6   -7  -14  -10    3   -6   18   -4   17   24   -2
    2    1   38    1    3   48    3    1    0      1399   -2   13    7    0   10   11   11  -23   -3   -4   -7    2   11   -4  -12  -10  -10  -12
    2    1   39    5    3    7    3    3    1       711    0   14    8    5   10   12   15  -12   -9   -3   -4    9   11   -8   -9   -6  -12  -12
    2    1   40    5    3    1    3    2    0      2533    0   13    7    5    3   14   16   -9   -5    1    3    8    6   -2  -17  -15   -5   -4
    2    1   41    1    3    6    3    3    1      5242   -3   13   12   -6   18    7    8  -22   -5    1  -11   12    5  -14  -12   -1  -13  -15
    2    1   42    5    3    5    3    3    1      1141    4    9    7   -1   13    8   11  -10   -5    1   -2   19    8   -9  -12   -4  -17  -13
    2    1   43    4    2    6    2    2    1      1331   -7    5    7   -5   -9    7   16   -4   -6   -5  -11    5   -2   12   -6    8   20    2
    2    1   44    1    1   90    3    3    0      6073  -16   -3    5   -3   -6   -5   -1    8    5    2    0   12  -15    2   -4  -21   14   -6
    2    1   45    5    2    4    3    3    0      7646   -4    8    5   -1  -20   18   20    1   -4  -15   -9    2  -10   12    1   18   18    5
    2    1   46    2    2    0    0    2    1      2342   -8    5    8   -6  -10    8   11   -1   -5  -13  -11    3  -12   12   -6   11   15    0
    2    1   47    4    3    6    2    3    1       931   -4   17    9   -1   13   12   13  -13   -4    4   -1    9    9  -10  -11   -5  -10  -12
    2    1   48    3    2    2    1    2    1      1143   -8    5    8   -6   -5    3   12    1   -4  -13  -12    3  -12   12   -5   12   15   -1
    2    1   49    1    3   67    1    3    1       641   -1   14    8    0    7   18   16  -14   -6    3   -2    9   15   -3  -13  -14  -11  -13
    2    1   50    3    1    3    1    2    0      6081  -12  -12    0  -13   -7   -5   -3    7    6    4    3   13  -10    0  -16   -7   13   -6
    2    1   51    5    2    1    3    3    0      1161   -7    7    8   -5  -14    5   12    4   -7  -14   -6    4   -9   13    4    9   16   -1
    2    1   52    4    1    3    2    2    0       598   -5  -10    0  -12   -7   -4   -5    9    5    5    3   11  -12    0  -12  -13   12   -7
    2    1   53    3    3    3    1    2    0      1883    0   12    8   -1   11   11   14  -13   -4    2    0    8   10   -8  -20   -2  -19  -13
    2    1   54    5    1    3    3    1    1       523  -10   -7  -10  -20   -2   -2   -3    9    4    6    2   12   -7    6  -13  -14    9   -7
    2    1   55    1    2   84    3    3    0      6815  -17   10    8   -5  -11    8   10   -2   -5  -14  -10    3  -11   11    4   18   16   10
    2    1   56    4    2    1    2    2    1       825   -9    4    6   -4  -15   13   12   -2   -3  -14   -6    0  -12   13   -5   10   14    0
    2    1   57    5    3    4    3    1    0       933   -4   10    7   -1   12   13   13   -9  -15    7    2    9   17   -9   -8    3   -5   -8
    2    1   58    5    3    2    3    3    1      1207   -3   22    8   -1   18   10    4  -22   -2    1   -5   11   19  -10  -11   -6   -9   -8
    2    1   59    5    3    6    3    2    0       737    1   16   -1    4   13    9   16   -9   -6    6   -3    8   10  -10  -12   -2  -10   -6
    2    1   60    1    3   18    3    1    0       689   -1   15    6   -2    7   16   14   -3   -9   -3   -2    7    6   -9  -14   -3  -12  -14
    2    1   61    5    3    8    3    2    0       734   -1   14    6    1    1   18   15  -12   -9   11    0    4    9  -14  -10   -7   -6  -13
    2    1   62    1    1   23    2    2    0       747   -3  -12   -1  -15  -12  -12   -1    8   11   -5    1   14  -11    1  -20   -6   14   -9
    2    1   63    5    1    1    3    2    0       936  -13   -4    3  -14   -4  -12   -5    9    8    3    5   16   -3   -7   -3   -4   13   -6
    2    1   64    3    1    2    1    2    0      1037   -7   -7    2  -15  -16    1   -3    8    7    4    3   12  -12    1  -13  -10   13   -7
    2    1   65    1    2   29    2    3    0      2757   -7   -3    6  -14   -8   15   10    0   -3   -8  -13    5  -12   13   -6   10   17   -2
    2    1   66    4    3    2    2    3    1       627    0   13    9   -1   10   13   15  -12   -5    1   -4    7   13  -10   -9   -6  -11  -14
    2    1   67    5    1    7    3    1    1      1030   -2  -12   -4   -9  -13   -3   -4    7    1    2    4    2  -14    4  -13  -15   14   -6
    2    1   68    2    1    0    0    2    0      1110   -7   -8    0  -13   -6   -4   -3    8    7    4    3   12  -12    2  -12  -11   13   -7
    2    1   69    4    2    5    2    2    1      2437   -8    6    6   -7  -11    8    9    0   -3  -15  -10    3  -14   12   -9   19   16   -1
    2    1   70    5    1    6    3    1    1      1198  -17   -5   -2  -13   -5   -4   -5   13   10    9    2   12   -7   -5  -10  -10    5    1
    2    1   71    5    2    3    3    3    0      5463   -4    3    9   -7  -11   12   12   -2  -12  -11  -13    4  -22    5   -6   15    8    8
    2    1   72    1    1   12    3    1    1      4983   -6   -8   -1  -12  -11  -11   -1    8    6    5    4   11  -14    6   -3  -14   12  -14
    2    1   73    5    3    9    3    2    0      1128    1    5    7   -6   11   12   13  -12   -4    0   -3    7    8  -10   -5   -3  -13  -10
    2    1   74    4    1    4    2    2    0      1557   -6   -8    2  -15    0    2  -12    2    9    3    2   11   -2    7  -11  -11   15   -7
    2    1   75    5    2    8    3    3    0      4177   -6    4    3  -10  -10    3   11  -11  -14  -18   -7    0   -9   16   -6   10   16    0
    2    1   76    3    3    2    1    3    1      1038    1   12    9    0   10   12   14  -14   -5    2   -2    9    9  -10   -2   -8  -11  -14
    2    1   77    5    1    8    3    1    1      1359   -5   -6  -10  -21   -5   -9   -4    9    8    4   -3   20   -4    0  -14   -9   13  -12
    2    1   78    4    2    4    2    3    0      2276   -8    6    9   -6  -13    3   12   -1   -7  -12  -11    4  -13   12   -5   12   15    7
    2    1   79    1    3    8    2    2    0      1016    0   13   13    0   12    9   14  -12   -4    2   -1    8    5   -5  -17    3   -7  -10
    2    1   80    1    3   59    2    1    0       841   -2   11    8   -2    3   15   15   -7   -5    4   -1    8    7   -9  -11   -5  -17  -17
    2    1   81    5    2    2    3    1    0      3219   -7    4    8   -5  -13   11   13   -3   -4   -7  -10    4  -14   15   -8    7   20    1
    2    1   82    4    1    5    2    1    1      2253   -9   -8   -7  -20   -6   -5   -5    3    5    5    2   12  -11    0  -14   -9   12   -6
    2    1   83    4    3    4    2    3    1      1004    3   18   10   -1   10   11   13  -12   -3    4   -6    9   10  -10   -9   -6  -13  -11
    2    1   84    4    1    6    2    2    0       895   -7  -10    0  -12   -6   -5   -5   10    4    8   10    4  -10    0  -10  -10    4   -9
