    1    1    1    1    3    7    1    3    1     12846   -1   14  -14    6   10   15   -2   -4   10    8  -12   -5   -1  -12   -5   -8    3   -2
    1    1    2    1    1    9    3    1    1      8084   -4  -14   -5    3   12    9   -9   -2   -6   15   20   13  -13    5   12    1    2    5
    1    1    3    1    2    6    3    2    1     11181   -4   -2   22  -11   -8    8   -1    0    3  -13    7   -1   -7   -7  -14   11    8    9
    1    1    4    1    1    4    1    1    1      7275   -1  -10   -9    1    8    9  -11   -2    0    6   11   12  -11    4    4    2    2    4
    1    1    5    1    3    3    3    3    1      5702    1   15  -15    7   11   12    7    1   19   17  -17   -7   -3  -14   -7   -6    1   -3
    1    1    6    1    2    4    1    1    0     10224   -6   -2   15   -1  -12   13   -4   -6    0  -18    7   -2  -12  -16  -11   10    4    6
    1    1    7    1    3    4    1    3    1      3027   -1   15  -15    7    9   16   -4   -2   10    8  -12   -5   -2  -12   -4   -9    4   -2
    1    1    8    1    3    8    2    3    1      2519   -1   14  -15    8   14   20   -3   -2   12    7  -13   -5    1  -12   -6  -11    1   -1
    1    1    9    1    1    6    3    3    0     11056   -1   -9  -14    0    9    9   -9   -2  -10    8   22    6  -14    8   -6   -5    1    4
    1    1   10    1    3    2    2    3    1      2995   -1   14  -16    8    9   15   -4   -3   10    7   -8   -1   -1  -10   -5   -8    2    2
    1    1   11    1    3    9    3    3    1      4057   -2   16  -17    7   11   14   -2   -5    8   13   -4   -4   -4  -13   -6  -11    5    1
    1    1   12    1    2    8    2    1    0      8675   -2    0   18   -8  -11   14   -2   -7    1  -11    7   -3   -8   -7   -9   11    5    6
    1    1   13    1    2    3    3    3    0      5013   -2    8   17   -2   -3   22    2   -1    9  -17    7    0   -3   -8  -15   15    4    4
    1    1   14    1    2    7    1    2    1      3130   -6   -1   16   -1  -12   13   -4   -4    0  -10    8   -1   -6   -5   -8   10    5    5
    1    1   15    1    1    2    2    3    0      2634   -1   -9   -7   -1    8   10  -11   -4   -1    6   15    3  -16    1    6    2   -6   11
    1    1   16    1    2    5    2    1    0      2270   -6   -1   18   -2  -11   13   -2   -5    2  -10    9   -1   -6   -5  -13    7    3    6
    1    1   17    1    2    2    2    1    0      2432   -6    0   14   -2   -4   10   -5    2    1  -11    9   -3   -5   -4  -10    3    2    1
    1    1   18    1    2    1    1    2    1      9947   -6   -1   16   -1  -12   13   -4   -5    0   -9    8   -2   -5   -7  -10   10    5    4
    1    1   19    1    1    3    3    3    0      1739   -1   -9  -19    3    8    8  -12   -3   -2    5    9   11  -10    5    0    7   11   12
    1    1   20    1    2    9    3    1    0      1586   -9   -3   10   -3   -9   18   -8    3    0  -12    4    3   -7   -2  -12    7    3   12
    1    1   21    1    1    7    1    1    1      2943   -1  -10   -9    1    7    9  -12   -3   -1    5   12   12  -11    4    4    1    2    4
    1    1   22    1    1    5    2    2    0      4086   -2   -9   -8    0    9   11  -10   -5   -3   -2   22    7  -18   12    4    0    1    4
    1    1   23    1    3    6    3    3    1      2671    1   13   -8   10   11   14   -8   -3    8    6  -10   -6    0   -8   -5   -7    2   -3
    1    1   24    1    1    1    1    1    1       993   -1  -11   -8    0    7    9  -12   -3    0    5   12   11   -5    8    0   -3    2    4
    1    1   25    1    3    1    1    3    1      6454    0   15  -16    7   11   15   -2   -4   11    8  -13   -5   -3  -10   -5   -9    2   -1
    1    1   26    1    1    8    2    2    0      9475   -2  -11  -10    3    6   12  -10   -5   -2    4   16    7  -12    4    5   -1    4    5
    1    1   27    1    3    5    2    1    0      3462   -1   16  -17    8    8   14   -5   -1   10   13  -10   -4    0  -12    2  -19    2   -2
    1    2    1    1    1   11    2    1    1     18088    7    0   -8   -2    8    9  -13   -4    0    5   11   12  -11    3    5    2    3    5
    1    2    2    1    3   14    2    1    0      1890    8   14  -24   14   12   16   -5    4    6   11  -12   -6   -1  -10   -1  -14    1   -2
    1    2    3    1    3   15    3    3    1      1493   -1   14  -22   -2   11   11   -7   -5    5    7  -13   -5    0  -11  -14   -8    3    0
    1    2    4    1    1   18    3    2    0      2326   -5   -5   -3    8    3   10  -13   -4   -4    4   11   12   -8    1    3    0    1    2
    1    2    5    1    1   10    1    1    1      2134   -1  -10   -9    1   -3   10  -11   -3   -2    5   12   10  -14    1    4    1    2    4
    1    2    6    1    2   12    3    2    1      2270    1    9   21    4  -22   11   -2   -4    7   -6    6    0   -6   -8   -3    5    3    8
    1    2    7    1    3   18    3    3    1      8672    6   10  -21    0    8   21   -1   -4    9    5  -19   -4    2  -14   -5   -7   -2    2
    1    2    8    1    3   17    2    1    0      1156   -3   14  -10    6    9   15   -2   -2   10    9  -10   -3    1  -12   -8  -14    4   -3
    1    2    9    1    1   15    3    2    0      3443   -3  -11  -11    1    7   10  -16   -4   -8   10   14   10  -19   14    2    3    0    8
    1    2   10    1    3   13    1    1    0      6856   -1   15  -16    6    2   23   -2   -3   10    7  -13   -4    0  -12   -5   -9    4   -2
    1    2   11    1    1   17    2    2    0      1922   -2   -9   -7    2    7   -1  -12   -4    3    5   11   11  -17   -4    2    1    4    2
    1    2   12    1    1   16    1    3    0      1587    0  -10  -10    0   14    8  -11   -3   -2    6   12   11   -9    3    4    1    3    3
    1    2   13    1    3   12    3    3    1      1775    6   15  -13    7   13   17    4    0   11    3  -16    0   -2   -9   -7   -1    8   -6
    1    2   14    1    2   13    1    1    0      1987   -8    4   14    1  -11   14   -4   -5    1  -11    8   -2   -7   -7  -10   10    4    5
    1    2   15    1    1   14    2    3    0      2576    2  -11  -14   -9    6    8  -12   -2    0    4   13   10   -9    4    2    2    2    5
    1    2   16    1    3   11    2    3    1      1238   -2   13  -15    4   12   16   -1   -2    8    7  -11   -5   -3  -13    5  -14   -7  -11
    1    2   17    1    1   13    1    1    1      2561   -2  -11   -8    0    7    8   -3   -1   -2    5   14   14  -11    4    4    1    2    4
    1    2   18    1    2   15    3    2    1      7446  -12    6   22  -11  -11   13  -10   -2    6   -9   15   -9  -16   -3  -15    5   11   -1
    1    2   19    1    2   14    2    2    1      4699    2   -6   15    0  -14   14   -3   -3    0   -9    7    0  -16    4   -8   18    5    3
    1    2   20    1    2   17    2    2    1      5788   -3    7   13   -2  -13   15  -10   -7    0  -11    4    2   -8   -3   -4    9    6    5
    1    2   21    1    3   16    1    1    0      1618   -1   15  -16    5   11   15   -3   -3   11    8  -11   -6   -9   -3   -1   -8    2   -3
    1    2   22    1    1   12    3    1    1      2205   -3  -10  -10    1    7    7  -10   -3    4    2    9   10  -12    5   10    8    2    3
    1    2   23    1    2   16    1    3    0      2498   -3    9   16   -2  -12   14   -4   -4    0  -10    8   -2   -6   -6  -11   10    6    6
    1    2   24    1    2   11    2    2    1      3419   -5    1   15   -1   -9   11   -5   -7    4  -14    7   -4  -15  -11  -10   14    5    6
    1    2   25    1    2   18    3    1    0      2303    4    1   17    0  -17   10   -5    5    1   -9   15   -2   -7   -8   -5    8   13   11
    1    2   26    1    2   10    1    1    0      2063   -5   -2   16   -1  -12   15   -4   -6    1  -10    8   -2   -8   -6  -10   10    5    6
    1    2   27    1    3   10    1    2    0      1337   -1   15  -16    6    8    8   -3   -4   11    8  -12   -5  -11  -16   -5   -9    3   -2
    1    3    1    1    3   22    1    3    1      1326   -1   16  -16    5   10   15   -4   -2   10    7  -12   -5   -1  -11   -5   -9    3   -2
    1    3    2    1    3   23    2    3    1       631    5   13  -14    1   11   16    0   -2   11    7  -11   -4    2   -7  -10  -10    5   -1
    1    3    3    1    1   21    3    1    1       797   -5  -11  -13   -6    2   13  -12  -12   -1    4   13   11  -15   -2    6    2    2    5
    1    3    4    1    3   20    2    1    0       474   -2   14  -14    5   11   15   -7   -5    8    9  -18   -4    0  -11   -6   -8    4   -2
    1    3    5    1    1   26    2    1    1      2629    4  -10    1   11    6   10  -12   -2    0    4   10   12  -13    6    4    2    2    3
    1    3    6    1    2   23    2    2    1      3113   -6    4   14   -1  -13   16   -3   -5   -1  -11    7   -1   -5   -7   -1    5    6    4
    1    3    7    1    2   24    3    2    1      5545   -1   -9   17    0  -10   15    2   -1    0  -11    8   -1  -15    0   -1    2   13   -5
    1    3    8    1    3   21    3    2    0      4440    5    9  -19   11    9   15   -5    2   11    7   -5  -11   -1  -13   -6   -6   -1   -7
    1    3    9    1    2   22    1    2    1      9043   -6    0   15    0  -12   14   -3   -4    5   -5   15    8   -8   -5  -10   10    5    5
    1    3   10    1    3   26    2    3    1      9336   -1   22  -14    6   10   13    1   -2    9    8  -13   -5    0   -9   -5   -8    3    0
    1    3   11    1    1   19    1    3    0      7697   -1  -10  -10    1    8   10  -11   -3    0    6   12   11  -11    5    5    0    0   14
    1    3   12    1    2   25    1    1    0     10523   -4    0   17   -2  -12   14   -3   -4    0  -10    8   -1   -6   -6  -10   10    6    4
    1    3   13    1    3   19    1    3    1      1633   -2   16  -14    5   10   14   -5   -3   10    9  -12   -5   -2  -11   -5   -9    3   -2
    1    3   14    1    1   22    1    2    0      2032    0  -11    0   -8    8    8  -10   -4   -1    5   11   10  -11    4    4    1    2    3
    1    3   15    1    2   21    3    2    1      2188   -6   -5    9   -9  -12   13    5   -4    1  -10    9    3    2    4  -10    9    0    9
    1    3   16    1    3   27    3    3    1      1267   -6   20  -14   12    1   21  -12  -13   10    9   -3   -5    5  -13  -13  -19    1   -4
    1    3   17    1    1   20    2    2    0      5504    0  -10  -10   -1   14   16  -12   -6   -2    3    7    9  -12    4    7    2    2    5
    1    3   18    1    2   27    3    1    0      2050   -9    1    8   -8  -19   14   -3   -7    0   -7    9    7    0  -13   -5    5    0    3
    1    3   19    1    3   24    3    1    0      5197   -1   22  -10   -2    1   14   -4   -1   10    6  -12   -6    0  -11   -6   -7   -1    2
    1    3   20    1    1   24    3    2    0      2153    0  -12   -8    1    8    5  -11    0   -5   -2    4   16  -10    4   -5    1   -2    8
    1    3   21    1    1   27    3    2    0      1617    0   -9    1   -3    9   17  -12   -9   -2    6    2    1  -10   -4   11    0    1    4
    1    3   22    1    3   25    1    1    0         0   -1   15  -24    7    9   15   -2   -3   11    7  -12   -5    0  -12   -5   -9    2   -2
    1    3   23    1    2   19    1    1    0       444   -5   -1   16   -1  -12   14   -4   -3    0  -10    4   -7   -7   -5  -11   12    5    5
    1    3   24    1    1   25    1    3    0       888   -2   -9  -15   -3    8    9  -11   -3    0    7   12   12  -10    3    6    3    2    4
    1    3   25    1    2   20    2    1    0       994   -4    0   17   -1  -12   15   -4   -3    0  -13   11    0   -8   -4   -8    8    4    7
    1    3   26    1    2   26    2    2    1      2344   -5    0   14   -1  -11   14   -3   -3   -2  -12    8   -4   -7   -5    0   16    5    3
    1    3   27    1    1   23    2    1    1      1720    0   -8  -11    1    7   10   -6   -9   -2    5   11   13  -12    5   14    3    4    9
    1    4    1    1    2   35    2    2    1      2495   -6   -1   15   -2  -13   20   -3   -3    2   -8    7    0   -4   -5   -9   10    5    4
    1    4    2    1    2   30    3    1    0      2809   -9    0   15   -4  -22   18   -3   -2    1   -8    7   -3   -3  -10  -11   10    4    3
    1    4    3    1    2   33    3    1    0      5509   -5    5   24    0  -10   13   -4   -4   -1   -9   10   -3   -6   -7  -14   17    9    8
    1    4    4    1    3   29    2    2    0      2982    1   14  -13    6   11   15   -2   -2    5   11  -13   -3    0   -9   -4   -7    5   -4
    1    4    5    1    2   28    1    1    0      1342   -5   -1   18   -3  -12   14   -4   -5    0  -10    8   -3   -8    3   -9    9    6    5
    1    4    6    1    1   31    1    1    1      2229    0  -11  -10    2    6   10  -12   -2   -2    6   12   11  -12    7    6   -1    1    2
    1    4    7    1    3   35    2    3    1      1399   -3   14  -16    6   10   17   -5   -6   10    9  -12   -3    1   -7  -15   -4    2    0
    1    4    8    1    1   29    2    1    1      1438    0   -9   -8    1    8    8  -13   -4    1    8   13   13  -17    3    2    0    1    3
    1    4    9    1    3   33    3    2    0      1855   -2   14  -16    5    9   15    7    5   10    9  -15  -15   -2  -11  -15  -18    1   -7
    1    4   10    1    3   30    3    2    0      2129    1   11  -20    9    6   18   -3    5    9    9  -16    0   -3  -16   -5  -10    4   -4
    1    4   11    1    2   32    2    1    0      4153  -13    6   16   -2  -11   15   -3   -4   -2  -10    8   -1   -5   -3  -10    9    5    7
    1    4   12    1    2   34    1    2    1      7823   -5   -1   16   -2  -12   14   -4   -5   -2  -10    8   -2   -9   -4   -8    9    5    5
    1    4   13    1    1   28    1    1    1      3652   -1  -11   -9    1    6   14  -12   -3   -2    5   13   11  -12    3    4    1    3    5
    1    4   14    1    1   32    2    3    0      3167   -1  -12   -7    2    7    8  -12   -2   -2    6    8    6  -11    6    3    0    6   -3
    1    4   15    1    2   29    2    2    1     20797   -4   -1   15   -2  -10   16   -3   -5   -1  -12    7   -2   -7   -6  -11   11   15    2
    1    4   16    1    3   28    1    3    1      1514    0   14  -15    4   10   15   -3   -3   10    8  -13    5    0  -11   -5   -9    2   -4
    1    4   17    1    3   36    3    2    0      1285    0   15  -15    7   14   15    2    1   20    0  -10   -7   -2   -8   -4   -7    2   -2
    1    4   18    1    1   33    3    1    1      1772   -1   -9  -16    6   12   18  -16    1    1   -1   13   10  -13   13    2    1   -5   -4
    1    4   19    1    1   36    3    1    1      9378   -4   -5   -4   -8    5    5   -9   -4   -2    5    2   18  -14   10    0   -4    1    3
    1    4   20    1    1   34    1    1    1     12680   -1  -10   -9    0    7    9  -10   -4   -1    5   11   11  -10    3    4    2    2    4
    1    4   21    1    1   35    2    1    1      3525   -3   -8   -8    1    6   10  -13   -3   -1    6   10   13  -10    4    6    2    4    5
    1    4   22    1    2   31    1    2    1      1524   -5   -1   15   -2  -12   14   -3   -6    0  -10    7   -1   -6   -6  -11   10    6    5
    1    4   23    1    2   36    3    1    0      4995   -4   -2   13   -3  -19   19   -2   -5   -1  -10    7   -3   -7   -5  -10   11    9    8
    1    4   24    1    1   30    3    3    0      3141   -2   -9   -2   11    3   12  -13    2   -4    0   16    7   -7    8    9    1   -7   -3
    1    4   25    1    3   34    1    3    1      2114    1   14  -15    5   10   15   -3   -3    9    9  -12   -5   -1  -12   -4   -9    3   -3
    1    4   26    1    3   32    2    2    0      7850   -3   12   -6   11   12   14   -8   -1   10    7  -13   -7   -1   -9    5  -17   -4   -6
    1    4   27    1    3   31    1    2    0      2076   -1   15  -14    5   10   15   -3   -3   11    7  -11   -6   -1  -11   -4   -9    3   -2
    1    5    1    1    3   37    1    3    1       773    4   14  -15    6   11   15   -4   -4    9    8  -12   -6    0  -10   -6   -8    3   -3
    1    5    2    1    1   40    1    2    0      2484   -1  -10   -9    1    7    9  -11   -3   -1    5   11   11  -11    3    5    0    2    5
    1    5    3    1    3   45    3    2    0      1790   -2    5  -22    3   12   13   -5  -13   10    7  -11    2   -7   -7   -9   -5    3   -3
    1    5    4    1    2   37    1    2    1      1252   -5   -1   16   -2  -11   13   -4   -5    0  -10    8   -1   -7   -5   -9   11    5    4
    1    5    5    1    2   44    2    2    1      1631   -5   -2   18   -1  -12   13   -3   -5    8  -11    9   -1  -11   -4   -8    9    6    4
    1    5    6    1    3   40    1    3    1       715   -1   16  -14    5   10   15   -6    0    9   10  -17    0   -1  -11   -4   -9    2   -2
    1    5    7    1    1   41    2    3    0       844    0   -9   -5   -1    6   10  -12   -4   -1    6   13   10  -12    4   -5    7   -2   -1
    1    5    8    1    2   45    3    1    0      2055   -4    0   15    0  -21   11   -2   -3    0  -11    8   -1   -8   -8   -9    9    4    4
    1    5    9    1    2   38    2    2    1      1552   -6   -1   17   -1  -13   16   -4   -6    0  -12    8   -1   -7   -8  -10    9    3    3
    1    5   10    1    2   42    3    1    0      1408   -6    4    8    8   -2   17   -4   -6   -2   -5   11    0  -11   -2  -17    9   11   -4
    1    5   11    1    2   41    2    1    0       870  -10   -4   15    1  -10   15   -4   -4    1   -9    8   -1   -6   -7   -9    8    4   10
    1    5   12    1    3   44    2    3    1      1008   -5   11  -14    4    5   11   -3   -4   11    7  -12   -7    0  -15   -7   -9    4   -2
    1    5   13    1    1   42    3    2    0      9318   -7    0  -10   -8    9    4  -11    0   -2    6   14    6  -10    4   11    8    2    5
    1    5   14    1    3   39    3    1    0      4014   -5   12  -10   10   18    5    1   -9   11    8  -14    1  -10  -13    3  -18   -7    6
    1    5   15    1    2   43    1    1    0       857   -5   -1   16   -1  -13   14   -4   -5    0   -9    8   -2   -6   -7  -10   11    5    5
    1    5   16    1    3   43    1    3    1      1886   -8   21  -15    6   11   14   -2   -2    9    8  -12   -6   -1  -11   -5   -9    4   -2
    1    5   17    1    1   39    3    2    0      2050   -2  -10   -9    0    2   13  -20    4    4    6   12   12   -1    6   -5   -2    3    3
    1    5   18    1    3   41    2    3    1       926    1   16  -14    6    4   10   -3   -5   11    9  -12   -4   -3  -10   -1  -13    4   -2
    1    5   19    1    2   40    1    2    1      2276    1    6   16    0  -11   13   -3   -5    0  -11    7   -2   -4   -8   -3    4    5    3
    1    5   20    1    1   43    1    3    0      1319   -2   -9   -1   -7    7    8  -11   -3   -3    6    9   11  -11    4    6   -2    2    5
    1    5   21    1    2   39    3    2    1      2862  -10    1   15    9  -12   15   -7  -10    5   -7    8   -1   -5   -9   -7   12    5    4
    1    5   22    1    3   42    3    3    1      1480   -1   17  -15    4    6   13   -3   -2    9   10  -17   -9   -1  -12   -8  -19   -1   -9
    1    5   23    1    3   38    2    2    0      9608    1   14  -12   14    9   14   -4   -3   11    2  -14   -6    0  -11   -6   -8    3   -1
    1    5   24    1    1   44    2    1    1      3394   -8  -18   -6   -5    5    9  -21    7   -2    4   13   10  -12    2    4    0    0    2
    1    5   25    1    1   38    2    3    0      1303    1  -12  -11   -3    5   10  -11  -11  -11    0   15   13  -12    4    6    5    1    4
    1    5   26    1    1   37    1    1    1      4254   -2   -9   -8    1    8    9  -11   -3   -1    5    8   12  -11    4    8   -1    2    4
    1    5   27    1    1   45    3    2    0      3774   -9   -5   -8    1   17    7  -12   -3   -1    4   15   10  -10    3    5    2    1    2
    1    6    1    1    2   53    2    2    1      1026   -4    6   15    0   -9   17   -3   -3    1  -10    8   -3   -8   -4  -12   11    5    6
    1    6    2    1    2   54    3    1    0      2293  -10    0   15   -1  -10   12   -3   -5   -1  -19   10   -3  -16   -8  -12   15    6    4
    1    6    3    1    1   51    3    3    0       804    2   -7   -4   -1   11    7  -15    4   -4    2   21    3   -7    8   10   -2   -2   -5
    1    6    4    1    3   53    2    3    1      1249   -1   16  -15    7    7   10   -3   -2    8    8  -10   -5    0   -9   -5  -13    5   -2
    1    6    5    1    2   46    1    2    1      1838   -4   -2   16   -1  -13   15    6  -11    0  -10    8   -2   -6   -6  -11   10   14    7
    1    6    6    1    1   49    1    1    1      2177   -1  -10   -9    1    7    9  -11   -4   -6    1   12   10  -15    0    4    1    0    3
    1    6    7    1    3   46    1    3    1      1062   -1   15  -17    4   10   16   -3   -3   10    8  -11   -6   -2  -12   -4   -9   13   -5
    1    6    8    1    2   52    1    2    1      4073   -6   -1   16   -1  -12   14   -4   -5   -1  -11    9   -3   -6   -6  -10   10    5    5
    1    6    9    1    1   47    2    3    0      2290   -2   -8   -9    3    9   10   -9   -4    3    4   13    9   -1   -5    3    1    5   -1
    1    6   10    1    1   53    2    3    0      1187   -2  -10   -7   -1    6   10   -7   -7    0    4   21    7  -12    5    4    0    3    4
    1    6   11    1    2   47    2    2    1      2339   -3   -2   10   -9  -20   14   -2   -4   -1  -10    7   -1   -4   -6  -11   10    9   15
    1    6   12    1    3   48    3    2    0      3201    3   15  -16    7   14    5    3    5    9   -2  -12   -4   -2  -11   -4  -15    3   -3
    1    6   13    1    1   52    1    3    0      2859    7   -5  -10    0    7    9  -12   -3   -1    4   12   11  -11    4    4    1    2    3
    1    6   14    1    3   47    2    3    1      2598   -3   16  -17    8   11   14    3    4    8    7  -12   -7    0  -12   -6   -9    1   -1
    1    6   15    1    2   49    1    2    1      2139   -5   -2   16   -1  -12   14   -4   -5   -1   -8    9   -2   -6   -7  -10   10    5    5
    1    6   16    1    3   54    3    3    1      1105    0   13  -18    8   11   14   -1    0    8    8  -11   -7   -1  -12  -13   -3    5    3
    1    6   17    1    3   50    2    3    1      1169  -11   11  -14    6    9   17   -2   -3    9    8  -11   -3   -1   -9   -5   -8    5   -3
    1    6   18    1    1   50    2    2    0      1693    0   -8   -4   -4   12    6  -14   -1    0    5   14    9  -13    5    2    2    3    4
    1    6   19    1    3   49    1    3    1      1781   -1   16  -15    6    6   18   -3   -3    9    8  -12   -5   -1  -11   -5   -9    2   -2
    1    6   20    1    2   50    2    2    1      3608   -3    0   17    1  -13   14   -3   -5    0   -9   12    4   -8   -6   -9    9    7    7
    1    6   21    1    2   51    3    3    0      1251   -1   -4   16    0  -12   15   -5   -8   -3   -6    8   -7   -8   -6    0   14    5    4
    1    6   22    1    3   52    1    3    1      1357    0   14  -14    5   10   14   -2   -4    8    7  -12   -5   -1  -11   -5   -9    4   -1
    1    6   23    1    1   48    3    2    0      1795    0  -10   -7   -1    2   17  -14   -4    3    8   10    9   -9    5   -1   -7    3    3
    1    6   24    1    2   48    3    2    1      2551   -8   -4   14    1  -11   12  -14   -4    0   -9   14    5   -5  -15  -11    8    3    3
    1    6   25    1    3   51    3    1    0      1725    1    6  -19    0   10   16    1   -3    7   16  -13   -5   -8   -4   -4  -14   11  -12
    1    6   26    1    1   46    1    1    1      3171    3  -15  -10    2    7    9  -11   -3   -1    5   12   12  -11    4    4    1    2    4
    1    6   27    1    1   54    3    3    0      3037    8  -13  -11    1    3    5  -19  -12    0    4   10   11  -11    5    2   -7    0   -1
    1    7    1    1    1   58    1    1    1      3471    0  -11   -9    1    7    8   -9   -3   -1    5   12   11  -12    4    4    1    4    4
    1    7    2    1    3   56    2    3    1      1580   -4   15  -13    6   10   14  -12   -9   14   15  -16    4    2  -13   -3  -10    4    0
    1    7    3    1    3   61    1    3    1      1225    0   15  -16    6   10   15   -4   -3   10    7  -12   -5   -2  -11   -6   -8    3   -2
    1    7    4    1    1   62    2    2    0      2196    0   -8  -10    2    8   11  -13   -3   -1    8   11   12  -13    6    5    0   -3   -2
    1    7    5    1    3   63    3    2    0      1562    4   17  -25    0   11   15    1   -3    3    4  -12   -2   -1  -12  -11  -11   13    7
    1    7    6    1    3   58    1    3    1      2536   -1   15  -15    6   10   16   -3   -3    9    9  -12   -5   -1  -12  -12  -18    3   -1
    1    7    7    1    2   60    3    1    0      3102   -6    0   17   -1  -17   16  -10  -13    7  -20    7   -4   -8   -4   -9    9    3    6
    1    7    8    1    2   63    3    2    1      1629   -6    0   21    5  -12   12  -10   -6    9  -17   10   -1  -15  -11   -8    8    5    4
    1    7    9    1    1   59    2    1    1      1748    0  -12  -11    2    8   12  -13   -3    6   15   10   11  -13    6    2    7    1    5
    1    7   10    1    3   62    2    2    0      2521   -1   16  -12   16   10   16   -5   -3   11    9  -11   -5   -1  -10    1   -2    4   -2
    1    7   11    1    1   57    3    2    0      6767    1   -6   -8    2   10    4   -1    4   -6   12   11   10   -1   -2    4   -2   -8    6
    1    7   12    1    3   57    3    3    1      1596    1   17  -11   16   14   11    1   -6   11   18   -8   -4    0  -11  -11   -2    6    0
    1    7   13    1    1   60    3    2    0      3596   -1  -13  -17   -1    4    9  -15   -5   -1    4    9    5  -10    5    5    1    1    5
    1    7   14    1    3   60    3    3    1      1737    2   20  -14    5   11   15   -7   -3   10   12  -16   -4    2   -9   -7  -10    1    0
    1    7   15    1    2   57    3    1    0      1439   -5   -4   11  -11   -9   10    1   -9   -3  -11   11   -1   -1   -6  -19    3   11    2
    1    7   16    1    1   63    3    2    0      2768  -10  -17   -9   -3   -3   13  -14   -8   -2    4   15   12  -21   -3    9    7    4    2
    1    7   17    1    2   61    1    2    1      1356   -6    0   18    4  -12   14   -6   -4    0  -10    7   -2   -9   -9   -9    9    5    5
    1    7   18    1    1   56    2    1    1      1427   -1   -9  -10    0    5   10  -16   -3    0    5   10   13  -15    4    4    2    3    6
    1    7   19    1    1   61    1    3    0      3091    0  -11  -10    0   15   18  -11   -3   -4    6   12   12  -11    3   11    5    3    3
    1    7   20    1    2   59    2    2    1      2326   -6    0   14    4  -12   13    0   -4   -1   -8   10   -2   -6   -5  -10    9    5    4
    1    7   21    1    2   56    2    1    0      1590   -6    0   17   -1  -13   13   -2   -5    0   -8    7   -2   -7   -8  -12    9    6    4
    1    7   22    1    2   62    2    1    0       898   -6    0   15   -1  -11   12   -3   -5   -1  -10    8    0    4    0   -9   10    5    4
    1    7   23    1    2   55    1    3    0       971   -5   -1   15   -2  -12   15   -5   -5    0  -10    9   -3    4   -6   -9   10    1    8
    1    7   24    1    3   59    2    3    1      1041   -1   14  -20   -3   10   16   -2   -4   10    6   -7  -15    0  -10   -6    0    4   -3
    1    7   25    1    3   55    1    3    1       660    3   18  -15    6   10   15   -4   -3   11    7  -12   -5   -2  -11   -5  -10    4   -3
    1    7   26    1    1   55    1    2    0      1959    1  -12  -10    0    7    9  -10   -5   -6    0   12   11  -10    3   14    7    2    4
    1    7   27    1    2   58    1    2    1      2375   -3   -1   16   -2  -13   15   -3   -5   -1  -10    6   -3   -5   -7  -10   10    5    5
    1    8    1    1    1   70    1    2    0      1861    4  -12   -8    1    7   10   -9   -6   -1    5   13   11  -11    4    4    2    2    4
    1    8    2    1    3   65    2    3    1      2567   -1   17  -17    9    8   14   -4   -3   18   14  -13   -5   -2  -10   -5  -12    2   -3
    1    8    3    1    2   66    3    1    0      2717   -2   -9   15    1  -11   19   -2   -6  -10  -13   17    3   -7   -7  -15    8   -5    5
    1    8    4    1    1   64    1    2    0      1550   -3  -14   -9    1    7    9  -10   -4   -2    4   12   11  -10    3    4    1    1    6
    1    8    5    1    1   67    1    1    1       860    0  -10   -8    0    7    9  -12   -3   -2    5   12   12  -10    5    9    6    3    4
    1    8    6    1    3   69    3    3    1      3220    0   17  -16    6   18   23   -6   -1   14    8   -9    1   -3   -8   -8  -13    2    0
    1    8    7    1    1   72    3    2    0      1746   -8  -19   -8   -1    7    7  -11   -2    0    4    9   11   -8   -5    9    3   -1   -1
    1    8    8    1    3   72    3    1    0       842    0   10  -14    6   18   13   -4   -3   18    5  -15   -7    3  -15    5  -18   -2   -2
    1    8    9    1    3   68    2    3    1       181   -2   14  -15    7    8   14   -4   -5   17    9  -12   -6    1  -11   -4   -9    3   -1
    1    8   10    1    1   65    2    3    0      1436   -2   -8  -11    3    6   11  -10   -3   -4    0   11   12  -10    6    8    9    3    4
    1    8   11    1    3   67    1    2    0      2127   -1   15  -13    6   10   15   -2   -3    9    7  -12   -5   -1  -11   -4   -8    4   -2
    1    8   12    1    3   66    3    3    1      2791   -1   17  -14    4    8   17   -4   -1   17   -1  -11   -6    7   -2   -9   -2    0   -6
    1    8   13    1    2   72    3    2    1      2325   -3   -2   18   -2  -11   14  -10   -9    1   -8   10   -4   -8   -7  -14    5   -1    3
    1    8   14    1    2   71    2    2    1      3251   -4    4   20   -5  -11   15  -13   -5   -1  -11   15   -2   -7   -7  -11   11    5    4
    1    8   15    1    2   70    1    1    0      5245   -6   -1   15    0  -13   15   -4   -5    0  -10    8   -1   -7   -5  -12   10   14    9
    1    8   16    1    3   70    1    3    1      3300   -1   15  -16    5    9   15   -4   -2   11    8  -11   -5    0  -11   -4   -9    3   -2
    1    8   17    1    2   68    2    2    1      1724   -4   -2   17   -1   -6   12  -10   -8    0   -8    9    0    0    3  -11   11   14   -5
    1    8   18    1    2   67    1    2    1       694   -5   -1   16   -1  -12   14    2    3    0  -10    8   -2  -11   -6  -10   11    6    4
    1    8   19    1    2   64    1    1    0      1275   -5   -2   17   -1  -13   15   -4   -5    1  -11    8   -2   -6   -7   -9    9    6    4
    1    8   20    1    2   65    2    2    1       887   -7   -1   15    0  -13   17   -6   -5    0   -9    6    0   -4    0   -8   10    6    7
    1    8   21    1    1   71    2    3    0      1697   -5  -12   -6    5    6   11  -12   -1    0    4   11   11   -2    5   -1   10    2    2
    1    8   22    1    1   69    3    2    0      2189    1  -11   -8   -4    7    8  -20    1   -2    6   13   12  -17   14    5    3    1    3
    1    8   23    1    3   71    2    1    0      2198    1   16  -21    6    9   15   -3   -2    6    0  -10   -5   -2  -12   -6  -11    7    8
    1    8   24    1    3   64    1    3    1       909    0   17  -16    6    9   16   -4   -3    9    7  -12   -4   -1  -11   -5  -10    2   -1
    1    8   25    1    1   66    3    1    1      1625   -3  -12   -9    0    7   18  -11   -2    0    4   13   10  -13    5    4    0    9   -5
    1    8   26    1    2   69    3    1    0      1447   -4   -2   17   -1   -3    4    0   -5   -3   -9   -1    7   -1   -7   -9   10    6    4
    1    8   27    1    1   68    2    1    1      1580   -3   -8   -7    1    4   -1  -11   -5   -1    6   10   11  -14   12    7    6    6    4
    1    9    1    1    2   80    2    2    1      1612   -1    3   14    1  -11   14   -4   -1   -4  -16    8   -1  -11   -6  -16   14    4    4
    1    9    2    1    3   81    3    1    0      2922    7    5  -20    8    8   16   -2   -4   10    4   -9   -1    0  -11  -13   -1    1   -7
    1    9    3    1    1   81    3    1    1      3924    0  -12   -7    2    8    9   -1   -1   -5   -5   13    8  -13    6   -3   -3    3   -2
    1    9    4    1    3   80    2    3    1      1270   -1   14  -15    7   10   23   -3   -4   12    9  -14   -4    9  -17   -9   -4    4   -2
    1    9    5    1    3   79    1    3    1      1251   -7   16  -15    7   11   11   -5   -4    9    9  -12   -5   -1  -11   -5   -9    2   -1
    1    9    6    1    3   75    3    1    0       750    4   20   -9   13    3    5   -2   -1   15    0  -13  -10    4  -16    3    0   10   -6
    1    9    7    1    2   74    2    1    0      1293   -5    0   15    0  -11   16   -2   -7    0   -8    8   -1   -4   -5   -9   12    0    3
    1    9    8    1    2   81    3    2    1      3256  -13    6   16    0  -13   13   -3   -5    1  -11    3   -6   -8   -9   -9   10   10    3
    1    9    9    1    1   80    2    2    0      5540    2   -1   -8    2    6   10  -10   -3    0    6   13   11  -13    5    4    0    4    5
    1    9   10    1    1   77    2    1    1      2180    0   -9   -9   -4    2   10  -12   -4   -8   12   13    9  -12    2    2    0    1    6
    1    9   11    1    1   76    1    2    0      2412    0  -11   -9    1    6   10  -11   -3    0    6   12   12  -11    4    5    1    2    4
    1    9   12    1    2   73    1    2    1      1882   -5   -1   16   -2  -13   14   -4   -4   -4  -13    8   -2   -6   -6  -10   10    5    5
    1    9   13    1    2   75    3    1    0      1484   -5   -8    6    2  -12   10   -3   -6    0   -9    8    4  -13    0  -11    6   10    3
    1    9   14    1    3   76    1    2    0      2016   -1   15  -12    2    9   15   -3   -4   10    8  -12   -5   -1  -11   -6   -9    1   -2
    1    9   15    1    1   75    3    2    0      1262   -1  -11  -11    5    5    8  -16   -6   -9    7   13    8  -12    3    4   -2    1    4
    1    9   16    1    3   78    3    2    0      1562    4   21  -18    7    2   17    0   -4   12    2  -11   -2   -2  -11   -4  -10    3   -1
    1    9   17    1    2   77    2    2    1      1226   -3   -3   16    0  -13   14   -9   -3    5   -9    8   -4   -7   -5  -11   12    5    1
    1    9   18    1    1   78    3    2    0      2088   -2   -8   -8    1    8   11  -10   -1   -7   -2    9   16  -14    2    5    1    4   11
    1    9   19    1    1   74    2    2    0      2738   -3   -7  -10    2    7    5  -14   -3   -2    4   12   10  -11    5    5    0    4    3
    1    9   20    1    3   77    2    2    0       194    0   16  -15    5   11   14   -5   -4    8    7  -12   -7   -1  -10   -3  -11   -2   -7
    1    9   21    1    2   79    1    2    1       648   -6    0   16   -1  -12   14   -4   -4    1   -9    8   -2   -2  -15  -11   10    5    5
    1    9   22    1    3   74    2    3    1      1564    4   18  -15    8    0   17   -8    3   16    6  -11   -5   -3  -12   -6   -9    2   -3
    1    9   23    1    2   76    1    1    0      1404   -6    0   16   -1  -12   14   -4   -4    0  -11    9   -1   -6   -7  -14   15    5    5
    1    9   24    1    1   79    1    2    0      1070   -2   -9   -9    2    7    9  -10   -4   -1    5   12   11  -13    6    2    3    3    5
    1    9   25    1    2   78    3    2    1      1138   -6    1   12    7  -19    8  -14   -7   -4  -12   11   -6   -6   -2  -15    8    6    0
    1    9   26    1    3   73    1    3    1      1024    0   15  -19    2    8   14   -3   -4    9    9  -12   -5   -1  -12   -5   -9    2   -1
    1    9   27    1    1   73    1    1    1       884    0   -9  -10    2    8    9  -10   -2   -1    4   12   11  -11    4    5    1    2    3
    1   10    1    1    2   82    1    2    1      1452   -5   -1   18    0  -12   15   -5   -4    1  -11    8   -2   -6   -6  -10   10    5    5
    1   10    2    1    2   84    3    3    0       591  -10   -2   11    9  -11   13    4    2   -4  -16   11   -3   -5   -4   -2   16    5    4
    1   10    3    1    1   84    3    1    1       277   -1   -9  -11    6   12    6  -12   -5    0    4    3   21  -13    5    4   -3    1    2
    1   10    4    1    2   86    2    2    1      3622   -5    0    9   -4  -13   15   -3   -5   -1  -11    8   -1   -7   -5   -8    8    6    4
    1   10    5    1    3   86    2    3    1       978   -3   15  -15    2   11   13   -6   -5   14   14  -18   -9   -8  -11   -8   -7    1    1
    1   10    6    1    1   83    2    1    1       184   -2   -9   -8    9    7   10  -12   -4   -1    6   10   11  -11    5    2    0    1    5
    1   10    7    1    1   89    2    1    1       956    0  -12   -6   -3    8   11  -11   -4    0    3   13    6  -10    6   12    0    4    6
    1   10    8    1    3   82    1    3    1       512    0   15  -14    4   11   16   -2   -4   10    8  -12   -5    0  -10   -4   -9    3   -2
    1   10    9    1    2   88    1    2    1       266   -5   -1   16   -1  -12   14   -4   -5   -1  -11    9   -2   -6   -6   -9    9    4    6
    1   10   10    1    3   87    3    3    1       939   -4   22  -17    8   13    5   -3    0    9    9  -15    0    2  -14  -13  -15    4   -2
    1   10   11    1    3   83    2    1    0       273    0   15  -13    6   11   14   -1   -4   11   10  -12   -6    0  -11   -6   -9   10   -6
    1   10   12    1    3   88    1    3    1       659    1   19  -16    6   10   14   -3   -4   14   18  -12   -5   -2  -11   -5   -9    3    0
    1   10   13    1    3   85    1    3    1       582   -1   16  -15    5    9   14   -4   -4   11    8  -13   -4   -2  -10   -6   -8    4   -3
    1   10   14    1    1   88    1    1    1       876   -2   -9   -9    1    7    9  -12   -4    0    4   13   10  -11    4    4    1    3    4
    1   10   15    1    1   82    1    1    1      1044   -2  -10   -8    0    7    9  -12   -2    0    5   12   11  -10    4    4    1    3    3
    1   10   16    1    2   89    2    3    0      1607   -2   -3   15    0   -7   19   -2   -6    2   -9    8   -3   -6   -8   -9   11    5    3
    1   10   17    1    2   85    1    2    1      1172   -4   -2   15   -1  -12   14   -4   -5    0  -11    8   -2   -6   -6  -10   10    5    5
    1   10   18    1    1   86    2    3    0       595   -1  -11   -9    0    8    8  -10   -5   -1    6   15    8  -11    2    5    1    2    5
    1   10   19    1    2   83    2    2    1      1450   -5    0   18    0  -13   17   -8   -3   -5  -10    6   -3   -8   -6   -8    8    8    5
    1   10   20    1    1   90    3    3    0       572    1  -13   -9   -4    4    6   -9    7   -6    8   13   10  -11    3    3    1   -2   -4
    1   10   21    1    3   84    3    3    1       386    2   16   -7   -2   10   16   -2   -1   20   12  -11   -8   -3  -11   -3   -8   13   -6
    1   10   22    1    1   85    1    3    0      1055   -1  -10   -9    1    9   13  -10   -4   -1    5   13   10  -11    4    3    0    1    4
    1   10   23    1    3   89    2    2    0      2431   -1   17  -14    4   11   16  -10    2   10    7  -13   -4   -2  -13   -4  -10    2    0
    1   10   24    1    3   90    3    1    0      1019   -1   14  -14    3    1   20    5    2   13    8  -13   -5   -4   -6   -1   -3    2   -4
    1   10   25    1    2   90    3    1    0      1057    0    4    9   -7  -11   13   -3   -5   -8  -16   17   -2   -9    3   -9    8    3    5
    1   10   26    1    1   87    3    2    0      1573    0  -10   -8   -1    7    4  -11   -2   -5    5   11   12  -13    0   12   -8    7    0
    1   10   27    1    2   87    3    2    1      2117    0   -3   14    1  -10   23   -4   -4   -5   -8   10   -9  -10   -4  -10    9   10    2
    2    1    1    4    1    6    2    1    1      4154   -2   -7   -8    2    8   10  -13   -1    0    5   11   12  -12    5    5    1    3    3
    2    1    2    5    2    7    3    3    0      2753   -5    0   21    2   -2   12   -3   -4   -1  -10   17    7   -4   -6   -3    6    6    4
    2    1    3    1    2   26    2    2    1      1602   -5    0   14   -1  -11   14   -3   -3   -2  -12    8   -4   -7   -5    0   16    5    3
    2    1    4    1    2    1    1    2    1      1312   -6   -1   16   -1  -12   13   -4   -5    0   -9    8   -2   -5   -7  -10   10    5    4
    2    1    5    5    3    1    3    3    1      1242   -4   19  -14   15   10   24   -2   -4   11    7  -14   -1   -1  -13   -6   -6   10   -9
    2    1    6    1    1   39    3    2    0      4326   -2  -10   -9    0    2   13  -20    4    4    6   12   12   -1    6   -5   -2    3    3
    2    1    7    5    3    8    3    2    0      2712   -2   13  -20   11    0    7    0    1   14   18  -17   -4   -7  -17  -13   -1   -4   -8
    2    1    8    1    2   59    2    2    1      6377   -6    0   14    4  -12   13    0   -4   -1   -8   10   -2   -6   -5  -10    9    5    4
    2    1    9    1    3   90    3    3    1      1686   -1   14  -14    3    1   20    5    2   13    8  -13   -5   -4   -6   -1   -3    2   -4
    2    1   10    5    2    9    3    1    0      1857   -3   -1   15    0  -14   17   -3   -6    2  -11    7   -3  -11  -11   -9   15    6    4
    2    1   11    5    1    5    3    3    0      3972   -4  -16   -8   -4   14   17   -1   -9    4   14   11   12  -20   13    3    2    6    4
    2    1   12    5    1    3    3    3    0       755    4  -13  -11    2    6   10  -10   -5    4    1   18   13   -5   -4   13   -4    0    6
    2    1   13    1    1   33    3    2    0      2355   -1   -9  -16    6   12   18  -16    1    1   -1   13   10  -13   13    2    1   -5   -4
    2    1   14    1    3   85    1    3    1      1747   -1   16  -15    5    9   14   -4   -4   11    8  -13   -4   -2  -10   -6   -8    4   -3
    2    1   15    2    3    0    0    3    1       700   -1   15  -15    6   10   15   -3   -3   10    8  -12   -5   -1  -11   -5   -9    3   -2
    2    1   16    1    3   82    1    3    1       670    0   15  -14    4   11   16   -2   -4   10    8  -12   -5    0  -10   -4   -9    3   -2
    2    1   17    1    2   83    2    2    1      1120   -5    0   18    0  -13   17   -8   -3   -5  -10    6   -3   -8   -6   -8    8    8    5
    2    1   18    1    3   23    2    3    1      3088    5   13  -14    1   11   16    0   -2   11    7  -11   -4    2   -7  -10  -10    5   -1
    2    1   19    4    3    4    2    3    1       816    7   24  -13    4   11   17   -5   -4    9    8  -11   -7   -1  -12   -5  -18    5   -4
    2    1   20    1    2   21    3    1    0      2332   -6   -5    9   -9  -12   13    5   -4    1  -10    9    3    2    4  -10    9    0    9
    2    1   21    1    2   60    3    2    1      8539   -6    0   17   -1  -17   16  -10  -13    7  -20    7   -4   -8   -4   -9    9    3    6
    2    1   22    5    2    3    3    1    0       916   -4   -1   24    1   -3   15   -3   -8    5  -14    6    0   -7   -4  -17   13   14    8
    2    1   23    5    2    1    3    1    0      1019  -11   -8   11   -4  -12   24   -9   -5    0  -11    6   -2   -6   -5  -12    8    7    7
    2    1   24    1    3   84    3    3    1      1134    2   16   -7   -2   10   16   -2   -1   20   12  -11   -8   -3  -11   -3   -8   13   -6
    2    1   25    1    2   31    1    2    1       974   -5   -1   15   -2  -12   14   -3   -6    0  -10    7   -1   -6   -6  -11   10    6    5
    2    1   26    1    3   47    2    3    1       933   -3   16  -17    8   11   14    3    4    8    7  -12   -7    0  -12   -6   -9    1   -1
    2    1   27    3    3    1    1    3    1       462   -2   15  -15    6    9   16   -2   -4   10    8  -11   -6    0  -10   -5   -9    2   -2
    2    1   28    4    2    2    2    2    1      2170   -4   -1   24  -11  -11   16   -2   -3   -1  -10   10   -2   -5   -4  -15    6    5    4
    2    1   29    1    1    4    1    1    1      2480   -1  -10   -9    1    8    9  -11   -2    0    6   11   12  -11    4    4    2    2    4
    2    1   30    1    1   72    3    2    0      2905   -8  -19   -8   -1    7    7  -11   -2    0    4    9   11   -8   -5    9    3   -1   -1
    2    1   31    1    2   52    1    1    0      1363   -6   -1   16   -1  -12   14   -4   -5   -1  -11    9   -3   -6   -6  -10   10    5    5
    2    1   32    3    2    1    1    1    0      1163   -5   -2   18    0  -12   13    1   -4    0   -9    7   -2   -6   -7  -10   10    6    4
    2    1   33    1    2   27    3    1    0      1034   -9    1    8   -8  -19   14   -3   -7    0   -7    9    7    0  -13   -5    5    0    3
    2    1   34    5    3    5    3    2    0      3421    1   14  -13    4    9   13  -11  -12    6    3   -9    0   -9  -19    1   -2    5    0
    2    1   35    3    1    1    1    3    0      1281   -4  -14   -9    0    7    9  -10   -3    0    4   12   11  -11    4    3    0    4    2
    2    1   36    5    3    3    3    2    0      3003   -6   13  -14   15    9   16   -3   -4   17    1  -13   -4   -2   -8   -4   -9   11    1
    2    1   37    1    3   34    1    3    1      1328    1   14  -15    5   10   15   -3   -3    9    9  -12   -5   -1  -12   -4   -9    3   -3
    2    1   38    5    2    8    3    2    1      2537  -15    0   15    1   -2    9  -14    5    4   -6    8    0   -7   -5  -13   18    6    5
    2    1   39    4    1    4    2    3    0       945   -7  -13   -8    1    9    7  -10   -6   -2    5   11    5   -9    4    2   -1    2    5
    2    1   40    5    3    7    3    2    0      4089  -10    5  -16    6    9   15   -1   -2   11    8  -13   -5   -2   -6    4    1    2   -2
    2    1   41    3    3    3    1    3    1       723   -1   14  -14    8   11   20   -2   -2   10    8  -12   -5   -2  -11   -6   -8    3   -2
    2    1   42    4    3    6    2    3    1       609   -2   13  -14    4   10   16   -3   -1    9    7  -10   -4   -3  -10   -6  -11    3   -1
    2    1   43    4    1    3    2    1    1      1094   -2  -10   -9    0    8    9  -13   -3   -1    6   11   11  -11    3    5    0    3    4
    2    1   44    3    2    3    1    2    1      1448   -5   -1   16   -1  -12   15   -4   -5    0  -10    8   -2   -5   -8  -17    3    5    5
    2    1   45    4    3    2    2    3    1       668    0   17  -15    7    8   19  -12   -9    9   10  -17    0    0  -10   -8  -12    3   -1
    2    1   46    5    2    4    3    2    1      1055   -7   -1   14   -2  -13   13   -4   -7    0   -1   15  -11    1   -4  -13    8    4    6
    2    1   47    5    3    6    3    3    1      1667    4   18  -16    5    8   16   -4   -1    8   10  -12   -3    0  -12   -6  -13   12   -1
    2    1   48    4    3    1    2    3    1      2781    0   14  -15    7   15   12   -2   -3    9    8  -11   -5    0  -10    1   -6    3   -1
    2    1   49    1    1   86    2    1    1      1530   -1  -11   -9    0    8    8  -10   -5   -1    6   15    8  -11    2    5    1    2    5
    2    1   50    3    1    2    1    1    1      1514   -1  -10   -8    1    7    9  -11   -3   -2    6   11   10  -10    5    4    1    2    5
    2    1   51    5    2    6    3    2    1      6088   -6   -1   24  -11  -15   12   -3   -6    3  -10    1  -11   -3  -11   -9   10    5    6
    2    1   52    4    2    6    2    2    1      1571    1    2   14   -1  -10   15    1   -2    2  -11    9   -3   -6   -5   -9    8    3    7
    2    1   53    3    1    3    1    3    0      1315  -10  -10  -10    0    3   13  -13    2   -2    4   12   11  -11    4    4    1    2    4
    2    1   54    5    3    9    3    3    1       891   -5   13  -11    6   12   19    0   -7    8    4   -8   -6    4  -14    2    1    2   -2
    2    1   55    5    1    8    3    1    1      1926   -7   -5  -12    8    4    1  -13    1    3    5    7    9  -10    5    5    3   -2   -6
    2    1   56    5    1    6    3    3    0       806   -1  -11  -10   -5    7    4   -7    5   -6   -2   11   12  -16    3    8   11    7    1
    2    1   57    4    1    1    2    1    1      1412    0   -8  -12    4    9    7  -10   -1    1    6   13   11  -13    6    5    1   -6    6
    2    1   58    2    2    0    0    1    0       777   -5   -1   16   -1  -12   14   -4   -5    0  -10    8   -2   -6   -6  -10   10    5    5
    2    1   59    4    2    5    2    2    1      1111    2   -1   18    0  -16   13   -2   -5   -1   -9    6   -3   -8   -4  -11   10    5    4
    2    1   60    5    3    2    3    2    0      2489   -8   22  -19    8   20    9   -2   -7    8    7   -8    0   -5  -15   -6   -8   -1   -2
    2    1   61    4    2    3    2    2    1      1603   -4   -3   16   -3  -13   14  -11   -1    1  -12   10   -4   -1   -6   -9    9    4    6
    2    1   62    2    1    0    0    1    1      1601   -1  -10   -9    1    7    9  -11   -3   -1    5   12   11  -11    4    4    1    2    4
    2    1   63    4    2    4    2    2    1      1486   -2    2   16   -8  -13   12   -6   -5    1  -12    8   -3   -5   -8  -12    9    6    4
    2    1   64    4    2    1    2    2    1      8864    4   -3   14   -5  -13   14   -4   -6    0   -9    8   -3    3    3  -18    3    4    5
    2    1   65    5    1    9    3    3    0      1754   -6  -13   -8    2    3   11  -19   -1    4    2   20    1  -11    3    0    1   12   13
    2    1   66    5    3    4    3    2    0      6912   -5   15  -25   -1    2    8   -8    2   12   13  -11   -5   -2   -9   -6  -10   -6    5
    2    1   67    3    2    2    1    1    0      1899   -6    0   17   -2  -13   10   -4   -6    1  -11    8   -2   -6   -7  -10   10    5    5
    2    1   68    1    1   26    2    1    1      1068    4  -10    1   11    6   10  -12   -2    0    4   10   12  -13    6    4    2    2    3
    2    1   69    1    3   62    2    3    1       848   -1   16  -12   16   10   16   -5   -3   11    9  -11   -5   -1  -10    1   -2    4   -2
    2    1   70    5    2    5    3    1    0      2890   -6    3   17   -1   -2   21   -3   -9    3  -12    6   -5   -6   -9  -17    1    4    5
    2    1   71    1    3   33    3    3    1      1781   -2   14  -16    5    9   15    7    5   10    9  -15  -15   -2  -11  -15  -18    1   -7
    2    1   72    4    1    2    2    1    1      3338   -2   -9   -8   -1    7   14  -17   -5   -3    3   12   12  -12    3    5    2    2    3
    2    1   73    1    1   11    2    2    0      4306    7    0   -8   -2    8    9  -13   -4    0    5   11   12  -11    3    5    2    3    5
    2    1   74    5    1    4    3    1    1      1170   -1  -11  -13   -1    6   10  -10   -4    2    5    8    6   -2    7    3    2    1   -1
    2    1   75    4    3    3    2    3    1      1041    9   23  -15    7    9   13   -2   -3    9   10  -14   -5   -5  -15   -7   -8    2   -1
    2    1   76    5    1    2    3    2    0      3174   -2   -9  -17    7    2    6  -19   -2  -10    7   22   10  -12    6    7    4   10   -6
    2    1   77    5    1    1    3    1    1      1956   -7   -9  -14   -1   11    8  -10    0  -11    8    7   12  -15    8    1   -3    1    4
    2    1   78    4    1    5    2    2    0      2849   -1  -12  -14    0    9    7  -10  -13   -4    2   11   12  -10    5    5    0   10   -1
    2    1   79    1    1    7    1    1    1      1340   -1  -10   -9    1    7    9  -12   -3   -1    5   12   12  -11    4    4    1    2    4
    2    1   80    5    1    7    3    1    1      6210    0  -10  -10    2    8    6  -21    3   -1    4    8   16  -15   -1    7    3    0    2
    2    1   81    1    1   73    1    1    1       919    0   -9  -10    2    8    9  -10   -2   -1    4   12   11  -11    4    5    1    2    3
    2    1   82    4    3    5    2    3    1      2158   -1   21  -14    6   15   10   -5   -1   11   10  -14   -7   -2  -13   -5  -10    1   -3
    2    1   83    5    2    2    3    2    1      2213   -6   -2   16   -2  -14   15   -9   -5  -10  -10   10   -1    2   -9   -6    6    9    6
    2    1   84    3    3    2    1    3    1       826    0   14  -15    7   12   14   -2   -4    9    8  -13   -5    0   -9   -5   -9    4   -2
