    1    1    1    1    3    6    2    3    1      3944   12  -11    2   -8    6    4  -18    3    9    8   12   -1    5   10   -5   16    1    2
    1    1    2    1    3    2    2    2    0      2582   11   -8    1   -9    6    2  -15   -2    9    5   15   -2    5    6   -7   17    2    3
    1    1    3    1    1    8    2    1    1      3011   -7   -2   -9    0  -15    0   -9   11  -12    6   10    3   17   18    6    8   11    9
    1    1    4    1    1    6    2    1    1      1636   -7   -1   -9    0  -16    1   -9   11  -10    7    3   10    7    9   10    7   11    9
    1    1    5    1    3    7    2    2    0      2293   17   -6   -1   -7    6    4   -9   -1   10    7    6   -3    3    7   -4   14    4    5
    1    1    6    1    2    8    2    2    1      2444    8   -5    5    9    0   -6    7   -3   -9  -11    3   -4    6   20    4  -15   11  -14
    1    1    7    1    2    2    2    3    0      2219   11   -5    6   12    2   -8    7    1  -12  -12    0   -7    9   13    1  -12   10  -15
    1    1    8    1    3    4    2    2    0      2171   11   -6   -2   -9    7    5   -2    1   10    4   14   -2    3    7   -7   16    3    3
    1    1    9    1    2    3    2    3    0      5736    8   -6    5   14    6  -17   10   -2  -12   -9   -1    0   10   14   -2  -11   14  -11
    1    1   10    1    1    4    2    1    1      2285   -8   -3   -7    3  -17    1  -12   10  -13    7    7   -1    7    8   10    7   12   11
    1    1   11    1    1    5    2    1    1      1262   -7   -4  -10    3  -10   -1   -6   17  -13    6   -5   11    7    8    2    4   12    8
    1    1   12    1    3    3    2    3    1      1559   11   -6    1   -5    6    3   -5    8   13    4   14   -2    5    6   -6   17    3    4
    1    1   13    1    1    1    2    1    1      2404   -5   -3   -7    2  -12    7   -9   12  -13   -4    5    7    9    8   10    5   14   10
    1    1   14    1    2    4    2    3    0      1225    8   -6    2   13    4   -7   10   -2  -12  -11    6   -2    1   24    1  -10    8  -16
    1    1   15    1    2    9    2    2    1      1506   10   -7    2   15    0   -7    8    0  -11  -12    4   -2   16   22    4  -10    6  -19
    1    1   16    1    2    6    2    2    1      2896    8   -5    5   15    4   -7   10   -3  -13  -13    6   -4   12   16    0  -11   11  -14
    1    1   17    1    3    5    2    3    1      1813   13   -5    0   -9    7    1   -7    1   11    7   14   -1    4    7   -5   17    2    1
    1    1   18    1    2    5    2    2    1      2437    7   -4    2   13    2   -8    9    0  -12  -11    3   -4    9   13    0  -12    7  -12
    1    1   19    1    2    1    2    2    1      1650    8   -5   -3    8    0   -5   14   -3  -16  -15    5    1   11   16    0  -13    9  -15
    1    1   20    1    1    9    2    1    1      1680   -5   -6   -9    2  -17    1  -10   11  -14    6    1    8    0    6   10    7   16   11
    1    1   21    1    1    3    2    1    1      1383   -5    0   -8    3  -16    2  -14   13  -13    6    5    9    1   11    9    1   12   11
    1    1   22    1    2    7    2    2    1       855    9   -7   -5   14    1   -7    8   -2  -12   -9    3   -4    6   20   -3   -9    7  -13
    1    1   23    1    3    8    2    3    1      2327   17  -13   -1   -8   15    5  -10    4   10    6   14   -3    3    6   -4   15    1    3
    1    1   24    1    3    9    2    3    1       893   11   -6    1  -10   15    3   -9    0    9    3   13   -1    9   14   -5   14    4    3
    1    1   25    1    3    1    2    3    1      1429    6  -13    4   -7    6    7   -8    3   10    7   12   -4    2    9   -8   15    3    1
    1    1   26    1    1    7    2    1    1      1055   -6   -1  -10   -1  -13    2   -8   13  -13   -2    0   11   10    8   12    7   14    9
    1    1   27    1    1    2    2    1    1      1232   -7   -1   -7    2  -14    1   -9   14  -12    4    5   13    6   10   11    5    6    4
    1    2    1    1    1   16    2    1    1      1841   -8    2  -14    6  -16    2  -11   10  -22    1    5   11    9    9   18   12   14   10
    1    2    2    1    3   16    2    3    1       876   10   -5   -1  -10    7    2   -7   10   10    6   13   -1    3    7  -12   22    9   -1
    1    2    3    1    2   15    2    2    1       963   10   -5    4   15    1   -6    8    0  -10   -9    4   -3    9   18    0  -11    8  -12
    1    2    4    1    1   13    2    1    1       649   -6   -3   -9    1  -23    4  -12   12  -14    6    4    7    6    3   10    7    9   10
    1    2    5    1    1   14    2    2    0      1362    0   -6   -9    1  -22   -4  -18    9  -13    4   -3   11    6   -2   12    5   11   10
    1    2    6    1    3   13    2    3    1      3046   15  -16   -2   -6    6    4   -7    2   19   -1    9    8   12    0   -6   14    0   -2
    1    2    7    1    3   15    2    3    1      1080   19  -11   -1   -8    2    5   -9    4    9    1   12   -7    4    7   -7   16   -2    7
    1    2    8    1    1   12    2    1    1      2376   -6   -1   -5    1  -15    3  -11   13  -13    7    4    8   14    1    7    8   13   12
    1    2    9    1    2   18    2    2    1       685    7   -5    2   14   10  -10   12   -9  -10  -12    3   -4   11   14    0  -11    9  -15
    1    2   10    1    1   11    2    1    1       587   -6   -3  -10    0  -14    3  -11   12  -13    6    3    8    8    9    7    3   14    8
    1    2   11    1    3   17    2    3    1      1294   13   -6   -1  -10    8    1   -7    1   12    5   15   -3    2    9  -13   20   -3   -7
    1    2   12    1    2   13    2    3    0      2046    8   -7    4   11    6    2    7    0  -11   -9    2   -3   12   16    0  -11   10  -13
    1    2   13    1    2   17    2    2    1       631    9   -4    1   11    4   -8   10   -2  -17   -7    5   -3   18   20   -1  -10   13   -9
    1    2   14    1    3   10    2    2    0      1088   10   -5    4  -10    9   -2   -7    0   10    7   18    3    1    6   -5   15    2    1
    1    2   15    1    3   14    2    3    1      2424   11   -7    3   -6    6    4   -8    4    9    8   14   -1    5    8   -7   14    1    0
    1    2   16    1    2   16    2    2    1      1610   11   -4    4   13    1   -8   10   -1  -19   -9    6   -2   12   14   -1  -13    8  -13
    1    2   17    1    3   18    2    3    1      3836   10   -8    2   -9    6    7  -10    4   11    8   16   -6    3    7   -8   15   -3    9
    1    2   18    1    1   10    2    1    1      1077   -9   -2   -8    0  -14    2   -9   14   -7   15    2    1   10   10    7    4   18   10
    1    2   19    1    1   15    2    1    1       709   -7   -3   -8    2  -15    3   -7   13  -22    6    3   11    6    9   10    7   16   13
    1    2   20    1    3   12    2    3    1       732   14    2   -1   -8    8    2   -9    0   10    5   13   -3    2    8   -7   16    2    1
    1    2   21    1    2   14    2    2    1       553    5   -8    1   14    1   -8    9    0   -8  -10    3   -4    9   14   -3  -13    9  -13
    1    2   22    1    3   11    2    1    0      1924   10   -6    0  -14    7    1   -8    2   15   10   12   -2   -3   14   -6   15   -7   -4
    1    2   23    1    1   18    2    2    0      1122    1   -5   -7   -1  -16    1  -20   22  -12    4    3    8   15   17   11    3   12   10
    1    2   24    1    1   17    2    1    1      1925   -7   -4   -5   -2  -17    4  -12   14  -13    4    4   11   10    8   11    4   14   10
    1    2   25    1    2   11    2    3    0      2204    9   -6    1   15    1   -6    9    0  -13   -9    4    5   11   15    0  -10    8  -14
    1    2   26    1    2   12    2    3    0      1341   10   -6    9    7    3   -7   10   -1  -12  -11    5   -4   10   10    2  -12    7  -16
    1    2   27    1    2   10    2    3    0      2569    8   -6   -1   11   -7   -2    8    0  -12   -9   13   -1   11   17    0  -11   10  -14
    1    3    1    1    1   21    2    3    0      3107    1   -2   -7    3  -17    4   -9   11  -14    4    2    6    7   10   12    7   11    9
    1    3    2    1    3   27    2    3    1       721   16   -8   -3   -3    7    2  -12    5   12    4   12   -4    2    9   -4   17   10    2
    1    3    3    1    2   24    2    3    0      1230   15   -8    5   11    7   -5    9    1  -14  -12    4   -5   11   15   -5   -4   10  -14
    1    3    4    1    3   24    2    2    0      4454   16   -3   -1   -9    6    3  -14   10    9    7   12   -4    2    8   -4   15    3    0
    1    3    5    1    1   19    2    1    1      1111   -7   -2   -6    3  -10    6  -16    5  -13    5    4    8   10    6   12    4   13    9
    1    3    6    1    2   21    2    3    0      2382    7  -11   13    9    3   -6    8    1  -14  -10    5   -5   10   14   -1  -10   11   -6
    1    3    7    1    3   21    2    3    1      1679   16  -11    3  -11    7    2  -11    4    9    4   14   -5    1   10   -6   17    1    3
    1    3    8    1    1   20    2    1    1       973   -6   -3   -9    1  -16    4  -10   14  -11    7    3    7    7    7    3   -1   13    9
    1    3    9    1    3   26    2    3    1       721   11   -7   -1   -7    7    5   -9    4   11    4   14   -1    4    7   -5   15    2    3
    1    3   10    1    2   25    2    2    1       861   15  -14    5   15    4   -6   11    1  -21    0    3   -4   10   17   -1  -12   10  -13
    1    3   11    1    1   22    2    1    1       731   -8   -2  -17   -1  -20    2   -8   14  -12    6    5    8    6   13    7   -2   13   16
    1    3   12    1    3   20    2    2    0      1762   11   -8   -5   -9    5    0  -10    0    9    6   11   -1   -1   11   -4   10   -1   -3
    1    3   13    1    2   23    2    2    1       676   11   -8    5   11    3   -7   10    0  -12   -9    6  -11   12   15    0  -12    8  -14
    1    3   14    1    3   23    2    3    1      1712   14   -5   -1   -8    8    2   -8    2   13    6   12   -2    4    7   -4   17    1    3
    1    3   15    1    1   26    2    1    1      1174   -6   -1  -10   -1  -17    1  -11   11  -10    5    4    8   10    9   14    4   14    9
    1    3   16    1    2   22    2    2    1       704    9   -3    4   13    1   -6    0    1  -13  -10    4   -5   14   15   -3  -10    7   -5
    1    3   17    1    1   25    2    1    1       709   -4   -1   -9    1  -13   -3   -9   13  -13    3    3    7   11    3   12    5    5   19
    1    3   18    1    3   22    2    1    0      1468   15  -10    2   -8    0    1   -9    4   12    8   11   -1    3    9   -4   15    1    3
    1    3   19    1    3   25    2    3    1       924   10   -4   -5  -14    7    4  -12   11   11    7   13   -3    2    6   -7   18    3    2
    1    3   20    1    2   26    2    2    1       496   -1   -5    6    9    0   -7    7    0  -13  -10    5   -5   11   13    0  -12   10  -14
    1    3   21    1    2   20    2    2    1      1723   10   -3    2   14   -7   -1    8   -1  -20   -3    4   -2   10   14    0  -10    8  -15
    1    3   22    1    1   27    2    1    1       639   -6   -4   -9   -3  -13   -6  -10   13  -12    4    8   17    7    9   12    7   14   10
    1    3   23    1    2   19    2    2    1      1184   10   -7    1   15    1   -6    8    0  -13   -9    9    4   10   16    0  -12   11  -14
    1    3   24    1    3   19    2    3    1      1048    8   -8  -10   -4    6    3   -8    1   11    7   18   -7    1   10   -7   17    3    2
    1    3   25    1    1   23    2    1    1       671   -4   -3   -8    3  -17    2  -10   13  -12    7    8    4    7    9    4    6   14   12
    1    3   26    1    1   24    2    1    1       774   -6   -1   -8    2  -17    3  -11   12  -22   -4    3    9    8    7   10    4   11   11
    1    3   27    1    2   27    2    2    1       514    9   -6    1   12    0   -8   11   -2  -12  -11    5   -4   10   13    3  -16    8  -15
    1    4    1    1    2   33    2    2    1      1269   11   -6    2   15    4   -8   10   -2   -5   -7    7   -7    2   12   -3  -11    8  -15
    1    4    2    1    1   28    2    1    1       555   -1    0  -10    3  -17    2   -8   10  -14    6    5    9    7    8   12    7   11   10
    1    4    3    1    3   30    2    2    0       662   11   -5   -1   -8    5    3    1    6    4   13   11   -2    5    6   -4   15    1    3
    1    4    4    1    1   36    2    1    1      1636   -2   -2  -17   -9  -21   -2   -8   14  -14    4    3   10    8    9    9    7   15   11
    1    4    5    1    1   32    2    1    1       620   -5   -2   -8    2  -16    1   -9   12  -13    6    6   11   10    6   19    7   11   10
    1    4    6    1    1   31    2    1    1      1718   -4   -4  -16   -1  -15    1  -12   13   -4    8    2    7    7    9   11    4   18   11
    1    4    7    1    2   34    2    2    1      3316   10   -6    4   11    0   -6    9    0  -12  -12    3   -4   13   20   -3  -10   13  -16
    1    4    8    1    2   31    2    2    1       536   13   -5    4   13    3   -8    7    0  -12   -9    9    6   11   20   -1  -10    2  -20
    1    4    9    1    3   33    2    1    0      2307   11   -5   -2   -7    7    5   -5    1   11    5    4  -10    3    7  -12   17    1    0
    1    4   10    1    3   34    2    2    0      2883   12   -7    1  -10    5    2   -7    4   15    1   16   -2   -6   -1    3   21    1    2
    1    4   11    1    1   29    2    1    1      1383   -8   -5    0   -1  -17    4   -7   10  -10    4    5    7    4   13    8    7   12   11
    1    4   12    1    3   29    2    3    1      1187   19   -9    0   -9    6    3   -9    1   12    5   12   -7   -2    1   -2   19    3    1
    1    4   13    1    2   32    2    2    1       640    7   -4    2   13    5   -6    9    0  -12   -9    1   -2    8   16   -2  -11    9  -13
    1    4   14    1    1   33    2    1    1       623   -5   -4   -8   -1  -11   -2   -8   13  -12    7    4    8    7    8   11    1   11   10
    1    4   15    1    1   35    2    1    1       641   -7    0   -4   -3  -16    4   -9   13   -8    8    5    0    9    9   11    6    7    5
    1    4   16    1    3   32    2    2    0      1707   13   -6    1   -8    6    3   -8   -3   10    6   13    0    4    7   -4   18    1    2
    1    4   17    1    3   31    2    3    1      1017   12   -7    2   -7    6    4   -9    3   16    4   12   -4    4    8  -10   16    3    2
    1    4   18    1    2   29    2    2    1      6314    9   -3    1   11    4  -10    8    0   -3    0   -6    5    9   18    2   -4    8  -14
    1    4   19    1    1   30    2    1    1      1633   -9   -2   -3    8  -14    2   -8   11  -19   12    3    7    7    9   11    7   14    8
    1    4   20    1    1   34    2    1    1       706   -5   -4   -9    1  -17    2  -10   11  -16    7    2   10    8    9    9    7   15    0
    1    4   21    1    3   35    2    3    1      1024   14   -9   -1  -10   15   -1   -9    1   12    5    6   -7   -6    2    2   17    3    1
    1    4   22    1    2   28    2    2    1       563    4  -11    2   14    0   -7   10    7  -11  -11    3   -5   11   13   -1  -10   10  -16
    1    4   23    1    2   36    2    2    1       720    8   -7    2   13    4   -9    8    1  -12   -9    8  -13    9   15   -1  -12   12  -14
    1    4   24    1    2   35    2    2    1       663    7   -4    6   18    6   -7    8   -1  -14  -10    5   -3   12   14   -2  -11    9  -12
    1    4   25    1    3   36    2    3    1       718   16   -4    1   -6    8    3   -8    1    9    9   13   -1    3    7   -6   17    1    0
    1    4   26    1    2   30    2    2    1       723   10   -6    0   13   -3   -7   10   -3  -13  -10    6   -5    9   15    0  -11   10  -15
    1    4   27    1    3   28    2    3    1       600   12   -5    0   -7    9    4   -9    0   11    7   14   -2    4    9    3   21   -6    6
    1    5    1    1    2   41    2    2    1       825   11   -7    2   14    1   -6    9    0  -14  -16    3   -4    9   16    2  -10    9  -15
    1    5    2    1    3   45    2    3    1       665   13   -7   -1   -7    9    4  -10    0   11    5   14   -2    4    9   -7   17    2    0
    1    5    3    1    2   37    2    2    1       584   11   -4    5   12    1   -6    7   -3  -10  -11    6   -5   10   16   -1   -9   10  -16
    1    5    4    1    3   39    2    3    1      1042   21  -12   -4  -13   12    0   -9    3   19    3   20   -8   -3   16   -5   15    1    1
    1    5    5    1    2   42    2    2    1      1505    8   -4    3   12    1   -6   -1   -1   -4  -16    5   -6   11   14  -11  -20   10  -13
    1    5    6    1    2   40    2    3    0      1551   12  -15    4   12    2   -8    0    3  -14   -9   12    5    7    8    0  -12   10  -13
    1    5    7    1    1   45    2    1    1       660   -5   -3   -5   -6  -17    3  -12    8  -10    4    4   10    7    8    9    4   12   10
    1    5    8    1    2   45    2    2    1      1011    9   -4    5   11    2   -8   12   -1  -12  -11    3   -5    9   11   -1  -12    9  -15
    1    5    9    1    2   43    2    2    1      1372    4   -6    4   14    0   -6    8    1  -12   -9    3   -4   11   15    1   -9    5  -15
    1    5   10    1    3   38    2    3    1       799   10   -7    1   -8    3    8  -12   -4   13    6   17   -1    7   -1   -4   18    0    2
    1    5   11    1    1   43    2    1    1       681  -12   -7   -6    2   -5   -1  -11   12  -12    6    4    8    9    8   19   12   14   14
    1    5   12    1    3   42    2    3    1       824    9   -6    2   -8    6    3   -9    3   14    1   12   -2    5    9   -7   14    0    4
    1    5   13    1    1   40    2    1    1      1858   -6   -4   -4   -3  -13    2   -5   15  -14    5    6   -1   -2    8   10    4   15   10
    1    5   14    1    1   44    2    1    1      1116   -8   -4   -9    3  -17    2   -8   14   -7    5    4   10   10    6   13    9   12   12
    1    5   15    1    2   38    2    2    1       898    9   -7    1   12    7   -9   10   -1  -11  -10    6   -2    9   16   -2  -10   10  -16
    1    5   16    1    1   42    2    1    1       737   -7   -1   -9    1  -17    2  -11   13  -13    6    4   12   10    8   11    6   14    9
    1    5   17    1    1   37    2    1    1       486   -6   -3   -7    3  -15    3   -9   11   -7    8    4    8    7    9   11    5   13   12
    1    5   18    1    2   44    2    2    1       694   10   -7    2   11    1   -9   11    0  -19  -12    6   -3   11   14    0  -12   10  -15
    1    5   19    1    3   44    2    3    1      2331   12  -11    3   -2    5    4   -6   -3   13    5   14   -2    5    9    0    6    1    1
    1    5   20    1    3   43    2    3    1       793   10   -6   -5  -11    9    4  -11    3    6   10   14   -3    5    7   -5   17    1    4
    1    5   21    1    1   39    2    1    1       571   -8   -2   -6    2  -14    2  -12   14  -11    6    5   11   10   16    8    5    7    2
    1    5   22    1    3   41    2    3    1      1318   14   -5   -1   -8    6    2  -10    3   12    6   12   -2    2    7   -5   14    2   -2
    1    5   23    1    1   38    2    1    1       636   -5   -2   -4   -8  -13    1  -12   14  -10    4    3    7    8    7   10    5   11    9
    1    5   24    1    3   37    2    3    1      1030   13   -7    1   -9    5    4  -11   -3    6    8   12   -1    3    9   -5   15    1    3
    1    5   25    1    3   40    2    3    1      1014   11   -8    2   -8    8    2   -9    3   11    5   14   -3    0   11   -3   24    4    1
    1    5   26    1    1   41    2    1    1       863   -4   -3  -11   -3  -16    0   -9    7  -17    5    3    7    8   10   12    6   15    9
    1    5   27    1    2   39    2    2    1       826    8   -5    2   17    3   -8    7   -1  -10  -12    5   -5   11   14   -3  -14   11  -23
    1    6    1    1    3   50    2    3    1      3169   14   -7    0   -7    5    4  -10    1   12    6   13   -4    4    7   -7   16    3    1
    1    6    2    1    3   47    2    3    1       597   10   -8    3   -8    6    3  -14    4   13    5   13   -3    5    7   -6   17    1    3
    1    6    3    1    1   48    2    1    1       636   -6    0   -8    3  -16    0  -14    2  -10    5    4    8    8    6   10    8   12   11
    1    6    4    1    2   46    2    2    1      1605    9    0    1   12    3   -8   10   -2  -12   -8    4   -5   13    8   -1  -10    9  -13
    1    6    5    1    1   52    2    1    1       527    4  -10   -9    0  -14    2  -15   13  -14    6    2   10    7    6   10    4   13   11
    1    6    6    1    3   53    2    3    1       843   11   -3    2   -7    8    3  -13    5   13    6   20   -2    4   10   -8   18    0    2
    1    6    7    1    2   52    2    2    1       516    4  -14    1   15    1   -6   -1   -8  -14  -10    2   -3   11   16    0  -10    9  -12
    1    6    8    1    3   54    2    3    1       528   14   -9  -10   -4    6    4   -8    0   10    6   14   -1    4    8   -7   16    6   12
    1    6    9    1    1   49    2    1    1       919   -1   -1   -7    0  -15    0   -1    4  -10    6    6    9    9    9    7   11   15   15
    1    6   10    1    3   48    2    3    1       509   13   -9   -1   -8    9    3  -10    2   12    9   11   -2    4    8   -5   14    6    1
    1    6   11    1    1   54    2    1    1       868   -6   -1  -17   -5  -14    3   -9   14  -13    5    4   10    9    9    5    2   15    6
    1    6   12    1    2   49    2    2    1      1333    8   -4    5   11    9  -17   18   -8  -13  -10    3   -5   11   13    5   -3    9  -13
    1    6   13    1    3   49    2    3    1       946   14   -8    0   -7    5    4   -8    0   13    4   15   -4    1    8   -7   17    1    4
    1    6   14    1    2   48    2    2    1       773   10   -6    3   18    1   -8   14   -3  -10   -8    5   -5   11   15   -1  -14    3   -9
    1    6   15    1    3   46    2    3    1       961   12   -7   -1   -9    8    5   -9    3   15    5    9   -3    2    5   -7   17    1    1
    1    6   16    1    3   51    2    3    1      1517   15   -8   -1   -9    9    1  -10    3   12    6   12   -1    5    4   -8   17    0    2
    1    6   17    1    1   51    2    1    1       467   -7   -8  -10    3  -13    4  -12   14  -12    9    4   10   15    0   10    4   15    6
    1    6   18    1    1   53    2    1    1      1268   -1    6   -8    0  -18   -6  -10   11  -12    4    5   11    8    5   11    5   10    7
    1    6   19    1    1   46    2    1    1      1500   -8   -2   -6   -1  -16    1   -1    8  -13    5   12   10   15   16    9    6   14   11
    1    6   20    1    2   47    2    2    1       668    8   -5    5   14    0   -7    9    0  -12   -9    7  -10   13   20   -1  -12    9  -16
    1    6   21    1    2   51    2    2    1      1139   10    3    2   13    2   -8    6    6  -12  -11   12   -6   10   16   -2  -11    8  -15
    1    6   22    1    2   53    2    1    0      2136    7   -6    4   12   -2   -9    8    1  -13   -8    3   -4   20    5    0  -10   10  -16
    1    6   23    1    2   50    2    2    1       695    9   -4    2   13   -1   -3    8    0  -13   -9    3   -4    1   18    1  -11    7  -14
    1    6   24    1    2   54    2    2    1      1383   10   -4    3   11    0   -9    8    0  -13  -12    5   -4   15   12   -2  -10    9   -7
    1    6   25    1    1   47    2    1    1       658   -4   -3  -10    2  -19    1  -20   20  -11    5    9    5    7    9   10    7   11    9
    1    6   26    1    3   52    2    3    1      1194   12   -7   -3   -5    6    0   -7    2    9    5   15   -3    3    7   -5   18    1   -8
    1    6   27    1    1   50    2    1    1       718   -6    0  -10    3  -15    1   -9   13  -11    5    7    8    6   10   11    4   12   10
    1    7    1    1    2   58    2    2    1       821    7   -4    3   12   -7   -6   12    8  -10  -13    4   -6   12   14    0   -9    7  -13
    1    7    2    1    3   63    2    3    1       823   10   -4    1   -8    8    4   -9    0   12    5   17   -4    1   10   -5   16    6    3
    1    7    3    1    3   57    2    3    1       848   17   -6    1   -8    6    1   -7    1   10   10   15   -1    1    9   -7   16    2    4
    1    7    4    1    1   56    2    1    1       840  -13   -9   -7    0  -22   12  -11   13   -9    2    1    6   10    8   10    5   12   12
    1    7    5    1    3   59    2    3    1       723   12   -8    1   -8    7    4  -14    4   12    6   18   -7    4    6   -7   17   -2   -5
    1    7    6    1    2   61    2    2    1       529    7   -5    4   15    1   -7    7    0  -16   -5    2   -3    9   16   -1  -10   10  -14
    1    7    7    1    1   55    2    1    1       602   -8   -3   -7    1  -15    1   -8   11  -22    3    5    9   14   16   13    8    8    8
    1    7    8    1    1   57    2    1    1       773   -7   -3   -8   -1  -16    2   -9   10  -14    4    6    8    9   10   11    7   15   10
    1    7    9    1    2   56    2    2    1      1377    9   -4   -1   11    2   -8    9    0  -11  -11    5   -4   10   16   -1   -4   10  -13
    1    7   10    1    1   58    2    1    1       534   -4    7   -6    1  -15    1  -11   10  -11    4    4   10   10    7   12    8    9   10
    1    7   11    1    1   63    2    1    1       549   -5   -3  -10    1  -18    0  -10   14  -10    6    3    9    9    8    5    2   12   10
    1    7   12    1    2   62    2    2    1       810   11   -3    4   14   -7   -3   15   -9   -8   -6    3   -4    9   15    1   -9   10  -13
    1    7   13    1    3   58    2    2    0      1285   10   -6   -7  -14    5    1   -9    1    6    3   10    7    7   12   -5   15    3   -6
    1    7   14    1    3   56    2    3    1      1166   11   -6    1  -10    7    5   -9    1   10    7   14   -2    1    8   -4   14    0    1
    1    7   15    1    3   62    2    3    1       641   13   -8   -1   -8    7    2   -9    3   10    5   15   -1    3    7   -7   17    3    1
    1    7   16    1    2   55    2    2    1       776    9   -4    4   14    0   -5   10   -2  -13   -9    5   -5    9   14   -2  -12    9  -15
    1    7   17    1    3   61    2    3    1       861   11   -4    7    0    5    3   -7    3   12    4   12    0    5    8   -4   14    1    0
    1    7   18    1    2   63    2    2    1       645    8   -7    2   13    2   -6    9    0  -12  -12    6   -2    8   17   -1  -13    8  -14
    1    7   19    1    3   55    2    3    1       711   12   -8    1   -9    7    2   -8    1   11   10   14   -3    4   10  -10   15   -2   -2
    1    7   20    1    2   57    2    2    1       541   11   -6    6    8    9    0    8   -2  -11   -9    2   -9    8   17    0  -10    7  -13
    1    7   21    1    2   60    2    2    1       571    4   -7    2   13    1   -8    7   -3  -12  -11    3   -5    8   15    1  -13   10  -17
    1    7   22    1    1   61    2    1    1       870   -7   -2   -3    0  -16    2  -20   19  -10    5    5   10    9    7   11    5   18   10
    1    7   23    1    1   62    2    1    1       488   -8   -1   -8    2  -16    3  -11   11  -13    4    4    8    1   -2    9    7   16    0
    1    7   24    1    1   59    2    1    1       599   -7   -2   -7    3  -17    1  -12   14  -12    4    3    9    8   14   10    4   14    9
    1    7   25    1    2   59    2    2    1       571   11   -7    2   13    2   -6   11    0  -10   -9    3   -3    8   17    1  -10   10  -14
    1    7   26    1    3   60    2    3    1       872   14   -8    2   -9    7    4   -8    1    9    5   12   -1    5    6   -5   14    6    2
    1    7   27    1    1   60    2    1    1       728   -7   -4   -8    2  -16    3    0   18  -10    7    5    8   17    5   19   13   15    8
    1    8    1    1    2   68    2    2    1       908    7   -5    4    8    4   -6   10   -1  -12  -11    0   -5   11   14    1  -13   11  -13
    1    8    2    1    2   72    2    2    1       547    7   -6    3   12    2   -9   10   -1  -13  -11    2   -5    9   15   -1  -10   10  -14
    1    8    3    1    1   68    2    1    1       687   -5   -3   -9    3  -25   -3  -17   16  -13    7    5    9    5    4    9    5    8   10
    1    8    4    1    3   72    2    2    0       629   11   -3    2   -3    5    2   -9    3   12    6   19   -5    1    7   -6   17    1    3
    1    8    5    1    1   64    2    1    1       669   -6   -3  -13    5  -16    3   -5   12  -14    7    4   17   17    8    8    5   14    9
    1    8    6    1    3   68    2    3    1       798   14  -10    9  -10    7    4  -14    1   10    6   14   -1   -2    6   -7   16    0    7
    1    8    7    1    2   66    2    2    1       432   10   -6    3   14    3   -7   16   -6  -10  -10    4   -5    6   17   -1  -10   11  -13
    1    8    8    1    2   65    2    2    1       562    8   -5    2   13    1   -6    7    0  -11  -15    4   -5    9   16    1  -13   12  -12
    1    8    9    1    3   64    2    3    1      1606   13   -5    2   -8    8    2  -13   -5   19   11   11   -7   -2   18   -8   15   -3   -3
    1    8   10    1    1   65    2    1    1      1014   -7   -2    0   -9  -13   -2   -5   18  -13    5    5   11    8    7   11    8   12   15
    1    8   11    1    1   67    2    1    1       688   -6   -1   -9    0  -15    3  -10   13   -3   14    5    9    6    7    9    7   14   10
    1    8   12    1    3   69    2    3    1      1189   12   -7   -2   -8    6    4  -10    0   10    6   13   -3    4    8  -10   18    2    1
    1    8   13    1    3   71    2    3    1       695   13   -5   -1   -9    7    4  -10    2    5   13   15   -4    4    6   -5   16    2    3
    1    8   14    1    3   70    2    3    1      2301   11   -5    1   -8   17   -7   -8    4   10    3   13   -1    4   10  -12   14    3    1
    1    8   15    1    1   72    2    1    1       699   -5   -4   -9    0  -17    1  -11   12  -10    3    4   10    9    7   12    6   14    9
    1    8   16    1    2   67    2    2    1       567    9   -4    3   18    2   -6   12   -4  -11  -11    4   -5    9   16   -2  -11   11  -17
    1    8   17    1    1   69    2    1    1       995   -6   -1   -7    1  -16   -2  -10   11  -10    5   -2   19    8    9   15    1   12   10
    1    8   18    1    2   71    2    2    1      1143   10   -6    4   14    2   -6   10   -2  -12  -11    0   -9   10   13  -10   -9   10  -15
    1    8   19    1    2   70    2    2    1       683   11   -5    4   12    2   -9    8   -1  -14  -10    4   -5    9   16   -3  -10    9  -15
    1    8   20    1    3   65    2    3    1       586    7   -4    0  -10    7    4   -8    1   13    5    7    1    2    9   -7   16    1    1
    1    8   21    1    3   66    2    3    1      1828   16   -5    3  -11    6    4   -9    3    9    4   12   -2    3    7   -7   17    0    3
    1    8   22    1    3   67    2    3    1      1190   13   -6   -1   -7    2   -7   -4    2    9    2   14   -2    2    9   -6   18    2    3
    1    8   23    1    2   64    2    2    1       705   10   -9    4   13    2   -6    9    0  -10  -12    5   -2   10   14   -2  -10    7  -14
    1    8   24    1    1   66    2    1    1       423   -7   -3   -8    2  -15    6  -15   10  -11    4    3    8    5   12   12    8   11    5
    1    8   25    1    1   71    2    2    0       754    2  -12    2   -6  -17    2  -11   13  -12    4    4    5    8    7   10    5   11   11
    1    8   26    1    2   69    2    2    1       655   12   -5    4   13    2   -8    9   -2  -18    0   12    3   17   13    0  -10    8  -13
    1    8   27    1    1   70    2    1    1       775   -8   -2  -10    0  -15    1   -8   10  -14    7    1   13    7    7   18    0   14    8
    1    9    1    1    1   75    2    1    1      1673    1    7   -8    3  -15    0    0   18  -13    6    5   11    7    8   11    6    5    1
    1    9    2    1    2   80    2    2    1       673    8   -5    7   14    2   -6   17   -6  -17  -13    6   -4   11   14   -1  -12   11  -12
    1    9    3    1    3   79    2    3    1       969   13  -12   -1   -7    7    4   -8    2   15   14   13   -1    2    9   -8   17    3    2
    1    9    4    1    3   74    2    1    0      1636   12    0    0  -10    8    2  -10    2   11    7   12   -6    2    8   -6   15    3    2
    1    9    5    1    3   76    2    3    1      1356   11   -6    2   -9    8    1  -11    4   11    7   15   -3    5    7   -4   18    0    0
    1    9    6    1    1   81    2    1    1       639   -3    2   -9    1  -14    1  -12   12  -11    4    7   13   11   10   16   -4   13    9
    1    9    7    1    3   75    2    3    1       762   10   -4    2   -8    6    4   -9    1   11    8   15   -4    1    6  -11   23    2    0
    1    9    8    1    2   78    2    2    1       517    7   -7    1   14    1   -6    8    0  -11  -11   -1   -5   20   22  -10   -6    7  -17
    1    9    9    1    3   73    2    3    1       492   13   -7    5  -13    2   -1   -8    2    9    2   12   -1    2    7   -7   17    1    3
    1    9   10    1    3   81    2    3    1       579   12   -7   -1   -8   10    0  -12   -3   10    6   13    0    5    8   -5   16    2    4
    1    9   11    1    1   80    2    1    1       695   -5    0   -7    2  -14   -1   -8   10  -13    4    4   10    8    7   10    8   13    9
    1    9   12    1    1   79    2    1    1      1189   -6   -3  -15    7  -14    1   -8   13   -3   -5    3    9    3    6   11    8   19   12
    1    9   13    1    3   80    2    3    1      1218   13   -4    0   -7   -2   11   -7    1   10    8   13   -1   -5   -1   -5   14    3    3
    1    9   14    1    2   73    2    2    1       555    8   -3    3   14    3   -7    6    3  -12  -12   11    0    9   15   -2  -10    9  -13
    1    9   15    1    3   77    2    3    1       624   12   -4   -1   -7    7    4   -9    3   12    6   14   -3   -1    3   -5   18   -2    7
    1    9   16    1    2   81    2    2    1       665   10   -6    1   13    6  -13    9   -2  -13   -8    6    6    9   15   -2  -12    4  -12
    1    9   17    1    3   78    2    3    1       848   13   -4   -1   -9   -1   -4  -10    3   11    5   12   -1   -1    3   -5   15    2    1
    1    9   18    1    2   74    2    2    1       638   10   -5    8    4   -2   -8    9    1  -14  -11   10   -2   11   14   -1  -10    9  -15
    1    9   19    1    1   78    2    1    1       600   -3   -5   -7    0  -16    4   -9   11  -11    6    5    8   13    1    9    6   13   14
    1    9   20    1    2   76    2    2    1       515    9   -7    0   22    5   -8    8   -1  -11  -10    4   -6   10   16   -2   -7   18  -20
    1    9   21    1    1   74    2    1    1       626   -6   -3  -10    2  -17    4   -6    9   -5   15    4    8    8    7    5    4   14    9
    1    9   22    1    1   73    2    3    0       731   -5    0    2    0  -24    7  -11   12  -13   10    5    7   16    9   11    6   13   12
    1    9   23    1    2   79    2    2    1       576   10    0    2   15    1   -8    8    2  -11  -11    2   -4   11   14   -1   -9    7  -15
    1    9   24    1    1   76    2    1    1       571   -5   -3   -9    2  -17    0  -10   14  -12    3   11    4    5   11    5    8   14   11
    1    9   25    1    1   77    2    1    1       558  -10   -4   -7    2  -16    2   -8   11  -20    0    2    9    8    9    9    5   11    3
    1    9   26    1    2   75    2    2    1       577   11   -7    4   13    2   -6   10   -2  -12  -12    5   -2    9   16   -3   -9   10  -15
    1    9   27    1    2   77    2    2    1       627   10   -5    5   13    3   -8    8   -2  -13  -10    6   -4   11   13   -2  -11   12  -17
    1   10    1    1    1   87    2    1    1      1033  -10    2   -8    0  -15    0   -9   11  -14    5    0   12    7    7    9    6   12   10
    1   10    2    1    2   82    2    2    1       483   13   -9    3   14    3   -7   10    1  -14  -11    2   -4   11   15    0  -11    7  -15
    1   10    3    1    2   86    2    2    1       506    9   -4    0   16    1   -7    7    1  -12   -8    2   -2    9   24   -2  -11    8  -16
    1   10    4    1    2   89    2    2    1       961    4  -12    3   18    7    0    7   -3  -11  -11    4   -2    8   17    1  -10   10  -14
    1   10    5    1    2   84    2    2    1       573    8   -4    4   13    4   -9    8    0  -11  -12    6   -3    9   15    0   -8   11   -9
    1   10    6    1    1   84    2    1    1       608   -5   -3   -9    1  -16    4   -8   12  -10    6    5    8    9    3   12    6   13   20
    1   10    7    1    1   89    2    1    1       571   -6   -1   -6    3  -16    2  -15   17  -12    7    8   16    9    6   18   12   12   11
    1   10    8    1    2   83    2    2    1       647   10   -5    3   14   -1  -11   -1    0  -12   -9    6   -4   11   14    7  -13    6  -15
    1   10    9    1    2   88    2    2    1       473    9   -7    2   15    8   -2    0    4  -13   -9    3   -5   11   14    0  -12    9  -13
    1   10   10    1    3   82    2    3    1      1817   12   -4   -1   -4    7    4  -11   -1   11    5   14   -1    5    9    1   11   12    9
    1   10   11    1    1   88    2    1    1       658   -4   -3   -8    2  -13    0   -8   13   -4    0    4    8    7    6    9    7   14   10
    1   10   12    1    1   90    2    1    1       722   -6   -1  -10    0  -15    0   -9   13  -12    6    5    9    5    5   10    8   12   10
    1   10   13    1    3   85    2    3    1      1456   13   -6   -2   -7    5    3   -8    2   11    7   15   -8   -2   11   -6   14    8    1
    1   10   14    1    2   87    2    2    1       777   16  -12    8   16    3   -8   10    1  -12   -9    2   -5   11   14    4  -17    8  -19
    1   10   15    1    1   85    2    1    1       812   -7   -2   -8    2  -15   12  -11   11  -11    5    3   11    7    9    4   -1   11    5
    1   10   16    1    2   85    2    2    1       695    4   -6    3   12    6  -10    8   -1  -10  -12    3   -3   11   13   -2  -11    9  -16
    1   10   17    1    2   90    2    2    1       659    1  -12   -2   18    3   -7    9    1  -13   -8    5   -6    9   15   -2  -14   10  -13
    1   10   18    1    3   84    2    1    0      2052   12   -5    1   -8    8    3  -19   -8   12    6   12   -1    1    7   -7   15   -3    1
    1   10   19    1    3   90    2    3    1       935   13   -6    1   -8    6    1   -7    1   10    7   15   -4    7   16   -7   16    0    3
    1   10   20    1    3   83    2    3    1       610   11   -7    0   -7    6    3   -4   -2   16    3   14    7    4    8   -1   11    1    4
    1   10   21    1    1   83    2    1    1       553  -10   -4   -9   -1  -15    4   -8   10  -13    5    5   10    8    9   12    7   15    9
    1   10   22    1    3   86    2    3    1       638   10   -4   -1   -7    8    1   -7    3   10    7   13   -1    3    7   -4    8    3    4
    1   10   23    1    3   88    2    3    1       773   21   -6    3   -9    8    3   -8    2   16   10   15   -2    2    8   -4   16    1    3
    1   10   24    1    3   89    2    3    1       815   12   -8    1   -8    6    4  -10    0   13    6   10  -10    3    9   -7   17    2    3
    1   10   25    1    1   86    2    1    1       537   -8   -3  -10    2  -16    4  -12   12  -12    6    5    7    9    9    7   10   14   12
    1   10   26    1    3   87    2    3    1       774    2   -2   -5   -7    6    4   -8    1   15    3   15   -3    1   11   -7   15    2    1
    1   10   27    1    1   82    2    1    1       673   -7   -4  -10    2  -16    1   -9   12   -5    0    2    7   15    8    6    8   12    6
    2    1    1    5    1    7    3    1    1      1158   -7   -1  -10    3  -16    3   -8    5  -13    5    4    8    7   11   11    6   14   12
    2    1    2    4    1    1    2    1    1      1226   -3  -12   -8    2  -15    4   -9   13  -14   -5    5    9    9   10    9    6   14    8
    2    1    3    1    2    4    2    2    1       502    8   -6    2   13    4   -7   10   -2  -12  -11    6   -2    1   24    1  -10    8  -16
    2    1    4    1    3   13    2    3    1       955   15  -16   -2   -6    6    4   -7    2   19   -1    9    8   12    0   -6   14    0   -2
    2    1    5    3    3    3    1    3    1      1000   13   -7    0   -8    6    3  -10    2   10    6   12   -1   -6    7   -5   15    1    1
    2    1    6    1    3   24    2    3    1      2034   16   -3   -1   -9    6    3  -14   10    9    7   12   -4    2    8   -4   15    3    0
    2    1    7    4    2    1    2    2    1      1371    8   -7   -2    9    1   -5   11   -3  -13   -9    4   -5   10   16   -3  -11   11  -16
    2    1    8    5    3    4    3    3    1      1151   12   -7    8   -8    2    8  -11    2   15    0   23    2    4    9   -5   19    2    1
    2    1    9    3    3    2    1    3    1      1434   21  -16   -1   -8    7    3  -10    2    6    8   14   -2    2    8   -5   15    4   -5
    2    1   10    1    1   30    2    1    1       851   -9   -2   -3    8  -14    2   -8   11  -19   12    3    7    7    9   11    7   14    8
    2    1   11    5    2    6    3    2    1       636   10   -6    6   18    2   -6    8  -11   -2  -12   -1   -4   11   11    5  -12    9  -15
    2    1   12    2    2    0    0    2    1      1341    9   -5    3   13    2   -7    9   -1  -12  -10    4   -4   10   15   -1  -11    9  -14
    2    1   13    5    1    9    3    1    1       539  -10   -7   -7   -1  -15    1  -11    2  -13    9    5    8   12    1   12    5   11    8
    2    1   14    1    3   43    2    3    1      2216   10   -6   -5  -11    9    4  -11    3    6   10   14   -3    5    7   -5   17    1    4
    2    1   15    4    1    3    2    1    1       642   -8    0   -8    3  -14   12  -10   14  -11    6    0   17    7    6    6   15    4   19
    2    1   16    4    3    6    2    3    1      1346   10   -4    0  -10    8    3  -10    2   11    5   14   -1    5    6   -7   17    0    2
    2    1   17    1    2   48    2    2    1       527   10   -6    3   18    1   -8   14   -3  -10   -8    5   -5   11   15   -1  -14    3   -9
    2    1   18    4    1    2    2    1    1       636   -5    0   -6    2  -18    6   -8   11  -14    7    4    7    9    7   12    4   11   12
    2    1   19    5    1    5    3    1    1      1318   -5   -2   -6    2  -14    4  -11   13   -7    0    0    9    1    2   10   -4   15   11
    2    1   20    1    2   62    2    2    1       595   11   -3    4   14   -7   -3   15   -9   -8   -6    3   -4    9   15    1   -9   10  -13
    2    1   21    3    2    2    1    2    1       621    9   -4    2   13    1   -8    9    0  -12  -10    0   -3   11   16   -1  -11    9  -14
    2    1   22    1    2   70    2    2    1       942   11   -5    4   12    2   -9    8   -1  -14  -10    4   -5    9   16   -3  -10    9  -15
    2    1   23    1    2   77    2    2    1       515   10   -5    5   13    3   -8    8   -2  -13  -10    6   -4   11   13   -2  -11   12  -17
    2    1   24    5    2    2    3    2    1      2728    6   -4    0   13    6  -12   13    9  -17   -7    4   -5   17   23   -2  -12    8  -16
    2    1   25    5    3    1    3    1    0      1813    7   -5   -1   -7    3    3  -12    3   13    6   14   -2   -2   18  -11   23    6    1
    2    1   26    1    2   90    2    2    1       601    1  -12   -2   18    3   -7    9    1  -13   -8    5   -6    9   15   -2  -14   10  -13
    2    1   27    4    2    3    2    3    0      2866   16  -11    2   11   -7   -6   10   -3  -12  -11    4   -2   15    6   -2  -10    7   -7
    2    1   28    1    1    5    2    1    1       632   -7   -4  -10    3  -10   -1   -6   17  -13    6   -5   11    7    8    2    4   12    8
    2    1   29    5    3    7    3    3    1      1016   22    2   -1   -8   -3   -3   -8   -1    9    7    7   -8    3    3   -6   15    2   -4
    2    1   30    4    3    2    2    3    1       737   12   -7    1   -9    9   11   -7    0   10    6    8    0    1    9   -4   18    2    4
    2    1   31    5    2    1    3    2    1       612    4   -4    8   22   -2    0    8    0   -7  -13    3   -6   11   17   -5   -7    9  -15
    2    1   32    5    1    1    3    1    1       734   -8   -3   -9    1  -13    0   -9   17   -9    5    3    7    7    5   13    7   14   11
    2    1   33    1    3   18    2    2    0      2114   10   -8    2   -9    6    7  -10    4   11    8   16   -6    3    7   -8   15   -3    9
    2    1   34    1    1   19    2    1    1       704   -7   -2   -6    3  -10    6  -16    5  -13    5    4    8   10    6   12    4   13    9
    2    1   35    5    2    3    3    2    1      3477   14   -9    3   14   -3   -2    5   -1  -13  -10    4   -5   10   12   -6  -20    9  -10
    2    1   36    4    2    5    2    2    1      1125   10   -3    5   12    3   -7    5   -2  -21  -11    6   -5   12   13   -2  -10    9  -13
    2    1   37    1    1   33    2    1    1       930   -5   -4   -8   -1  -11   -2   -8   13  -12    7    4    8    7    8   11    1   11   10
    2    1   38    4    2    6    2    2    1       744   19  -14    5   14    0   -6    6   -6  -13  -11    2   -5   11   13    2  -11    4   -9
    2    1   39    5    2    4    3    2    1      1725    5  -12   11   13   -7    0   12    1   -7  -15    7   -8   14    8    8  -17   12  -16
    2    1   40    1    1   45    2    1    1       658   -5   -3   -5   -6  -17    3  -12    8  -10    4    4   10    7    8    9    4   12   10
    2    1   41    5    1    8    3    1    1      1817   -5   -2    1    9  -15   10  -11   13  -16    3    1   14    9   10   19   11   13   11
    2    1   42    4    1    4    2    1    1       707  -11    2   -8    2  -14    4  -15    9   -8   12    5    9    9    7   11    4   11    8
    2    1   43    1    2   51    2    2    1      1121   10    3    2   13    2   -8    6    6  -12  -11   12   -6   10   16   -2  -11    8  -15
    2    1   44    4    1    5    2    1    1       710   -2    2   -6   -1  -16    3  -11   11  -13    5    5    9    8    7   10    4   12   12
    2    1   45    1    1   58    2    1    1       789   -4    7   -6    1  -15    1  -11   10  -11    4    4   10   10    7   12    8    9   10
    2    1   46    5    1    4    3    1    1      1120   -7   -1   -9    2  -15    1  -16   16  -19   12    4    8    3   -2    9    5    3    1
    2    1   47    5    1    3    3    1    1      1069   -6   -3   -8    0  -13    0  -10   11  -13    8    4   11    0   17    8    7   22   13
    2    1   48    4    2    4    2    2    1       637    7   -4    2   13    2   -8   16   -5   -9   -5    5   -3   10   16    1  -12    6  -17
    2    1   49    2    1    0    0    1    1       638   -6   -2   -8    1  -15    2  -10   12  -12    5    4    9    8    8   10    6   13   10
    2    1   50    4    3    5    2    3    1      1184   12    3    1   -8    2    2   -8    1   12   11   13   -3    8    7   -7   17   -6   11
    2    1   51    1    3   68    2    3    1      1354   14  -10    9  -10    7    4  -14    1   10    6   14   -1   -2    6   -7   16    0    7
    2    1   52    5    2    7    3    2    1       548   10    0   -1   17    0   -6    4  -10  -13  -13    9   -6    9    7    4  -18   13  -15
    2    1   53    5    3    6    3    3    1      1200   13   -4    4  -10   -1   -3   -9    6   14   -1    9   -4   11   14   -7   18    3    0
    2    1   54    1    1   79    2    1    1       698   -6   -3  -15    7  -14    1   -8   13   -3   -5    3    9    3    6   11    8   19   12
    2    1   55    5    2    8    3    2    1      2761   13   -3   -7    9   -1   -8    9    0   -9   -5    4   -6   11   23    0  -12    8  -13
    2    1   56    4    3    3    2    3    1      1645   12   -5   -5   -2    8   11   -8    7   10    5   14   -3   -2    8   -5   17    6   10
    2    1   57    4    2    2    2    2    1      3388    9   -6   -3    7    1   -7    8    0  -10  -10    5   -4    8   16   -2  -11    7  -14
    2    1   58    1    1   83    2    1    1       627  -10   -4   -9   -1  -15    4   -8   10  -13    5    5   10    8    9   12    7   15    9
    2    1   59    5    1    2    3    1    1       587  -11   -4  -10    1  -14    2  -10    4  -13    7    5    8   18   12    8    2   20    2
    2    1   60    3    1    2    1    1    1       511   -6   -1   -7    1  -16    3  -11   12  -11    5    3    9    8    7   10    6   13    9
    2    1   61    5    3    3    3    3    1      1348   13   -8    0   -6    5    4  -12    9   10    3   14   -3    0    7   -7   20    6    2
    2    1   62    1    3   29    2    3    1       752   19   -9    0   -9    6    3   -9    1   12    5   12   -7   -2    1   -2   19    3    1
    2    1   63    3    3    1    1    3    1       627   11   -6    1   -7    7    3   -8    2    9    8   13   -2    2    7  -14   23    1    2
    2    1   64    3    2    3    1    2    1       788   10   -6    3   13    2   -6    9   -2  -20  -19    4   -3   10   15   -1  -11    9  -13
    2    1   65    1    3   21    2    3    1      1478   16  -11    3  -11    7    2  -11    4    9    4   14   -5    1   10   -6   17    1    3
    2    1   66    4    1    6    2    1    1       534   -7   -2  -10    1   -5   -5   -9   12  -14    6    6    9    7    6    9    7   11    9
    2    1   67    4    3    4    2    3    1       922   12   -8   -1  -10    6    3   -8    2   11    8   12    0    3    7   -6   15    3    2
    2    1   68    5    2    9    3    2    1       549    7   -6    3   14    1   -7    4    6  -11  -13    5   -5   10   14   -6   -7    7  -14
    2    1   69    5    3    2    3    3    1       655   10   -9    2  -10    3   -3  -11    4   10    8   12   -1    7   10   -5   15   -4    0
    2    1   70    1    2   10    2    3    0      2223    8   -6   -1   11   -7   -2    8    0  -12   -9   13   -1   11   17    0  -11   10  -14
    2    1   71    1    3   46    2    3    1       671   12   -7   -1   -9    8    5   -9    3   15    5    9   -3    2    5   -7   17    1    1
    2    1   72    5    3    8    3    3    1       622   13   -6   -4   -5    7    2  -11    0   12    7    9    0   11   15   -4   15    8   -8
    2    1   73    1    2   56    2    2    1      1208    9   -4   -1   11    2   -8    9    0  -11  -11    5   -4   10   16   -1   -4   10  -13
    2    1   74    2    3    0    0    3    1       770   12   -6    0   -8    7    3   -9    2   11    6   13   -2    3    8   -6   16    2    2
    2    1   75    5    2    5    3    2    1       727    5    3    3   12    0   -7    3    9  -11  -10    5   -5   18   20    2  -10   -1   -9
    2    1   76    1    1   44    2    1    1       623   -8   -4   -9    3  -17    2   -8   14   -7    5    4   10   10    6   13    9   12   12
    2    1   77    3    1    1    1    1    1       512   -6   -3   -8    1  -15    2  -11   12  -12    5    4    9    8    9   10    5   13    9
    2    1   78    3    2    1    1    2    1       687   10   -6    7   18    3   -8    9   -1  -11  -11    4   -4   11   14    0  -11    8  -15
    2    1   79    5    3    5    3    2    0      2134   11   -8    8  -16    4    3   -4   12    2    0   11   -1    7   10  -15    9    5    8
    2    1   80    3    1    3    1    1    1       803   -5   -1  -15   -8  -15    1  -10   12  -13    3    3    9    9    7   11    5   13   10
    2    1   81    1    3    8    2    3    1      1085   17  -13   -1   -8   15    5  -10    4   10    6   14   -3    3    6   -4   15    1    3
    2    1   82    5    1    6    3    1    1      1852    4    7   -3    2  -22   -8   -9   12   -7   -5    8    6   17   -2   10    5    5    0
    2    1   83    4    3    1    2    3    1       893   13   -6    6   -1   13    2  -10    4    9    8   12   -1    3    7   -7   16   -1   -1
    2    1   84    5    3    9    3    3    1       508   13   -8   -2   -9   -1    2   -9    6   11    7   12  -10    0   10   -5   15    6    2
