    1    1    1    1    1    1    1    1    1      6796   15  -14   -2   -3  -17   16    6   17   -2    6   13   -1   -8    1   -3  -13  -10    0
    1    1    2    1    2    1    1    2    1      6814   11   10  -13  -14    1  -13    4   15   -5  -10   12    0   11    5   -6   -5    3  -22
    1    1    3    1    3    1    1    3    1      4011    3    5    7    5   -3   -7   11   10    2    3  -11  -15   -3  -11   -2  -14   -1   13
    1    1    4    1    3    8    1    3    1      1431    4    4   12    6   -4   -3   10   12    2    3  -12  -16   -1  -11   -3  -14   -1   12
    1    1    5    1    1    9    1    2    0      1914   14  -13   -2   -5   -8   13   13   13   -2    5   13   -3   -7    0   -4  -13   -9   -2
    1    1    6    1    3    5    1    2    0      1722    3    4    8    3   -4   -3   10   11   -8    5  -12  -16    1  -12   -2  -15   -1   13
    1    1    7    1    2    3    1    2    1      4290   11   11  -12  -15    1  -13    4   15   -6  -10   11   -1    7    7   -7   -5   10  -13
    1    1    8    1    2    2    1    3    0      5826   10   11  -11  -15    1  -13    5   16   -6  -11   12    0    8    9   -6   -5    9  -13
    1    1    9    1    1    6    1    1    1      1654   16  -15   -2   -4   -8   12   13   16   -2    6   12  -10   -7    0   -5  -14  -10    0
    1    1   10    1    2    8    1    2    1      1328   11   10  -14  -12    1  -14    3   14   -6  -10    3    9   12    4   -7   -4    9  -14
    1    1   11    1    3    6    1    2    0      2760    3    6    7    4   -5   -3   10   10   -7   13  -13  -14    0  -11   -2  -14   -2   13
    1    1   12    1    2    6    1    2    1      1909   13    9  -12  -14    1  -13    4   16   -5  -10   10   -1   13    4   -6   -4    8  -13
    1    1   13    1    3    9    1    3    1      2566    3    6    7    4   -4   -2   10   11    2    3  -13  -16    0  -10    0  -17   -1   13
    1    1   14    1    3    4    1    3    1      1131    3    5    8    5   -4   -3    9   11    2    3  -13  -15   -2   -7   -2  -14   -5    8
    1    1   15    1    2    9    1    2    1      1178   10    9  -10  -14    1  -14    4   15   -4  -12    9   -1   12    4   -7   -4   10  -12
    1    1   16    1    2    7    1    2    1      1049   11   10  -11  -14    1  -13    4   15   -5  -10   12   -1   13    4   -7   -5    8  -12
    1    1   17    1    1    2    1    1    1      1516   16  -14   -3   -3   -9   13   12   17   -3    5   13   -3   -7    1   -4  -13   -9   -2
    1    1   18    1    3    7    1    3    1      2476    4    6    1   11   -2   -2   11   10    3    2  -14  -16   -1  -11   -2  -14   -1   13
    1    1   19    1    3    3    1    3    1      3062    4    5    8    4   -5   -2   11   11    2    4  -13  -15   -2  -10   -2  -14   -1   13
    1    1   20    1    1    3    1    1    1      1480   14  -15   -4   -4   -9   13   13   21   -3    6   13   -2   -7    1   -3  -13   -9    0
    1    1   21    1    1    7    1    1    1      1723   15  -15   -3   -3   -9   14   13   14   -2    6   12   -2   -6   -1   -4  -13   -9    0
    1    1   22    1    2    4    1    2    1      1684   10   10  -20  -22    1  -13    5   14   -6  -10   11    0   12    3   -7   -5   11  -12
    1    1   23    1    1    4    1    1    1      1805   15  -14   -3   -3   -8   14   12   12   -2    5   13   -2   -6   -1   -2  -15  -10   -1
    1    1   24    1    2    5    1    2    1      1650   12   11  -12  -14    0  -13    3   15   -6  -11   10    1   12    3   -8   -6    9  -13
    1    1   25    1    3    2    1    3    1      2558    3    5    7    4   -4   -3   11   11    3    2  -13  -16   -3  -16    7  -17   -1   13
    1    1   26    1    1    8    1    1    1       996   14  -12   -3   -2   -8   12   12   14    3   -4   13   -2   -6   -1   -4  -13   -9   -1
    1    1   27    1    1    5    1    1    1      3258   15  -14   -3   -3   -8   16   13   13   -2    5   11    0   -7    0    6   -5   -9   -1
    1    2    1    1    2   12    1    1    0      4549   11   10  -12  -14    1  -13    4   16   -8  -11   11    2    3    3   -5   -7   10  -13
    1    2    2    1    2   15    1    3    0      2379    9   12  -13  -14    1  -12    3   15   -7  -10   11    0   12    4   -6   -5    9  -13
    1    2    3    1    3   13    1    3    1      2250    9    1    7    4   -9    6    9   12    2    3  -13  -15   -2  -10   -3  -14   -1   13
    1    2    4    1    1   10    1    1    1       939   15  -14   -2   -3   -9   13    9   11   -7   -4   13   -2   -5    0   -4  -13   -9   -1
    1    2    5    1    1   14    1    1    1       659   15  -15   -2   -4   -9   14   12   14   -1    2   13   -2  -10   -4   -4  -13   -8   -2
    1    2    6    1    3   11    1    3    1      1270    3    5    6    4   -4   -3   10   11    0    4  -13  -15   -1  -11   -1  -15   -1   13
    1    2    7    1    1   18    1    1    1       768   17  -16   -4   -2  -11   18   14   12   -3    5   14   -1    0    5   -4  -12   -9   -2
    1    2    8    1    2   11    1    2    1      1199   16    5  -13  -13    2  -12    4   15   -6  -10   11    0   13    5   -7   -5   10  -14
    1    2    9    1    1   13    1    1    1       796   14  -15   -4   -2   -9   14   13   12   -2    5   13   -2   -9  -10   -4  -14   -8   -2
    1    2   10    1    2   18    1    2    1      1163   11   10  -12  -14    1  -13    4   15  -16   -1   11    1   12    5   -6   -5    9  -13
    1    2   11    1    3   18    1    3    1      1850    4    6    8    4   -2   -4   11   11    3    3  -13  -15   -1  -11   -4  -11   -3   12
    1    2   12    1    1   15    1    1    1      2573   14  -13   -3   -3  -16   11   12   13   -2    5   14   -3   -7    0   -5  -12   -9   -2
    1    2   13    1    3   10    1    3    1      2130    3    5    6    5   -4   -3    9   12    1    4  -13  -15   -1  -11    4   -9    0   13
    1    2   14    1    2   10    1    2    1      1655    6    9  -13  -14    0  -12    4   16   -7  -10   11    0   12    5   -6   -4    9  -13
    1    2   15    1    3   15    1    3    1      1571    3    5    7    4   -5   -2   10   11   -2    7  -13  -15   -1  -11   -2  -14   -1   13
    1    2   16    1    2   16    1    2    1      1424   11   11  -12  -15    0  -14    4   15    2  -17   10    0   12    3   -6   -5   13  -21
    1    2   17    1    3   17    1    3    1      1573    1   -4    7    4   -5   -2   11   11    2    3  -13  -15    0  -11   -3  -15   -1   13
    1    2   18    1    1   17    1    1    1       897   14  -15   -3   -3   -8   12   12   13   -2    5   13   -2   -8    0   -5  -13  -10   -1
    1    2   19    1    3   12    1    3    1      1770    2    5    7    5   -9  -10   10   11    1    3  -13  -15   -1  -11   -2  -14   -1   12
    1    2   20    1    2   17    1    1    0       687   15    5  -13  -15    0  -13    4   15   -6  -10   12    1   12    5    0    4   14  -23
    1    2   21    1    2   14    1    2    1      1410   11   10  -13  -15    2  -14    5   14   -6  -11   12    1   13    4   -8   -4    8  -12
    1    2   22    1    1   16    1    1    1       838   17  -18   -2   -4   -9   13   13   13   -9   -2   13   -3   -6    0   -4  -13   -5   -2
    1    2   23    1    3   16    1    3    1      1056    4    4    7    4   -2   -4    9   11    5    1  -12  -15    0  -11   -2  -14   -1   13
    1    2   24    1    2   13    1    2    1      1394   11   10  -13  -15    1  -13    5   14   -6  -10   11    2   12    4   -5   -6    9  -13
    1    2   25    1    1   12    1    1    1       775   14  -13   -4   -3   -9   13   12   13    0    3   14   -2   -7    0   -4  -12  -10    0
    1    2   26    1    3   14    1    3    1      1158    3    3    7    4   -4   -4   10   11    4    1  -13  -16   -1  -10   -3  -13   -7   20
    1    2   27    1    1   11    1    1    1      1077   15  -14    2   -7  -10   13    5    4   -2    6   13    2   -8   -1   -5  -13  -10    0
    1    3    1    1    3   19    1    3    1      2293    4    5    8    4   -3   -3    9    9    3    3  -18   -8   -1  -11   -2  -14   -1   13
    1    3    2    1    1   25    1    1    1       709   15  -14   -3   -4   -9   13   13   13   -1    9   13   -1   -7    0   -1  -12   -9   -1
    1    3    3    1    3   27    1    3    1      1127    5    5    7    4   -4   -3   10   11    3    4  -13  -15    2  -13   -3  -13   -1   13
    1    3    4    1    3   22    1    3    1      1446    4    6    7    4   -5   -2   10   12    2    3  -13  -15   -1  -12   -1  -15   -1   13
    1    3    5    1    2   25    1    2    1      1609    9    5  -12  -15    1  -13    4   14   -5  -10   11    0   12    4    3    4    9  -13
    1    3    6    1    2   27    1    3    0      2676   13   12  -11  -14    1  -13    5   15    4  -11   10    1   12    4   -5   -4   14  -10
    1    3    7    1    1   23    1    1    1      1141   16  -14   -3   -4  -10   13   13   14   -2    5    8   -6   -7    1   -4  -13   -9   -1
    1    3    8    1    3   26    1    3    1      2038    3    5    7    4   -5   -3   10   11    2    3  -13  -16    2   -7    2  -19    0   12
    1    3    9    1    3   23    1    3    1      1007    4    5    7    4   -4   -3   10   10    1    4  -13  -15   -2  -10   -2  -14   -1   12
    1    3   10    1    2   19    1    2    1       802   11   10  -12  -14    1  -13    3   16   -6  -10   11    1   11    5   -7   -5    8  -13
    1    3   11    1    3   24    1    3    1      1295    3    5    6    5   -4   -3   19   15    5   -1  -14  -14    0  -11   -2  -14    0   12
    1    3   12    1    2   26    1    2    1      1047   10   11  -11  -13    2  -15   -5    7   -1   -8   11    0   13    5   -7   -5    9  -14
    1    3   13    1    3   20    1    3    1       969    3    5    6    5   -5   -4   10   12    2    3  -13  -15    0  -10   -3  -15   -1   13
    1    3   14    1    2   20    1    3    0       766   12   11  -12  -14    1  -14    4   15   -6  -10    8    2   12    4   -7   -5    3   -6
    1    3   15    1    2   24    1    2    1       986   11   10  -21  -16    1  -13    5   16   -5  -10   11   -1   13    4   -7   -5    9  -13
    1    3   16    1    1   27    1    1    1       748   15  -14   -3   -3   -8   13   15   15   -2    4   13   -2  -13    0   -3  -13   -8   -1
    1    3   17    1    1   24    1    1    1       588   15  -14   -2   -3   -9   13   12   14   -2    5   13   -2   -6    0   -5  -12   -8   -2
    1    3   18    1    2   23    1    2    1      1057   11   10  -11  -15    0  -13    3   15   -6  -10   11    0   13    3   -7   -5    9  -13
    1    3   19    1    1   22    1    1    1       914   14  -14   -3   -3  -10   13   14   14   -2    5    8   -8   -7    1   -4  -13  -10   -1
    1    3   20    1    2   22    1    2    1       842   11   10  -11  -14    0  -13    4   16  -10  -12   15   -2   13    3   -8   -4    8  -14
    1    3   21    1    1   20    1    1    1       902   15  -14   -3   -2   -9   13   13   13   -1    5   12   -2   -7    0   -4  -12   -9   -1
    1    3   22    1    3   25    1    3    1      1008    3    5    6    4   -3   -3    9   11    2    3  -13  -15    0  -12   -2  -14   -2   13
    1    3   23    1    1   26    1    1    1       898   16  -15   -2   -1   -9   12   12   14   -1    5   12   -3   -7    0   -3  -13  -10    0
    1    3   24    1    1   21    1    1    1       809   16  -14   -4   -3  -10   14    9   14   -2    5   13   -2   -7    1   -4  -13   -9   -1
    1    3   25    1    3   21    1    3    1       917    4    4    8    4   -3   -3   10   13    2    2  -14  -15   -1  -11   -2  -13   -1   13
    1    3   26    1    1   19    1    1    1       637   15  -14   -4   -4   -8   12   10   11   -2    5   12   -2    1   10   -4  -13   -8   -2
    1    3   27    1    2   21    1    2    1      1119   11   10  -11  -15    0  -12    4   15   -9  -13   10    1   14    4   -7   -5    8  -14
    1    4    1    1    3   29    1    3    1      1501    4    6    7    4   -4   -3   11   10    2    2  -12  -16   -1  -11   -2  -14   -9   22
    1    4    2    1    3   31    1    3    1       732    5    3    8    4   -5   -4    9   11    2    3  -13  -16   -1   -8   -3  -12   -2   13
    1    4    3    1    3   35    1    3    1      4267    2    6    7    4   -5   -2   16    1    3    3  -13  -15   -1  -10   -3  -14    0   12
    1    4    4    1    2   34    1    2    1       764   11   10  -12  -13    1  -12    4   15   -4   -9   12   -1   11    5   -7   -6    9  -14
    1    4    5    1    1   32    1    1    1       650   16  -13   -3   -3   -9   13   20   13   -2    5   12   -2   -7    1   -4  -13  -10    0
    1    4    6    1    2   33    1    2    1      1692   11    9  -11  -13    1  -13    4   16   -5  -11   11   -3   12    4   -6   -4    9  -13
    1    4    7    1    1   30    1    1    1       772   17  -10   -3   -8   -9   15   13   13   -2    5   13   -1   -7    0  -11  -19   -9   -1
    1    4    8    1    1   35    1    1    1      1537   15  -12   -3   -2   -9   12   13   13   -2    5   14   -2   -7    0   -4  -13  -10   -1
    1    4    9    1    1   34    1    1    1       672   16  -14   -4   -2   -9   13   13   13   -1    4   13   -2   -6   -1   -4  -13   -9   -1
    1    4   10    1    2   31    1    2    1      2737    9    9  -11  -14    1  -13    5   14   -6   -9   11   -1   12    4   -8   -4    9  -13
    1    4   11    1    3   32    1    3    1       896    4    6    8    4   -4   -3   10   11    2    4  -14  -14    1  -10   -2  -14   -1   12
    1    4   12    1    2   30    1    2    1       920   14    8  -12  -13    2  -12    4   15   -5   -9   15    4   11    5   -7   -5   10  -14
    1    4   13    1    2   35    1    2    1      1504   11   10  -12  -13    1  -12    4   15   -7  -10   10    0   11    2   -6   -6    6  -10
    1    4   14    1    3   28    1    3    1       914    2    5    7    4   -4   -3    9   12    3    3  -10  -18   -1  -11   -2  -14    9   19
    1    4   15    1    2   28    1    2    1       954   11   10  -12  -14    1  -13    4   15   -6  -12   12   -1   12    4   -7   -5    8  -13
    1    4   16    1    3   30    1    3    1      1007    3    6    7    4   -4   -2   10   11    2    3  -13  -15   -1  -10   -1  -13    0   12
    1    4   17    1    2   36    1    2    1      1252    9    9  -10  -12    2  -14   -6   10   -6  -10   11   -1   12    2   -7   -5    9  -12
    1    4   18    1    3   33    1    3    1       732    2    6    8    4   -4  -10   10   13    3    3  -10  -13   -1  -12   -3  -13   -1   13
    1    4   19    1    2   32    1    2    1       812   12    9  -12  -14    1  -13    3   17   -6  -10   11    0   16    9   -7   -5    4   -8
    1    4   20    1    1   29    1    1    1       584   16  -14   -3   -3  -10   12   13   13   -2    5   14   -2   -7    1   -3  -14   -9   -5
    1    4   21    1    2   29    1    3    0      1580   12    9  -12  -14    0  -14    3   16   -6  -10   12    1   11    3   -7   -5    0   -6
    1    4   22    1    3   34    1    3    1       986    3    5    6    5   -4   -2   10   11    2    3  -14  -14   -1  -11   -2  -14  -10   19
    1    4   23    1    1   28    1    1    1       988   16  -14   -4   -3   -9   13   12   14   -2    5   12   -2   -8    1   -4  -13   -9   -1
    1    4   24    1    1   36    1    1    1       722   14  -13   -3   -3   -4   14   12   14    3    5   13   -3   -7    1   -3  -14   -8   -2
    1    4   25    1    1   33    1    1    1       514   14  -14   -2   -4   -9   13   12   12   -2    6   12   -2   -7    0   -4  -13   -8   -2
    1    4   26    1    3   36    1    3    1      1096    4    6   15   -1   -4   -3   12   10    3    2  -13  -15   -1  -11   -3  -13    1    8
    1    4   27    1    1   31    1    1    1       760   16  -14    4   -4  -11   22   12   13   -2    5   13   -2   -6    1   -4  -13  -10    0
    1    5    1    1    1   45    1    1    1      1062   15  -14   -2   -3  -10   14   12   14   -2    5   12   -1   -7    1   -5  -12   -9   -1
    1    5    2    1    1   37    1    1    1       649   15  -14   -3   -3  -10   14   13   13   -2    5   13   -2   -6    0   -4  -13   -5    7
    1    5    3    1    1   42    1    2    0      1020   10   -5   -3   -3   -9   14   13   13   -7    6   12   -1   -7    0   -5  -13  -14   -9
    1    5    4    1    3   37    1    3    1       974    3    5    7    5   -4   -3    9   12    2    3  -13  -14   -2  -12   -2  -15   -2   14
    1    5    5    1    1   41    1    1    1       865   15  -14   -4   -3   -8   13   12   10   -2    6   11   -2   -7    0   -3  -14   -7    4
    1    5    6    1    2   41    1    2    1       811   11   10  -12  -14    1  -13    4   15   -6  -10   11   -1    7   -3   -7   -5    9  -12
    1    5    7    1    3   39    1    3    1       697    4    5    7    4   -4   -4   11   13    1    2  -12  -16    0  -12   -2  -15    0   13
    1    5    8    1    1   44    1    1    1       694   15  -14   -3   -2  -10   14   14   13   -2    5   13   -2   -8    1   -4  -13  -10   -1
    1    5    9    1    1   40    1    2    0       838   23  -21   -3   -3   -7   11   13   13   -6    5   23    7   -7    1   -4  -13   -9   -1
    1    5   10    1    1   43    1    1    1       928   15  -14   -4   -2   -5    5   13   15   -1    5   13   -2   -7    0   -4  -14   -8   -2
    1    5   11    1    3   43    1    3    1       841    2    6    7    4   -4   -3   11   11    0    5  -13  -15   -1  -11   -1  -15   -1   13
    1    5   12    1    2   37    1    2    1       770   12    9  -12  -15    1  -13    4   15   -7   -9   10   -1   11    5   -7   -5    9  -13
    1    5   13    1    3   40    1    3    1      1009    3    5    7    3   -4   -3   10   11    2    2  -13  -15    0   -9   -2  -14   -1   13
    1    5   14    1    2   40    1    2    1       675   10    9  -13  -13    1  -11    5   16   -5   -9   12    0   12    4   -8   -6    8  -13
    1    5   15    1    2   39    1    2    1       805   11   11  -12  -14    1  -13    5   14   -4  -10   11    1   11    5   -6   -4   13   -9
    1    5   16    1    3   45    1    3    1       737    0    2    7    4   -4   -3   12    9    2    3  -13  -15    0  -13   -2  -14   -1   13
    1    5   17    1    2   42    1    2    1       654   12   11  -12  -14    0  -13    4   15   -6  -11   11    0   11    5   -7   -5    8  -12
    1    5   18    1    3   41    1    3    1       879    3    5    7    4   -4   -3   11   10    2    2  -13  -16    0  -12   -2  -14   -1   13
    1    5   19    1    3   42    1    1    0      2217    7    0    6    5   -3   -3   10   11    1    2  -13  -16    7  -19   -4  -15   -7    9
    1    5   20    1    2   43    1    2    1       621   10   11  -13  -14    2  -12    4   15   -7  -11   11    0   11    6   -7   -5    9  -13
    1    5   21    1    1   38    1    1    1       947   14  -15   -3   -3   -8   13   12   13   -3    6   12   -1   -5    0   -4  -13  -10    0
    1    5   22    1    2   38    1    2    1       810   10   11  -13  -13    0  -13    4   15   -6  -11   11    0   12    4   -8   -4    8  -12
    1    5   23    1    2   44    1    2    1       791   10    9  -14   -9    2  -13    4   14   -4  -11   12   -1   12    3   -8   -4   10  -14
    1    5   24    1    1   39    1    1    1       869   15  -14   -4   -2  -10   14   13   13   -4    6   14   -2   -2   -5    0   -8  -10   -1
    1    5   25    1    3   38    1    3    1      2881    3    5    7   -6   -4   -2    6    1    2    3  -14  -16   -1  -10   -3  -15   -1   21
    1    5   26    1    2   45    1    2    1       745    9   19  -12  -14    1  -13    4   15   -6  -10   11    0   11    5   -7   -5    9  -12
    1    5   27    1    3   44    1    3    1       793    3    5    7    5   -4   -3   10   10    1    4  -13  -14    3   -9   -2  -18    0   13
    1    6    1    1    2   48    1    2    1      2038   10   15  -12  -14    2  -12    3   15   -7  -11   11    0   12    4   -8   -4    8  -13
    1    6    2    1    3   54    1    3    1      1280    4    5    8    4   -3    6   10    9    1    4  -13  -15   -3   -9   -2  -14    0    8
    1    6    3    1    1   47    1    1    1       760   13  -15   -3   -4   -9   13   15   13   -2    4   12   -3   -7    0   -5  -12   -9   -1
    1    6    4    1    2   52    1    2    1       822   11   10  -12  -14    1  -13    4   15   -6  -10   11   -1   11    5   -7   -5   10  -13
    1    6    5    1    1   53    1    1    1       722   15  -14   -3   -5   -8   12   13   12   -3    6   13   -2   -6    0   -4  -13   -8   -2
    1    6    6    1    1   52    1    1    1       657   15  -15   -3   -3   -9   13   13   13   -2    5   14   -2   -7    0   -2  -11   -9   -2
    1    6    7    1    3   46    1    3    1       993    3    5    6    5   -5   -4   10   10    1    4  -14  -14    1  -13   -2  -14   -1   13
    1    6    8    1    2   51    1    2    1       789   10    9  -11  -14    0  -11    5   15   -7  -11   11    0    8   -1   -7   -5    9  -12
    1    6    9    1    3   49    1    3    1      1266    3    5    7    4   -4   -2   10   11    2    2  -15  -14   -1  -18    1  -20   -1   13
    1    6   10    1    1   54    1    1    1      2522   14  -14   -3   -3   -8   13   13   13   -2    6   14   -3   -7    0   -4  -13   -9   -1
    1    6   11    1    2   46    1    2    1      1906   12    9  -11  -14    5  -17    4   15   -6  -10   11    0   12    4   -3   -4    9  -13
    1    6   12    1    3   47    1    3    1       817    3    5    5   -5   -4   -4    8    9   10    6  -12  -15   -1  -11   -1  -15    1   11
    1    6   13    1    3   53    1    3    1       732    3    5    7    4   -4   -4   14   15    2    2  -13  -13    0  -11   -1  -15   -1   13
    1    6   14    1    1   49    1    1    1       840   15  -14  -12    2   -9   12   12   13    3   13   12   -1   -7    0   -4  -13  -10   -2
    1    6   15    1    2   47    1    2    1       658   11   11  -12  -14    2  -13    5   15   -6  -10   11    0   13    4   -6   -4    9  -13
    1    6   16    1    2   50    1    2    1       499   10    9  -13  -13    1  -13    4   15   -5  -11   10   -1   13    6   -7   -4    8  -13
    1    6   17    1    3   52    1    3    1       668    4    5    7    3   -5   -3   10   11    6    1  -14  -15   -1  -11   -2  -14   -1   13
    1    6   18    1    3   50    1    3    1       526    4    5    7    5   -4   -3   10   10    2    1  -13  -15   -1  -11   -1  -15   -1   13
    1    6   19    1    1   51    1    1    1       690   14  -15   -3   -4  -10   18   13   13   -2    5   12   -3   -6    0   -5  -14   -9   -1
    1    6   20    1    1   50    1    1    1      1796   16  -16    6    2   -8   13   13   14   -2    5   13   -2   -5    0   -4  -13   -9   -1
    1    6   21    1    2   53    1    2    1       602   11   10  -13  -16    1  -13    5   16   -6  -10   11    0   12    4   -8   -6    9  -13
    1    6   22    1    2   54    1    2    1       590   11   10  -11  -14    1  -13    5   15   -7   -9   11    0   13    5   -7   -4   10  -13
    1    6   23    1    1   48    1    1    1       643   14  -13   -3   -3   -8   13   12   17   -3    6   13   -1   -7    0   -7  -14   -9   -1
    1    6   24    1    3   51    1    3    1       982    3    5    7    3    6    6   10   10    1    2  -13  -15   -2  -11   -2  -14   -2   13
    1    6   25    1    3   48    1    3    1       780    3    5    8    3   -4   -3   11   11    2    3  -13  -15   -1  -11   -1  -14  -11   11
    1    6   26    1    1   46    1    1    1       843   15  -14   -2   -4   -9   13   13   13   -2    5   13   -2   -6   -1   -3  -12   -9   -1
    1    6   27    1    2   49    1    2    1       823   11   10  -11  -15    3  -12    4   16   -5   -9   10    1   13    3  -12   -8    8  -14
    1    7    1    1    3   60    1    3    1      1154    4    5    7    5   -5   -3   10   11    2    2  -13  -15   -1  -11    2  -12    0   14
    1    7    2    1    2   59    1    2    1       942   11    9  -12  -15    1  -10    4   15   -6  -10   16    3   12    4   -7   -5    8  -13
    1    7    3    1    3   59    1    3    1       661    3    5    7    3   -3   -2   18   10    1   -2  -14  -16   -1  -11  -10  -19   -1   12
    1    7    4    1    3   63    1    3    1       632    3    7    7    4   -5    0   11   12    2    3  -13  -15   -6  -16   -3  -15   -1   12
    1    7    5    1    1   55    1    1    1       700   14  -14   -4   -3  -10   12   12   14   -2    6    8    3   -6    0   -5  -14  -10    0
    1    7    6    1    1   56    1    1    1       556   15  -14   -3   -3   -9   12   13   13   -3    5   13   -1   -6    0   -5  -13   -9   -1
    1    7    7    1    2   57    1    2    1       723   11   10  -11  -14    1  -14    4   15   -6  -10   11    0   12    4   -8   -4    4  -13
    1    7    8    1    3   56    1    3    1       660    3    5   13    3   -5   -2   10   11    2    1   -9  -13   -1  -11    5   -4   -2   13
    1    7    9    1    1   58    1    1    1       647   15  -14   -2   -8   -6   14   13   13   -2    5   13   -2   -8    1   -5  -13  -10   -4
    1    7   10    1    1   59    1    1    1      1226   24  -13   -3   -3   -8   10   12   13   -2    6   18   -3    1    3   -3  -13   -9   -1
    1    7   11    1    3   58    1    3    1       678    3    5    7    4   -4   -3    9    9    2    3  -13  -16    0  -11   -2  -14    0   12
    1    7   12    1    2   56    1    2    1       536   11   11  -13  -14    2  -23    3   16   -7  -11   11    0   12    4   -7   -5   13  -17
    1    7   13    1    3   57    1    3    1       929    3    5    6    3   -3   -3    9   11    3    2  -14  -16   -2  -10   -3  -15   -1   13
    1    7   14    1    3   62    1    3    1       554    3    6   14    6   -4   -2    9   12    3    2  -14  -15    0  -11   -2  -14   -1   12
    1    7   15    1    1   62    1    1    1       817   16  -13   -3   -3   -9   13   14   13   -1    5   13   -2   -7    0   -4  -12   -9   -2
    1    7   16    1    2   58    1    2    1       941   10   10  -12  -14    1  -13    4   15   -6  -10   12    1   12    4   -6   -4    9  -13
    1    7   17    1    1   61    1    1    1      1267   15  -14   -3   -3  -10   12    7   15   -3    5   21   -2   -8    0   -4  -13   -6   -6
    1    7   18    1    1   60    1    1    1      1069   15  -14   -3   -3   -9   13   12   14   -4    3   13   -2   -6   -1   -4  -13   -9   -1
    1    7   19    1    2   61    1    2    1       944   10    9  -11  -14    1  -13    6   14   -7  -11   10    1    6   -6   -7   -5    8  -14
    1    7   20    1    2   62    1    2    1       616   11   11  -11  -14    1  -13    4   15   -6  -10   11    0   12    4   -7   -5    8  -12
    1    7   21    1    3   55    1    3    1       924    4    5    7    4   -5   -2   10   11    2    3  -13  -15   -1  -11   -1  -14   -2   14
    1    7   22    1    3   61    1    3    1      2436    3    6    0    9   -4   -2   10   11    2    3  -13  -16   -1  -12   -3  -13   -4   18
    1    7   23    1    2   63    1    2    1       865    6   15  -12  -14    2  -15    3   14   -7  -10   12    0   12    4  -12    0   14  -17
    1    7   24    1    2   55    1    2    1      1066   11    9  -10  -14    1  -13    4   15   -6   -9   11   -4   20   11   -7   -5   10  -14
    1    7   25    1    1   63    1    1    1      1323   14  -13  -10  -10  -10   14   12   13   -2    5   12   -2  -10    4   -5  -11  -12   -4
    1    7   26    1    1   57    1    1    1       580   12  -13   -3   -3   -9   13   13   13   -3    7   14   -3   -7    0   -3  -14   -9   -1
    1    7   27    1    2   60    1    2    1       650   11   10  -13  -13    1  -13    4   16   -6   -9   11    0   12    4   -6   -4    9  -13
    1    8    1    1    1   64    1    1    1      1804   14  -14   -1   -5   -9   13    4   17   -3    7   13   -3   -6    2   -4  -13   -9   -1
    1    8    2    1    3   68    1    3    1      1519    5    4    8    3   -4   -4   11    9    2    3  -14  -16   -3  -11   -2  -14   -1   12
    1    8    3    1    3   66    1    3    1       575    3    5    7    6   -4   -3   10   11    2    3   -9  -11   -1  -11   -2  -14   -1   13
    1    8    4    1    1   69    1    1    1       709   11  -17  -10    2   -9   14   14   12   -1    4   12   -2   -7    0   -4  -15   -9   -1
    1    8    5    1    3   65    1    3    1       949    5    3    7    5   -2    1    8   12    1    3  -13  -15   -1  -11   -2  -14    4   10
    1    8    6    1    2   67    1    2    1       704   11    9  -12  -14    3  -13    4   15   -7  -10   11    0   11    5   -3   -3    9  -13
    1    8    7    1    3   67    1    3    1       610    4    4    7    5   -4   -5   10   11    1    3  -13  -15   -1  -11   -2  -14   -1   12
    1    8    8    1    1   70    1    1    1       759   14  -15   -4   -2  -10   14   14   12   -2    4   10   -2   -9   -9   -4  -13   -8   -2
    1    8    9    1    3   70    1    3    1      1350    4    5    8    5   -2    2   10   10    3    2  -13  -15   -1  -10    2  -17   -1   12
    1    8   10    1    2   65    1    2    1       523    9   11  -11  -15    1  -13    4   13   -6  -10   11    0   12    5    1  -10    8  -11
    1    8   11    1    3   71    1    3    1      1268    3    5    6    2   -3   -2    9   11   -1    7  -13  -15   -8  -13   -1  -15   -1   14
    1    8   12    1    2   71    1    2    1       687   11    9  -12  -14    0  -13    4   15   -5   -9   11    0   13    4   -7   -5    9  -13
    1    8   13    1    2   68    1    2    1       495   11   11  -12  -14    1  -13    4   15   -6   -9   11    0   12    4   -9  -12    9  -13
    1    8   14    1    2   70    1    2    1       504   11   10  -13  -14    0  -13    4   14   -9   -6   10    0   12    4   -7   -4    9  -14
    1    8   15    1    1   71    1    1    1       832   14  -15   -3   -4   -8   12   14   13   -2    6   15   -1    3   -6   -5  -13   -9   -1
    1    8   16    1    2   72    1    2    1       716    1    7  -12  -14    0  -18    4   15   -6  -10   11    0   12    4   -7   -5    9  -13
    1    8   17    1    1   65    1    1    1       764   15  -13   -2   -3  -11   12   13   13   -3    4   13   -3   -6   -1   -4  -13   -9    0
    1    8   18    1    1   68    1    1    1       634   15  -15   -1   -4   -9   14   12   13   -1    3   13   -2   -7    0   -3  -14  -10    0
    1    8   19    1    1   67    1    1    1       541   16  -15   -4   -3   -9   13   13   13   -1    4   13   -3   -7    1   -3  -14   -9    0
    1    8   20    1    2   69    1    2    1       948   12   10  -13  -15    2  -14    4   14   -5  -11   11    0   10    6   -6   -5    9  -14
    1    8   21    1    1   66    1    1    1       762   14  -13   -2   -4   -9   12   15   11    3    2   14   -4   -5    1   -4  -12  -10    0
    1    8   22    1    3   72    1    3    1       743    3    6    8    4   -3   -3   10   11    2    3  -13  -15   -1  -11   -2  -13   -1   14
    1    8   23    1    2   66    1    2    1       536   12   11  -13  -13    0  -12    4   15   -8  -12   12    1   13    3   -7   -4   10  -12
    1    8   24    1    3   64    1    3    1       642    3    5    6    4   -3   -3    9   10    2    3  -13  -15   -1  -12   -2  -15    0   13
    1    8   25    1    3   69    1    3    1       630    3    5    7    3   -3   -4    9   12    2    2  -13  -15   -1  -11   -1  -15   -1   13
    1    8   26    1    2   64    1    2    1       588   11    9  -11  -14    1  -13    4   15   -5  -10   12    0   11    4   -7   -5   10  -13
    1    8   27    1    1   72    1    1    1       417   12  -19   -2   -4   -9   13   13   13   -2    5   15   -2   -7    1   -5  -14   -4   -3
    1    9    1    1    3   74    1    3    1      1007    2    5    6    4   -4   -3   10   12    3   -2  -12  -16    0  -11   -2  -13   -1   13
    1    9    2    1    2   75    1    2    1      1028   11   10  -12  -14    3  -11    4   15   -6  -10   11    1   11    5   -6   -6    9  -13
    1    9    3    1    2   79    1    2    1       617   11   10  -11  -14    2  -13    4   15   -5   -9   10    1   13    2   -8   -6    9  -12
    1    9    4    1    3   78    1    3    1       718    4    4    7    4   -4   -3   11   16    2    3  -13  -14    0  -13   -3  -15   -1   13
    1    9    5    1    1   77    1    1    1       688   14  -14   -4   -2  -10   12   13   13   -3    7   12   -1   -8    1   -5  -13   -9   -1
    1    9    6    1    1   78    1    1    1       594   16  -13   -2   -4  -10   14   13   13   -1    6   13   -2   -7    0   -7  -13  -10    4
    1    9    7    1    1   76    1    1    1       648   15  -14   -4   -3   -9   13   13   13   -2    5   11   -3   -6    1   -4  -13   -9   -1
    1    9    8    1    1   80    1    1    1      1005   14  -14   -3   -2   -8   13   13   12   -2    5   13   -1   -7    0   -4  -13   -9   -1
    1    9    9    1    3   75    1    3    1       769    4    4    7    5   -3   -2   10   11    2    2  -12  -14   -1  -11   -2  -14   -1   13
    1    9   10    1    2   78    1    2    1       464   12   10  -12  -13    1  -13    4   14   -6  -10   12    0   11    4   -6   -6    9  -12
    1    9   11    1    1   81    1    1    1       605   15  -15   -4   -4   -8   12   10   22   -5    8   12   -3   -6    0  -11  -22   -9   -1
    1    9   12    1    2   73    1    3    0       657   10   10  -12  -14    0  -13    3   15   -6  -10   11    0   12    4   -7   -5    9  -13
    1    9   13    1    2   77    1    2    1      1286   10   10  -13  -14   -3  -11    4   15    3  -19   11    0   12    5   -2   -1    8  -13
    1    9   14    1    1   79    1    1    1       878   16  -14   -2   -3   -9   13   15    5   -2    5   13   -2   -8    0   -5  -12   -9   -2
    1    9   15    1    3   81    1    3    1       665    3    5    7    4    0    1   10   10    1    3  -13  -14    0  -11   -2  -14   -1   14
    1    9   16    1    2   80    1    2    1       605   11   10  -12  -14    1  -13    4   15   -5  -11   12   -1   12    3   -6   -5    9  -13
    1    9   17    1    1   74    1    1    1       578   15  -14   -2   -4   -9   13   13   12   -2    6   13   -1   -6    1   -3  -14   -8   -2
    1    9   18    1    2   81    1    2    1       824   11   10  -12  -15    1  -12    5   14   -7   -9   11    0   10    4   -7   -5   17  -17
    1    9   19    1    1   73    1    1    1       758   15  -14   -3   -3   -8   12   13   13   -2    5   13   -2   -8    1   -5  -12   -9   -1
    1    9   20    1    1   75    1    1    1       677   15  -13   -3   -3   -9   13   12   14   -2    4   12   -2   -7    0   -4  -13   -9   -1
    1    9   21    1    3   76    1    3    1      2023    4    5    7    1   -4   -3    9   13    1    3  -23   -8    0  -11   -2  -13   -2   14
    1    9   22    1    2   76    1    2    1       723   10   10  -13  -14    1  -13    4   14   -5   -9    9    4   16   11   -6   -4   10  -14
    1    9   23    1    3   77    1    3    1      1043    3    5    6    4   -4   -3   10   11    2    3  -12  -15   -1  -11   -1  -14   -1   13
    1    9   24    1    3   79    1    3    1       662    3    5    7    4   -5   -2   10   11    2    3  -13  -14   -1  -10   -2  -14    0   12
    1    9   25    1    2   74    1    2    1       682   11    9  -13  -14    1  -13    4   15   -6  -10   11    0   12    5   -8   -6    9  -12
    1    9   26    1    3   80    1    3    1      1100    4    4    7    4   -4   -3   10   12    2    3  -16  -10    0  -11   -1  -13   -2   12
    1    9   27    1    3   73    1    3    1       636    3    5    5    6   -4   -3   10   11    3    2  -12  -16   -1  -12   -3  -15    0   12
    1   10    1    1    1   90    1    1    1      1467   14  -13   -2   -4   -9   13   16   11   -2    5   13   -2   -7    0   -4  -12   -9   -1
    1   10    2    1    3   86    1    3    1       637    2    6    7    5   -4   -3    9   11    2    3  -12  -17   -1  -12   -2  -14   -1   13
    1   10    3    1    2   86    1    2    1       641   11   10  -12  -14    1  -13    4   15   -6  -10    6   -2   12    4   -7   -6   10  -13
    1   10    4    1    1   85    1    1    1       660   16  -14   -3   -4   -8   12   13   13   -3    6   13   -2   -7    1   -4  -14  -10   -1
    1   10    5    1    1   88    1    1    1       662   15  -13   -4   -4   -9   13   13   13   -2    5   13   -2   -7    1   -4  -14   -9   -1
    1   10    6    1    3   85    1    3    1      1177    3    5    8    3   -5   -3   10   11    1    4  -13  -15   -1  -11   -1  -14   -1   14
    1   10    7    1    3   88    1    3    1       580    4    4    7    2   -4   -3   10   11    2    3  -12  -15   -1  -11   -2  -14   -1   13
    1   10    8    1    3   87    1    3    1       568    4    4    7    5   -4   -3   12   11    1    2  -14  -14   -1  -11   -3  -13   -1   12
    1   10    9    1    2   84    1    2    1       685   11   10  -11  -14    2  -13    5   14   -3    0   11    1   11    5   -7   -6   10  -12
    1   10   10    1    1   89    1    1    1       685   15  -15   -4   -2   -9   13   13   13   -2    5   13   -2   -7    0   -5  -14   -9   -1
    1   10   11    1    3   83    1    3    1       910    3    5    7    4   -4   -3   12   13    1    4  -11  -15   -1  -12   -2  -14   -1   13
    1   10   12    1    1   83    1    1    1       758   15  -15   -2   -3  -10   14   14   13   -2    6   12   -4   -7    1   -4  -14   -9   -1
    1   10   13    1    1   84    1    1    1       770   15  -14   -3   -3   -8   14   12   12   -1    4   13   -2   -8    0   -5  -13  -18   -6
    1   10   14    1    2   90    1    2    1       623   11    9  -12  -14    0  -13    5   16   -5  -10   10    0   12    4   -7   -5   10  -14
    1   10   15    1    3   84    1    3    1       900    4    5    8    3   -3   -4   11   10    3    3  -19  -10   -1  -10   -1  -15   -1   13
    1   10   16    1    2   83    1    2    1       557   10   11  -12  -14    2  -13    4   16   -5  -11   11    0   13    2   -7   -5    8  -13
    1   10   17    1    3   90    1    3    1       677    3    5    7    3   -3   -2    9   10    1    4  -13  -15   -1  -11   -3  -12    0    7
    1   10   18    1    3   89    1    3    1       518    4    6    6    4   -5   -3    9   12    2    3  -14  -14   -1  -11   -2  -14   -1   13
    1   10   19    1    2   89    1    2    1       558   11   10  -13  -13    0  -13    6   13   -6  -10   10   -4   12    5   -8   -4    9  -15
    1   10   20    1    1   86    1    1    1       676   18  -19   -3   -3   -9   18   13   13    2    4   13   -2   -7    0   -4  -13  -14   -3
    1   10   21    1    2   82    1    2    1       550   11   10  -12  -14    1  -13    4   14   -6   -9   12   -1   12    4   -8   -6    9  -13
    1   10   22    1    1   82    1    1    1       668   13  -12   -3   -3  -10   12   13   12   -3    5   13   -2   -8    1   -4  -12   -9   -1
    1   10   23    1    3   82    1    3    1       510    3    5    6    5   -3   -3   10   11    1    4  -13  -15   -1  -11   -2  -14    1   13
    1   10   24    1    2   87    1    2    1       646   12    9  -13  -15    1  -13    4   15   -6  -10   10    1   13    3   -7   -5    9  -13
    1   10   25    1    2   85    1    2    1       585   12   11  -13  -15    2  -13    8   10   -7  -10   12   -1   13    5   -7   -3    9  -13
    1   10   26    1    2   88    1    2    1       638   10   10  -13  -15    1  -13    5   15  -10  -16   10   -1   12    3   -7   -4   10  -13
    1   10   27    1    1   87    1    1    1       624   15  -14   -3   -3   -7   14   12   14   -4    7   15   -4   -6    0   -4  -11  -11   -3
    2    1    1    3    2    3    1    2    1      1150   11   10  -12  -15    1  -13    4   14   -7   -9   10   -1   11    4   -7   -5    9  -13
    2    1    2    3    1    1    1    1    1       763   14  -14   -3   -3   -9   13   13   14   -2    5   13   -2   -7    1   -4  -13   -6    3
    2    1    3    4    3    3    2    3    1       603    3    4    8    2   -4   -2   10   10    1    3  -12  -15    1  -11   -4  -14   -6    9
    2    1    4    1    1    5    1    1    1       783   15  -14   -3   -3   -8   16   13   13   -2    5   11    0   -7    0    6   -5   -9   -1
    2    1    5    5    1    3    3    1    1       749   15   -8   -4   -2   -8   15   11   15   -2   11   12   -1    2    8  -12  -17   -8    0
    2    1    6    4    2    2    2    2    1       699   10   11  -10  -14   -4  -14    3   15   -4   -8   11    1   12    5   -7   -4    9  -11
    2    1    7    1    1   16    1    1    1       717   17  -18   -2   -4   -9   13   13   13   -9   -2   13   -3   -6    0   -4  -13   -5   -2
    2    1    8    1    3   23    1    3    1       845    4    5    7    4   -4   -3   10   10    1    4  -13  -15   -2  -10   -2  -14   -1   12
    2    1    9    4    1    5    2    1    1      1113   16  -15   -4   -4   -9   15   12   13    5    6   16   -6   -8    1   -5  -13   -8   -2
    2    1   10    5    3    2    3    2    0      8027   -1    2   17   -1    5   -9   19   10    1    3  -14  -14    0  -13    3  -16  -10   19
    2    1   11    1    1   31    1    1    1      1081   16  -14    4   -4  -11   22   12   13   -2    5   13   -2   -6    1   -4  -13  -10    0
    2    1   12    4    1    1    2    1    1      3467   16  -13   -5   -2  -18    8    4   13   -1    5   14   -4   -2    7   -5  -12   -7    0
    2    1   13    4    3    5    2    3    1      3356    1    3    4   13    6   -1   12   12    2    1   -9   -7    4  -13   -3  -13   -2   15
    2    1   14    1    3   45    1    3    1      1011    0    2    7    4   -4   -3   12    9    2    3  -13  -15    0  -13   -2  -14   -1   13
    2    1   15    5    3    4    3    3    1      2293    9   14    6    4   -9    1    4    1   -3    2  -12  -16    3   -4    3   -7    6   18
    2    1   16    1    1   46    1    1    1       871   15  -14   -2   -4   -9   13   13   13   -2    5   13   -2   -6   -1   -3  -12   -9   -1
    2    1   17    5    1    2    3    1    1      2513   20  -17   -3   -5   -9   17   13   12   -7   10   21   -5   -9    1   -1  -10   -8   -2
    2    1   18    4    2    6    2    2    1       922   10    8  -14  -23    2  -15    3   16   -8   -9   13    1   14    6   -6   -4    8  -13
    2    1   19    5    2    3    3    2    1       579   14   15   -7  -13   -4   -7    5   15   -7  -10   15   -6   13    4   -7   -4    8  -13
    2    1   20    4    1    3    2    1    1      1272   14  -14   -2   -1  -14    9   14   12   -1    5   15   -3   -9    1   -3  -13   -7    0
    2    1   21    5    3    7    3    2    0      5137    5    1    7    3    1  -13   11   11   12    8  -15  -15   -5  -12    5  -22   -8    4
    2    1   22    3    2    1    1    2    1       768   11   10  -11  -14    1  -13    4   15   -5  -10   10   -1   12    4   -6   -5    8  -12
    2    1   23    1    3   57    1    3    1       942    3    5    6    3   -3   -3    9   11    3    2  -14  -16   -2  -10   -3  -15   -1   13
    2    1   24    4    3    6    2    3    1       806    6    6    3    7    2   -9    9   13    0    1  -12  -13   -2  -11    3  -12   -2   15
    2    1   25    4    1    4    2    1    1       788   16  -12   -3   -2   -9   12   12   11   -4    6   14   -4   -4    3   -4  -14  -10   -3
    2    1   26    4    1    6    2    1    1       802   20  -14   -1   -5  -19   23   21   21   -2    6   13   -1   -9    2   -4  -14  -12    7
    2    1   27    3    3    1    1    3    1      1567    4    5    8    3   -5   -4    3   12    3    3  -13  -14    0  -11   -3  -15   -1   14
    2    1   28    4    2    4    2    2    1       767    9    9  -13  -14    1  -12    3   14   -7   -8   10    2    6   13   -6   -4    8  -12
    2    1   29    2    1    0    0    1    1       622   15  -14   -3   -3   -9   13   13   13   -2    5   13   -2   -7    0   -4  -13   -9   -1
    2    1   30    5    1    4    3    1    1      1378   16  -16  -13    6  -14   17   12   19   -1   -3   22    7  -11    1   -8  -20  -15    8
    2    1   31    1    2   70    1    2    1       745   11   10  -13  -14    0  -13    4   14   -9   -6   10    0   12    4   -7   -4    9  -14
    2    1   32    1    3   80    1    3    1       889    4    4    7    4   -4   -3   10   12    2    3  -16  -10    0  -11   -1  -13   -2   12
    2    1   33    5    2    9    3    2    1      1954   12   11   -4   -6    3  -11    2   13   -8  -10   10    0   17   10   -7   -2    8  -13
    2    1   34    5    1    8    3    1    1      1346   14  -15    3   -8  -11   15   18    6   -3    5   14   -1   -7   -1    1  -11  -10    0
    2    1   35    1    3   87    1    3    1       778    4    4    7    5   -4   -3   12   11    1    2  -14  -14   -1  -11   -3  -13   -1   12
    2    1   36    1    2    8    1    2    1       871   11   10  -14  -12    1  -14    3   14   -6  -10    3    9   12    4   -7   -4    9  -14
    2    1   37    1    1   11    1    1    1      1136   15  -14    2   -7  -10   13    5    4   -2    6   13    2   -8   -1   -5  -13  -10    0
    2    1   38    3    3    3    1    3    1       688    4    5    8    3   -4   -3   10   11    2    4  -13  -14    0  -12   -3  -14    0   14
    2    1   39    5    1    5    3    1    1      1922   15  -15    2    0   -7   14   11   22    0    4   12  -12   -5    1   -5   -9  -10    0
    2    1   40    4    3    1    2    3    1      1202    4    5    8    3   -2   -2    8   13    1    3  -12  -14    3   -8   -2  -16   -2   14
    2    1   41    1    2   27    1    2    1      1070   13   12  -11  -14    1  -13    5   15    4  -11   10    1   12    4   -5   -4   14  -10
    2    1   42    4    1    2    2    1    1       655    8  -13   -4   -2   -9   14   12   12   -4    7   11   -3   -6   -1   -3  -12   -8   -3
    2    1   43    5    2    6    3    3    0       738    7    0  -22  -16   -3  -12   11   10   -6   -9   13   -3   13    3   -8   -4    1   -7
    2    1   44    1    3   31    1    3    1      1842    5    3    8    4   -5   -4    9   11    2    3  -13  -16   -1   -8   -3  -12   -2   13
    2    1   45    4    2    1    2    2    1       662   12    9  -11  -14    2  -13    2   16   -7  -10   13   -1   13   -4   -7   -4   11  -15
    2    1   46    5    1    6    3    2    0      1401   15  -17   -3   -2   -7   11   13   15   -6    7   14    6   -6    2  -14   -3   -8    0
    2    1   47    5    2    7    3    1    0       863   14    5  -19  -12   -3  -19   12   19   -7  -10    4   -4    9    9   -2    0   13  -15
    2    1   48    1    1   44    1    1    1       826   15  -14   -3   -2  -10   14   14   13   -2    5   13   -2   -8    1   -4  -13  -10   -1
    2    1   49    5    3    5    3    3    1      1160    6    5    2    6    6    0   11   10    4    1  -17  -20   -2  -11   -3  -19    0   12
    2    1   50    3    2    2    1    2    1       693   12   11  -13  -14    1  -14    4   15   -6  -10   10    1   12    4  -16  -11   10  -14
    2    1   51    1    3   46    1    3    1       871    3    5    6    5   -5   -4   10   10    1    4  -14  -14    1  -13   -2  -14   -1   13
    2    1   52    5    3    8    3    3    1      1760    2    3    9    7   -5   -2   13   16    4   -2  -16   -5    4  -13   -1  -18   -7    7
    2    1   53    2    2    0    0    2    1       583   11   10  -12  -14    1  -13    4   15   -6  -10   11    0   12    4   -7   -5    9  -13
    2    1   54    1    2   55    1    2    1      2316   11    9  -10  -14    1  -13    4   15   -6   -9   11   -4   20   11   -7   -5   10  -14
    2    1   55    1    1   66    1    1    1       701   14  -13   -2   -4   -9   12   15   11    3    2   14   -4   -5    1   -4  -12  -10    0
    2    1   56    4    3    4    2    3    1       654    4    5    9    2   -3   -2    8   12    1    3  -11  -15   -1  -12    3  -10   -3    7
    2    1   57    3    1    2    1    1    1       607   14  -14  -12   -2   -9   14   13   13   -3    5   13   -1   -7    1   -5  -12   -8   -1
    2    1   58    3    1    3    1    1    1      1474   14  -14   -3   -2   -9   12   13   13   -2    5    3    1   -7    0   -4  -13   -9   -1
    2    1   59    1    2   76    1    2    1       868   10   10  -13  -14    1  -13    4   14   -5   -9    9    4   16   11   -6   -4   10  -14
    2    1   60    1    3   83    1    3    1       782    3    5    7    4   -4   -3   12   13    1    4  -11  -15   -1  -12   -2  -14   -1   13
    2    1   61    4    2    3    2    2    1       827   13   12  -10  -15    3  -12    4   14   -4  -11   12   -6   12    5   -5   -4   11  -15
    2    1   62    5    1    7    3    1    1      1142   12   -9   -4   -2  -16    5   13   23   -1    6   13  -11   -8   -5   -4  -14   -8    0
    2    1   63    1    2   59    1    2    1       644   11    9  -12  -15    1  -10    4   15   -6  -10   16    3   12    4   -7   -5    8  -13
    2    1   64    4    2    5    2    2    1      1574   11    8  -10  -15   -1  -14    2   17   -5   -8   21    3   12    2   -4   -5    7  -14
    2    1   65    2    3    0    0    3    1       674    3    5    7    4   -4   -3   10   11    2    3  -13  -15   -1  -11   -2  -14   -1   13
    2    1   66    5    2    2    3    2    1      3027    6   15  -11  -16    1  -11    9   17  -15  -13   21   -1   14    6   -6   -5   14   -3
    2    1   67    1    3   43    1    3    1       729    2    6    7    4   -4   -3   11   11    0    5  -13  -15   -1  -11   -1  -15   -1   13
    2    1   68    1    1   72    1    1    1      1018   12  -19   -2   -4   -9   13   13   13   -2    5   15   -2   -7    1   -5  -14   -4   -3
    2    1   69    5    1    9    3    2    0      4126   13   -5    7   -6   -3   23   10   16   -1    3   15   -3   -5    3   -9  -16  -10    0
    2    1   70    5    2    4    3    3    0      4070   11   11  -21  -22    2  -13    3   17   -5  -10   13    1   14    4    1    3   11  -16
    2    1   71    5    2    8    3    1    0      2477   16    9  -11  -15    1  -10   -6   22  -10   -2   10    4   13    3   -6   -6    9  -18
    2    1   72    3    3    2    1    3    1       807    2    6    8    5   -4   -3    9   13    2    3  -13  -15    0  -12   -2  -15   -1   13
    2    1   73    1    1   78    1    1    1       786   16  -13   -2   -4  -10   14   13   13   -1    6   13   -2   -7    0   -7  -13  -10    4
    2    1   74    5    1    1    3    1    1       847   16  -15   -2    7   -8   15   18   13   -1    5   16    2  -13    8   -3  -10   -9   -2
    2    1   75    5    2    1    3    3    0       810   10    9   -8  -16   -1  -14    8   24   -9  -11   12    1    8    2    3    1    8  -12
    2    1   76    1    2   48    1    2    1       725   10   15  -12  -14    2  -12    3   15   -7  -11   11    0   12    4   -8   -4    8  -13
    2    1   77    5    3    1    3    3    1       707    1    5    9    3   -9   -2   19    5    8    7  -13  -21   -2  -11  -12  -23    3   18
    2    1   78    5    2    5    3    2    1      1233    9    8   -8  -17   -7   -4    6   18  -13   -7   10    0   13    4   -8   -7   14  -16
    2    1   79    1    2   87    1    2    1       555   12    9  -13  -15    1  -13    4   15   -6  -10   10    1   13    3   -7   -5    9  -13
    2    1   80    4    3    2    2    2    0      3712    1    7    9    1  -14    3   12   12    3    2  -15  -16    1  -11   -2  -13   -2   12
    2    1   81    5    3    6    3    3    1      1546    2    7   10   -5   -1  -11    4   20    4    5  -14  -10    0   -3    3  -14   -3   11
    2    1   82    5    3    9    3    3    1      2166    5    5    8    4   -5   -2   12    5    4    2  -22  -19    0  -10   -2  -12   -8    4
    2    1   83    1    2   11    1    2    1       764   16    5  -13  -13    2  -12    4   15   -6  -10   11    0   13    5   -7   -5   10  -14
    2    1   84    5    3    3    3    3    1       696   11    5    7    6   -3   -4   13   14    1    3  -14  -15    0   -9   -6  -12    0   12
