    1    1    1    1    3    5    1    2    0     18362   -6   -4   -3   -6   13   -8  -13   -2   -4    7   -5    2   -7   15  -13  -12    0    8
    1    1    2    1    3    4    1    3    1      3642   -5   -4   -3   -6   13   -8  -13   -2   -3    6   -6    3   -7   15  -14  -12    2    4
    1    1    3    1    1    9    1    1    1     14274   -2    1   15   15   10   -4   15  -13   -5  -10  -13    4   11  -12   -7    2  -11   -5
    1    1    4    1    1    8    1    1    1      2256   -2   -2   16   14   12   -3   15  -13   -7   -9  -14    5   12  -13  -10    1  -13   -6
    1    1    5    1    1    2    1    1    1      4429   -1   -2   16   14   11   -4   15  -13   -5  -11  -12    3   13  -12   -8    2  -13   -5
    1    1    6    1    1    4    1    2    0      4132   -3   -2   17   14   11   -4   16  -19   -6  -10  -14    5   12  -12   -7    2  -12   -2
    1    1    7    1    3    7    1    3    1      1913    4   -8   -3   -5   13   -9  -14   -2   -3    7   -5    2   -6   15  -15  -11    2    3
    1    1    8    1    1    1    1    1    1     17363   -2   -2   17   15   10   -4   15  -13   -6  -10  -13    5   12  -13   -8    2  -12   -4
    1    1    9    1    2    8    1    2    1     10790    1    1    8    1   -8  -14   -7   -1  -13   -2    9   -7  -15    5   -1   -4   -9   -5
    1    1   10    1    3    1    1    2    0      3058  -10   -4   -1   -4   12   -8  -13   -1   -4    7   -5    3   -7   14  -14  -11    2    4
    1    1   11    1    3    3    1    1    0     18866   -6   -4   -2   -5   12   -8  -13   -2   -4    7   -5    2   -6   14  -15  -12    2    4
    1    1   12    1    2    6    1    2    1      6509    2    1   10    2   -9  -13   -6    0  -14   -2    8   -7  -18   -1   -3   -5  -10   -4
    1    1   13    1    2    5    1    2    1      3286    3    1    8    1   -8  -13   -7   -2  -14   -3    9   -7   -8    3   -3   -2  -10   -5
    1    1   14    1    2    4    1    3    0     10295    2    0    9    2   -8  -14   -3    7  -13   -2    9   -6   -9    3    0   -5   -9   -5
    1    1   15    1    2    1    1    1    0      2693    1    1    9    2   -8  -13   -7    1  -16   -2    9   -7   -8    3   -1   -4  -10   -4
    1    1   16    1    2    7    1    2    1      3140   -3    8    9    2   -9  -10   -4   -1  -23    7    7  -11   -8    3   -1   -4   -8   -6
    1    1   17    1    3    9    1    2    0      1441   -6   -4   -3   -6   13   -8  -14   -2   -3    3   -6    4   -8   16  -15  -11    2    3
    1    1   18    1    1    5    1    1    1      4627   -7    6   15   15   10   -4   15  -12   -4  -10  -13   14   11  -12   -6    1  -12  -14
    1    1   19    1    2    2    1    2    1      2999    2    1    9    2   -8  -14   -8   -1  -12   -2   11   -9   -9    4   -2   -4   -8   -6
    1    1   20    1    3    6    1    2    0      2106   -5   -6   -2   -5   10   -7  -13   -3   -3    6   -5    3   -7   16  -15  -10    2    3
    1    1   21    1    1    3    1    1    1      2003   -2   -2   16   14   10   -4   14  -11   -6   -9  -14    4   17  -11   -8    3  -12   -6
    1    1   22    1    2    3    1    2    1      2350    3    1    9    3   -8  -14   -7    0  -14   -2    9   -7   -9    4   -1   -4   -9   -5
    1    1   23    1    3    2    1    2    0      2428   -7   -3   -2   -3   14   -8  -13   -2   -4    6   -5    4   -7   14  -14  -11    2    3
    1    1   24    1    1    7    1    1    1      1251   -2   -2   17   13   11   -4   15  -13   -4  -10  -13    4   13  -14   -6    2  -12   -5
    1    1   25    1    2    9    1    2    1      2508    3    3    8    2   -8  -13   -8   -2  -13   -3    9   -7   -8    3    6  -14  -10   -6
    1    1   26    1    1    6    1    1    1       996   -2   -2   16   14   10   -5   14  -14   -6   -8  -15    6   12  -13   -6    0  -12   -5
    1    1   27    1    3    8    1    2    0      1224    0  -14    0   -1   13   -8  -14   -1   -4    7   -6    3   -7   15  -17   -7    3    3
    1    2    1    1    2   10    1    3    0      7744    1    1    8    2   -8  -14   -8   -2  -13   -2    8   -6  -13    1   -1   -4   -9   -5
    1    2    2    1    3   18    1    2    0      1778   -6   -5   -3   -6   13   -7  -13   -1   -5    8   -4    2   -5   15  -13  -10    1    3
    1    2    3    1    2   16    1    2    1      1446    2    1    8   -1   -7  -15   -7   -2  -14   -2    9   -7   -9    4   -1   -4   -9   -6
    1    2    4    1    2   18    1    2    1      2104    2    1   14   -3   -8  -14   -7   -1  -17   -2    6    1   -8    3   -2   -4  -10   -4
    1    2    5    1    2   17    1    2    1      1597    3    1    8    1   -7  -15   -7   -1  -15   -2    9   -7   -8    3   -1   -5   -9   -5
    1    2    6    1    1   11    1    3    0      1819   -2   -2   16   14   10   -5   15  -13   -9  -12  -14    5   12  -13   -6    3  -12   -5
    1    2    7    1    3   15    1    3    1      1371   -5   -4   -2   -5   12   -8  -13   -2   -3    6   -6    2   -9   14  -14  -11    1    1
    1    2    8    1    1   13    1    1    1      1581   -2   -2   24   11   11   -5   17  -15   -5  -10  -14    5   12  -11   -8    1  -12   -5
    1    2    9    1    1   17    1    1    1      1081   -2   -2   15   15   12   -3   15  -12   -2  -16  -14    5   11  -12   -7    2  -12   -6
    1    2   10    1    3   16    1    2    0      2027   -7   -3   -3   -5   13   -8  -12   -3   -4    8   -6    4   -7   15  -14  -11    1    4
    1    2   11    1    3   14    1    3    1       754   -6   -4   -2   -5   13   -7  -12   -2   -4    8   -6    3   -7   15  -14  -11    2    3
    1    2   12    1    1   14    1    1    1       828   -2   -3   17   14   11   -4   16  -14   -5  -11  -14    5   13  -13   -7    2  -12   -6
    1    2   13    1    2   11    1    3    0      1271    2    0   10    2   -8  -14   -8   -1  -14   -2    8   -7   -8    2    0   -5   -9   -6
    1    2   14    1    1   15    1    2    0      1469   -1   -1   17   12   11   -4   16  -14   -4  -10  -18    0   12  -13  -15   -6  -12   -5
    1    2   15    1    2   15    1    2    1      2290    3    0   10    1   -9  -13   -8   -1  -14   -2    9   -7   -7    3   -1   -4   -8   -5
    1    2   16    1    2   12    1    2    1      4900   11    1    9    2   -8  -14   -7   -2  -16   -4    8   -7   -8    3   -2   -5  -10   -5
    1    2   17    1    1   16    1    1    1       808   -2   -2   16   14   12   -4   15  -13   -5  -10  -14    5   12  -13   -7    2  -12   -5
    1    2   18    1    3   17    1    3    1      1429   -6   -4   -1   -6    6   -6  -12   -3   -5    8   -5    3   -7   16  -13  -11    2    3
    1    2   19    1    3   13    1    3    1      1428   -6   -4   -9   -4   14   -8  -14   -4   -4    7   -4    4   -8   16  -13  -10    2    4
    1    2   20    1    3   12    1    3    1      1615   -7   -4   -2   -5   13   -8  -14   -3   -3    6   -4    3   -7   15  -14  -11    1    4
    1    2   21    1    3   11    1    3    1       870   -5   -4   -2   -5   13   -8  -13   -2   -3    8   -4    2   -8   15  -14  -10    2    3
    1    2   22    1    2   13    1    3    0      1404    2    0    9    1   -8  -14   -7   -1  -14   -2    9   -6   -9    4   -1   -4   -8   -5
    1    2   23    1    3   10    1    3    1      1242   -5   -3    0    1   12   -7  -13   -2   -5    8   -6    4   -6   15  -15  -11    2    3
    1    2   24    1    1   10    1    1    1      1747   -2   -2   16   13   12   -4   23   -8   -4   -9  -15    6   17  -15   -3    3  -12   -5
    1    2   25    1    1   12    1    1    1       727   -2   -3   17   13   11   -5   15  -13   -5  -10  -15    6   17   -9   -7    2  -12   -5
    1    2   26    1    1   18    1    1    1       870   -2   -3   16   15   11   -5   16  -14   -5  -10  -13    4   13  -14   -7    2  -13   -3
    1    2   27    1    2   14    1    2    1      1887    2    1    9    2   -9  -13   -7   -1  -14   -2    9   -8   -7    2    0   -6   -9   -5
    1    3    1    1    1   21    1    1    1       910   -1   -3   16   13   10   -2   16  -14   -6   -9  -15    7   11  -12   -7    2  -13   -5
    1    3    2    1    1   26    1    1    1       563   -1   -2   16   14   10   -3   15  -13   -5  -10  -14    5   12  -13   -7    2  -14   -6
    1    3    3    1    3   23    1    3    1      1226   -6   -3   -2   -5   12   -7  -14   -1   -4    8   -6    3   -8   16  -14  -11    2    4
    1    3    4    1    2   23    1    1    0      6275    2    0    8    1   -9  -13   -8   -6  -14   -2   10   -7   -8    3   -2   -3  -18   -4
    1    3    5    1    3   24    1    3    1      1699   -5   -4   -3   -5   13   -8  -13   -1   -5    6   -4    2   -7   15  -15  -10    5    1
    1    3    6    1    3   21    1    3    1       920   -6   -4   -3   -6   14   -9  -13   -2    0   11   -4    4   -8   16  -16  -14    3    4
    1    3    7    1    3   19    1    2    0      3261   -5   -5   -2   -9   12   -8  -13   -3   -3    7   -6    4   -6   15  -23   -1    4    2
    1    3    8    1    3   25    1    3    1      1750   -7   -4    3   -7   20    2  -21  -11   -9    3   -4    2   -6   10  -14  -11    3    3
    1    3    9    1    2   21    1    1    0      4058    2    3    9    1   -7  -15   -8   -1  -14   -1   10   -7   -7    3    0   -4   -9   -5
    1    3   10    1    1   27    1    1    1       593   -2   -2   15   15    9   -6   15  -12   -5  -10  -14    5   12  -14   -7    1  -12   -5
    1    3   11    1    3   26    1    2    0      1189   -5   -3   -2   -5   13   -9  -13   -2   -5    7   -5    3   -7   15  -14  -11    3    3
    1    3   12    1    2   27    1    1    0      1807    2    1    7    2   -8  -14  -13    4  -14   -2   10   -7   -7    2   -1   -4   -9   -7
    1    3   13    1    2   25    1    2    1      1475    7   11    9    2   -8  -14   -8    0  -14   -3    9   -7   -9    3    1   -3   -9   -5
    1    3   14    1    2   24    1    1    0       948    2    1    8    3   -7  -16   -6   -2  -13   -3   10   -7  -11   -1   -1   -3  -10   -6
    1    3   15    1    1   22    1    3    0      8474   -1   -2   16   14   11   -3   16  -13  -14   -9   -9   10   13  -13   -6    1  -12   -5
    1    3   16    1    2   26    1    1    0      1695    4   -2    9    1   -8  -12   -7   -1  -11    3    8   -3  -13    0   -1   -4   -9   -7
    1    3   17    1    1   23    1    2    0      1988   -2   -3   16   14    8    1   15  -13   -5  -10  -14    4   12  -13   -7    3  -10  -14
    1    3   18    1    1   24    1    1    1       765   -1   -3   16   14   11   -3   15  -12   -6  -10  -14    6   11  -14   -6    2  -12   -5
    1    3   19    1    2   22    1    3    0      1546    2    1   10    2   -7  -13   -8   -1  -13   -2    9   -7   -8    3    2    4  -10   -2
    1    3   20    1    2   20    1    2    1      3763    2   -2    8    1   -8  -14   -7   -1  -15   -1    9   -9   -8    3   -1   -4   -8   -4
    1    3   21    1    3   22    1    2    0      2007   -8   -1   -2   -4   13   -8  -14   -1   -4    6   -5    3   -8   14  -14  -11    1    4
    1    3   22    1    1   19    1    1    1       786   -2   -1   23    5   12   -5   15  -13   -6  -11  -14    5   11  -12   -8    1  -12   -5
    1    3   23    1    1   20    1    1    1       734   -2   -2   16   14   12   -4   15  -14   -5  -12  -14    5   13  -13   -8    2  -12   -5
    1    3   24    1    3   27    1    3    1      1165   -6   -4   -2   -6   13   -9  -14   -4   -6    9   -5    3   -7   15  -14  -12    2    4
    1    3   25    1    2   19    1    2    1      2246    3    0    9    3   -8  -14   -8    0  -13   -1    9   -7   -8    3    0   -4  -10   -6
    1    3   26    1    1   25    1    1    1       822   -1    0   17   13   11   -3   15  -13   -6  -10  -14    5   12  -14   -7    1  -12   -6
    1    3   27    1    3   20    1    3    1      1616   -5   -3   -2   -5    3  -14  -14   -1   -4    7   -4    3   -7   13  -13  -12    2    3
    1    4    1    1    2   32    1    2    1      3080   -3    7   10    3  -10  -14   -8   -1  -14   -2   13    1   -8    3   -1   -4  -10   -4
    1    4    2    1    1   31    1    1    1       518   -3   -2   16   14   10   -3   16  -14   -5  -11  -14    5   12  -12   -7    2  -11   -6
    1    4    3    1    2   33    1    2    1      3404    2    3    9    2   -8  -14   -7   -1  -14   -2    9   -7   -7    2   -1   -4   -9   -5
    1    4    4    1    1   32    1    1    1       751   -2   -2   16   14   12   -4   15  -11   -6   -9  -14    4   12  -13   -7    2  -12   -5
    1    4    5    1    3   29    1    3    1       829   -6   -4   -2   -5   15   -9  -13   -2   -3    6   -4    4   -3   13  -14  -10    2    2
    1    4    6    1    2   31    1    2    1       883    3    2    9    2   -9  -13   -8   -2  -14   -2    9   -7   -8    3    0   -4   -9   -5
    1    4    7    1    2   36    1    3    0      1066    2    1    9    4   -7  -14   -6   -2  -14   -1    9   -7    1   10   -1   -4   -8   -6
    1    4    8    1    2   35    1    1    0       920    3    0   10    1   -8  -14   -7   -1  -13   -3    9   -7   -9    3   -1   -4  -10   -5
    1    4    9    1    1   36    1    1    1       749   -2   -2   23   15   11   -4   15  -14   -7   -9  -14    6   13  -13   -7    2  -12   -6
    1    4   10    1    2   34    1    2    1      1724    4    2    8    2   -8  -14   -7    0   -7  -11    9   -7   -8    3    0   -4   -9   -5
    1    4   11    1    1   28    1    1    1       688   -5    0   16   14   12   -8   16  -13   -5  -10  -14    5   12  -14   -7    1  -13   -4
    1    4   12    1    3   33    1    3    1      2784    2   -1   -4   -6   14   -8  -13   -2   -4    7   -6    3   -7   15  -13  -10    3    3
    1    4   13    1    3   31    1    3    1       677   -6   -4   -1   -6   13   -8  -13   -2   -5    7   -6    4   -4   20  -13  -11    1    3
    1    4   14    1    3   32    1    2    0      3268   -6   -3   -2   -5   13   -7  -13   -2   -4    8  -15    4   -6   14  -12  -11    2    3
    1    4   15    1    1   30    1    2    0      2794   -1  -12   15   15   10   -4   24  -16   -5  -11  -15    4   14  -15   -5    2  -13   -5
    1    4   16    1    1   33    1    1    1      1045   -4    0   16   14   11   -4   14  -13   -6   -9  -15    6   12  -14   -7    2  -11   -4
    1    4   17    1    1   35    1    1    1       873   -1   -7   16   14   11   -5   14  -12   -5  -10  -14    5   11  -17   -9   -3  -12   -5
    1    4   18    1    3   30    1    3    1      3347   -9  -10   -2   -5   13   -8  -13   -2   -3    7   -1   11   -8   16  -14  -11    3    2
    1    4   19    1    3   35    1    3    1      1656   -6   -4   -2   -5   14   -7  -13   -2   -3    6   -5    3   -7   15  -13  -12    2    4
    1    4   20    1    2   28    1    2    1      1693    1    1    9    1   -8  -14   -7   -1  -14   -2    9   -8   -8    3   -1   -4   -9   -4
    1    4   21    1    3   28    1    3    1      1637   -7   -3   -3   -5   13   -8  -13   -2   -5    6   -5    3   -8   15  -14  -11    2    3
    1    4   22    1    1   34    1    1    1       684   -1   -2   17   13   11   -4   16  -14   -6  -10  -14    5   12  -13   -7    2  -13   -4
    1    4   23    1    3   34    1    3    1      1820   -6   -4   -2   -5   13   -8  -13   -2   -4    7   -5    4   -8   16  -13  -11    1    4
    1    4   24    1    2   30    1    2    1       843    3    0    9    2   -7  -13   -9    0  -12   -3    9   -7   -8    3   -1    3   -9   -5
    1    4   25    1    1   29    1    2    0      5701   -1    5   15   14   12   -5   16  -12   -5  -10  -13    5   13  -13   -8    1  -11   -6
    1    4   26    1    3   36    1    3    1      1577   -7   -4   -2   -6   14   -9  -13   -2   -4    7   -5    3   -7   16  -14  -11    2    3
    1    4   27    1    2   29    1    2    1       932    3    0    9    2   -9  -14   -8    0  -14   -3    6   -7   -8    4    0   -5   -9   -4
    1    5    1    1    2   44    1    2    1      3993    2    0    9    1   -7  -12   -7   -1  -14   -1   10   -7   -7    3   -1   -4   -9   -5
    1    5    2    1    1   40    1    3    0      1365   -3   -1   11   20   10   -3   15  -13   -4  -10  -10   15   13  -14   -9    4  -12   -4
    1    5    3    1    1   39    1    3    0      4567   -2   -2   15   15   16    0   15  -13   -4  -11  -13    4   12  -13   -2    2   -4   -4
    1    5    4    1    3   42    1    3    1      2198   -7   -3   -2   -5   12   -9  -13   -3   -3    8   -5    3   -7   14  -14  -11    4    3
    1    5    5    1    2   43    1    2    1      3962    2    1   15   10   -8  -14   -7   -1  -13   -3    7   -7   -9    4   -2   -3   -9   -5
    1    5    6    1    1   44    1    1    1       917   -3   -1   18   13   11   -4   16  -14   -5  -10  -13    4   12  -12   -8    3  -12   -5
    1    5    7    1    3   44    1    3    1       845   -6   -5   -2   -5   14   -8  -13   -2   -6   11   -5    3   -8   16  -13  -11    2    3
    1    5    8    1    2   41    1    2    1      2021    2    2    8    3   -8  -14   -7   -1  -13   -1    8   -7   -7    3   -2   -4   -9   -6
    1    5    9    1    2   40    1    2    1      1424    2    1   10    2  -11  -16   -8    0  -14   -3   10   -8   -8    3   -1   -4  -10   -4
    1    5   10    1    3   38    1    3    1      1507   -5   -4   -3   -6   13   -8  -14   -2   -2    9   -5    3   -7   15  -14  -12   10    3
    1    5   11    1    1   45    1    1    1       966   -2   -1   16   14   11   -4   16  -13   -5  -10  -12    3   11  -12   -8    1  -12   -4
    1    5   12    1    2   37    1    2    1       989    2    1    9    2   -9  -14   -8   -1  -14   -2    9   -7   -8    3    0   -3  -11   -2
    1    5   13    1    3   45    1    3    1      3441   -6   -4   -2   -5   13   -8  -14   -2   -5   11   -1   -1   -7   15   -6  -17    3    3
    1    5   14    1    3   39    1    2    0      3788   -6   -3   -2   -6   13   -8  -13   -2   -3    7   -8    5   -6   15  -15  -12    1    4
    1    5   15    1    1   43    1    1    1      1645   -2   -2   14    9   11   -4   16  -13   -4  -10  -15    5   12  -12   -5    1  -12   -5
    1    5   16    1    1   42    1    2    0      2374   -9   -1   16   13   15    1   15  -13   -5  -10  -14    5   13  -12   -6    2  -15   -4
    1    5   17    1    2   38    1    3    0      3360    1    2    9    2   -8  -16   -7   -1  -22    8    9   -7   -8    3   -1   -5   -9   -7
    1    5   18    1    1   38    1    1    1       786   -3   -1   15   14   11   -4    7  -17   -5  -11  -15    3   11  -13   -9    1  -12   -5
    1    5   19    1    2   42    1    2    1      1166    2    1    9    3   -8  -14   -8    0  -15   -2    7   -8   -8    3   -1   -4   -8   -8
    1    5   20    1    3   41    1    3    1       811   -6   -4   -2   -5   13   -8  -14   -1   -3    9   -6    2   -7   16  -14  -11    3    2
    1    5   21    1    2   39    1    2    1       837    0    4    8    3   -8  -14   -5    0  -14   -2    9   -7   -8    3   -1   -4   -9   -4
    1    5   22    1    1   41    1    1    1       754   -3   -1   16   14   10   -4   14  -13   -5  -10  -15    6   12  -12   -6    2  -13   -5
    1    5   23    1    3   40    1    3    1      1648   -6   -4   -2   -5   12   -7  -13   -2   -3    6   -6    3   -7   15  -14  -11    4    4
    1    5   24    1    3   43    1    3    1       647   -9   -2   -3   -5   12   -8  -13   -2   -4    7   -6    2   -7   16  -13  -12    3    4
    1    5   25    1    3   37    1    2    0      4214   -5   -5   -2   -6   13   -8  -12   -2   -4    7   -5    3   -8   16  -14  -11    2    3
    1    5   26    1    1   37    1    1    1       666   -3   -2   17   14   11   -4   15  -14   -6   -9  -11    4   12  -13   -7    2  -12   -9
    1    5   27    1    2   45    1    2    1      7789    1    1   19    6   -8  -14   -5   -2  -12   -3    8   -6   -8    3    0   -4   -9   -5
    1    6    1    1    1   50    1    1    1      1136   -2   -2   16   15   12   -3   17  -13   -4   -9  -13    5   11  -13   -6    2  -12   -5
    1    6    2    1    3   50    1    3    1      8526   -5   -2   -2   -5   13   -8  -12   -1   -4    7   -6   -7   -2   10  -12   -9    1    4
    1    6    3    1    3   54    1    3    1       791   -6   -3   -3   -4   23   -9  -14   -2   -4    7   -5    3   -7   14  -13  -12    2    3
    1    6    4    1    1   53    1    1    1       673   -1   -2   17   14   11   -4   15  -13   -5  -10  -14    5   12  -13   -7    2  -12   -4
    1    6    5    1    2   52    1    2    1      3939    1    1    9    2   -8  -14   -7   -1  -13   -4   10   -7   -9    3   -3   -3   -8   -6
    1    6    6    1    2   53    1    2    1       640    1    1   10    2   -7  -14   -8    0  -15   -2    9   -8  -11    5   -1   -4   -9   -5
    1    6    7    1    1   54    1    2    0      4114   -4   -3   16   14   10   -3   14  -13   -4  -11  -15    4   12  -14   -8    1  -15   -7
    1    6    8    1    3   52    1    3    1      1449   -6   -4   -2   -5   13   -7  -13   -1   -4    7   -5    3   -7   17  -13  -12    2    3
    1    6    9    1    2   48    1    2    1      6153    3   -1   10    1   -7  -14   -7    0  -14   -2    5  -12   -8    3    2  -13  -10   -5
    1    6   10    1    2   47    1    2    1      1375    3    0    9    2   -7  -15   -9    1  -14   -2    8   -7   -8    3    0  -11   -9   -5
    1    6   11    1    3   51    1    3    1      1091   -6   -4   -2   -4   13   -8  -13   -3   -4    5   -5    3   -6   16  -15  -10    1    1
    1    6   12    1    3   49    1    2    0      5633  -14    4    0   -5   14   -8  -14   -2   -4    7   -5    2   -7   14  -14  -12    2    3
    1    6   13    1    1   49    1    1    1      1595   -2   -3   16   14   10   -4   16  -13   -4  -11  -15    6   14  -17   -7    2  -12   -5
    1    6   14    1    3   47    1    3    1      1431   -5   -4   -2   -5   14  -10  -13   -2   -4    7   -5    3   -5   16  -14  -10    1    3
    1    6   15    1    2   54    1    2    1      4597    2    1    9    1   -9  -14   -6   -2  -14   -2    8   -7   -9    4   -1   -4   -9   -5
    1    6   16    1    3   46    1    2    0      3194   -6   -3   -2   -5   12   -8  -13   -2   -4    7   -5   11   -8   15  -15  -11    2    3
    1    6   17    1    2   46    1    2    1      1435    3    1    9    2   -7  -14   -7   -1  -14   -1   10   -8   -7    2   -1   -5   -8   -6
    1    6   18    1    3   48    1    3    1       655   -6   -4   -2   -5   14   -9  -15   -6   -3    7   -5    3   -7   16  -13  -11    3    2
    1    6   19    1    2   50    1    2    1       816    3    5   10    3   -7  -14   -7   -2  -16   -1    8   -7   -8    3    0   -5   -8   -5
    1    6   20    1    2   49    1    2    1      2235    2    1   10    3   -9  -14   -7   -2  -13   -3    9   -7   -7    3   -1   -3   -8   -5
    1    6   21    1    1   47    1    1    1       639   -1   -2   17   14   11   -4   12   -9   -3   -9  -13    6   12  -13   -7    2  -12   -5
    1    6   22    1    1   48    1    1    1       580   -3   -3   15   14   13   -6   14  -13   -4   -9  -12    6   12  -14   -7    2  -12   -5
    1    6   23    1    1   52    1    1    1      2235   -3   -1   15   15   10   -3   15  -13   -1  -18  -14    5   12  -13   -7    2  -12   -5
    1    6   24    1    2   51    1    2    1      1039    2    1    9    1   -8  -14   -7   -1  -14   -2    9   -7   -8    3   -1   -5   -8  -11
    1    6   25    1    1   51    1    1    1       608   -3   -1   16   14   11   -6    7  -18   -6   -9  -13    4   11  -14   -6    1  -14   -5
    1    6   26    1    1   46    1    1    1       980   -2   -2   16   14    5  -10   13  -14   -6  -11  -14    5   11  -13   -8    0  -12   -5
    1    6   27    1    3   53    1    2    0       825   -6   -4   -3   -5   13   -8  -13   -2   -4    7   -4    3   -7   15  -13  -12    3    4
    1    7    1    1    3   63    1    3    1       794   -6   -4   -2   -5   14   -9  -15   -4   -2    7   -6    2   -7   15  -14  -12    2    2
    1    7    2    1    3   62    1    3    1       469   -7   -3   -2   -5   13   -9  -18   -4   -5    8   -4    4   -7   14  -16  -13    2    3
    1    7    3    1    1   61    1    1    1       571   -3   -2   15   14   12   -3   15  -14   -5  -10  -14    5   11  -13   -7    1  -13   -5
    1    7    4    1    2   59    1    2    1       722    3    0   10    1   -8  -14   -5    0  -15   -2    8   -8   -9    4   -1   -4   -8   -6
    1    7    5    1    3   57    1    3    1       642   -6   -4   -1   -6   13   -9  -13   -3   -4    7   -5    2   -7   16  -17  -14    4    2
    1    7    6    1    2   56    1    2    1       771    2    0    8    1   -9  -13   -7   -1  -14   -1    8   -7   -9    1   -2   -4   -9   -5
    1    7    7    1    1   58    1    1    1      1073   -1   -1   16   14   11   -3   16  -12   -4  -10   -4   12   14  -13   -6    2  -10   -7
    1    7    8    1    2   57    1    2    1      1269    2    2    9    3   -8  -13   -7   -1  -13   -3   10   -8   -6    7   -1   -4   -9   -5
    1    7    9    1    3   58    1    3    1       525   -5   -5   -2   -6   13   -8  -12   -2   -4    7   -5    4   -8   15  -14  -14    3    3
    1    7   10    1    3   60    1    3    1      1459   -6   -4   -2   -6   13   -8  -13   -2    4   11   -4    3   -7   15  -14  -11    7    6
    1    7   11    1    3   55    1    3    1       948  -11    0  -11   -4   13   -8  -13   -1   -4    8   -5    3   -8   24  -12  -10    1    3
    1    7   12    1    1   63    1    1    1      3368   -2   -2   15   16   11   -4   15  -13   -5  -10  -13    4   12  -13   -2    1  -11   -5
    1    7   13    1    1   62    1    1    1      8958    6    5   16   14   11   -4   15  -13   -5  -10  -14    5   12  -13   -7    2  -12   -6
    1    7   14    1    1   55    1    1    1       612   -2   -1   16   13   11   -6   15  -14   -5  -10  -15    6   11  -13   -7    2  -13   -4
    1    7   15    1    3   56    1    3    1      1002   -5   -3   -2   -5   12   -8  -14   -1   -4    7   -5    4   -6   15  -14  -11    1    3
    1    7   16    1    2   61    1    2    1       767    3    0    9    1    2   -9   -7    0  -15   -2    9   -8   -8    3   -1   -4   -8   -6
    1    7   17    1    1   60    1    1    1       637   -2   -2   15   15   12   -4   15  -13   -5  -10  -15    6   13  -14   -8    3  -12   -6
    1    7   18    1    2   60    1    2    1       785    2    0    5   10   -7  -15   -7   -1  -13   -3   10   -7   -8    3   -2   -3  -10   -5
    1    7   19    1    2   58    1    2    1       830    0    1   10    3   -7  -15   -7    0  -14   -3    8   -7   -8    3    0   -3   -9   -5
    1    7   20    1    2   55    1    2    1      4329   -5    5    9    2   -8  -13   -4   -3  -14   -2    9   -7   -9    4    1   -5   -9   -7
    1    7   21    1    1   59    1    1    1      5736   -1   -2   15   15   12   -4   14  -12   -5  -10  -16    7   13  -14   -3    5  -12   -5
    1    7   22    1    1   57    1    1    1       800    0   -5   15   14   11   -5   15  -14   -5  -10  -14    5   11  -13   -7    2  -12   -5
    1    7   23    1    2   63    1    2    1      4493    1    2    9    1   -6  -16   -7   -2  -13   -2    9   -6   -1   -7   -2   -4   -8   -6
    1    7   24    1    3   59    1    3    1      1030   -6   -4   -2   -5   13   -7  -14   -3   -5    7   -4    3   -7   15  -14  -11    1    3
    1    7   25    1    3   61    1    3    1       938   -5   -5   -2   -5   12   -7  -13   -2   -3    8   -3    4   -7   15  -15  -11    2    4
    1    7   26    1    1   56    1    1    1      1024   -2   -2   15   14   11   -3   14  -14   -5  -10  -14    5   12  -13   -7    2  -16   -1
    1    7   27    1    2   62    1    2    1       899    2    1   10    1   -9  -15   -8   -2  -14   -1    9   -6   -7    3    0   -3   -9   -4
    1    8    1    1    1   70    1    1    1       841   -2   -2   17   13   10   -4   15  -13   -5  -10  -14    5   20  -12   -7    2  -11   -5
    1    8    2    1    2   68    1    2    1       932    1    1    9    2   -8  -14   -6    0  -15   -1   17   -2   -6    4   -2   -5   -8   -7
    1    8    3    1    2   69    1    2    1       859    2    1   11    0   -8  -14   -7   -1  -14   -2    9   -7   -8    3   -1   -4  -10   -5
    1    8    4    1    1   69    1    1    1       611   -2   -2   17   14   11   -5   16  -14   -5  -10  -12    3   12  -12   -7    2  -12   -5
    1    8    5    1    1   66    1    1    1       567   -2   -2   16   13   10   -3   15  -13   -5  -10  -13    5   12  -13   -7    2  -12   -5
    1    8    6    1    2   67    1    2    1       734    1    2    8    2   -8  -14   -8   -2  -14   -2    8   -7   -8    4    5   -5   -9   -5
    1    8    7    1    2   71    1    2    1       845    3    2   10    1   -9  -13   -8   -2  -15   -2   11   -8   -9    3   -1   -4   -9   -5
    1    8    8    1    1   71    1    1    1       583   -2   -2   17   15   12   -5   16  -13   -4   -8  -15    5   13  -13   -6    2  -11   -4
    1    8    9    1    1   65    1    1    1      1085   -2   -2   19   15   12   -4   15  -13   -5  -18  -14    5   13  -14   -5    1  -12   -5
    1    8   10    1    2   72    1    2    1       608    2    0    8    3   -8  -14   -8    0  -14   -2    9   -7   -8    3   -1   -5   -9   -5
    1    8   11    1    3   64    1    3    1       659    1  -12   -3   -4   13   -8  -12   -2   -2    8    1    1   -7   15  -10  -11    2    3
    1    8   12    1    1   67    1    1    1      1350   -2   -3   16   14   10   -4   15  -13   -5  -11  -14    7   17  -21   -8    3  -12   -4
    1    8   13    1    3   66    1    3    1       750   -6   -4   -3   -6   14   -6  -13   -2   -3    6   -5    2   -7   17  -13  -10    2    3
    1    8   14    1    2   66    1    2    1      1083    2    0   10    1   -8  -14   -7    0  -14   -2   10   -7  -10    5   -1   -4   -9   -5
    1    8   15    1    3   70    1    3    1       667    1   -1   -1   -6   13   -8  -14   -1   -4    7   -7    5   -7   15  -14  -11    2    3
    1    8   16    1    1   64    1    1    1       700   -3   -3   16   16   11   -4   14  -14   -1  -15  -13    4   11  -14   -7    2  -12   -5
    1    8   17    1    1   68    1    1    1       619   -2   -1   16   14   11   -2   16  -14   -6  -11  -15    6   12  -14   -6    1  -12   -4
    1    8   18    1    3   72    1    3    1       943   -6   -4   -2   -5   13   -9  -14   -3   -5    8   -5    3   -8   14  -13  -12    2    3
    1    8   19    1    3   68    1    3    1       627   -6   -4   -2   -5   14   -7  -13   -2   -5    6   -4    3   -6   14  -14  -11    1    2
    1    8   20    1    3   71    1    3    1      3397   -6   -4   -2   -5   13  -10  -13   -2   -5    7   -5    3  -13   10  -14  -11    2    3
    1    8   21    1    3   69    1    3    1       739   -6   -4   -3   -6   15  -10  -13   -2   -4    6   -4    3   -7   15  -21  -17    1    3
    1    8   22    1    3   67    1    3    1       575   -6   -3   -2   -5   14   -7  -13   -2   -3    7   -3    1   -8   16  -13  -13    2    3
    1    8   23    1    2   65    1    2    1      1745    4    5    9    1   -8  -14   -8    0  -15  -12    3   -1   -8    3    0   -5   -9   -5
    1    8   24    1    2   64    1    2    1      3480    4    2    9    0   -8  -13   -8    0  -13   -2   13   -5   -8    3   -1   -4   -9   -5
    1    8   25    1    3   65    1    3    1       681   -7   -4   -2   -5   14   -8  -14   -4   -4    7   -5    4   -8   23  -13  -11    2    3
    1    8   26    1    1   72    1    1    1       712   -1   -2   15   14   10   -4   23  -13   -5   -9  -14    5   12  -14   -7    2  -13   -4
    1    8   27    1    2   70    1    2    1      2536    2    1    9    1   -8  -16   -7   -1  -14   -2    9   -7  -10    2   -2   -3  -10   -4
    1    9    1    1    1   75    1    1    1      1805   -2   -2   16   13   12   -4   15  -14   -6   -9  -15    4    7  -12   -7    3  -12   -5
    1    9    2    1    1   80    1    1    1       529   -2   -3   14   13   11   -3   16  -13   -6  -10  -13    6   12  -12   -7    2  -14   -5
    1    9    3    1    1   81    1    1    1       441   -3   -3   16   14   11   -4   15  -13   -5  -10  -13    5   12  -13   -7    1  -13   -5
    1    9    4    1    2   77    1    2    1       855    2    1   10    2   -8  -14   -9    1  -14   -3   10   -6    2   -7   -1   -4   -8   -4
    1    9    5    1    2   79    1    2    1      1249    2    1   13    1   -8  -14   -8   -1  -14   -2    9   -7   -8    3   -1   -4  -10   -4
    1    9    6    1    2   81    1    2    1      1676    1    2    9    2   -7  -14   -6   -1  -14   -1    8   -6  -17   13   -1   -4   -9   -5
    1    9    7    1    3   76    1    3    1       836   -5   -4   -2   -5   13   -8  -10   -1   -4    7   -5    3   -8   15  -14  -12    2    3
    1    9    8    1    1   74    1    1    1       925   -1   -3   17   14    9   -4   15  -13   -5  -10  -14    5   12  -12   -6    2  -11   -5
    1    9    9    1    3   77    1    3    1       948   -6   -4   -2   -4   13   -8  -12   -2   -3    6   -5    3   -7   15  -14  -11    2    4
    1    9   10    1    1   76    1    2    0      1372   -3   -1   15   15   10   -4   15  -13   -4  -11  -13    5   11  -13   -8   -2  -12   -5
    1    9   11    1    3   78    1    2    0      7068   -6   -4   -1   -4   13   -8  -18   -2   -3   14   -5    3   -8   16  -14  -11   10   10
    1    9   12    1    1   79    1    1    1      6142   -2   -3   17   14   11   -4   15  -13   -4  -10  -13    5   22   -4  -16   11  -14  -10
    1    9   13    1    2   78    1    2    1      1252    2    1    9    2   -7  -15   -7   -1  -14   -2   12  -17   -9    3   -2   -4   -9   -5
    1    9   14    1    3   79    1    3    1      2334   -4   -6   -2   -5   21  -13  -13   -2   -2    8   -5    3   -8   15  -14  -11    2    3
    1    9   15    1    2   73    1    2    1      1609    4    0   19   -4   -8  -14   -7   -1  -14   -2    9   -7   -8    3    0   -5  -10   -4
    1    9   16    1    2   76    1    2    1      2038    1    2    9    2   -6  -14   -7   -1  -16    0    9   -7   -9    4   -1   -4  -16  -12
    1    9   17    1    1   73    1    1    1       736   -1   -4   17   13   11   -4   14  -12   -4  -11  -13    5   11  -12   -8    1  -11   -6
    1    9   18    1    2   80    1    2    1      1440    1    2   10    1  -10  -16   -8    0  -15   -3   11   -7   -8    4   -1   -5  -10   -6
    1    9   19    1    2   74    1    1    0      6113    3    1    9    2   -8  -14  -10    2  -14   -2    9   -7   -8    3    0   -3   -8   -5
    1    9   20    1    1   78    1    1    1       887   -2   -1   17   15   12   -5   15  -13   -4  -10  -15    5   12  -13   -7    2  -12   -5
    1    9   21    1    3   74    1    3    1       911   -6   -4   -4   -3   13   -8  -12   -3    0    8   -5    3   -5   18  -15  -10    2    3
    1    9   22    1    2   75    1    2    1      1876    3    2    8    3  -11  -13   -7   -1  -14   -2    9   -7   -9    4   -1   -5   -8   -4
    1    9   23    1    3   80    1    3    1       708   -5   -5   -2   -5   13   -8  -13    5   -5    7   -4    4   -6   14  -14  -10    1    3
    1    9   24    1    3   75    1    3    1       562   -7   -3   -3   -4   16   -8  -13   -2   -4    7   -9    4   -6   14  -14  -11    2    3
    1    9   25    1    1   77    1    1    1       629   -1   -2   17   14   11   -4   16  -12   -6  -10  -15    6   12  -13   -7    3  -12   -5
    1    9   26    1    3   73    1    3    1       745   -6   -4   -2   -5   13   -8   -8    0   -5    6   -4    2   -7   15  -15  -10    3    3
    1    9   27    1    3   81    1    3    1       645   -6   -4   -2   -5   12   -8   -5    4   -5    8   -4    2   -7   15  -13  -11    2    3
    1   10    1    1    2   86    1    2    1     53958    3    0   11    1   -8  -15   -6   -2  -13   -3    8   -7  -10    4   -2   -8   -9   -5
    1   10    2    1    2   85    1    2    1      2565    3    0   10    2   -8  -14    3   -9  -14   -2    9   -7   -8    3   -1   -4   -9   -5
    1   10    3    1    3   87    1    3    1       745   -4   -5   -1   -6   13   -8  -13   -1   -5    7   -5    2   -8   16  -14  -11    1    4
    1   10    4    1    3   86    1    3    1      1879   -6   -4   -2   -5   12   -9  -13   -2   -4    7   -7    1   -6   14  -13  -10    2    4
    1   10    5    1    1   90    1    1    1       897   -3   -3   16   14   11   -4   15  -13   -5  -11  -14    5   12  -13   -7    2  -12   -6
    1   10    6    1    3   84    1    3    1      3577   -7   -4   -7   -8   13   -8  -17   -1   -5    7   -4    4   -7   15  -13  -12    1    2
    1   10    7    1    1   84    1    1    1       867   -2   -2   16   14   11   -4   15  -13   -7  -11  -15    5   12  -13   -6    1  -12   -5
    1   10    8    1    1   86    1    1    1      1069   -2   -2   15   13   11   -4    8  -22   -5   -9  -14    6   11  -13   -6    2  -12   -1
    1   10    9    1    3   85    1    3    1      1934   -6   -4   -2   -5   13   -9  -13   -1   -4    6   -6    3   -9   16  -14  -11    3    6
    1   10   10    1    1   82    1    1    1       827   -3   -2   16   14   10   -4   15  -13   -4   -9  -14    5   12  -13   -7    1  -19   -8
    1   10   11    1    1   85    1    1    1      5526    7    7   16   15   12   -1   15  -13   -5  -10  -15    7   12  -13   -7    1  -11   -6
    1   10   12    1    2   89    1    2    1      5317    2   -3    7    6  -11  -16   -7   -1  -14   -2    9   -6   -9    3   -1   -4  -10   -4
    1   10   13    1    1   87    1    2    0      1709   -2   -2   16   14   12   -4   16  -14    4  -11  -13    6   12  -13   -6    1  -12   -5
    1   10   14    1    3   83    1    2    0      4659   -6   -4   -3   -7   13   -8  -13   -2   -3    8  -10    3   -8   15  -14  -11    1    3
    1   10   15    1    3   90    1    3    1       719   -8   -3   -2   -5   13   -9  -13   -2   -4    8   -5    3   -6   15  -14  -11    2    3
    1   10   16    1    2   90    1    2    1      3405    2    0    9    3   -9  -13   -6    0  -14   -2   10   -7   -9    4    4   -8   -9   -5
    1   10   17    1    3   88    1    3    1      1056   -6   -4   -2   -5   13   -8  -22    7   -5    6   -5    3   -5   19  -16   -9    6   -2
    1   10   18    1    2   88    1    2    1      3809    2    1   10    2   -8  -15   -8   -2  -13   -1    9   -7   -8    4   -3   -2  -10   -5
    1   10   19    1    2   83    1    3    0      2179    4    2    9    1   -8  -15   -7   -1  -18    2    9   -6   -7    4    0   -4   -8   -6
    1   10   20    1    2   82    1    2    1      5652    3    1   10    3   -8  -15   -7   -1  -14   -2   10   -9   -8    4   -1   -4   -8   -6
    1   10   21    1    1   89    1    1    1      2398   -5    3   13   17   11   -4   16  -12   -4  -10  -22   14   10  -12   -7    2  -12   -5
    1   10   22    1    2   87    1    2    1       763    6    1    9    2   -7  -15   -8   -1  -14   -2    9   -7   -8    3   -1   -3  -10   -5
    1   10   23    1    2   84    1    2    1       552    2    1    9    2   -8  -15   -7   -1  -15   -2    8   -6   -7    3   -1   -4  -10   -6
    1   10   24    1    3   89    1    3    1       594   -6   -4   -3   -4   13   -8  -13   -2   -3    7   -6    3   -6   15  -13  -11    3    3
    1   10   25    1    1   83    1    1    1       646   -3   -3   17   18   11   -4   15  -12   -4   -9  -14    5   12  -12   -7    2  -12   -5
    1   10   26    1    1   88    1    1    1       727   -2   -1   16   14   11   -4   15  -14   -7  -10  -14    4   12  -13   -8    1  -13   -4
    1   10   27    1    3   82    1    2    0       568   -6   -4   -1   -6   13   -8  -14   -2   -5    7   -5    2   -7   15  -14  -11    2    3
    2    1    1    4    3    5    2    3    1      4805   -7   -4   -3   -6   11   -4  -13   -1   -6    7    3   -7   -5   14  -15  -13    2    1
    2    1    2    4    1    1    2    1    1      5681    4    0   17   12   10   -6   13  -12   -2  -13  -13    4   10  -15   -8    2  -14   -4
    2    1    3    4    3    6    2    3    1       794   -6   -5   -2   -4   12   -8  -12   -2   -6    5   -2    1   -4   24  -13  -12    1    3
    2    1    4    4    3    1    2    3    1      1286   -7   -6   -2   -4   12   -9  -11   -2   -2    7   -1    5   -9   13  -12   -9    3    3
    2    1    5    5    1    7    3    3    0      9549    6   -5   15   15    9   -2   22  -20   -4  -11  -13    9    3   -3  -11   11  -11   -5
    2    1    6    1    2    9    1    2    1      2218    3    3    8    2   -8  -13   -8   -2  -13   -3    9   -7   -8    3    6  -14  -10   -6
    2    1    7    5    2    2    3    2    1      3902   12    6    8    4  -11  -19   -8    0  -13   -2    7  -11   -7    4    0   -5   -8   -3
    2    1    8    1    1   16    1    1    1       591   -2   -2   16   14   12   -4   15  -13   -5  -10  -14    5   12  -13   -7    2  -12   -5
    2    1    9    1    3   26    1    3    1       805   -5   -3   -2   -5   13   -9  -13   -2   -5    7   -5    3   -7   15  -14  -11    3    3
    2    1   10    4    3    4    2    3    1       751   -8   -3   -7   -8   11   -6  -11  -12   -6    6   -3    1   -7   16  -15  -13    2    2
    2    1   11    5    3    6    3    3    1      1630   -9   -8    0   -9   11  -10  -15   -3   -4    6   -7   -3   -5   13  -16   -7    4    3
    2    1   12    3    1    3    1    1    1       537   -3   -2   16   14   10   -5   16  -14   -5   -9  -14    5   12  -13   -7    2  -11   -5
    2    1   13    5    3    2    3    2    0     18256    0    2    8   -4    4   -6  -12    0   -6    9  -14   -3  -14    6  -12   -9   -3    3
    2    1   14    5    1    8    3    1    1      1443    1   -2   23   10   14   -7   17  -15  -10  -18   -9    4   21  -22   -7    1  -12   -4
    2    1   15    5    1    2    3    1    1     27113   -9  -10   17   20   18   -7    9  -12   -3   -4  -12   15   12   -8    1   12  -11   -6
    2    1   16    3    1    1    1    1    1      1580   -7    6   16   14   12   -4   15  -12   -4  -11  -14    5   13  -13   -8    3  -12   -6
    2    1   17    5    1    9    3    3    0      2972   -1   -2   17   17    7    0    7  -18   -5   -9  -12    5   15  -12  -16   11  -11    0
    2    1   18    3    1    2    1    1    1       798   -2   -1   18   16   11   -4   15  -13   -8  -11  -14    5   12  -12   -7    2  -13   -4
    2    1   19    1    1   35    1    1    1       782   -1   -7   16   14   11   -5   14  -12   -5  -10  -14    5   11  -17   -9   -3  -12   -5
    2    1   20    5    1    1    3    1    1      4955    5   -1   22   23   13   -6   17  -12   -7   -8  -24    8   15  -10  -13    0  -21   -9
    2    1   21    1    3   37    1    3    1       757   -5   -5   -2   -6   13   -8  -12   -2   -4    7   -5    3   -8   16  -14  -11    2    3
    2    1   22    3    2    3    1    2    1       883    2    1    9    2   -9  -14   -8    0  -16    1    9   -7   -8    3    0   -5   -9   -4
    2    1   23    4    3    3    2    3    1       700   -8   -3   -4   -6   15   -5  -14    0   -6    7   -5    2   -6   15  -15   -5    1    5
    2    1   24    1    1   49    1    1    1       574   -2   -3   16   14   10   -4   16  -13   -4  -11  -15    6   14  -17   -7    2  -12   -5
    2    1   25    4    2    1    2    2    1      1605    1    2    7    1   -7  -16  -12   -2  -14   -1   10   -7   -9    4   -5   -6  -11   -5
    2    1   26    3    3    2    1    3    1       690   -7   -4   -3   -4   13   -8  -13   -2   -4    7   -5    3   -7   16  -18   -6    2    2
    2    1   27    5    2    4    3    2    1      2274    3    1    8    4   -7  -22  -12    2  -14   -1   12   -5    0    6    0   -5  -15    3
    2    1   28    2    1    0    0    1    1       581   -2   -2   16   14   11   -4   15  -13   -5  -10  -14    5   12  -13   -7    2  -12   -5
    2    1   29    4    1    6    2    1    1       572   -3   -2   17   15   10   -5   16  -14   -6   -7  -12    3   11  -15   -8    1  -15    0
    2    1   30    4    2    4    2    2    1       948    2    0   15   -7   -7  -14  -12   -3  -13   -1    9   -6  -10   -2   -2   -2  -11   -8
    2    1   31    1    2   55    1    2    1      1261   -5    5    9    2   -8  -13   -4   -3  -14   -2    9   -7   -9    4    1   -5   -9   -7
    2    1   32    1    1   69    1    1    1       692   -2   -2   17   14   11   -5   16  -14   -5  -10  -12    3   12  -12   -7    2  -12   -5
    2    1   33    1    3   75    1    3    1       661   -7   -3   -3   -4   16   -8  -13   -2   -4    7   -9    4   -6   14  -14  -11    2    3
    2    1   34    5    3    3    3    3    1       455  -10    2   -2   -8   14   -7  -12   -5    1   10   -4    4   -4   17  -15  -10   -7   -6
    2    1   35    5    2    3    3    2    1       593    3    0   10    1    0  -23   -8    0  -13   -4    7   -9   -7    3    4   -6  -11   -6
    2    1   36    4    1    4    2    1    1       823  -10   -9   16   15   12   -4   13  -15   -6   -9  -15    7    9  -10   -8    2  -14   -3
    2    1   37    5    1    3    3    1    1      3972    3    0   18   20   12   -4    8  -14    1  -15  -13    3   11  -13  -15   -5  -13   -3
    2    1   38    5    2    7    3    2    1       630    0   -3   12    4   -4  -11   -7    0  -13   -3    8   -8   -9    7  -10  -12    1    5
    2    1   39    1    2   85    1    2    1      1418    3    0   10    2   -8  -14    3   -9  -14   -2    9   -7   -8    3   -1   -4   -9   -5
    2    1   40    5    3    5    3    3    1       718   -4   -4   -2    0   12   -6  -23    6   -8   10  -13   13  -13   22  -14   -7    1    3
    2    1   41    1    3    5    1    3    1      1278   -6   -4   -3   -6   13   -8  -13   -2   -4    7   -5    2   -7   15  -13  -12    0    8
    2    1   42    3    3    1    1    3    1       713   -7    1    5    4   14   -8  -12   -1   -4    7   -5    4   -7   14  -14  -11    2    2
    2    1   43    5    2    6    3    2    1      5049    3    2   12    4   -1  -23  -13    3  -24    6   19   -7   -6    2   -2   -4    0   -3
    2    1   44    5    1    6    3    1    1      2283   -2   -3   17   13   17   -2   16  -14   -6   -7  -12    2   21  -13    1    9  -13   -7
    2    1   45    4    2    2    2    2    1       893    4    0    7    1   -7  -14   -9   -2  -13   -3    7   -7   -6    2   -1   -6  -10   -5
    2    1   46    4    1    2    2    1    1       919   -3   -3   15   14   11   -5   15  -19   -6  -11  -10    3   12  -11   -1   -8  -12   -3
    2    1   47    1    2   12    1    2    1       799   11    1    9    2   -8  -14   -7   -2  -16   -4    8   -7   -8    3   -2   -5  -10   -5
    2    1   48    1    1   20    1    1    1      1853   -2   -2   16   14   12   -4   15  -14   -5  -12  -14    5   13  -13   -8    2  -12   -5
    2    1   49    5    2    1    3    3    0      3423   12   -9   10    1   -4  -10   -3    9  -13    3    8   -8   -9    2   -6    3   -6    0
    2    1   50    5    2    8    3    2    1      2433    6   -9   11    2   -5  -17   -6   -1  -13   -3   12   -8  -14    3    0   -3  -12   -8
    2    1   51    1    3   34    1    3    1       715   -6   -4   -2   -5   13   -8  -13   -2   -4    7   -5    4   -8   16  -13  -11    1    4
    2    1   52    3    2    2    1    3    0      1916    1    2    9    2   -7  -15   -6   -2  -15   -2   10   -7   -8    3   -1   -4  -10   -5
    2    1   53    4    2    6    2    2    1      2179    1    2    7    6    0   -7   -6   -3  -13   -2    9   -5   -8    1    3   -9  -10   -5
    2    1   54    1    3   45    1    3    1       729   -6   -4   -2   -5   13   -8  -14   -2   -5   11   -1   -1   -7   15   -6  -17    3    3
    2    1   55    1    1   48    1    1    1       697   -3   -3   15   14   13   -6   14  -13   -4   -9  -12    6   12  -14   -7    2  -12   -5
    2    1   56    1    3   60    1    3    1      1115   -6   -4   -2   -6   13   -8  -13   -2    4   11   -4    3   -7   15  -14  -11    7    6
    2    1   57    5    1    5    3    1    1      2410   -5    3   14   14    7   -1   14  -12  -14   -4  -16    3   11  -22   -8    3  -12   -6
    2    1   58    2    3    0    0    3    1       807   -6   -4   -2   -5   13   -8  -13   -2   -4    7   -5    3   -7   15  -14  -11    2    3
    2    1   59    1    3   67    1    3    1       785   -6   -3   -2   -5   14   -7  -13   -2   -3    7   -3    1   -8   16  -13  -13    2    3
    2    1   60    4    1    5    2    1    1       703   -4    0   15   13   13   -3   17  -14   -6  -10  -16    4   13  -12   -6    2  -11   -5
    2    1   61    1    1   73    1    1    1       593   -1   -4   17   13   11   -4   14  -12   -4  -11  -13    5   11  -12   -8    1  -11   -6
    2    1   62    4    2    3    2    2    1       873   -5    3    8    3   -8  -16   -8    0  -13   -3    9   -9   -7    2    0   -5   -9   -3
    2    1   63    4    1    3    2    1    1       595   -3   -3   17   18   11   -2   16  -12   -6  -10  -14    4   12  -14   -7    3  -13   -5
    2    1   64    5    3    8    3    3    1       730  -11   -5   -7   -1    3  -10  -12   -2    1    0   -6   -6   -3   13  -12  -12   -1    3
    2    1   65    5    3    9    3    3    1       648   -5   -5   -2   -8   13   -7  -14  -11    1   10   -7    1    0   12  -16  -15    3    3
    2    1   66    3    3    3    1    3    1       842   -5   -4   -1   -1   13   -8  -13   -2   -4    6   -5    3   -8   15  -14  -11    1    4
    2    1   67    1    2   87    1    2    1       854    6    1    9    2   -7  -15   -8   -1  -14   -2    9   -7   -8    3   -1   -3  -10   -5
    2    1   68    1    2   68    1    2    1       644    1    1    9    2   -8  -14   -6    0  -15   -1   17   -2   -6    4   -2   -5   -8   -7
    2    1   69    5    3    7    3    2    0      3689  -10    1   -4   -4    8   -9  -12    4   -3   12  -14   12   -5   15  -15  -12    5    8
    2    1   70    2    2    0    0    3    0       611    2    1    9    2   -8  -14   -7   -1  -14   -2    9   -7   -8    3   -1   -4   -9   -5
    2    1   71    5    2    5    3    3    0       982   -2    4    9    3   -6  -16   -1    8  -10    4   13   -5  -13   -2    0   -6  -12   -7
    2    1   72    1    2   34    1    2    1       524    4    2    8    2   -8  -14   -7    0   -7  -11    9   -7   -8    3    0   -4   -9   -5
    2    1   73    1    1   81    1    1    1       610   -3   -3   16   14   11   -4   15  -13   -5  -10  -13    5   12  -13   -7    1  -13   -5
    2    1   74    4    3    2    2    1    0      2807   -7   -9   -1   -4   15   -7  -13    0  -14   14   -4    4   -6   14  -15  -10    1   -2
    2    1   75    1    3   83    1    3    1      1205   -6   -4   -3   -7   13   -8  -13   -2   -3    8  -10    3   -8   15  -14  -11    1    3
    2    1   76    5    1    4    3    1    1      1071   -4    3   23   19   12   -4   14  -18   -5   -9   -5    6    8  -12   -9    0   -8   -3
    2    1   77    4    2    5    2    2    1       772   11   -9   11    4  -12  -17  -16   -5  -14   -1    9   -6   -7    2   -2   -3  -11   -7
    2    1   78    3    2    1    1    2    1       706    1    2    9    2   -8  -14   -7   -1  -13   -2   10   -7   -8    2   -2   -5   -9   -5
    2    1   79    1    2   44    1    2    1       624    2    0    9    1   -7  -12   -7   -1  -14   -1   10   -7   -7    3   -1   -4   -9   -5
    2    1   80    1    2   20    1    2    1       581    2   -2    8    1   -8  -14   -7   -1  -15   -1    9   -9   -8    3   -1   -4   -8   -4
    2    1   81    5    3    4    3    2    0      8108   -9    5   -6   -2   15   -7  -10    2   -4    6   -4    2  -10    9   -7  -15    1    4
    2    1   82    1    1   50    1    1    1       678   -2   -2   16   15   12   -3   17  -13   -4   -9  -13    5   11  -13   -6    2  -12   -5
    2    1   83    5    3    1    3    1    0      2410  -13  -11  -12   -3    8  -10  -15   -2    6   12   -4    5   -6    9  -12   -7    0    4
    2    1   84    5    2    9    3    2    1      1333    5    2   14    6   -9  -17   -5   -1  -17   -7   10   -6   -8    2    0   -5  -10    0
