    1    1    1    1    3    7    2    2    0      8096    0  -10   12   16   -6   11  -15   13   12   -4    1   12   20  -10   11   -8    8    6
    1    1    2    1    2    8    2    2    1      2301   -2   -9   -1    0   12  -18   -2   14   -4   17    5    5    0  -11   -7   15    7    0
    1    1    3    1    1    7    2    1    1      1774   10   -2   -8  -20    2    9   -1    2    1   -6    6   13   -4   15   -8  -12   -1   18
    1    1    4    1    1    9    2    3    0      3538   14   -1  -11  -13    9   12    1    2   -3   -2    5   13  -11   21   -7  -12   -9   11
    1    1    5    1    1    4    2    3    0      1057   16   -2  -14   -9    8   11    2    0    3    6    8   16   -3   16   -8  -13   -9   10
    1    1    6    1    2    4    2    2    1      7811   -1  -10   -1    2   13  -15   -2   13    2   19    3   10    6  -16   -4   14    4   -1
    1    1    7    1    3    4    2    3    1      6663   -2  -12   13   12   -6   13   -8    9    8   -5   -3   11   14  -11    5   -9   14   -3
    1    1    8    1    3    5    2    1    0     14890    4   -5   13   15   -7   11  -12   10    9   -3   -3   13   10  -12    6   -9   10    9
    1    1    9    1    3    8    2    2    0      4049    8  -15   16   11   -8   11   -9   15    2    3   -2   12    7  -12    8   -8   14    8
    1    1   10    1    1    3    2    2    0      7818   17    1  -12  -13   11   11    2   -1   -3   -1    5   15   -9   20   -9  -13   -6    9
    1    1   11    1    2    9    2    2    1      3439   -2   -8   -2    1   14  -14    0   12    6   11    0    7    4  -17   -2   11    0   -1
    1    1   12    1    3    9    2    3    1      3827    0   -5   13   13  -14   15   -9   12    9   -7   -5   13    7   -9   10    0   19   17
    1    1   13    1    2    7    2    1    0      2774   -3  -10    1   -3   16  -17    0   13   -2   17   -2    9    3  -12   -3   12    3    2
    1    1   14    1    1    6    2    1    1      5571   14    0  -11  -13   11   11    3    0   -4    1    2   16   -3   21  -13  -10  -13   16
    1    1   15    1    3    2    2    3    1      5346    0   -6   11   14   -7   11   -8    9    8   -5   -2   13    9   -8    5  -10    9    8
    1    1   16    1    2    1    2    2    1      2967    5   -7   -2    1   16  -15   -3   13    0   16    3   11    0  -12   -5   15    2   -1
    1    1   17    1    1    5    2    1    1      1661   14   -1  -15  -14   12    3    1    0   -2   -2   -4   11    2   17   -6  -10   -8    9
    1    1   18    1    3    1    2    3    1      1336    1  -16   10   11  -11    8  -15   15   11   -5   -3   13    8  -10    5   -7   11    6
    1    1   19    1    1    1    2    2    0      1711   13    3   -8  -14    6   19    0    3    7    1    5   13   -4   17   -7  -11    2    2
    1    1   20    1    2    6    2    2    1      1736   -2   -7    0    1   13  -14   -4    8   -7   11    0    9    0  -10   -3   12    5    0
    1    1   21    1    2    2    2    3    0      1248  -11    2    5   -8   17  -15   -1    6   -3   17    0    9   -3  -10   -2   11    8   -2
    1    1   22    1    3    3    2    3    1      4874    1   -7   12   14   -5   13  -10    9    9   -3   -2   12    2  -20    5   -7   10    9
    1    1   23    1    2    3    2    1    0       901   -1  -10   -1    2   15  -16   -3   12  -12   16    0    9    2  -13   -6   15    4    0
    1    1   24    1    1    2    2    1    1      5230   13    1   -9  -14   12   12    2    0    3   -8    7   22   -4   22   -6  -11  -13   13
    1    1   25    1    3    6    2    3    1      1192   -1   -7   12   14   -4    7  -10    0   14   -2   -2   12   11  -10    8  -10   10    5
    1    1   26    1    1    8    2    1    1      3542   14   -2  -11  -12   15    6   11   -5   -1   -2    5   16   -8   18   -9  -10  -10   11
    1    1   27    1    2    5    2    2    1      2085   -3   -9   -4    0   16  -15   -1   14   -3   15    2   11    2  -13    2    7   12    0
    1    2    1    1    1   15    2    1    1      5598   20   -1  -11  -12   12    9   -1    3   -9    4    4   12    0   18   -8  -12  -16    9
    1    2    2    1    2   18    2    2    1      1481   -2   -7   -2    2   14  -13    0   15   -1   17    1   10    3  -10   -6   15    3    1
    1    2    3    1    2   10    2    2    1      1034   -2  -10    0    3   17  -14    0   11   -1   14    2    9    0  -13   -7   15   -5  -10
    1    2    4    1    1   14    2    1    1      1069   17    1  -19  -12    1    4    2    2   -3    0    3   16   -3   16  -10   -9   -8    8
    1    2    5    1    2   12    2    2    1       926    2  -12    0    0   15  -14   -1   11   -3   13    1    8   -3  -16   -6   15    3   -1
    1    2    6    1    2   13    2    2    1       726    4   -2    0    3   13  -15   -3   13    0   14    3    9    1   -9  -10   15    1    0
    1    2    7    1    2   17    2    2    1       808   -1   -7   -2    0   16  -14   -2   14    0   15    3    7    2  -10   -7   15    4    2
    1    2    8    1    3   11    2    3    1       772    0   -6   10   17   -6   14   -9   10    8   -5   -6   10   11  -16    1   -4   10    5
    1    2    9    1    1   17    2    1    1      1041   17    3   -3  -16    8    9    0    0   -7   -6    3    9   -4   19   -3   -8   -8   11
    1    2   10    1    3   13    2    3    1      1909    4  -11   14   13   -8   12   -9    9    4   -1   -5   11   13  -11    7   -8    8    8
    1    2   11    1    2   11    2    2    1      1621  -10   -8   -1    0   14  -17    4   13   -4   16    0   11    3  -10   -6   15    3    1
    1    2   12    1    3   18    2    3    1      1344   -2   -5   21   21    3   14  -10   12    8   -4   -2   12   12   -9    8   -9   10    2
    1    2   13    1    2   14    2    1    0      3606   -5   -8   -5   -2   14  -13   -2   12   -3   15   -9   11    1  -10    3   10    8   -2
    1    2   14    1    3   15    2    3    1       737   -4  -11   13   16   -9   14  -11   12   10   -3   -4   14   11  -11    5   -7   11    7
    1    2   15    1    2   16    2    2    1       832   -1   -9    0    1   15  -14    1   15    3   19    3    8    3  -13   -3   15   -1   -1
    1    2   16    1    1   11    2    1    1       876   18   -4  -10  -14    8   10    0   -1   -2    0    6   13   -2   15  -15  -17   -9    9
    1    2   17    1    2   15    2    2    1       838   -2   -7   -1    0    7  -15   -4   22   -2   14    0    7    3   -9   -6   14   -7   -2
    1    2   18    1    1   16    2    2    0      2514   15   -2   -2   -5   11   11   -3    5   -1   -2    3   13   -2   15   -9  -11  -10   12
    1    2   19    1    1   12    2    1    1      2603   13   -2   -9  -13    9   10    1    2    0   -3    5   15   -5   14   -4  -12   -7   12
    1    2   20    1    3   17    2    3    1      1791    5   -6   12   15   -8   12  -12   15    9   -3   -1   12   13  -11    4   -9    5    4
    1    2   21    1    1   13    2    3    0      4277   15    0   -2  -21    9   12    3    2   -3   -2    8   10   -4   14   -9  -10   -9    8
    1    2   22    1    3   10    2    3    1      1257    8    2   16   12   -8   16  -10    9    9   -4   -4   14   14  -13    6   -7    7    8
    1    2   23    1    3   12    2    3    1      1141    1   -9   11   12   -7   11   -9   16   10   -3   -4   13   11  -10    6   -7   12    3
    1    2   24    1    1   18    2    1    1      2824   19    5  -11  -15   11   13    3    0   -3   -3    1   12   -5   14   -7  -13   -6   11
    1    2   25    1    3   14    2    3    1       915   -3   -2   11   13   -8   12  -12   15   14    4    7   19   11  -10    9   -9    9    7
    1    2   26    1    1   10    2    1    1      2347   17    1  -10  -16    8   10    1    3   -1    0    6   13   -5   19   -9  -10  -15   17
    1    2   27    1    3   16    2    3    1       843    2   -8   11   12   -5   11  -10   12   10   -6   -3   13   14  -10   10  -11    8    6
    1    3    1    1    1   22    2    3    0      1895   24    4   -9  -13   10   12    1    2    8    7    6   16   -1   16  -10   -9  -12    9
    1    3    2    1    3   22    2    3    1      3816    3   -9   14   13   -9   12  -20   12    8   -4   -1   13   17   -5    6   -9    8    9
    1    3    3    1    3   21    2    3    1      2316    0   -6   10   13   -7   14  -10    9    8   -4    0   14   10   -9    6   -6    8    7
    1    3    4    1    3   24    2    3    1      2237    1   -7   13   12   -5   13  -10    6   10   -6    1    2   13   -7    4   -6   10    6
    1    3    5    1    3   20    2    2    0      1728    0   -8   22   20   -5   11   -9   11    7   -6   -6    5   12  -10    5   -7    7   12
    1    3    6    1    3   19    2    3    1      4086    0   -5    4   11   -7   13   -8    8    8   -4   -3   11   13  -11   -1   -9   13    9
    1    3    7    1    2   20    2    1    0      3648   -8   -7   -2    3   14  -15   -6   22   -3   14    0    4    4  -12   -6   15   -5   -8
    1    3    8    1    1   26    2    2    0      4521   16    0  -10  -15    9   11    1    0   -4   -3    0   21   -2   15   -3  -11   -6   12
    1    3    9    1    1   27    2    1    1      1712   14   -2  -10  -12   13   15    0    3   -4   -2    7   13   -2   15   -8   -4   -8    9
    1    3   10    1    3   23    2    3    1       810   -4  -13   13   15   -5   10  -10   11    9   -4   -1   11   10  -11   12   -3   10    6
    1    3   11    1    1   25    2    1    1     10950   14   -1  -11  -15    8   11    1    0   -1   -2    8   15   -4   17   -8  -13   -8    9
    1    3   12    1    2   22    2    2    1      3932   -2   -7   -3    2   14  -15    4    7   -2   16    1   10    7   -5   -5   15    2    1
    1    3   13    1    2   26    2    2    1      3835   -3   -6    0    0   14  -14    0   13   -4   17    2   10    1   -9   -5   15    2    1
    1    3   14    1    2   23    2    1    0      3437   -3   -7   -2    2   10  -12   -2   13   -2   16    2    7    6  -11   -5   13    4   -1
    1    3   15    1    3   26    2    3    1      1584   -1   -7    9    9   -6   12   -9   10   10   -2   -2    6   20  -21    7  -10   10    4
    1    3   16    1    1   23    2    1    1      1965   21    4  -10  -12   19   15    0    2   -3   -1    4   15   -1   15   -7  -11   -7    9
    1    3   17    1    3   27    2    3    1       828    1   -9   14   12   -8   14  -11   17   10   -3   -5   19   11  -13    7   -9   11    8
    1    3   18    1    1   24    2    1    1       904   18   -4  -11  -15   12   12    2    1   -3   -1    3   16   -5   13   -8  -13   -7   10
    1    3   19    1    2   19    2    2    1       975    1   -8   -1    0   16  -20   -3   14    0   13    2    8    4  -12   -6   13    2    2
    1    3   20    1    2   21    2    3    0      3811    9   -4   -2    1   16  -13    0   12    3   12   -5   16    1  -11   -3   13    3   -1
    1    3   21    1    2   27    2    2    1       841    1   -8   -1   -1   16  -13    1   15    7    5    0   10    0  -10   -3   15    4   -1
    1    3   22    1    1   21    2    3    0      4932   11   -2  -11  -13   13   10    2    1   -2   -2    7   12   -1   17   -8   -9   -6    8
    1    3   23    1    2   25    2    2    1      6651    0   -8   -2    2   16  -13  -10   22   -9   19    4   11    2  -12   -4   14    3    2
    1    3   24    1    3   25    2    3    1       912   -1   -6   17    7   -5   13   -8   11    9   -6   -3   11   11  -12    7   -9   10    6
    1    3   25    1    1   20    2    1    1      1575   17   -2   -9  -12    7   11    2    3   -1   -3    5   15   -4   17   -8  -10   -3   11
    1    3   26    1    2   24    2    2    1       886   -5   -2   -1    0   17  -25   -2   14   -4   15    3    9    4  -13   -8    9    0   -5
    1    3   27    1    1   19    2    1    1      2800   14   -1   -9  -14    8   21    1   -1   -3   -3    4   15   -2   14   -6  -10  -16   19
    1    4    1    1    2   29    2    2    1       668    0   -7   -3    0   17  -13   -2   13   -3   16    1   10    2  -10   -6   15    4    0
    1    4    2    1    2   31    2    2    1      1611   -1   -6   -9    1   17  -16   -5    9   -1   16    1   11    4  -12   -3   15   -7   -4
    1    4    3    1    3   32    2    3    1      1064    2   -8   10   12   -7   11   -7   15   15  -12   -3   13   11  -12    6   -7   11    8
    1    4    4    1    2   28    2    3    0      1450    7  -15   -2    2   15  -16    1   13   -5   11    1   10    4  -13   -6   17    6   -5
    1    4    5    1    2   36    2    2    1       668   -6   -6   -2    1   15  -16   -1   12    1   14    0    9    3  -10   -5   13    2   -2
    1    4    6    1    2   33    2    2    1       574    1   -7   -2    3   13  -16    2   17   -5   22    3    9    2  -18   -4   14   -1    1
    1    4    7    1    1   34    2    1    1      2148   16   -3   -9  -12   10   12    0    1   -2   -2    5   13    7   24  -10  -10   -7    9
    1    4    8    1    3   35    2    3    1       571   -2   -8   13   17   -9   10  -12    8    8   -4   -2   14   12  -13    7   -9   11    8
    1    4    9    1    2   34    2    2    1       496   -2   -7   -2    2   17  -17    0   13   -5   20   -3   14    3  -10   -5   13    2    1
    1    4   10    1    3   36    2    3    1       697   -1   -6   13   15   -6   14  -10    9    7   -3  -13   20   12  -19    5   -7   11    6
    1    4   11    1    1   30    2    2    0      1417   13   -3    0  -10   11   11    3    1   -3    1    6   14   -4   15   -5   -8  -10    9
    1    4   12    1    3   29    2    3    1       734    0   -8   11   14   -3   16  -11   10    8   -5   -2   13   12  -12    5   -7   11    5
    1    4   13    1    3   28    2    3    1      1436   -7  -12   13   13   -5   13  -11   11    9   -1    2   13   14   -9    5  -11   12    2
    1    4   14    1    1   31    2    1    1      3282   17   -3   -9  -13    9   12    1    3   -3   -3    4   15   -3   20   -8  -10  -16    3
    1    4   15    1    3   31    2    3    1       509    9    0   11   13  -16   10  -12   10   10   -6   -3   13   13  -12   11   -4    8    8
    1    4   16    1    1   32    2    2    0      1285   15   -2   -7  -18    4    5    0    0    2   -1    6   12   -5   13   -9  -10   -8   11
    1    4   17    1    3   30    2    3    1       992    0   -8   12   14   -6    5   -9    9   10   -6   -3   13   13  -12    6   -6    9    8
    1    4   18    1    2   35    2    2    1       567    1   -8    3    2   14  -14    0   12    3   18    1    8    2  -13   -4   16   -2   -1
    1    4   19    1    3   34    2    3    1       862    0   -8   13   15   -8   12  -20   16   10   -6   -1   13   10   -9    6   -7   11    3
    1    4   20    1    2   32    2    2    1       617   -1   -7    1    5   16  -17    1   15   -5   19    0    9    1  -10   -4   16    2    1
    1    4   21    1    3   33    2    3    1       558    0   -6   11   14  -16   20   -9   10   11    0    1   16   13  -11    5   -4    9    7
    1    4   22    1    1   29    2    1    1      1061   16   -1   -9  -15   10   10    2   -1   -7    2    2   12   -4   14  -10  -10   -9   11
    1    4   23    1    1   35    2    3    0      1752   14   -3   -5  -17   11   11    0   -1   -3    0    5   13    6    8   -7  -12   -9   11
    1    4   24    1    2   30    2    2    1      2431    0   -8   -2    3   17  -17    1   15   -1   17    5    7   -3   -5  -10   12    6    5
    1    4   25    1    1   36    2    3    0      4284   13   -2  -10  -15   10   10   -3    3    2   -5    3   12   -3   17  -13  -13  -10    6
    1    4   26    1    1   33    2    3    0      1182   16   -3   -7   -3    9   10    0   -4    0    0    7   15   -1   14  -10  -10  -10   12
    1    4   27    1    1   28    2    3    0      2794   15   -2  -11  -11   10   10   -1   -1   -4   -1    2   15   -2   17   -9   -9   -6   10
    1    5    1    1    2   38    2    2    1       711   -2   -8   -5    1   13  -19   -1   14   -3   15    1   10    2  -13   -2   23    4    0
    1    5    2    1    1   44    2    3    0       889    7    6  -12  -10   11   11    1    2   -6   -1    4   15    0   17  -10  -13   -7   19
    1    5    3    1    2   45    2    2    1      1172   -1   -4   -2    2   14  -14   -5   11    8   22    4   13    0  -12   -4   13    3   -1
    1    5    4    1    3   39    2    3    1       675   -1   -5   11   13  -12   13   -8   10    8   -4   -3   13    7   -1    7   -6    9    8
    1    5    5    1    3   42    2    3    1      1589    3  -10   18    3   -9   14  -10   11    8   -5   -5   13   11  -12    6   -6   11    7
    1    5    6    1    1   40    2    2    0       820    9   -2  -18   -3   10   10    0    1   -3   -1    0   12    2   11   -5   -8    2    8
    1    5    7    1    3   40    2    3    1      1714    4   -5    9   18  -14   12  -15   14    9   -6   -3   13   10   -9    6  -10   10    6
    1    5    8    1    2   40    2    2    1      6729   -1  -10   -3    0   16  -14    7    3   -3   15    2    7   -2  -15   -5   16    9    8
    1    5    9    1    3   43    2    3    1      2138   -1   -7    7   18  -10   16  -11    8   11   -7   -1   14   10  -11    3   -6    4    1
    1    5   10    1    1   43    2    2    0      2194   13   -2   -9  -14   10   12    0    1   -2    0    4   15    0    8   -7  -13    1   10
    1    5   11    1    2   41    2    2    1       744    0   -7   -1    3   19  -10   -1   15   -4   15    2    8    2  -10   -7   13    2    1
    1    5   12    1    2   43    2    2    1      2311   -3   -8    1   -1   17  -13   -4   16    0   13    2    8    0   -9   -8   15   -6    6
    1    5   13    1    3   38    2    3    1      4425    0   -6   14   12   -7   11  -15   17   10   -5    2   11   11  -10    2   -4    8    8
    1    5   14    1    3   41    2    3    1      2947   -2   -8    9   18   -9   14  -12   12    7   -3   -4   13   14  -10    8  -10    9    9
    1    5   15    1    2   42    2    3    0      3963    0   -8   -3    3    6  -17    0   12   -3   14    1   10    4  -11  -15   21    8    0
    1    5   16    1    1   45    2    3    0      2793   15   -2  -10  -12    5   12    2    1   -4   -3    8   18   -5   14   -8  -13    2   14
    1    5   17    1    1   42    2    2    0      3687   17   -1   -8  -14    8    9   -1    2   -5    2    8   12   -1   16   -1  -18   -9    9
    1    5   18    1    3   37    2    3    1       849   -1   -7   12   12   -9   14  -12   10    7   -4  -13   16   14  -11    3   -1   10    6
    1    5   19    1    2   44    2    2    1      2875   -2   -8    0    2   16  -15   -5   17   -2   14    3    7    4  -10  -11    7    4    0
    1    5   20    1    3   45    2    3    1      2725   -2   -5    9   20   -6    8  -11   12   18    2   -4   13   11  -11    6   -9   12    7
    1    5   21    1    2   39    2    3    0      3395   -2  -10    0    0   12  -14    1   14   -4   13    2    2    6   -2   -8   19    2   -2
    1    5   22    1    1   41    2    1    1      1351   14   -8   -9  -15   19   15    1    0   -1    4    3   15   -2   15  -16  -20   -9    8
    1    5   23    1    1   39    2    1    1      2464    7    5   -8  -14    5   10    2    1   -3   -3    7   13   -4   11   -7   -9   -6   12
    1    5   24    1    2   37    2    2    1       716   -1   -7   -1   -1   14  -16    1   14   -2   17    0   16    1  -13   -5   12    4   -4
    1    5   25    1    1   37    2    3    0      2972   16   -2   -1   -4    5    4    3    3    7   -1    0   10   -1   13   -7  -11   -7    9
    1    5   26    1    1   38    2    2    0      1588   14   -2  -12  -11   11   11    1    2   -3   -1    1   13   -3   16   -8  -12  -17    0
    1    5   27    1    3   44    2    3    1      3059   -1   -6   10   13   -6   12   -8   10    9   -4   -2   12   12  -12    7   -9    7   -3
    1    6    1    1    3   50    2    3    1       837   -1   -9   11   13   -6   11   -8    9   10   -3   -2   13   13  -12    6  -10   10    8
    1    6    2    1    3   54    2    3    1       623    0   -8   11   13   -8   13  -11   11   11   -4   -4   10   10  -10    9   -5    9    8
    1    6    3    1    2   47    2    1    0      1554    0   -9   -4    0   14  -15    6    7   -3   15    1   10    1  -13   -6   14    8    9
    1    6    4    1    1   47    2    1    1       689   21   -9  -10  -14   12   11    0    1    0    6    5   15    1   14   -8  -10   -8   11
    1    6    5    1    2   53    2    2    1       562    1   -9    1   -1   13  -17    7   20   -3   14    1    8   -1  -11  -10   18    5   -1
    1    6    6    1    1   54    2    1    1      1496   14   -1  -12  -15   10    8    3    1   -3    0   12   12    1   18   -8  -10  -16   11
    1    6    7    1    1   53    2    1    1       841   14    1  -11  -15    9   10    1   -2   -2   -3    4   16   -3   14   -6  -12  -10    9
    1    6    8    1    2   50    2    3    0       627    0  -10  -10   -3   15  -16  -11    8   -1   14    3   10    3  -10   -6   14    4   -1
    1    6    9    1    1   52    2    1    1      2053   16    1   -9  -14    9   10    0    0   -6    1    5   13   -3   13  -11  -11   -8    8
    1    6   10    1    3   51    2    3    1      1616   -1   -8    2   15   -6   10  -13   15   13  -10   -3   13   11  -11    9  -12   10    8
    1    6   11    1    3   49    2    3    1      1357   -2   -5   13   13   -9   11  -13    9    9   -3   -2   12   10  -11    7  -10    4   -2
    1    6   12    1    3   46    2    3    1      1332    0   -8   10   15   -8   13   -7    7    9   -6   -2   11   10  -11    4  -11   10    9
    1    6   13    1    3   47    2    3    1       844    3   -7   13   13   -5   12   -9   12   17   -6   -3   13   20   -5    6   -3   11    7
    1    6   14    1    1   46    2    1    1      1143   13   -4  -11  -14    5   14    2    0   -2   -2    6   12   -1   17   -8  -12   -9   11
    1    6   15    1    3   53    2    3    1       615    1   -8   11   11  -12    5  -10   12    9   -4   -5   11   11   -9   -2  -10    8    5
    1    6   16    1    2   46    2    2    1       570    1   -7   -2   -2   14  -15   -1   11    0   13    2    9   -5   -4   -9   10    4   -1
    1    6   17    1    2   48    2    3    0      2001   -3   -9    8    7   17  -15    9   12   -3   13   -4    7   -2   -7   -6   12    4   -1
    1    6   18    1    1   49    2    1    1       652   13   -1  -14  -17   18    6    0    2   -9   -2   -5   17   -4   15  -11  -11   -7    9
    1    6   19    1    2   51    2    2    1       720    0   -6  -11    7   16  -15    0   15    3   19    0   10    2  -13   -4   13    4    2
    1    6   20    1    1   48    2    1    1       896   16    0  -10  -12   10   12   -1    2   -3    0    7   13   -8   16  -12  -11   -7    8
    1    6   21    1    2   52    2    2    1       777   -2   -8   -1    0   14  -14    0   13   -2   14    3   10    1  -10   -6   14    7    0
    1    6   22    1    1   50    2    1    1      2968   16   -1  -12  -11    8   10   -1   -1   -2   -3    6   13    2   19   -8  -10  -10   11
    1    6   23    1    2   49    2    2    1       973   -5  -11    0    0   17  -13   -3   12    3   22    0   10   -4  -19   -3   16    1    5
    1    6   24    1    3   48    2    3    1      1329   -1   -7   12   12   -7   13   -9    8    7   -3    6   16   10  -11    4   -7    8    9
    1    6   25    1    3   52    2    3    1      3017   -1   -7   14   12  -17   15  -10   15   13   -1   -4   11    5  -19   14   -7   10    8
    1    6   26    1    2   54    2    2    1       764   -1   -9   -2    0   14  -14    1   12   -3   16    0   10    4  -11   -6   14    1    6
    1    6   27    1    1   51    2    1    1      2012   13    1  -14   -8    8   13    2    1   -3   -2    4   16   -1   15   -9  -11   -7   12
    1    7    1    1    1   61    2    3    0      1722   16   -2  -11  -13   14    6    4   -7   -3    0    7   13   -4   17   -8  -10  -15   16
    1    7    2    1    3   63    2    3    1      1539   -1   -7   11   15  -15    2  -11   11    9   -4   -6    7   13  -12    4   -8    6    8
    1    7    3    1    1   59    2    1    1      1171   24   -3  -10  -12    9    9   -1   -1   -4   -3    4   15   -4   14   -8   -9   -2   20
    1    7    4    1    3   58    2    3    1      2242   -1   -6   13   14  -11   11   -9    8    8   -5   -6   11   12  -12    6   -7   12    5
    1    7    5    1    2   61    2    2    1       837    0   -8    0    3   17  -16    0   12   -3   16    1   10   -1  -12   -6   15    5   -2
    1    7    6    1    3   57    2    3    1       705   -4   -4   13   13   -7   13  -17   12   13   -9   -4   12   14  -12   11   -3   10    8
    1    7    7    1    1   58    2    1    1       959   16   -4  -12  -14    8   11    1    2   -4    1    6   14    2   16   -9  -10   -6    9
    1    7    8    1    1   63    2    1    1      3750   13    1  -10  -21   12   11    6    5   -2    1    5   16   -1   15   -7  -12   -7   12
    1    7    9    1    1   56    2    1    1      1100   21    1  -12  -13    9    4   -5    4   -1    0   -4   16   -3   14   -8  -13   -7   10
    1    7   10    1    3   56    2    3    1      1244   -1   -9   11   14   -8   13   -8    8    7   -5   -2   10   11   -9    5   -8    9    8
    1    7   11    1    1   62    2    1    1      2438   16   -2   -5   -9    9   11    1    5    1  -11    6   13   -3   14   -7  -12   -5   11
    1    7   12    1    3   55    2    3    1      1122    1   -5   14   14   -6   10  -12    9   11   -7   -5    8   12  -12    5  -10   10    6
    1    7   13    1    2   58    2    2    1       785    0   -8   -1   -6   16  -17    0   13   -2   17    1    7    2  -13   -7   13   -3    5
    1    7   14    1    1   55    2    1    1       736   14    2  -11  -13    9   11    0    7   -2    0    4   13   -2   15   -7  -12   -7   12
    1    7   15    1    1   60    2    1    1       767   14   -3  -11  -12    9   10    3   -1   -1    1    4   14   -2   16   -7  -11   -7    9
    1    7   16    1    2   60    2    2    1       860    0   -8    6    0    9  -23    2    6   -4   16    0    7   -7  -14   -7   16    0   -3
    1    7   17    1    3   60    2    3    1      1030    1   -8   13   12   -5   10  -12    8   10   -3  -10   18   13  -11    7   -8    9    9
    1    7   18    1    2   59    2    2    1       744    1    0   -2    1    6  -11   -1   14   -3   11    3    9    3  -12   -4   14    2    3
    1    7   19    1    3   62    2    3    1      1063   -5  -14   11   14   -6   11  -12   12    7   -6   -4   14   11  -12    5   -7    9    8
    1    7   20    1    3   59    2    3    1      1241   -1  -16   20   12   -9   12   -9    9    7   -4   -4   12   13  -11    6  -10   12    9
    1    7   21    1    2   55    2    2    1      2772    0   -8   -3    2   13  -16    0   13    4   12    3    9    6  -15  -14   19    1    2
    1    7   22    1    2   57    2    2    1       963   -3   -9    0    3   17  -16   -3   12   -1   14    2   11    3  -12   -9   10    4   -1
    1    7   23    1    2   62    2    2    1      1049   -1  -10    5   -9   16  -16    2   13   -1   11    2    8    3  -10   -5   13    7   -2
    1    7   24    1    2   56    2    2    1       701   -2   -8    1   -1   15  -14    1   12   -1   14    3   10    3  -10   -5   16    2    2
    1    7   25    1    1   57    2    1    1      2431   15   -2  -15  -20   11   11    9   -9    0   -2    0   11  -12   23   -7   -9  -15   20
    1    7   26    1    3   61    2    3    1      1069    1   -1   12   15   -8   11  -13   10    8   -4   -4   10   12  -12    8   -8    5   13
    1    7   27    1    2   63    2    2    1      4047   -6   -7    5   -2   14  -17   -2   14   -3   16    3   11    8  -18   -6   13    3   -1
    1    8    1    1    2   68    2    2    1       556    1   -7   -2    0   14  -19    1   13   -6    7    1    7    0  -11   -5   15    5   -3
    1    8    2    1    1   68    2    1    1      2132   11   -1  -12  -11   12   12   -1    2   -9    9    4   13   -1   15   -9   -6  -10   12
    1    8    3    1    3   68    2    3    1       925    1   -7   14   11   -7   13   -2   11    9   -4   -4   13   12  -10    6  -10    2   17
    1    8    4    1    1   70    2    3    0      4230   14    0  -17   -8   12   11    1    2   -1   -3    9    4   -4   12   -8   -1    2   16
    1    8    5    1    1   66    2    1    1       905   16    0  -12  -13    5   14   -4    5   -4    0    0   14  -10   24   -8  -13   -9   11
    1    8    6    1    3   66    2    3    1       866   -3   -3   15    9  -10   17  -11   10   10   -5   -4   11   10  -10    7   -8   11    7
    1    8    7    1    3   65    2    3    1      1132   -5  -13   12   11   -9   13  -12    9   11  -13   -2   12   11   -9    5  -12   10    6
    1    8    8    1    1   67    2    1    1      1564   14   -2  -11  -12   12   11    3    0   -1   -1    4   14   -3   14   -9  -11   -8    9
    1    8    9    1    3   70    2    3    1       907    1   -8   13   11   -8   13  -12    9   11   -7    5   19   14   -9    5   -6    9    7
    1    8   10    1    2   66    2    2    1       676    2   -9    1   -1   14  -16   -1   12   -7   12    0   10    0  -11   -4   12    2    2
    1    8   11    1    1   69    2    1    1      1318   15   -2  -10  -14    8   10   -1   -1   -4   -4    7   13   -4   16   -9  -11   -6    9
    1    8   12    1    2   65    2    2    1       640   -1   -9   -2    1   16  -15    1   12   -4   17   -3    6    2   -9  -10   19    4    1
    1    8   13    1    3   67    2    3    1       676   -2   -6   11   14   -8   11  -13    6    8   -5   -9   19    7  -15    7  -10    4    7
    1    8   14    1    2   70    2    2    1       548   -1   -9   -2    2   15  -13    0   13  -10    7   -3   16    1  -11   -9   19   -3   -1
    1    8   15    1    1   71    2    1    1      2220   22    5  -20  -18    8   13    2    0   -1    0    5   15   -4   15   -7  -13   -8    9
    1    8   16    1    3   72    2    3    1       913   -1   -6   13   12  -11    8   -8   11    9   -6   -4   14   11  -11    7   -9    8    7
    1    8   17    1    1   65    2    1    1       665   16   -1   -8  -15    9   19   -5   -6   -7    8    5   15   -4   18   -7  -12   -8    6
    1    8   18    1    3   69    2    3    1       668   -8   -6   10   14   -8   14  -13   15   10   -7   -4   12   11  -10    5   -7    9    8
    1    8   19    1    3   71    2    3    1      1024    1   -4   13   13   -2   15   -8   10   11   -3   -3   10   13   -2    8   -9   10    3
    1    8   20    1    2   72    2    2    1       664   -4  -10   -3    3   16  -13   -1   14   -3   16    4   13    3  -12   -9   19    5    2
    1    8   21    1    1   64    2    1    1      1626   15    0  -11  -14    9   10    1   -1   -4   -2    6   14   -5   20   -7  -12   -7   11
    1    8   22    1    2   69    2    2    1       663   -9  -18   -2    2   17  -15   -1   14   -3   13    2    8    1  -12   -6   15    4    0
    1    8   23    1    2   67    2    2    1       490   -1   -9   -6   -1   17  -14   -2   14   -3   16    1    8    3   -9   -3   12    4   -1
    1    8   24    1    1   72    2    1    1       708   16   -3  -11  -15    9   16   -1    1   -3   -2    5   13   -2   17   -7  -11   -5   20
    1    8   25    1    2   64    2    2    1       630    0   -9   -4    3   17  -24    2    8   -3   15    3   11   -2  -15   -4   13    4    5
    1    8   26    1    2   71    2    2    1      1020   -8   -3   -1    0   15  -13    1   14  -10   16    2   10    1  -11   -4   14    5   -1
    1    8   27    1    3   64    2    3    1       897    1   -9   14   12   -9   13  -10    8    5   -7   -2   10   10   -9    6   -9   11    6
    1    9    1    1    2   74    2    2    1       538   -1   -9    0    1   14   -5    0   12   -7   18   -1   10   -2  -15   -6   12    3   -2
    1    9    2    1    2   78    2    2    1       483    0   -8   -4    5   14  -17   -2   10   -1   17    3    7    3  -12   -5   15    2    1
    1    9    3    1    3   76    2    3    1       766    1   -8    6   18   -6   12  -11    8    4   -3   -1   10   12   -9    8   -9   10    6
    1    9    4    1    3   73    2    3    1       652    1   -7   17    5   -3    8   -9    8   10   -5    1   13   14  -13    4   -6   10    5
    1    9    5    1    1   73    2    2    0      1040   13    0  -11  -12   10   12    1    2    0   -2   -1   11   -3   16  -13  -17   -7   10
    1    9    6    1    1   80    2    1    1      1829   17   -3  -12  -15    8    6    0    0   -2   -2    3   14   -4   16   -6  -11   -7    8
    1    9    7    1    3   81    2    3    1       522   -1   -9    2    8  -10    9  -20   19    8   -7   -4   13    4  -18    7  -10   11    6
    1    9    8    1    1   77    2    1    1       564   14   -1  -11  -13   18    3   -5    3   -8    3   -4    9   -4   15   -9  -12   -6    8
    1    9    9    1    3   78    2    3    1      2300   -1   -6   12   12   -5   12  -10    9   11   -5   -2   14    8   -9    6   -3    0    7
    1    9   10    1    3   80    2    3    1       541    1   -7    9   18   -9   11  -14   15    8   -6   -1   12   11  -11    4   -8   12    6
    1    9   11    1    2   73    2    3    0       742    0   -8    3   -1   13  -14   -3   15   -2   13    8    2    2  -13   -6   13    9   -7
    1    9   12    1    2   75    2    2    1       535   -1   -9    1    0   17  -16   -1   12   -2   17   -1    9    3   -9  -12    4    4    0
    1    9   13    1    2   79    2    2    1       896    3   -6   -1    2   10  -16   -2   14   -2   18    1    5   -3  -18   -6    9    4    2
    1    9   14    1    3   75    2    3    1       841   -1   -8   12   17   -9    2   -9   11    9   -4   -1   15    9   -8    4   -9   12    6
    1    9   15    1    1   81    2    1    1      4693   14   -1   -9  -13    6   15    1    2    0   -1    5   13   -4   13   -7  -11   -2    3
    1    9   16    1    1   78    2    1    1       856   17    0   -9  -16   11   11   -2    6   -2    0    6   13   -7   17  -15  -11   -7    9
    1    9   17    1    1   76    2    1    1      1444   17   -2  -11  -13   17   20    1   -1    2    2    6   13   -4   18   -8  -12   -9    8
    1    9   18    1    3   74    2    3    1       553    1   -8    2   22   -6   14   -9    9    7   -4   -4   12   13  -11    9   -7   10    6
    1    9   19    1    3   79    2    3    1       705   -7    0   11   15   -8   14  -10    9    9   -7   -3   13   11   -9    7   -6   20   -2
    1    9   20    1    1   75    2    1    1      1315   17   -1  -10  -14   12   11    3    3    1    2    4   13   -2   13   -9   -9   -8    9
    1    9   21    1    3   77    2    3    1       635    0   -8   13   14   -6    8  -12    9    8   -5   -3   13   13  -11    5   -7    8    9
    1    9   22    1    1   74    2    1    1      1216   13    0  -10  -12    9   12   -6   10   -3   -1    4   14   -4   16  -11  -18    1    5
    1    9   23    1    2   81    2    2    1       539   -1   -9   -1    3   15  -13    0   14   -3   16    1    8    1  -11   -4   14    2    1
    1    9   24    1    2   80    2    2    1       549   -3   -7   -2    2   16  -16    2    9    3   17   -1   11    1  -11   -4   15    2   -1
    1    9   25    1    2   76    2    2    1       717    2  -18   -1    3   15  -17    3   17   -3   15    1    7    3  -11   -5   12    2    0
    1    9   26    1    1   79    2    1    1      1295   15   -5  -12  -11    9   12    2    2   -2    1    6   14  -13    5   -7  -13   -7   10
    1    9   27    1    2   77    2    2    1       761   -2   -7    1    2   20  -16    1   13   -1   14    2   10    0  -12   -4   14    6    3
    1   10    1    1    1   89    2    1    1       809   16   -2  -20  -21    0   13   -3    1   -4   -1    7   12   -3   17  -13  -11   -8   11
    1   10    2    1    2   87    2    3    0      1079   -1   -7  -11    8   16  -17   -3   20    6   21   -1    8   10   -7   -3   16    5    0
    1   10    3    1    2   83    2    2    1       808   -3  -10    0    0   14  -14   -1   15   -6   13    2    8    3  -10  -10    6    4    1
    1   10    4    1    1   82    2    1    1      1014   16   -3  -10  -12   11   11    4    2  -12   -5    3   14   -5   17  -12  -16   -9   11
    1   10    5    1    3   87    2    3    1       923    1   -8   14   15   -9   11  -12   10    7    0   -2   12   14  -12    5   -9    8    6
    1   10    6    1    1   85    2    1    1       980   16   -3   -9  -13    9   12    0   -1    5   -3    6   13   -4   13   -9   -9   -6    8
    1   10    7    1    1   84    2    1    1       778   10    4  -11  -13   12   10    9   -8   -1    1    8    8  -10    8   -9  -11   -6   13
    1   10    8    1    2   88    2    2    1       585   -3   -6   -2   -1   14  -17    0   12    0   15    2   11    6   -9   -6   14    0   -8
    1   10    9    1    1   83    2    1    1       686   14    0  -11  -11   11   10   -1    3   -3   -1    4   14   -5   15   -7  -11  -10   11
    1   10   10    1    2   85    2    2    1       897    4  -12  -11    2   16  -17    1   15    3   17    1    7   -4  -16   -4   14    2    1
    1   10   11    1    2   84    2    2    1      1292   -8   -9   -2    0   14  -16  -10    6    2   17    0   10   -3   -9   -5   15    3   -2
    1   10   12    1    3   89    2    3    1       566    0   -9   14   12  -16   21   -9   11   11   -7   -3    7   14  -10    4   -6    4    0
    1   10   13    1    1   87    2    1    1       827   16   -1   -6  -17   18   21    0    1   -4   -1    6   13   -2   15   -7  -10   -6   11
    1   10   14    1    1   90    2    1    1       982   19    4  -12  -11   11   13   -3    6   -3   -2    6   16   -5   15  -10  -12   -7   10
    1   10   15    1    1   86    2    1    1       795   13   -8  -12  -11   12   12    2    1   -2  -10    2   15   -4   16  -10  -10   -8    9
    1   10   16    1    3   82    2    3    1       808    1   -6   12   15   -2   10   -8   11    8   -6   -5   10   13   -9   -2    1   10    6
    1   10   17    1    3   86    2    3    1       660   -3  -10   12   12   -9   14   -9   10    7   -3   -3   11    2   -6   10  -13   11    8
    1   10   18    1    3   84    2    3    1       822   -1   -9   13   13   -7    7  -11   11   16   -1   -2   11   11  -18    6   -9   10    6
    1   10   19    1    3   85    2    3    1       801   -1   -7   19    4  -17    5   -8   10   10    4   -4   12   11  -16    8   -8    9    8
    1   10   20    1    3   83    2    3    1       621    1   -7    7   15   -6   13  -11    8    9   -3   -3    7   12  -10    8   -9   14    4
    1   10   21    1    3   88    2    3    1       769    2   -8   11   14   -6   13   -8    5    8   -6   -1   10   14   -9    4   -9   11    9
    1   10   22    1    2   89    2    2    1       653    1  -10   -1    2   24  -25    1   12   -1   15    2    9    4  -10   -3   14    3    2
    1   10   23    1    2   82    2    2    1       560   -2   -8   -2    2   15  -14    0   12   -3   15    6   12    1  -10   -7   16    4    0
    1   10   24    1    1   88    2    1    1       743   21    6  -13  -23   10   10    0    4   -2    0    3   14    3   22   -5  -16   -6    8
    1   10   25    1    2   86    2    3    0      1096   -5  -13   -1    0   16  -15    4   13   -3   16   10    7    3  -13    5    8    1    2
    1   10   26    1    2   90    2    2    1       506    1   -3   -2    2   11  -12    1   11    5   13    0    8    1  -12   -3   15    5   -2
    1   10   27    1    3   90    2    3    1       612   -1   -7   14   13   -7    9  -10   11   14   -4   -3   13   13  -11    6  -10    8    6
    2    1    1    1    1   59    2    1    1      2603   24   -3  -10  -12    9    9   -1   -1   -4   -3    4   15   -4   14   -8   -9   -2   20
    2    1    2    1    1   73    2    2    0      3200   13    0  -11  -12   10   12    1    2    0   -2   -1   11   -3   16  -13  -17   -7   10
    2    1    3    5    2    9    3    2    1       573    0   -7    0    0   11  -24   -7   19    0   11   -2    7    3  -12   -5   13    3    9
    2    1    4    1    2   77    2    2    1       549   -2   -7    1    2   20  -16    1   13   -1   14    2   10    0  -12   -4   14    6    3
    2    1    5    4    1    3    2    1    1      1228   10    1   -9  -13   10   12    2    0   -1   -2    6   14   -2   16   -7  -11   -9   10
    2    1    6    2    3    0    0    3    1       618    0   -7   12   13   -7   12  -10   10    9   -5   -3   12   12  -11    6   -8   10    7
    2    1    7    1    3   43    2    3    1       494   -1   -7    7   18  -10   16  -11    8   11   -7   -1   14   10  -11    3   -6    4    1
    2    1    8    2    2    0    0    2    1       599   -1   -8   -1    1   15  -15   -1   13   -2   15    1    9    2  -11   -5   14    3    0
    2    1    9    5    2    1    3    2    1      1565  -11   -2   -1    2   16  -13    0   11    2   20    4    5    3  -14   -5   15    2    2
    2    1   10    3    3    1    1    3    1       541   -1   -7   13   13   -7   12  -10   11    8   -5   -2   12   12  -11    5   -8   10    7
    2    1   11    3    1    3    1    1    1       884   16   -1  -11  -13    9   11    2    2   -3    2    5   14   -3   15  -10   -9   -8    9
    2    1   12    5    3    9    3    3    1       575   -5   -8   12   10  -14   15  -11   10   10   -6   -6   13    3  -21    7  -15   11    5
    2    1   13    1    1   43    2    2    0      1221   13   -2   -9  -14   10   12    0    1   -2    0    4   15    0    8   -7  -13    1   10
    2    1   14    1    1   44    2    3    0      2035    7    6  -12  -10   11   11    1    2   -6   -1    4   15    0   17  -10  -13   -7   19
    2    1   15    4    3    5    2    3    1       750   -1   -6   12   14   -7   14  -11    8    9   -6   -2   14   12  -10   13    0    8    9
    2    1   16    1    3   63    2    3    1       651   -1   -7   11   15  -15    2  -11   11    9   -4   -6    7   13  -12    4   -8    6    8
    2    1   17    1    2   73    2    3    0       637    0   -8    3   -1   13  -14   -3   15   -2   13    8    2    2  -13   -6   13    9   -7
    2    1   18    4    3    4    2    3    1       945    0   -6   13   12   -7   13   -9    8    7   -7   -4   11   13  -12    4   -8   10    9
    2    1   19    4    1    6    2    1    1      1720    5  -11  -11  -13   11    9    2    0   -3    0    4   12   -3   14   -6  -13  -10   12
    2    1   20    4    2    6    2    2    1       959    0   -8    1    1   13  -15    0   12   -4   19    4   18    3   -9   -8   13    2   -1
    2    1   21    4    2    2    2    2    1      1383   -2   -9    0    8   19  -16   -2   13   -8   23   -1   10    1  -11   -5   12    3    2
    2    1   22    5    1    5    3    3    0      1372   15    1   -7   -3   11   14    6    0   -1   -9    7   16    1   13   -6  -10   -8   11
    2    1   23    1    2   18    2    2    1       690   -2   -7   -2    2   14  -13    0   15   -1   17    1   10    3  -10   -6   15    3    1
    2    1   24    5    2    2    3    2    1      1140   -2   -6    4    3   17  -16    1    6   -1   14    2    9   -8   -6   -7   17    1    2
    2    1   25    5    1    8    3    1    1       929   16   -1  -11  -13   10   10    1    2    2   -3   12   13  -12   19  -15  -16   -8   13
    2    1   26    4    1    1    2    1    1       553   14    0  -11  -12   10   10   -7   -9   -6    4    5   13   -4   14   -9  -10  -10   10
    2    1   27    1    3   73    2    3    1       687    1   -7   17    5   -3    8   -9    8   10   -5    1   13   14  -13    4   -6   10    5
    2    1   28    1    1   11    2    1    1      1200   18   -4  -10  -14    8   10    0   -1   -2    0    6   13   -2   15  -15  -17   -9    9
    2    1   29    1    3   40    2    3    1       624    4   -5    9   18  -14   12  -15   14    9   -6   -3   13   10   -9    6  -10   10    6
    2    1   30    5    3    4    3    3    1      1221   -2    3   12   14  -17   11  -10    9   16    2   -1   13    6  -14    2   -7   11    7
    2    1   31    4    1    5    2    2    0      3234   14   -2   -9  -13    8   11    1    3   -2    0    0   16   -3    5   -7   -3  -10   10
    2    1   32    5    3    8    3    3    1       910    2    3    7   12   -6   11   -7    5   15    0   -1   10   14  -13   -1   -5   20   -3
    2    1   33    1    3   78    2    3    1      2262   -1   -6   12   12   -5   12  -10    9   11   -5   -2   14    8   -9    6   -3    0    7
    2    1   34    4    2    3    2    2    1      1337   -5   -8    2   -7   17  -15    0   13   -2   14    6   11    4  -10   -4   13   -5   -2
    2    1   35    5    2    4    3    2    1      1713    0   -8    3    0   16  -15   -8   14   -2   12    3   11   12  -17   -2   22   13  -10
    2    1   36    5    1    4    3    2    0      1483    5   -6   -9  -13   11   11    2    0   -1   -1    4   17    4    8   -1  -18  -16    9
    2    1   37    1    1   51    2    1    1      1356   13    1  -14   -8    8   13    2    1   -3   -2    4   16   -1   15   -9  -11   -7   12
    2    1   38    5    1    6    3    2    0      1107   15    0   -5   -6    8   17    4   10   -1    0    0   23   -4   16   -7  -12   -9   11
    2    1   39    5    3    5    3    3    1      3700    1   -7   12   14  -12    8  -12   15   12    0   -2    2   20  -14    5  -13    1    3
    2    1   40    3    3    2    1    3    1       700   -1   -6   12   14   -8   12  -10   10    8   -5    0   10   12  -11    6   -8   10    7
    2    1   41    4    3    6    2    3    1      1246   -1   -5   10   15  -12    9  -18   10    8   -4   -5   11   11  -14    4   -7   13    9
    2    1   42    3    2    2    1    2    1       678   -1   -8    0    2   16  -15    3    5   -2   15    0    8    2  -10   -5   15    3    0
    2    1   43    4    3    3    2    3    1      5513   -1   -6    8   16   -8   12  -12   14    9   -6   -6    6   12  -10    3   -8   10    6
    2    1   44    5    3    7    3    3    1      3881   -5  -15   16    9   -7    6  -11    7    7   -9   -2   11    9  -16   -1  -16    7    0
    2    1   45    5    1    1    3    2    0      1562    5   -9   -2   -4    6   13   -5   -7    1    9    4   14    2   17   -4  -19   -8   11
    2    1   46    5    2    8    3    2    1       807    3   -2   -3   10   15  -17    1    8   -7   14    4   17   -4   -1   -5    9    5   10
    2    1   47    3    1    2    1    1    1      1300   15   -1  -10  -14   11    7    0    0   -2   -1    2    8   -3   14   -8  -11   -8   10
    2    1   48    1    2   85    2    2    1       685    4  -12  -11    2   16  -17    1   15    3   17    1    7   -4  -16   -4   14    2    1
    2    1   49    5    3    1    3    2    0      3455   -2   -6    9   17    1   11   -3    5    7   -5   -4   12   17  -14    1  -10   10    8
    2    1   50    3    3    3    1    3    1       756    0   -8    8    6   -9   14  -11   10   13   -7   -3   12   12  -11    6   -8   11    6
    2    1   51    5    3    3    3    3    1       612   -1   -6    8    9   -6    7   -3    7   10   -6    2    9   16  -15   13  -13   12    5
    2    1   52    5    2    7    3    2    1       679   -2   -7   -3    3   23  -22   -2   12    2   24    3    8    2   -5   -6   14   11    0
    2    1   53    5    1    3    3    3    0      3130   12    7  -12   -3    8    7   -1    1    8  -11    4   11   -8   20   -9  -11   -1    4
    2    1   54    3    2    1    1    2    1       807    0   -9    9    6   16  -15   -1   13   -2   16    1    9    2  -11  -15   23    4   -1
    2    1   55    3    2    3    1    2    1       752   -1   -8   -1    1   15  -16   -1   13   -2   15    1    9    1  -10   -5   14    3    0
    2    1   56    1    1    4    2    1    1      1166   16   -2  -14   -9    8   11    2    0    3    6    8   16   -3   16   -8  -13   -9   10
    2    1   57    1    3   26    2    3    1      2060   -1   -7    9    9   -6   12   -9   10   10   -2   -2    6   20  -21    7  -10   10    4
    2    1   58    1    3   57    2    3    1       724   -4   -4   13   13   -7   13  -17   12   13   -9   -4   12   14  -12   11   -3   10    8
    2    1   59    5    2    5    3    2    1      3493   -2  -13   -6   -4   22  -20    5    5   -3   15   -7   11    2   -8   -9    7    4   -2
    2    1   60    4    3    1    2    3    1      2215    0   -6   11   14   -8   10  -11   10    9  -10   -5   11   14  -12    5   -8   11    6
    2    1   61    5    3    2    3    3    1       827   10   -2   10   15   -8   12  -12    9    1    0   -6    7   12   -9   11  -18    9    6
    2    1   62    1    2   33    2    2    1       596    1   -7   -2    3   13  -16    2   17   -5   22    3    9    2  -18   -4   14   -1    1
    2    1   63    5    1    2    3    1    1      1130   13   -2   -7   -6    9   12    4   -1    0   -2    9   17    1   20   -8  -12   -9   10
    2    1   64    4    2    5    2    2    1       745    6   -6   -2    1   14  -17   -2   13   -1   17    0    9    6  -15   -8   12    1   -2
    2    1   65    5    2    6    3    2    1       935   -2   -7   -5    4   23  -19  -11   22  -12   24    1   11    1  -17  -12    6   -1    0
    2    1   66    2    1    0    0    1    1       686   15   -1  -10  -13   10   11    1    1   -2   -1    5   14   -3   15   -8  -11   -8   10
    2    1   67    1    2   84    2    2    1      1023   -8   -9   -2    0   14  -16  -10    6    2   17    0   10   -3   -9   -5   15    3   -2
    2    1   68    3    1    1    1    1    1       900   15   -1  -11  -13   10   11    1    0   -3   -1    5   14   -4   14   -8  -12   -7    9
    2    1   69    5    1    7    3    1    1       827   14   -1  -15  -18    5   20   -3   11   -2   -7    7   12    5    9  -10   -7   -8    9
    2    1   70    1    3   59    2    3    1       921   -1  -16   20   12   -9   12   -9    9    7   -4   -4   12   13  -11    6  -10   12    9
    2    1   71    4    1    4    2    1    1       799   13   -3   -6  -11   12   10    2    0   -2    1    0   11   -3   17   -7  -13   -9   10
    2    1   72    1    1   18    2    1    1       603   19    5  -11  -15   11   13    3    0   -3   -3    1   12   -5   14   -7  -13   -6   11
    2    1   73    4    2    4    2    2    1      1007    1   -6    9   -7    8  -15   -3   14    0   16    0   10    1  -12   -6   12    3   -2
    2    1   74    5    2    3    3    2    1       818    9   -2   -1    0   16  -15    1   12   -2   17   -2   12    3   -9   -7   14    2    3
    2    1   75    5    3    6    3    3    1       845    1   -5    8   23   -8   12  -12    3   10   -6   -3   14   10   -9    5   -7   11    8
    2    1   76    1    2   52    2    2    1       615   -2   -8   -1    0   14  -14    0   13   -2   14    3   10    1  -10   -6   14    7    0
    2    1   77    4    1    2    2    3    0      5162   18   -7  -12  -11   10   10    3   -2   -8   -9    5   12    1   12   -5  -21  -10   10
    2    1   78    1    2   17    2    2    1       776   -1   -7   -2    0   16  -14   -2   14    0   15    3    7    2  -10   -7   15    4    2
    2    1   79    1    2   65    2    2    1       535   -1   -9   -2    1   16  -15    1   12   -4   17   -3    6    2   -9  -10   19    4    1
    2    1   80    4    2    1    2    2    1       557   -1   -7    1    3   14  -16    0   13   -4   15    2    9    0  -21   -2    9    2    1
    2    1   81    1    1   30    2    3    0      1684   13   -3    0  -10   11   11    3    1   -3    1    6   14   -4   15   -5   -8  -10    9
    2    1   82    4    3    2    2    3    1       733    0   -8   15   15   -5   12   -9   11    9   -6    7   16   12  -13    6   -5   10    8
    2    1   83    1    3   38    2    3    1      1564    0   -6   14   12   -7   11  -15   17   10   -5    2   11   11  -10    2   -4    8    8
    2    1   84    5    1    9    3    1    1       586   10   -1  -12  -14   14   19   -3   -1   -3    9    7   14   -2   14   -7  -12   -7   15
