    1    1    1    1    3    8    1    1    0      5349   -7  -14   -7  -11    0   -7   -2  -10   13  -13  -10    6   -9   12  -10  -12    8    3
    1    1    2    1    3    2    1    3    1      2504   -8  -14   -7  -10   -1   -7    1   -8   13  -14  -11    7   -9   13  -10  -11    9    1
    1    1    3    1    3    3    1    3    1       815   -9  -14   -6  -12   -1   -6    1   -7   12  -14  -11    7   -9   13  -10  -12    9    0
    1    1    4    1    3    7    1    2    0      3132   -7  -15   -9   -9   -1   -6    0   -8   14  -15  -17    0   -8   12  -10  -11    8    1
    1    1    5    1    2    7    1    1    0      1148    8  -14   -9    6    3  -11   -5   -7  -15   11    1   14    1   10    9   -5   -3   12
    1    1    6    1    2    1    1    2    1      1386    8  -13   -9    7    3  -11   -3  -11  -14   11    1   13    0   10    9   -6   -2   15
    1    1    7    1    2    2    1    2    1       722    9  -14  -10    6    3  -10   -2  -11  -14   10    1   13   -1    9    9   -6   -3   12
    1    1    8    1    1    8    1    3    0      4386    0  -11   15   -1   11  -15   11    1   12   -6   11   12  -11    5    7   11   -5    0
    1    1    9    1    2    8    1    2    1      1601   10  -14  -10    5    1   -9   -1  -11  -15   12    1   14    9   12    8   -5   -2   11
    1    1   10    1    2    3    1    2    1       910    9  -14  -10    6    2  -10   -2  -11  -14   11    0   14    0   10    7   -6    2    8
    1    1   11    1    1    4    1    3    0      1143   -1  -11   15    1    9  -14   11    0    9   -3   12   11  -17    7    7   10   -7    2
    1    1   12    1    2    9    1    3    0      2152    9  -14  -10    6    5    0   -7  -15   -9   12    3   14    0   10    8   -5   -3   11
    1    1   13    1    2    6    1    2    1      2846    9  -15  -11    6    2  -10   -3  -11  -14   12    1   13    1   10    8   -5   -1   12
    1    1   14    1    3    6    1    3    1      1050   -8  -14   -8  -10   -1   -6    1   -8   12  -14  -10    8   -8   12  -10  -12    9    1
    1    1   15    1    2    5    1    2    1      1084    9  -14  -10    5    3  -11   -2  -11  -12   12    0   14    1    9    8   -5   -3   12
    1    1   16    1    3    1    1    1    0      2110   -8  -14   -7  -12   -1   -6    1   -7   13  -14  -11    7  -14   16  -13  -21    7    1
    1    1   17    1    1    9    1    2    0      1543    0  -10   15   -1    9  -15   19    3   10   -3    4   14  -13    6    7   11   -5    2
    1    1   18    1    1    2    1    1    1      1398    0  -11   16    1   10  -16    8    3   12   -5   11   11  -14    7   15   16   -6    2
    1    1   19    1    3    5    1    3    1      1164   -9  -14   -7  -11   -2   -6    3  -10   13  -13  -11    7   -9   13  -10  -12    8    1
    1    1   20    1    1    7    1    1    1      5291    0  -11   16    0   10  -16   10    0   12   -5    6   16  -13    6    6   12   -7    2
    1    1   21    1    1    1    1    1    1       854    0  -11   16   -1   10  -15   11    0   12   -5   11   11  -13    6    7   11   -7    2
    1    1   22    1    1    3    1    1    1      2176    0  -11   16    0    8  -15   10    1   13   -5   11   12  -12    5    6   10   -6    3
    1    1   23    1    2    4    1    2    1       870    9  -10  -10    6    2  -10   -1  -13  -14   11    1   13    0    9    7   -7   -2   12
    1    1   24    1    3    9    1    3    1      1488   -7  -15   -6  -12   -6   -9    1   -7   13  -14  -12    6  -13   12  -11  -12    7    1
    1    1   25    1    1    5    1    1    1      2946    0  -11   17   -1   10  -15   10    2   11   -5    7    7  -12    8    6   12   -7    3
    1    1   26    1    3    4    1    3    1      1721   -8  -14   -7  -11   -1   -6    2   -9   13  -14  -12    8   -9   13  -11  -11    9    0
    1    1   27    1    1    6    1    1    1      1682    0  -10   16    0   12  -16   10    1   11   -5   12   10  -14    6    7   11   -6    2
    1    2    1    1    2   15    1    2    1       907    9  -15   -9    6    2  -10   -2  -11  -14   11    1   12   -4    7    7   -4   -2   11
    1    2    2    1    1   17    1    1    1      1508    1  -11   16    0   10  -15   10    1   11   -4   11   11  -13    7    7   11   -6    2
    1    2    3    1    2   13    1    2    1       789   10  -13  -10    5    2  -10   -3  -12  -15   11    1   13   -5    6    8   -5   -1   12
    1    2    4    1    2   17    1    2    1       881    9  -13   -9    7    3  -10   -2  -11  -13   11    0   12    1    9    8   -5   -3   11
    1    2    5    1    3   12    1    2    0      2253   -7  -15   -8  -10   -2   -6    1   -9   13  -14  -12   10   -7   15  -10  -12    8    0
    1    2    6    1    3   17    1    3    1      2241   -8  -15   -8  -11   -1   -6    1   -8   14  -15  -10    6   -8   13  -10  -13    8    1
    1    2    7    1    3   18    1    2    0      1253   -8  -14   -7  -10   -1   -5    0   -7   14  -14  -15   11   -9   13  -10  -11    8    1
    1    2    8    1    1   15    1    1    1      2177    0  -12   16    1   11  -14   10    1   13   -5   10   11  -13    6    6   11   -6    2
    1    2    9    1    3   10    1    3    1      1913   -8  -14   -6  -12    0   -6    2   -9   12  -14  -16   12   -8   12  -11  -11    8    1
    1    2   10    1    2   12    1    2    1       905    9  -14  -10    6    2  -10   -3  -11  -24    3    1   13    0   10    7   -6   -2   11
    1    2   11    1    1   16    1    1    1      1716    1  -11    9    7    9  -14   11    1   12   -5   11   11  -13    6    7   11   -6    2
    1    2   12    1    2   14    1    2    1       877    9  -14   -9    7    2  -11   -1  -12  -15   11    2   13    1    9    8   -5   -3   10
    1    2   13    1    1   11    1    1    1      1127    0  -11   16    0   10  -15   10    1   13   -6   10   11  -13    6    8   12   -6    2
    1    2   14    1    1   18    1    1    1      3657    4  -20    8   -3   10  -15   10    1   11   -3   12   10  -13    6    7   11   -5    3
    1    2   15    1    3   16    1    3    1      6003   -8  -13   -7  -11   -2   -5    4   -7   13  -14  -12    6   -9   14  -10  -12    7    2
    1    2   16    1    1   12    1    1    1      1041    0  -11   15   -1    9  -14   11    1   12   -5   12   10  -13    6    8   11   -6    2
    1    2   17    1    2   11    1    2    1       901    8  -14  -10    5    1   -9   -1  -11  -16   11    1   13    0   10    6   -4   -3   11
    1    2   18    1    3   11    1    3    1      1614   -8  -14   -7  -11   -1   -6    1   -8   13  -13  -11    7   -9   13  -10  -13    8    1
    1    2   19    1    3   15    1    3    1      1035   -8  -14   -7  -11   -1   -5    1   -8   12  -13  -11    6   -9   13   -9  -12    8    1
    1    2   20    1    2   10    1    2    1       959    9  -14  -10    6    1  -11   -2  -11  -13   11    1   13    0   10    8   -5   -2   11
    1    2   21    1    3   14    1    3    1      1462   -8  -14   -6  -11   -1   -6    2   -9   12  -13  -11    6   -9   13  -10  -13    8    1
    1    2   22    1    1   14    1    1    1      1272    0  -10   15    1    9  -15   10    1   13   -6   11   10  -14    7    7   10   -5    2
    1    2   23    1    1   10    1    1    1      1027    0  -11   15    1   10  -15   10    3   13   -5   11   12  -12    5    7   12   -6    3
    1    2   24    1    2   16    1    2    1       808    8  -14  -10    6    1  -10   -2  -11  -11   17    1   11   -1    8    8   -5   -1   16
    1    2   25    1    1   13    1    1    1      1607    0  -11   15    0   12  -15   10    1   12   -5   11   12  -11    3    9   10   -6    2
    1    2   26    1    3   13    1    3    1       820   -8  -14   -7  -11   -1   -7    2   -9   14  -13  -12    8   -8   15  -10  -12    8   -1
    1    2   27    1    2   18    1    2    1       736    8  -14  -11    7    3  -10   -2  -10  -14   12    1   13    0   10    8   -6   -2   11
    1    3    1    1    2   24    1    2    1      1713    9  -14  -10    6    3  -10   -3  -11  -14   12    1   12   -9   18    8   -6   -3   10
    1    3    2    1    2   26    1    2    1       843    9  -14  -10    7    2   -9    5  -13  -15   11    2   13    3    6    9   -5   -1   11
    1    3    3    1    2   20    1    2    1       535   10  -12   -2   14    2  -10   -1  -11  -14   11    1   13   -1    9    9   -6   -1   12
    1    3    4    1    3   22    1    3    1      1471   -7  -15   -7  -11   -1   -6    1   -9   14  -15  -15   12   -9   13  -10  -13    9    0
    1    3    5    1    2   23    1    2    1       786   11  -18  -10    6    1  -10   -1  -11  -14   11    0   14    0   10    8   -5   -1   12
    1    3    6    1    1   19    1    1    1      9874    0  -12   17    0   10  -15    7    4   13   -4   10   13  -13    6    3    6   -5    3
    1    3    7    1    2   22    1    2    1       804    9  -13  -10    6    2  -10   -3  -11  -13   11    1   13   -1    9    7   -5   -2   11
    1    3    8    1    1   27    1    1    1      1027   -1  -10   14    0   10  -15   10    1   12   -4   12   11  -14    7    7   11   -7    3
    1    3    9    1    1   22    1    1    1      2424   -1  -12   15    1   11  -17    9    0   12   -5   10   11  -12    5    7   11   -7    3
    1    3   10    1    1   25    1    2    0      3558    0  -12   16    0   10  -15   10    1   12   -5   11   12  -18   10    7   10    1   -6
    1    3   11    1    3   23    1    3    1     20901   -8  -14   -5  -13   -1   -7    1   -8   13  -13   -6    6   -9   13  -13  -17    8    2
    1    3   12    1    3   21    1    3    1      1326   -8  -14   -8  -11   -2   -5   -1    0   13  -14  -12    8  -10   14  -10  -12    7    1
    1    3   13    1    1   24    1    1    1      1032    5   -9   15    0   10  -15   11    1   12   -5   11   11  -12    5    8   11   -6    1
    1    3   14    1    2   21    1    2    1       668    9  -14   -4    6    2  -10   -2  -12   -9   12    6   12    2   12    8   -4   -1   12
    1    3   15    1    1   23    1    1    1      1566   -5  -13   16   -1   10  -15    8    0   12   -5   11   11  -14    6    8   10   -5    2
    1    3   16    1    3   24    1    3    1       829   -9  -15   -4  -15    0   -5   -1  -10   14  -16  -11    7  -10   12  -10  -11    9    1
    1    3   17    1    3   26    1    2    0      1082   -5  -13   -7  -11    0   -7   -1  -16   14  -14  -14   17  -18   14  -16  -14    8    1
    1    3   18    1    2   25    1    2    1       989    0  -23  -10    6    2   -9   -3  -12  -14   11   10   20    0   11    8   -5   -3   12
    1    3   19    1    1   26    1    1    1      1155    0  -11   17   -1   11  -15    8   -1   12   -4   10   12  -13    7    7   12   -6    2
    1    3   20    1    1   20    1    1    1      1010   -2  -13   16    0   10  -15   10    1   11   -5   16   14  -14    5    7   11   -7    1
    1    3   21    1    2   27    1    2    1       681    7  -12  -11    7    2  -10   -1  -10  -15   10   -1   13    1   10    7   -5   -2   10
    1    3   22    1    3   25    1    1    0       668   -8  -14   -7  -11   -1   -5    0   -8   13  -14  -12    6   -9   13   -9  -12    9    2
    1    3   23    1    3   19    1    3    1      1311    1  -12   -7  -11   -1   -7    0   -9   13  -13  -10    8  -10   13  -10  -12    8    1
    1    3   24    1    3   27    1    3    1       697   -8  -14   -8  -11    0   -7    2   -9   13  -14  -11    6   -9   13  -12  -12    9    1
    1    3   25    1    2   19    1    2    1       684    9  -14  -10    6    2  -10   -1  -11  -13   12    2   13    0   11   14   -1   -2   12
    1    3   26    1    3   20    1    3    1      1806   -8  -14   -7  -11   -1   -7    1   -8   13  -14  -11    7   -4   10  -10  -12   10   -2
    1    3   27    1    1   21    1    1    1       660    0  -12   17   -1   10  -15   12    1   12   -4   11   11  -13    7    9   10   -7    4
    1    4    1    1    1   34    1    1    1       999    1  -11   17   -1   11  -15   10    1   10   -6   11   12  -14    7    7   11   -7    3
    1    4    2    1    1   29    1    1    1       587    1  -12   16   -1   11  -16    9    0   13   -5   10   11  -14    6    7   11   -6    2
    1    4    3    1    3   34    1    3    1      1376  -10  -15   -7  -11   -3  -15    1   -8   12  -14  -12    6   -9   13   -9  -12    8    1
    1    4    4    1    1   35    1    1    1      5543   -5  -15   16    0   10  -16   10    1   12   -5   12   11  -13    6    7   12   -5    4
    1    4    5    1    1   28    1    1    1      3111    2   -9   16    2    9  -14   10    1   11   -4   11   11  -12    6    7   10   -5    1
    1    4    6    1    2   31    1    2    1      1640    8  -14  -11    7    2  -11   -3  -12  -13   11    1   12   -3    5    8   -5   -2   12
    1    4    7    1    1   32    1    1    1       917    0  -11   16    0   10  -15    9    1   13   -2   11   11  -13    6    6   10   -7    2
    1    4    8    1    3   30    1    3    1      1486   -8  -14   -7  -11   -3   -8    2   -8   13  -14  -11    7  -10   14  -10  -12    7    2
    1    4    9    1    2   33    1    2    1       737    9  -14  -11    7    3   -9   -3  -11  -13   11    2   11    0   10    8   -5   -2   12
    1    4   10    1    1   36    1    1    1       897   -1  -11   15    2   12  -15   11    2   12   -6   11   11  -13    5    6   12   -6    2
    1    4   11    1    3   31    1    3    1      2027    0   -4   -7  -11   -2   -6    1   -8   11  -17  -11    7   -9   13   -9  -13    8    0
    1    4   12    1    3   36    1    3    1       968   -7  -15   -7  -11   -1   -6    0   -9   13  -14  -11    7   -8   13  -11  -12    7    1
    1    4   13    1    2   28    1    2    1       928    8  -13  -10    5    2  -11   -2  -11  -14   11    0   14   -1    9    6   -3   -3   12
    1    4   14    1    1   31    1    1    1      1305    1  -11   24    8   11  -16   10    2   11   -5   11   12  -13    8    7   11   -7    3
    1    4   15    1    2   34    1    2    1       788    9  -14  -10    5    2  -11   -1  -12  -22    3    2   13    0    9    7   -4   -2   10
    1    4   16    1    3   33    1    3    1      1443   -7  -15   -7  -11    0   -6    1   -8   13  -13   -9    6   -9   13  -10  -13    9    1
    1    4   17    1    2   35    1    1    0      7672    9  -14  -10    6    1  -10    4   -5  -15   12    2   14    0    9   -1    0   -2   11
    1    4   18    1    2   36    1    2    1      1123    9  -14  -10    6    1   -9   -2  -10  -14   11    1   18    1   10    8   -5   -2   11
    1    4   19    1    1   30    1    1    1       868    0  -11   16    0    9  -14   10    1   13   -6   11   11  -12    5    8   11   -6    2
    1    4   20    1    1   33    1    1    1       591   -1  -11   16    0   10  -14   11    2   12   -5   10   11  -14    7   16    4   -6    2
    1    4   21    1    2   29    1    2    1       805   10  -14   -9    6    3  -10   -3  -10  -14   11    1   13    0   10    8   -5   -4   19
    1    4   22    1    2   30    1    2    1       899    9  -14  -10    6    2  -11   -2  -11  -14   11    9   10    0   10   11    3   -3   10
    1    4   23    1    3   35    1    1    0      5291   -8  -14   -5  -20   -1   -6    0   -8   14  -15  -11    7   -8   13  -16  -13   12    3
    1    4   24    1    2   32    1    2    1       677   10  -14  -10    7    2  -10   -3  -10  -14   10    0   14   -1   12    9   -6   -3   11
    1    4   25    1    3   32    1    3    1      1399   -7  -13  -12   -6    1   -8   -4  -17   13  -14  -11    7   -9   14  -10  -12    8    1
    1    4   26    1    3   28    1    3    1       843   -8  -14   -7  -10   -1   -6    1   -9   13  -14  -11    7  -10   13  -15  -11    8    2
    1    4   27    1    3   29    1    1    0      1912   -9  -13   -7  -11   -2   -6    1   -8   11   -4  -11    7  -10   13  -10  -11    7    2
    1    5    1    1    1   43    1    1    1      2248    0  -11   17   -1   10  -15   11    0   12   -5   11   11  -13    6    8    9   -7    3
    1    5    2    1    1   37    1    1    1      1707   -1  -10   16    0   11  -16   13    6   11   -5   12   12  -13    6    8   11   -6    2
    1    5    3    1    3   38    1    3    1      3188   -8  -14   -7  -11    0    2   -1   -7   14  -15   -9    9   -7   12  -10  -13    8    1
    1    5    4    1    3   43    1    3    1      1923   -3  -20   -9   -6    0   -7   -3  -11   12  -15  -13    8  -10   14  -15  -13    9    2
    1    5    5    1    3   39    1    3    1      4149   -9  -15   -6  -13   -1   -6    1   -8   13  -14  -11    7   -1   11   -9  -12    9    1
    1    5    6    1    3   44    1    3    1      1804   -8  -14   -7  -11   -1   -5    0   -8   12  -13  -11    7   -9   13  -10  -13    8    1
    1    5    7    1    3   45    1    3    1       961   -9  -13   -7  -11    0   -4    2   -9   12  -13  -11    7   -9   13  -12   -7    7    1
    1    5    8    1    1   38    1    1    1       746    0  -10   15    1   10  -15    9    1   12   -4   11   11  -13    6    8   10   -6    3
    1    5    9    1    2   44    1    2    1      1097    8  -14  -10    6    2  -10   -1  -12  -13   13   11   16    0    8    8   -5   -2   12
    1    5   10    1    1   44    1    1    1       860    0  -11   16   -1   10  -15   11    2   12   -5   11   11  -12    6    8   11   -6    3
    1    5   11    1    1   45    1    1    1       552    0  -12   16    1   11  -15   10    3   13   -5   11   12  -13    6    6   12   -6    2
    1    5   12    1    3   41    1    3    1       990   -7  -15   -7  -11   -2   -7    1   -9   15  -17  -10    7   -9   12  -11  -12    8    1
    1    5   13    1    2   43    1    2    1       806    9  -14  -10    6    2  -10   -1  -11  -15   12    2   14    0    9    8   -5   -3   11
    1    5   14    1    1   41    1    1    1       628    1  -13   16    2   10  -14   11    0   12   -5   12   11  -14    6    8   10   -6    3
    1    5   15    1    2   39    1    2    1       616    8  -13  -10    6    8  -20   -1  -11  -15   12    2   12   -4   17    8   -5   -2   11
    1    5   16    1    3   42    1    1    0       908  -17   -6   -7  -12   -1   -6    3   -9   11  -15  -12    8  -10   13  -10  -12    6    0
    1    5   17    1    2   38    1    2    1       646    9  -14   -9    7    2  -10   -2  -11  -14   11    1   13    0   10    8   -5   -2   11
    1    5   18    1    3   40    1    3    1      1306   -8  -14   -6  -11   -4  -10    1   -8   12  -14  -12    8  -19   11   -9  -12    8    1
    1    5   19    1    2   42    1    2    1      1396    9  -14   -8    5    3   -9   -2  -11  -15   10    5    3    0   10   10   -8   -3   11
    1    5   20    1    2   37    1    2    1      1275    9  -14  -10    6    2  -10   -2  -11  -14   11    4   15    0   10   18    2   -2   12
    1    5   21    1    1   39    1    1    1     13781   -4  -14   17    0   10  -15   10    1   12   -5   11   11  -13    6    7   11   -4    3
    1    5   22    1    2   45    1    2    1       972    8  -15  -10    6    1  -11   -1  -12  -14   11    0   13    0   10    9   -6   -2   11
    1    5   23    1    1   42    1    1    1      1170    0  -11   15   -1    5  -15   10    1   11   -5   10   12  -13    6    6   12   -6    3
    1    5   24    1    2   41    1    2    1       801    9  -14  -10    6    2  -11   -5  -11  -15   11    1   13    0   10    8   -5   -2   11
    1    5   25    1    1   40    1    1    1      1246    1  -10   22   -4   10  -15   11    0   13   -6   11   11  -13    6    7   11   -7    2
    1    5   26    1    2   40    1    2    1      1083    9  -13   -9    8    2  -11   -2  -10   -4    3    2   13    0   10   -2    5   -3   11
    1    5   27    1    3   37    1    3    1      1214   -7  -14   -8  -11   -2   -4    1   -9   13  -15  -10    7   -9   13  -10  -13    8    0
    1    6    1    1    1   49    1    1    1      1003   -1  -11   16    0   10  -17   10    1    7   -4   10   11  -14    7    7   11   -5    1
    1    6    2    1    1   46    1    1    1       673   -1  -10   15    1    9  -15   10    1   11   -5    9   13  -13    6    7   11   -9    5
    1    6    3    1    2   47    1    2    1       628    9  -14  -10    6    2  -10   -2  -11  -14   11    2   12    1    8    9   -5   -2   11
    1    6    4    1    3   46    1    3    1      1018   -8  -14   -7  -10   -1   -6   -6   -2   16  -23  -11    7   -9   14  -10  -12    9    2
    1    6    5    1    1   53    1    1    1       830    8  -13   16    0   16   -6   11    1   12   -5   11   11  -13    6    7   11   -5    2
    1    6    6    1    3   54    1    3    1      1020   -7  -15   -7  -11   -2   -5    2   -8   12  -14  -11    7   -9   13  -11  -11    8    2
    1    6    7    1    1   52    1    1    1      3295    1  -11   16    0    2  -21   10    1   12   -5   12   11  -19    0    7   11   -6    1
    1    6    8    1    1   50    1    1    1       793   -2   -9   16    0   10  -15   10    1   12   -5   11   11  -13    7    7   11   -6    3
    1    6    9    1    3   50    1    3    1       788   -7  -14   -4  -15   -2   -7    2   -8   12  -13  -11    6  -10   13  -13  -16    7    3
    1    6   10    1    3   49    1    3    1      1539   -8  -14   -7  -10    9   -4    2   -8   13  -14  -10    5   -9   13  -10  -12    7    1
    1    6   11    1    1   54    1    1    1      1332   -1  -12   17    0    2  -25    9    2   12   -5   11   11  -13    6    7   11   -7    1
    1    6   12    1    2   48    1    2    1       749   10  -20   -9    7    2  -10   -1  -12   -5    2    1   12    1    9    7   -4   -2   10
    1    6   13    1    2   50    1    2    1       989   10  -14   -9    6    1   -9   -2  -11  -15   10    1   13    0   10    8   -5   -1   12
    1    6   14    1    3   51    1    1    0      3827   -9  -13   -6  -11   -2   -6    1   -8    9   -5  -11    7   -8    6  -11  -11    8    1
    1    6   15    1    2   46    1    2    1      4216   10  -13  -11   13    2  -10   -3  -11  -14   11    3   13   -6    8    8   -5   -2   12
    1    6   16    1    1   48    1    1    1      3229    1  -12   16    0   10  -15   10    1   12   -5   12   10  -13    6    7   11   -5    2
    1    6   17    1    2   49    1    2    1       681   10  -15   -9    8    3  -10   -3  -10  -18   14    1   13    0   10    8   -5   -3   11
    1    6   18    1    2   51    1    1    0      2333    3  -12   -9    3    1   -9   -1  -13  -14   11    2   14    5    2    8   -5   -2   11
    1    6   19    1    2   52    1    2    1      1568    9  -14  -10    6    1  -10   -2  -10  -12   11    1   13    1    9    3   -4   -2   11
    1    6   20    1    3   52    1    3    1      1136  -13   -6   -7  -11   -2   -5    1   -8   13  -13  -10    7   -7   18   -9  -12    7   -4
    1    6   21    1    2   53    1    2    1       785   10  -14   -6   10    3  -10   -1  -13  -13   10    1   14    0    8    7   -6   -3   11
    1    6   22    1    2   54    1    2    1       815    9  -14   -9    5    3  -11   -2  -10  -13   11    2   13    1   11    8   -5  -11   16
    1    6   23    1    1   51    1    1    1      2397    0  -16   15    1    9  -15   10    1   12   -4   11   11  -14    5    7   10   -6    3
    1    6   24    1    3   48    1    3    1       700   -8  -13   -7  -11   -1   -6    2   -9   12  -14  -13    8   -9   16  -10  -12    9    1
    1    6   25    1    3   47    1    1    0      4654   -7  -14   -7  -11   -1   -6    1   -8    4   -9  -11    7   -8   13  -11  -12    8    1
    1    6   26    1    1   47    1    1    1      1233   -1  -12   17    0    9  -16   11    1   12   -4   17    3  -13    7    7   11   -5    3
    1    6   27    1    3   53    1    3    1       908   -6  -14   -7  -10   -1   -6    1   -8   13  -14  -11    7   -9   13  -11  -11    7    0
    1    7    1    1    1   60    1    1    1       999    1  -10   16    0    9  -14   11    1   10   -6   12   12  -13    6    7   11   -6    3
    1    7    2    1    3   55    1    3    1      3581   -8  -14   -7  -11   -1   -6    3   -9   15  -13  -11    7   -9   13  -11  -13    7    1
    1    7    3    1    2   62    1    2    1      3563    9  -14  -10    6   -7  -11   -3  -10  -15   11    1   13    0   11    8   -5   -2   12
    1    7    4    1    1   57    1    1    1      1324    0   -9   21    3   11  -16    9    0   13   -3   10   12  -13    7    6   12   -7    1
    1    7    5    1    1   56    1    1    1       901    0  -11   15   -2   11  -16    9    1   12   -5   11   11  -12    5    7    9   -4    3
    1    7    6    1    3   58    1    3    1      1101   -3  -19   -7  -12    0   -6    1   -8   13  -13  -12    6   -8   13   -8  -14    9    0
    1    7    7    1    2   63    1    1    0       959    9  -14  -11    6    1  -11   -2  -12  -15   12    2   12    0    9    6   -3    2    4
    1    7    8    1    2   61    1    2    1       886   10  -14  -10    6    0  -10   -2  -12  -14   12    1   13    0    9    8   -5   -2   11
    1    7    9    1    1   59    1    1    1      1200    0  -11   16    0   10  -15    9    0   12   -6    9   12  -14    7    6   11   -5    2
    1    7   10    1    3   59    1    3    1       733   -8  -15   -7  -11   -1   -6    1   -8   12  -15  -11    7   -9   13  -10  -12    8    1
    1    7   11    1    2   55    1    2    1       686    7  -12  -10    6    1  -15   -4  -15  -13   11    2   14    0   10    7   -5   -2   11
    1    7   12    1    3   60    1    3    1       576   -8  -14   -1  -14   -2   -5    1   -9   13  -14  -11    7   -9   13  -10  -12    7    2
    1    7   13    1    3   62    1    3    1       631   -8  -14   -6  -11    6   -3    0   -8   13  -14  -11    7   -9   13   -9  -12    8    0
    1    7   14    1    1   58    1    1    1       796    1  -12   16   -1   11  -15    9    2   12   -5    7   16  -13    7    7   10   -6    2
    1    7   15    1    3   56    1    3    1      1338   -8  -13   -8  -10    0   -5    0   -8   10   -6  -11    7  -10   13  -10  -12    9    1
    1    7   16    1    2   57    1    2    1       691    9  -13  -11    7    1   -9   -2  -11  -14   11    1   13    0   10    8   -4   -2   11
    1    7   17    1    1   63    1    1    1      1301    1  -12   17   -1    9  -14   10    1   13   -6   11   11  -14    7    6   12   -6    3
    1    7   18    1    2   56    1    2    1       687    4  -12  -11    7   11  -16   -2  -12  -14   11    1   14    0   10    8   -5   -3   11
    1    7   19    1    1   61    1    1    1      1025    0  -11   16    0   10  -15    9    1   13   -5    9   11  -13    6    7   10   -6    2
    1    7   20    1    3   57    1    3    1       711   -3  -10   -7  -11   -1   -6    1   -8   15  -16  -12    7  -11   13  -10  -14    8    3
    1    7   21    1    3   61    1    3    1      1593   -8  -14   -6  -10    0   -5    0   -8    8  -17  -13    7   -9   13  -10  -12    7    1
    1    7   22    1    2   58    1    2    1       745   11  -14  -10    6    2  -10   -2  -11  -15   11    2   13    0    9    9   -5   -2   12
    1    7   23    1    2   59    1    2    1       697    9  -14  -10    6    2  -11   -6   -9  -15   11   -4   14    0   10    8   -5   -2   11
    1    7   24    1    1   62    1    1    1       940    0  -11   16   -1    9  -13   10    0   12   -4   11   11  -13    5    7   12   -6    2
    1    7   25    1    2   60    1    2    1       708    9  -13  -10    6    2  -10   -2  -11  -15   11    0   13   -1    9    8   -5   -2   12
    1    7   26    1    1   55    1    1    1       949   -1  -11   16    0    9  -15    9   -6   12   -5   12   11  -13    6    8   10   -6    2
    1    7   27    1    3   63    1    3    1       956   -8  -14   -6  -13   -2   -5    1   -8   13  -14  -11    7   -9   13  -10  -11    8    1
    1    8    1    1    3   65    1    3    1      1765   -8  -15   -8  -10   -1   -7    1   -8   13  -14  -10    6   -8   13  -10  -12    8    1
    1    8    2    1    3   69    1    3    1      1357   -7  -14   -6  -10    0   -6    1   -8   22  -22  -13    8   -7   13  -10  -12    9    1
    1    8    3    1    2   72    1    2    1       581   10  -14  -10    5    3  -10   -2  -12  -13   11    1   13    0   10    9   -7   -2   11
    1    8    4    1    2   65    1    2    1       603   10  -14   -9    5    2  -10   -2  -12  -15   11    0   14    0   10    8   -5   -2   11
    1    8    5    1    1   69    1    1    1      1778    0  -12   16    0   17   -7   12    1   12   -5   10   11   -8    1    6   11   -6    2
    1    8    6    1    1   64    1    1    1       538    1  -11   16    0   10  -15   10    1   11   -6   11   11  -13    6    9   10   -6    2
    1    8    7    1    1   67    1    1    1       946    1  -12   17    9    9  -14   10    1   13   -5   13   15  -14    3    7   11   -7    3
    1    8    8    1    3   66    1    3    1       665   -7  -15   -6  -13    0   -6    1   -8   13  -14  -11    7  -10   12  -10  -13    8    1
    1    8    9    1    3   68    1    3    1       973   -8  -14   -7  -11   -1   -5    1   -8   13  -14  -12    5   -8   12  -10  -12    7    0
    1    8   10    1    2   64    1    2    1       644    9  -14  -11    5    1   -8   -1  -12  -13   10    8   11   -1   10    9   -5   -2   12
    1    8   11    1    2   69    1    2    1       648   11  -13  -10    6    2  -10    0  -11  -14   11    2   13    0   10    8   -5   -2   11
    1    8   12    1    3   64    1    3    1       668   -8  -14   -7  -11   -1   -7    1   -9   13  -14  -12    8   -8   14   -9  -12    8    1
    1    8   13    1    1   68    1    1    1       831    0  -11   14   -1    9  -14    9    1   13   -4   10   11  -14    6    7   11   -5    3
    1    8   14    1    2   71    1    2    1       588    3  -15  -10    6    2  -10   -3  -12  -14   10    1   13    1    9    7   -4   -2   11
    1    8   15    1    2   66    1    2    1       611   12  -14  -10    7    2  -10   -2  -10  -14   11    2   13    1   10    8   -5   -2   11
    1    8   16    1    1   65    1    1    1      1401   -1  -12   16    5   10  -14   10    1   11   -5   10   12  -13    6    6   11   -6    2
    1    8   17    1    3   67    1    3    1       974  -17  -21  -14  -14   -2   -5    0   -8   13  -14  -12    8   -8   14  -10  -12    8    1
    1    8   18    1    3   70    1    3    1      1844   -7  -14   -7  -11   -1   -6    4   -1    9  -22  -12    8   -8   14  -10  -12    8    1
    1    8   19    1    2   70    1    2    1       602    9  -14  -12   11    1   -9   -1  -12  -10   10    0   14    0   10    9    5   -1   12
    1    8   20    1    3   71    1    3    1       912   -9  -15   -6  -11   -1   -6   -1   -3   14  -15  -13    4   -9   13  -13  -10    8    1
    1    8   21    1    2   67    1    2    1       651    9  -15  -10    6    2  -10   -3  -10  -14   11    1   13    0   10    8   -5   -4   10
    1    8   22    1    1   71    1    1    1       783   -2  -13   16    0   11  -16   10    1   13   -5    8   14  -13    6    8   11   -6    2
    1    8   23    1    1   66    1    1    1      1053    0  -11   16    0   11  -14   10    1   11   -5   12   12  -14    5    8   11   -6    2
    1    8   24    1    1   72    1    1    1       577    1  -10   16    0   10  -15   11    1   12   -5   10   12  -14    6    7   12   -7    2
    1    8   25    1    2   68    1    2    1       664   10  -13   -3   14    2  -11   -2  -11  -14   11    0   14    0   10    7   -5   -2   12
    1    8   26    1    1   70    1    1    1       538   -2  -12   16    0   11  -16   11    1   12   -6   11   11  -14    6    8   11   -5    0
    1    8   27    1    3   72    1    3    1       818   -8  -13   -6  -10   -1   -7    1   -6   13  -13  -11    8  -10   14   -7   -4    8    2
    1    9    1    1    1   81    1    1    1      1423    0  -11   16    0    9  -15   10    1   12   -5   12   12  -12    7    5   10    3    0
    1    9    2    1    3   74    1    3    1       868   -8  -14   -7  -12   -1   -7   -2  -10   12  -14  -11    7   -9   13  -10  -12    7    2
    1    9    3    1    1   80    1    1    1      2864    0  -11   19   -3   10  -15   19    7   12   -6   10   12  -13    6    6   11   -6    2
    1    9    4    1    3   76    1    3    1       762   -8  -14   -8  -21   -2   -5    1   -8   14  -15  -11    7  -10   14  -10  -12    6    0
    1    9    5    1    2   77    1    2    1       522    9  -14   -9    5    2  -10   -2  -13  -15   11    2   14    1   10    8   -5    2   20
    1    9    6    1    2   78    1    2    1       676    9  -14   -9    6    2  -10   -3  -10  -14   10    6   14   -2    8    9   -5   -1   12
    1    9    7    1    3   73    1    3    1       999   -8  -14   -7  -10   -1   -6    1   -8   13  -14  -11    7  -10   13  -10  -13    9    0
    1    9    8    1    3   80    1    3    1      1326   -8  -13   -7  -11   -2   -5    0   -7   12  -15  -11    7   -9   13  -12  -16    8    1
    1    9    9    1    3   79    1    3    1       903   -9  -14   -6  -15   -1   -6    2   -8   13  -15  -13    6   -9   14  -10   -4    9    0
    1    9   10    1    2   76    1    2    1       721   10  -15   -9    7    2  -10    3  -20  -14   12    2   12    1    9   13  -10   -2   12
    1    9   11    1    1   73    1    1    1       818    0  -11   16    1   11  -16   10    1   12   -5   11   11  -13    6    7   10   -6    3
    1    9   12    1    3   78    1    3    1       656   -8  -14   -8  -10   -2   -5    2   -8   13  -14  -10    7  -10   12  -11  -13    8    1
    1    9   13    1    1   76    1    1    1       693   -1  -10   16    0   11  -16   10    1   12   -5   10   12  -14    4    8   10   -4    0
    1    9   14    1    1   77    1    2    0      3287    0  -11   16    0   18   -9   10    1   12   -5   10   10  -14    7    0   14   -5    2
    1    9   15    1    2   81    1    2    1      3937    9  -15  -11    6    2  -11  -12   -5  -16   12    2   12    1    9    9   -5   -2   11
    1    9   16    1    3   77    1    3    1      1121   -8  -14   -7  -11   -1   -7    1   -8   13  -14   -5    1   -9   14  -10  -11    8   -1
    1    9   17    1    2   80    1    2    1       610    9  -14  -10    6    2  -10   -2  -11  -17    9    2   12    0   10    8   -5   -3   20
    1    9   18    1    1   78    1    1    1       648    0  -12   16    1   10  -15   10    2   12   -5   11   11  -12    6    7   11   -6    3
    1    9   19    1    2   79    1    2    1       571    9  -14  -10    6    2  -10   -3  -12  -15   12    0   12   -4    9    8   -5   -2   11
    1    9   20    1    3   75    1    3    1      1330  -13  -17   -8  -10   -1   -6    2   -8   14  -14  -12    9   -9   13  -20  -17    7    2
    1    9   21    1    2   74    1    2    1       619   11  -16  -11    5    2  -10   -1  -10  -13   12    1   13   -1    9    7   -5   -1   12
    1    9   22    1    3   81    1    3    1      2593    0  -18   -8  -10   -1   -6    1   -7   14  -14  -12    8   -7   14  -11  -13   14    1
    1    9   23    1    1   74    1    1    1       727    1  -13   16   -1    9  -15   10    1   12   -5   11   10  -14    5   11   16   -7    1
    1    9   24    1    1   79    1    1    1       712   -1  -11   16    0   11  -14   10    1   13   -5   11   11  -12    5    8   11   -7    1
    1    9   25    1    2   73    1    2    1       505    9  -15  -11    6    2  -10   -2  -11  -14   11    1   13    0   10    7   -6   -5   12
    1    9   26    1    2   75    1    2    1       724    9  -14  -10    6    2  -10   -1  -10  -15   11    1   13   -6   10   17  -12   -2   12
    1    9   27    1    1   75    1    1    1       806    0  -11   17    0   10  -15   10    2   12   -5   11   11  -14    5    5   12   -7    2
    1   10    1    1    3   85    1    3    1      2837   -7  -14   -6  -10    0   -5    2   -7   12  -14   -3    4   -8   13  -10  -12    9    1
    1   10    2    1    3   90    1    3    1      1122   -8  -15   -8  -10    1   -4    1   -7   14  -15  -12    6   -9   13  -11  -12    7    2
    1   10    3    1    2   87    1    2    1       852    9  -14  -11    6    1  -10   -2  -11  -15   10    1   13    0   10    6   -4   -2   11
    1   10    4    1    3   87    1    3    1       896   -8  -15   -7  -10   -1   -6    2   -8   13  -14  -11    7   -9   13  -15  -22    9    0
    1   10    5    1    2   86    1    2    1       571    9  -14   -6    3    2  -10   -2  -12  -15   11   -1   18   -1   10    9   -5   -3   12
    1   10    6    1    2   88    1    2    1       578    9  -13  -10    7    7  -15   -1  -12  -14   11    0   13    1    9   12   -2   -2   11
    1   10    7    1    3   89    1    3    1      1001   -8  -13   -7  -10   -1   -6    2   -8   13  -13  -11    6   -1    9  -10  -12    4   -7
    1   10    8    1    3   82    1    3    1       655   -8  -14   -7  -11   -2   -6    1   -8   13  -13  -12    8  -10   14  -10  -12    8    1
    1   10    9    1    1   85    1    1    1       916    0  -11   15   -1   11  -15   12    0   12   -6   11   11  -13    6    8   12   -7    2
    1   10   10    1    1   87    1    1    1       748    0  -11   16    0   10  -15   10    0   11   -6   11   12  -13    6    7   11   -5    2
    1   10   11    1    1   90    1    1    1       571   -1  -12   12    0   10  -14   10    4   11   -6   10   12  -12    7    7   11   -5    1
    1   10   12    1    1   86    1    1    1       882    1  -11   16    0   10  -16   17   11   13   -6   10   11  -11    6    6   12   -5    1
    1   10   13    1    2   83    1    2    1      2957    9  -14  -10    6    2  -11    5  -16  -15   12   -6    6    0   10    7   -4    3    7
    1   10   14    1    2   82    1    2    1       885    8  -13  -12    7    2  -10   -1  -11  -15   10    2   15    0   10   11   -9   -2   11
    1   10   15    1    1   82    1    1    1       993    2  -16   19    3   10  -15   10    2   11   -4   11   11  -13    6    6   10   -5    2
    1   10   16    1    2   89    1    2    1       791    9  -15  -10    5    1   -9   -2  -10  -13   12   10    8    0   10    8   -4   -2   11
    1   10   17    1    1   83    1    1    1       581    0  -11   16    0   10  -16    9    0   12   -4   10   10  -13    7    7   11   -5    1
    1   10   18    1    3   84    1    3    1       765   -8  -14   -7  -10    0   -4    2   -7   14  -14  -11    7  -10   14  -10  -13    7    2
    1   10   19    1    1   84    1    1    1       908    0  -10   15    1   10  -14   10    1   11   -4   11   11  -13    6    8   10   -9    2
    1   10   20    1    2   84    1    2    1       710    8  -13  -12    3    3  -11   -2  -11  -14   11    1   13    0    9    8   -5   -6   16
    1   10   21    1    3   83    1    3    1       713   -8  -14   -8  -10   -2   -6    1   -8   14  -14   -9    6   -9   13   -9  -12    8    0
    1   10   22    1    3   86    1    3    1       794   -9  -16   -4  -15   -1   -6    1   -8   12  -14  -11    8   -9   13  -10  -12    8    1
    1   10   23    1    2   85    1    2    1       536    9  -14   -9    5    2  -10   -2  -10  -13   12    1   13   -1    9    7   -5   -2   12
    1   10   24    1    3   88    1    3    1       592   -8  -14   -7  -11   -1   -6    3   -1   15  -15  -12    8   -9   13  -10  -12    8    1
    1   10   25    1    1   89    1    1    1      1973    0  -11    6   -1   10  -15   10    1   13   -4   10   12  -14    7    4   11   -6    2
    1   10   26    1    2   90    1    2    1       579    8  -14  -10    6    3  -11   -3  -11  -15   12    1   13    0   10    5   -9   -2   11
    1   10   27    1    1   88    1    1    1       715    0  -11   17   -1   10  -16   10    1   11   -4   11   11  -14   11    3   16   -6    2
    2    1    1    1    2   26    1    2    1      1951    9  -14  -10    7    2   -9    5  -13  -15   11    2   13    3    6    9   -5   -1   11
    2    1    2    4    2    3    2    2    1      7455    7  -15  -14    6   -5   -2   -3  -11  -15   11    0   14    1   16   10   -6   -8   14
    2    1    3    4    1    5    2    1    1      3044    4  -11   18   -2    9  -15    0   -3   14   -3   10   10  -14    5    2    7   -7    4
    2    1    4    4    2    2    2    2    1     20296    7  -12   -9    5    2    0   -4  -10  -13   12    2   14    0    8   16  -15   -4   11
    2    1    5    5    3    3    3    3    1      4683   -6  -10   -8  -11   -6    3    3  -16   15  -12  -11    8  -13   18  -14  -14    7   -1
    2    1    6    4    1    3    2    1    1      2205    0   -9   14    0   12  -16   12    1   14   -3   11    8  -15    7    6   12   -4    2
    2    1    7    1    2   41    1    2    1       803    9  -14  -10    6    2  -11   -5  -11  -15   11    1   13    0   10    8   -5   -2   11
    2    1    8    4    1    6    2    1    1      5169    9  -20   15   -1   11  -13   10    2   14   -7   11   10  -14    7    1   12   -6    1
    2    1    9    3    2    2    1    2    1       593   10  -13   -9    5    3  -10   -2  -12  -15   12    1   13    0   10    8   -6   -9    9
    2    1   10    1    2   54    1    2    1       680    9  -14   -9    5    3  -11   -2  -10  -13   11    2   13    1   11    8   -5  -11   16
    2    1   11    5    1    8    3    3    0      5563    1  -11   20    8   13  -20    7    1    4   -1    6   11  -13    5    2    7  -10    4
    2    1   12    5    3    9    3    3    1      1402  -10  -15   -4  -12   -2   -6    1   -9   12  -12  -13    9   -5   18   -6  -17    8   -1
    2    1   13    5    1    2    3    3    0      7311    1  -11   20   -5    1  -23   14    0   13   -6    1   10  -13    7    8   11   -7    2
    2    1   14    1    1   10    1    1    1      1049    0  -11   15    1   10  -15   10    3   13   -5   11   12  -12    5    7   12   -6    3
    2    1   15    5    1    4    3    1    1      1949   -1   -9   18   -4   16   -6   15   -1   18    1   14    5  -11    5    6   11   -7   -2
    2    1   16    4    3    6    2    3    1       766    0   -4  -12  -10    1   -6    1   -9   14  -14  -10    6   -9   12  -10  -14    9    0
    2    1   17    2    1    0    0    1    1       654    0  -11   16    0   10  -15   10    1   12   -5   11   11  -13    6    7   11   -6    2
    2    1   18    1    1   48    1    1    1       707    1  -12   16    0   10  -15   10    1   12   -5   12   10  -13    6    7   11   -5    2
    2    1   19    1    3   47    1    3    1      2037   -7  -14   -7  -11   -1   -6    1   -8    4   -9  -11    7   -8   13  -11  -12    8    1
    2    1   20    5    3    1    3    3    1       978   -2  -18   -9   -6  -11  -10    1  -11   14  -13   -6    9  -12    7   -5  -16    9   -2
    2    1   21    4    2    5    2    1    0      9850    8  -13  -10    3    1  -10   -3   -9  -22   19   -1   17   -2   13    6   -7   -2   10
    2    1   22    3    3    2    1    3    1      1502   -9  -13   -7   -6   -2   -7    1   -8   13  -14  -11    6   -1    8  -17  -12    7    2
    2    1   23    1    3    8    1    3    1       929   -7  -14   -7  -11    0   -7   -2  -10   13  -13  -10    6   -9   12  -10  -12    8    3
    2    1   24    1    2   56    1    2    1       729    4  -12  -11    7   11  -16   -2  -12  -14   11    1   14    0   10    8   -5   -3   11
    2    1   25    1    2   60    1    2    1       554    9  -13  -10    6    2  -10   -2  -11  -15   11    0   13   -1    9    8   -5   -2   12
    2    1   26    4    3    4    2    3    1      1043   -7  -14   -5  -13   -3   -6    3  -11   13  -16  -10    5   -9   12   -6   -8    9   -1
    2    1   27    1    1   76    1    1    1       648   -1  -10   16    0   11  -16   10    1   12   -5   10   12  -14    4    8   10   -4    0
    2    1   28    5    1    3    3    1    1      2509   10  -12   11  -10    8  -13   14    7   15   -1   12   11   -3   -3    2   13   -7    3
    2    1   29    1    2   22    1    2    1       583    9  -13  -10    6    2  -10   -3  -11  -13   11    1   13   -1    9    7   -5   -2   11
    2    1   30    5    3    4    3    3    1      1838  -17  -24   -6  -13   -2   -4    3  -12   13  -13  -12    4   -4   22  -16  -17    5   -2
    2    1   31    5    2    3    3    1    0       915    4  -19   -9    7   12  -17   -3   -7  -15   11    2   13    7    4   12  -11    3   10
    2    1   32    5    2    2    3    2    1      1837    8  -15   -9    3    4  -11   -3  -10  -18   16    2   12    3    9   13   -4   -4   12
    2    1   33    5    3    2    3    3    1      1010   -3   -7   -5  -14   -2    2    6  -15   18  -12   -3    4   -7   11  -11  -12    7    2
    2    1   34    5    3    7    3    3    1       697   -4  -20   -7  -10   -2   -5    4   -7   23  -10  -10    8  -10   15  -15  -10   10   -7
    2    1   35    1    1   27    1    1    1       619   -1  -10   14    0   10  -15   10    1   12   -4   12   11  -14    7    7   11   -7    3
    2    1   36    5    2    5    3    2    1      1920   13  -20   -1    7    1  -10   -7   -5   -5   10    4    9   -5    7    1    5   -1   12
    2    1   37    5    1    1    3    3    0      3842    1  -10   18    1   19  -15    8    2   10   -3   11   12  -13    8    2    9   -2    3
    2    1   38    1    3   41    1    3    1       806   -7  -15   -7  -11   -2   -7    1   -9   15  -17  -10    7   -9   12  -11  -12    8    1
    2    1   39    4    1    4    2    3    0      4628   10   -7   16    1   17  -20    9    3   11   -5    3   16  -14    6    8   13   -5    0
    2    1   40    5    2    1    3    3    0      1801   13  -15   -9    5   -7  -11   -3  -13  -22   20    2   13   -3    3    3   -8   -5   19
    2    1   41    1    3   12    1    3    1       623   -7  -15   -8  -10   -2   -6    1   -9   13  -14  -12   10   -7   15  -10  -12    8    0
    2    1   42    1    3   81    1    3    1      2005    0  -18   -8  -10   -1   -6    1   -7   14  -14  -12    8   -7   14  -11  -13   14    1
    2    1   43    4    2    4    2    2    1       755    8  -13  -11    6    0  -10   -1  -12   -7   14    2   14    1   12   16   -7   -3   11
    2    1   44    1    1   62    1    1    1      1026    0  -11   16   -1    9  -13   10    0   12   -4   11   11  -13    5    7   12   -6    2
    2    1   45    4    2    6    2    2    1       760    7  -18  -10    5    1  -10   -3  -10  -13   10    5   11   -1   12    8   -4   -3   13
    2    1   46    5    3    6    3    3    1      4232   -6  -15   -8  -10   -2   -5   -4  -12    7  -17  -10    2   -8   12  -12   -4    3    8
    2    1   47    3    1    2    1    1    1       636   -2   -9   16    0   10  -15    9    1   12   -4   11   11  -12    5    7   10   -6    1
    2    1   48    4    3    3    2    3    1      2271   -7  -16   -3  -14   -1   -5   -3   -3   15  -13  -12    5  -11   14  -10  -11    9    2
    2    1   49    4    1    1    2    1    1      1522    0  -12   15    1   10  -14   12    0    9   -4   16    3  -19   15    8   15   -4    1
    2    1   50    4    3    5    2    3    1      3187   -4  -16   -7  -10   -2   -6    2  -10   14  -14  -18    9  -11   13  -15   -2    4    3
    2    1   51    3    1    3    1    1    1      1249    1  -12   16    1   13  -19   10    1   12   -4   11   10   -8    4    8   10   -6    2
    2    1   52    3    3    3    1    3    1       622   -7  -15   -8  -11    0   -7    2   -8   13  -15  -10    7  -10   14  -10  -12    9    1
    2    1   53    4    1    2    2    1    1      1859    0   -9   17    2   11  -14   12    1   14   -4    9   10  -13    7    5   11   -7    3
    2    1   54    1    3   82    1    3    1       902   -8  -14   -7  -11   -2   -6    1   -8   13  -13  -12    8  -10   14  -10  -12    8    1
    2    1   55    5    2    9    3    2    1      2753    0  -18  -11    6    3  -10   -1  -11  -18    5    3   23   -1    2   16   -3    2    7
    2    1   56    3    2    1    1    2    1       706    8  -14   -9    6    2  -10   -2  -11  -13   10    1   13    2   11    8   -5   -2   11
    2    1   57    5    2    8    3    2    1      3349    4  -24  -19    7    1  -10   -1  -11  -16   21   -3    9    1    9    7   -6   -9    3
    2    1   58    1    3    7    1    3    1       749   -7  -15   -9   -9   -1   -6    0   -8   14  -15  -17    0   -8   12  -10  -11    8    1
    2    1   59    4    3    2    2    3    1       830   -9  -14   -8  -11    0   -7   -4   -9   14  -15   -9    5  -19   22  -11  -11    8    0
    2    1   60    5    2    6    3    1    0      3002    9  -16   -8   -2    9   -7   -6   -7  -19   13   -9   20    1    8    9   -4    6   19
    2    1   61    5    1    7    3    2    0     10223    1  -12   20   -5    9  -15    5   -2   18  -10   11    9  -17    4   -2   20   -7    1
    2    1   62    1    1   15    1    1    1       901    0  -12   16    1   11  -14   10    1   13   -5   10   11  -13    6    6   11   -6    2
    2    1   63    5    1    6    3    3    0      4510    7   -7    6   -3   17  -16   12   -1   14   -4   11   12   -7   13    3    7   -6    3
    2    1   64    5    2    7    3    2    1     22488    1  -12  -11    7   -8   -9   -7  -14  -14   10   -2   10   -7    4   12   -6    2   14
    2    1   65    1    3   33    1    3    1       834   -7  -15   -7  -11    0   -6    1   -8   13  -13   -9    6   -9   13  -10  -13    9    1
    2    1   66    1    1   74    1    1    1       798    1  -13   16   -1    9  -15   10    1   12   -5   11   10  -14    5   11   16   -7    1
    2    1   67    3    1    1    1    1    1       795    0  -11   15    0   11  -17   12   -1   11   -4   11   11  -12    5    7   11   -6    3
    2    1   68    1    2   25    1    2    1       731    0  -23  -10    6    2   -9   -3  -12  -14   11   10   20    0   11    8   -5   -3   12
    2    1   69    2    3    0    0    3    1       653   -8  -14   -7  -11   -1   -6    1   -8   13  -14  -11    7   -9   13  -10  -12    8    1
    2    1   70    1    3   67    1    3    1      1425  -17  -21  -14  -14   -2   -5    0   -8   13  -14  -12    8   -8   14  -10  -12    8    1
    2    1   71    5    1    5    3    3    0     11190   -9   -3    8   10   10  -16   20   -5   22    3    6   12  -12   14   11    7   -9    2
    2    1   72    1    2   28    1    2    1       709    8  -13  -10    5    2  -11   -2  -11  -14   11    0   14   -1    9    6   -3   -3   12
    2    1   73    5    2    4    3    2    1      5575    8  -16   -3   16    3  -11    0  -13  -14   12    6   19   -2    4   -1  -11   -1    9
    2    1   74    5    3    8    3    3    1      4135  -13  -23   -8  -10    1   -5    4   -5    8   -4   -4    7  -13    9  -11  -12   11   -9
    2    1   75    5    1    9    3    3    0      7664    0  -12   21    4   10  -16    4   -4   11  -10   13   13  -14    1    6   11   -8   -3
    2    1   76    5    3    5    3    3    1      4219   -9  -20   -4  -14    8   -9   -1   -9   11  -13   -5   -2   -7   12   -5  -17   11    6
    2    1   77    4    3    1    2    3    1      1486   -8  -11   -6  -12    0   -7    1   -9   11  -12  -13    9  -10   14  -14  -14    8    0
    2    1   78    1    1   23    1    1    1      2511   -5  -13   16   -1   10  -15    8    0   12   -5   11   11  -14    6    8   10   -5    2
    2    1   79    1    1   43    1    1    1       825    0  -11   17   -1   10  -15   11    0   12   -5   11   11  -13    6    8    9   -7    3
    2    1   80    4    2    1    2    2    1      1573   10  -15   -9    4    0   -9    2   -1   -9   10    2   13   -1    9    8   -6   -4   13
    2    1   81    2    2    0    0    2    1       645    9  -14  -10    6    2  -10   -2  -11  -14   11    1   13    0   10    8   -5   -2   11
    2    1   82    3    2    3    1    2    1       474    9  -15  -10    6    7  -14   -3  -11  -17   10    1   12   -1   11    8   -4   -3   10
    2    1   83    1    2   21    1    2    1       469    9  -14   -4    6    2  -10   -2  -12   -9   12    6   12    2   12    8   -4   -1   12
    2    1   84    3    3    1    1    3    1       816   -9  -13   -7  -10   -1   -6    1   -8   14  -14  -12    8   -9   13  -11  -11    7    1
