    1    1    1    1    2    3    3    2    1     10886   16    6   -8  -17    0    4    6    9    8   -7    7   13   -3  -10   12   11  -12  -12
    1    1    2    1    1    4    1    3    0      2654    4    4   -6   -5   13   12    2    1   14    6    7   -8    5   12    0  -10   -5   10
    1    1    3    1    3    8    2    2    0      2121   -5   14    6  -11  -10   -2    8   -1    7    1   -9   -7   -8  -13    2   15    3  -12
    1    1    4    1    1    8    2    1    1      2105    9    4   -7   -5   21   15    1    2   16    5    9   -5    6   15    1  -10   -5    8
    1    1    5    1    3    9    3    2    0      1827   -1   20    5   -8   -9   -5   16   -7   14    4   -6    1   -5   -9    2   11    2  -11
    1    1    6    1    2    1    1    2    1      1649   15    7   -9  -14   -2    8    5    9    6   -4    6   11   -2  -11   10    1  -12   -8
    1    1    7    1    1    9    3    2    0      2124   11    7   -5  -15   15   11    1   -1   21   11    0   -3    6   12    3  -12   -5    9
    1    1    8    1    2    2    2    3    0      3244   19    8   -9  -15   -9    8    8    6    4  -13    0    2   -3  -13    7    2  -11   -8
    1    1    9    1    1    1    1    1    1      3593    4    4   -7   -5   13   13    1    0   15    4    7   -5   -4   16    1  -11   -4   10
    1    1   10    1    3    1    1    3    1      1991   -5   15    6  -10  -10   -1    7    0   13    4  -10   -8   -6  -14    4   11    3  -13
    1    1   11    1    2    5    2    3    0      1197   15    9   -8  -14   -3    7    4   10    5   -9   -1   11    1  -16    9   -8  -11   -7
    1    1   12    1    3    4    1    3    1      2156   -6   14    6  -10  -10   -1    7   -1   12    5  -10   -8   -7  -13    4   12    4  -14
    1    1   13    1    1    3    3    2    0      2949    6    2   -2  -16   14   14    5    5   16    6    4   -9    8   16    1  -10   -1    7
    1    1   14    1    3    2    2    1    0      2972   -4   15    5  -10   -8  -10    4   -4   14    3   -8   -6   -5  -15    3   12    5  -13
    1    1   15    1    2    9    3    2    1      1595   14    6   -8   -9  -13    7   -4    0    7   -4    5   10   -2  -10   13   12  -20  -12
    1    1   16    1    2    4    1    2    1      1266   13    9   -9  -14   -3    8    4    8    7   -5    6   12   -3  -12    9    2  -11   -9
    1    1   17    1    1    2    2    1    1      1390    4    2   -6   -7   14   12    1   -1   14    6    4   -6   -5    5    0  -10   -4   11
    1    1   18    1    2    8    2    2    1      1540   14    7  -14   -9   -3    7    1    9    5   -7    6   13    3   -8    8    4   -9  -11
    1    1   19    1    1    7    1    2    0      2243    5    3   -6   -6   12   13    2    1   16    4    6   -6    6   12    2  -12    0    2
    1    1   20    1    2    6    3    1    0      2687   13    6  -10  -13  -13    4    6    7   10   -5    5   12    3  -12    4    0  -10   -8
    1    1   21    1    3    7    1    3    1      1186   -5   15    6  -11   -9   -1    7   -1   13    4   -8   -8   -7  -14    3   11    3  -13
    1    1   22    1    1    6    3    3    0      2233    7   -2   -6  -13   16    8    0    2   14    6    6   -6   -1   12    0   -9  -14    1
    1    1   23    1    3    5    2    2    0      1717   -4   15    5  -10   -8   -5    8    0   13    5  -10  -10   -7  -13    5   11    3  -12
    1    1   24    1    3    6    3    1    0      1717   -5   13    7  -11  -15   -1   11    4   13   -5  -14   -5   -2  -18    4   13    9  -22
    1    1   25    1    3    3    3    2    0      1686   -8   15    7  -11   -1    0   10    5   14    4   -8  -18  -14  -22    3   12    2  -12
    1    1   26    1    2    7    1    2    1      1809   15    7   -8  -12   -4    9    8    6    7   -4    5   12   -3  -10    9    1  -11   -9
    1    1   27    1    1    5    2    3    0      1439   -3   -2   -8   -5   13   12    9   -3   10   11    4   -6    6   15    1  -10   -4    9
    1    2    1    1    1   14    2    3    0      2073    5    2   -7   -4   12   13    4    0   14    6    3   -6    6   15    1  -12   -3    8
    1    2    2    1    3   16    1    1    0      3483  -14   16    6  -10  -10   -1    7    1   14    3   -8   -7   -7  -14    5   12    3  -13
    1    2    3    1    2   16    1    2    1      1101   14    8    0  -15   -4    8    7    7    7   -5    7   13   -1  -11    8    3  -11   -9
    1    2    4    1    1   17    2    3    0      1159   13   -4  -10   -3   12   14    0    0   14    5    6   -9    4   11    1  -12   -3   11
    1    2    5    1    1   10    1    3    0       888    4    4   -7   -6   13   13    2    1   15    5    5   -6   -2   16    1  -11   -5   10
    1    2    6    1    3   11    2    1    0      3619   -5   12    5  -11  -17    2    6    1   20    6  -10  -10   -7  -14    8   12    2  -13
    1    2    7    1    2   12    3    3    0      3437   21   16   -4  -19   -2    4    7    9    7   -6    5   10    0  -17   18   -5  -14   -8
    1    2    8    1    1   11    2    2    0       890    1    8   -8  -11   14   12    3   -3   14    6    2  -16    3   13   -7  -15   -3   10
    1    2    9    1    2   14    2    2    1      3429   16    7  -10  -15   -3    7    7    9    6   -3    7   13  -12  -13   -1   -2  -10   -9
    1    2   10    1    2   10    1    3    0      2609   15    7   -8  -13    0    3    7    7    7   -6    6   12   -2  -11    9    3  -12  -11
    1    2   11    1    3   15    3    3    1      2512  -14   17    7   -7   -5    1   11   -5   11    3   -9   -9   -6  -13   -2   18   11  -11
    1    2   12    1    1   15    3    1    1      1499    0    6   -1  -12   11   15    0    1    6    0    8  -13    4   17   -8  -15   -6   11
    1    2   13    1    1   13    1    3    0      3589    4   -3   -6   -6   17   12    0   -1   16    4    3   -9    5   13    1  -11   -5   11
    1    2   14    1    3   12    3    3    1      2124  -15    5    4   -9   -8   -1    6    1   14    4  -10   -3  -12  -23    4   16    4  -13
    1    2   15    1    2   15    3    2    1       998   22   10   -7  -14   -3    7    8   15   12    0    7   12   -4  -11   10    1   -2  -14
    1    2   16    1    2   17    2    2    1       957   15    5   -7  -17   -1    6    6   10    8   -6    5   12   -4  -12    9    1  -12   -9
    1    2   17    1    3   17    2    3    1      7413   -5   16    8  -11   -9   -1    9   -1   11    3   -9   -6   -8  -13    3   12    2  -12
    1    2   18    1    3   18    3    3    1      2100   -6   19    8   -7   -9    6   11    2   23   -1  -14   -7   -7  -15    6   10    3   -6
    1    2   19    1    1   12    3    2    0      3031    6    6   -6   -7    8   16    4    2   16    5    0    2    6   14    0  -14   -3    9
    1    2   20    1    1   16    1    1    1      1381    5    3   -5   -6   13   13    2    1   16    6    5   -7    5   13    1  -11   -5   10
    1    2   21    1    3   14    2    1    0      1765   -3   16    6   -8  -11   -2    0   -8   12    3  -15  -17   -5  -14    4   11   -1  -13
    1    2   22    1    1   18    3    2    0      2020    1    4   -2    1   22   19    1   -1    6    4    6   -3    4   15    1  -13   -2   13
    1    2   23    1    3   13    1    1    0      2161   -5   15    1   -7  -11   -1    6    0   14    4   -6   -4   -7  -13    5   21    2  -12
    1    2   24    1    2   13    1    2    1      1121   14    7   -9  -14   -4   13    8   15    6   -4    5   13    0   -9    9    2  -11   -9
    1    2   25    1    2   18    3    1    0      2522   21    6   -1  -15   -7    5   12   15    7   -4    3   17   -5  -10   10    2  -10   -7
    1    2   26    1    3   10    1    1    0      3692   -6   15   11  -20  -15   -4    7    0   12    4  -10   -4   -5  -14    4   12    2  -13
    1    2   27    1    2   11    2    2    1      1303   14    9   -3   -8   -4   -2    6    7    6   -9    7   11   -7  -13   10    1  -12  -11
    1    3    1    1    3   25    1    3    1      2097   -7   17    6  -11   -9   -1    7    0   12    3  -10   -9   -5  -13    4   12    3  -12
    1    3    2    1    1   24    3    2    0      3034    7    2   -8   -2   22   22    0   -4   11    5    9   -2    0    5    3  -12   -3   14
    1    3    3    1    1   26    2    1    1       976   15    8   -4   -4   14   11    4   -1   17    6    7   -7    4   12    0  -11   -7    5
    1    3    4    1    1   19    1    3    0      3109    4    3   -6   -6   12   13    1    3   14    5    6   -8    5   13    1  -11   -5   10
    1    3    5    1    2   26    2    2    1      2103   16    9  -11  -10   -4    9    5    9    9   -4    6   19   -3  -10    6    2  -13   -3
    1    3    6    1    1   27    3    1    1      2105    5    2  -14   -3   22   17    7    5   13   10    8  -11    0   15   -2  -10   -9    9
    1    3    7    1    2   21    3    1    0      1893    6    2  -13  -22   -2   11   12   10    6   -4   10   11   -2  -13   10    3   -9   -9
    1    3    8    1    1   25    1    1    1      1056    7    2   -6   -6   13   13    3    0   15    5    5   -7    5   13    1  -11   -4   11
    1    3    9    1    3   19    1    3    1      2364   -5   15    6  -11  -11   -1    6   -1   15    2   -9   -8   -6  -16    4   12    1   -8
    1    3   10    1    3   24    3    3    1      2829   -1   19    0   -1  -17    9   10   -7   18    4   -6    2  -10   -9    5   10    2  -13
    1    3   11    1    1   22    1    1    1       882    5    3   -7   -6   11   11    2    1   14    6    5   -8    5   13    2  -11   -4   10
    1    3   12    1    1   21    3    2    0      2100    8    0  -11  -10   11   13    2    0   15    9    6   -8    2   14    0  -18   -7    8
    1    3   13    1    1   23    2    1    1      5902   11    4  -12  -14   14   12    1    1   13    6    5   -9    1   18    3  -12   -4    9
    1    3   14    1    2   27    3    1    0      1968    8   14   -9  -15  -11    6    2    6    8   -5    5   14  -11   -2    9    3   -6  -14
    1    3   15    1    3   26    2    1    0      1823   -6   14    7  -11   -8   -3    8   -2   14    3   -9   -9  -12  -21   14   13   -1   -4
    1    3   16    1    3   22    1    3    1      2349   -9   16    6   -9  -10   -1    6    0   12    5   -8   -9   -6  -14    5   12    3  -13
    1    3   17    1    3   21    3    3    1      4070   -3   16   -3  -14  -11   -2    8    9   11    4  -10   -8   -6  -12    0   11    3  -12
    1    3   18    1    3   27    3    1    0      1770   -5   14    4   -5  -10   -2    5    1   15    6    1   -3   -5  -19    3   11   11  -13
    1    3   19    1    1   20    2    3    0       825    4    5   -7   -4   14   14    2    3   16    4    6   -8    5   14    2   -6   -4    9
    1    3   20    1    2   19    1    2    1      1046   10    4   -9  -14   -3   11    6    8    6   -5    6   12   -3  -11    8    1   -8   -7
    1    3   21    1    2   22    1    3    0      2764   14    8   -3  -15   -3    8    6    7    7   -5    6   11   -2  -12   10    1  -11   -9
    1    3   22    1    2   25    1    3    0      3469   20    5   -3  -23   -3    8    5    7    6   -5    5   13   -4  -11   12   -7  -11   -9
    1    3   23    1    2   20    2    2    1      1336   17    3   -6  -14   -1    7    1    9    2  -10    6   14   -1   -9    9    3  -11    0
    1    3   24    1    3   20    2    1    0      2641    3   14    8   -9  -11    0    6    1    9    2   -8   -6   -4  -14    3   11    1  -11
    1    3   25    1    3   23    2    1    0      1166   -4   17   11   -5   -9   -2    7    1    6    9   -7   -3   -1  -15    4   11    5   -8
    1    3   26    1    2   24    3    2    1      1037   12    9  -10  -13   -2    7    1   14    2   -6    5   13   -5   -9   10    1  -11  -10
    1    3   27    1    2   23    2    2    1       994   16    6  -11  -15   -2    7    4   10    8   -5    7   12   -1  -12   12    1   -9  -10
    1    4    1    1    1   30    3    3    0      5521    0   -1   -6  -10   16   11    4    0   14    5   -5  -12    2   16    5  -16   -8   15
    1    4    2    1    2   29    2    2    1       867   15    8   -8  -14   -5    7    5    8    7   -7    8   11   -4   -9   13   -5  -12   -8
    1    4    3    1    3   33    3    1    0      2376   -2   11    5  -10  -14    4   10   -4    8    6   -9   -7  -14  -22    7   12   -2  -15
    1    4    4    1    1   36    3    2    0      1311    9    0  -10   -7    9   18    5    6   14    4    3   -4    4   13   -1  -18    2   15
    1    4    5    1    3   34    1    3    1      1937   -4   14    5   -9  -10   -1    5    1   12    5  -14   -7   -5  -14    3   12    4  -13
    1    4    6    1    3   28    1    1    0      1650   -6   15    6  -11  -10   -1    8   -1   11   -2   -9   -8   -6  -15    4   12    2  -13
    1    4    7    1    2   32    2    2    1      1110   17    6  -10  -13   -4    8    5    6    8   -5    7   11    0  -13    8    4  -10   -9
    1    4    8    1    3   36    3    3    1      2840  -14   15   12  -19  -15  -10    6    0   10    2  -16   -7   -8   -4    5   11   -5  -23
    1    4    9    1    3   30    3    3    1      1198   -3   18    8   -8  -11   -1    9    0   19   12   -5   -7   -1  -18    4   13    6  -18
    1    4   10    1    1   35    2    2    0      1196    7    4   -5   -7   11    8    1    3   19    2    6   -7    3   13    1  -12   -6   11
    1    4   11    1    2   33    3    2    1      1066   14    7  -15  -19   -5    6    4   10    8    5    2   15   -9  -21    9    9   -8    0
    1    4   12    1    1   33    3    1    1      2782   -1    3   -2   -3    9   13    2    0   14    6    4   -9    2    8    4   -6   -6    9
    1    4   13    1    3   31    1    3    1       964   -5   15    6  -10   -9   -1    6    0   13    5   -9   -8   -5  -13    4   12    3  -13
    1    4   14    1    1   32    2    2    0      1133   15   -1   -2   -9   14   14    5   -1   15    4    4   -7    7   15    1  -12   -3   12
    1    4   15    1    3   35    2    3    1      1285   -4   15    7   -7   -9   -5   10   -7    8   -2  -10   -9   -5  -15    6   11    4  -13
    1    4   16    1    1   34    1    2    0       951    6    3   -5   -6   13   13    2    1   19    1    5   -7    5   13    0  -10   -5   10
    1    4   17    1    2   34    1    2    1       902   16    7   -9  -15   -4    7    6    8    7   -5    1   21   -1  -11   10    2  -10   -9
    1    4   18    1    2   31    1    1    0      1662   15    7   -8  -14   -3    8    6    8    2   -8    4   12   -1   -9    9    2  -10   -7
    1    4   19    1    2   35    2    2    1      1088   14    8  -10  -15   -4    8    7    8    6   -5    5   10  -12  -12    7    0  -17  -14
    1    4   20    1    1   29    2    1    1      1659    5    2   -1   -2   15   12    2    0   15    4    6   -9    4   13   -8   -4  -10   12
    1    4   21    1    1   28    1    1    1      1549    5    3   -6   -5   13   13    2    1   16    6    5   -6    5   13    2  -11  -14    8
    1    4   22    1    2   30    3    2    1      1148   13    6  -16  -21    0    9    9    9   12   -2   16    9   -3   -9   10    3  -10   -3
    1    4   23    1    1   31    1    1    1      1883    6    2   -6   -6   12   14    2    1   14    6    6   -6    6   13    1  -12   -6   10
    1    4   24    1    2   36    3    2    1      1157   10    5   -8  -14   -4    9    6    7    6   -8    7   11   -8  -18    8    0  -14   -2
    1    4   25    1    2   28    1    2    1      2893   15    7  -10  -13   -8   11    4    0    7   -5    5   13   -3   -8    9    1  -10   -9
    1    4   26    1    3   32    2    3    1      1903   -5   14    5  -10   -8   -3    8   -2   12    4   -8   -8   -7  -15    5   13    8  -14
    1    4   27    1    3   29    2    3    1      1690   -5   16    6   -9  -20   -4    6    1   14    4   -8  -10   -7  -13    3   11    1  -13
    1    5    1    1    2   42    3    1    0      1828   16    6   -9  -15   -4    7    6    7    7   -4   15    2   -6  -11   -1   -4  -12  -10
    1    5    2    1    3   38    2    3    1       984   -4   14    0  -19   -8    0    7    1    8    6  -10   -7   -5  -17    5   11    1  -13
    1    5    3    1    2   41    2    2    1       936   14    8  -11  -12   -1    6   11    5    8   -6    6   11   -2  -10    8    2  -10  -10
    1    5    4    1    3   43    1    3    1      2081    5   14    6  -10  -10   -1    6    1   12    3   -9   -8   -6  -14    4   11    2  -12
    1    5    5    1    2   40    1    2    1       827   15    7   -9  -15   -2    7    5    9    7   -5    7   12   -2  -11    8    3  -11  -10
    1    5    6    1    2   44    2    2    1       735   16   10   -8  -13   -2    7   11    4    6   -4    8   13   -1   -9   16    2   -9   -8
    1    5    7    1    1   41    2    2    0      2271    6    3   -7   -5    5   18    2    2   14    6    4   -9    6   13   -8  -17   -4    9
    1    5    8    1    2   38    2    2    1       899   16    7   -9  -12   -2    8    6    7    3   -4    8   13   -2  -10    8    2   -9   -8
    1    5    9    1    2   45    3    2    1      1118    9    7   -8  -14  -13   12    6    7    5   -6   11   14   -4  -11    8    2  -10   -8
    1    5   10    1    1   43    1    3    0      1279    6    1   -6   -6   12   14    1    2   22   -2    4   -6    5   14   -1  -20   -5    9
    1    5   11    1    3   37    1    1    0      1826   -3   21    7  -11   -2   -7    8    0   13    4   -9   -9   -2  -16    4   11    3  -13
    1    5   12    1    3   40    1    3    1       820   -7   15    6  -10  -10   -1    6    0   14    4   -9   -8   -6  -14    4   12    3  -13
    1    5   13    1    3   45    3    3    1      1537   -7   17    7  -10   -3    0    3   -8   16    6  -19  -11   -5  -24    6    8    2  -14
    1    5   14    1    2   39    3    2    1      3202   18   10   -9  -13   -1   13    1   17    8   -4    0   10    4  -15   10    3  -11   -8
    1    5   15    1    3   42    3    1    0      2033   -9   16   10  -10   -2    1    3    0   10   -1   -7  -10    1  -21    3   13    2  -12
    1    5   16    1    1   44    2    2    0      1799    6    5   -8   -4   15   11    3    0   14    4    4   -9    6   15   -1  -13   -5   11
    1    5   17    1    1   39    3    1    1       677    5    2   -4   -6   16   14    5    6   15    6    7   -7   -4    8   -2   -2   -2   15
    1    5   18    1    1   42    3    1    1      1199    6    3    3   -6   14   13    4   -2    7    6    7  -12    6   15    5  -15   -5    9
    1    5   19    1    1   40    1    1    1      1027    5    3   -7   -6   12   14    2    1   15    5    6   -7    4   14    0   -2   -5   10
    1    5   20    1    3   39    3    3    1       896   -7   23    5   -9   -9   -1    1   -5    4   13   -8   -6   -3  -19    8   11    5  -14
    1    5   21    1    1   45    3    2    0       753    9    0  -11  -12   15   10    4   10   15    3    7   -4    4   14   -4  -15   -5    9
    1    5   22    1    1   38    2    3    0       952    6    3   -4   -5   16   12    3    0    9   15   12   -9    1   18    1  -12   -4   11
    1    5   23    1    1   37    1    1    1       976    5    3   -6   -7   12   14    2    1   15    5    4   -8    5   13   -3  -10   -5   10
    1    5   24    1    2   43    1    2    1       783   10   -3   -8  -15   -4    9    6    8    7   -4    6   12   -2  -11    9    2  -10   -9
    1    5   25    1    2   37    1    2    1       918   15    7   -9  -14   -2   10    6    9    7   -5    6   12   -8   -4    8    3  -11   -9
    1    5   26    1    3   41    2    3    1      2248    4   24    7   -9   -5    2    8    0   11    5  -14  -10    0   -7    5   11    4  -13
    1    5   27    1    3   44    2    3    1      1517   -3   15    6   -9   -9   -2    9    1   14    4  -11  -12   -7  -14    4   13   10  -19
    1    6    1    1    1   53    2    3    0      2559    4    3   -2  -11   14   13    0    3   14    4    4   -6    4   13    4  -19   -5    1
    1    6    2    1    3   50    2    3    1      1071   -5   14   15   -7   -9    0   17   -8    9    7   -8   -9   -2  -18    2   14   -3  -14
    1    6    3    1    3   49    1    3    1      1883   -5   16    6   -9  -10   -1    8   -1   13    4   -9   -8   -6  -14    2   11    5  -14
    1    6    4    1    2   53    2    2    1      1022   16    8   -9  -15   -5    9    6   10    8   -5    8   11   -1  -11    8    3  -11   -3
    1    6    5    1    2   47    2    3    0      1978   16    9   -9  -15   -2    7    4    8   15   -8    8   10   -4  -14    7    3  -17    0
    1    6    6    1    1   50    2    2    0      1217    6    5   -8   -6   13   14    1    1   23   13    6   -8    4   11    0   -9   -4    8
    1    6    7    1    2   52    1    2    1       975   15    9   -9  -19   -4    8    5    8    8   -6    5   12   -2  -11    9    2  -11   -9
    1    6    8    1    3   53    2    3    1      1302   -6   17    5  -10  -11   -1    6   -1   12    4    0  -10   -7  -12    2   12    2  -13
    1    6    9    1    2   49    1    2    1      1033   15    7  -10  -15   -3    8    6    9    8   -4    8   13   -2   -5    9    2  -12  -10
    1    6   10    1    3   51    3    3    1      1782   -4   15    6  -16   -9    1    8    5   18    2  -18  -11   -3  -24   13   15    5   -7
    1    6   11    1    3   54    3    1    0      1149  -14   12   11  -18   -8   -6    4    7   13    2  -11    1   -4  -14   -3    8    1   -9
    1    6   12    1    3   52    1    3    1       878   -5   15    6  -10   -9   -2    8    0   12    5  -10   -7   -5  -14    5   13    3  -13
    1    6   13    1    3   46    1    3    1       776   -4   14    7  -11  -11   -1    8    1   13    4   -9   -8   -6  -15    3   11    3  -17
    1    6   14    1    1   46    1    3    0      1814    6    4   -7   -5   13   12    2    1   14    5    6   -8    4   14    0  -10   -1   13
    1    6   15    1    1   48    3    3    0      4116    9    7   -1  -11   12   12    3    0   17    5   11   -7    5   10    3   -8   -5    9
    1    6   16    1    1   52    1    1    1      1797    4    2  -14  -13   13   13    1    0   16    4    5   -8    5   13    1  -11   -7    8
    1    6   17    1    2   51    3    1    0      2452   18   10    1   -9   -3    7   -2    0    7   -7    3    9   -3  -11   12    3  -10   -7
    1    6   18    1    1   51    3    2    0       695    6    2  -10  -12    4   16   -5    7   14    4    1   -4    1    8   -5   -4    0   15
    1    6   19    1    2   50    2    3    0      2282   20    4    0  -21   -3    7    6    7    9   -2   10   13    0  -12    8    0  -11   -7
    1    6   20    1    3   48    3    2    0      2821    2   19    1   -1  -11   -3    2    2   11   12  -19   -2   -2  -10    1   11   11   -6
    1    6   21    1    2   48    3    3    0      3427   12   16   -9  -13  -11    3    9    2    2   -6    5   13    0  -15   14   -3  -14  -11
    1    6   22    1    2   46    1    2    1       785   15    7   -9  -15   -2    7    7    8    7   -5    6   12    1  -16    9    2  -11   -9
    1    6   23    1    3   47    2    2    0      2096   -6   13    2  -11   -8   -1    6   -1   14    4   -8   -7   -8  -12    3   10    4  -12
    1    6   24    1    1   47    2    1    1       931    5    4   -7   -7   14   14    2    2   17    7    4   -6    4   14    2  -12   -7   10
    1    6   25    1    2   54    3    2    1      1292   20    4  -11  -24  -12   10   -3    4    9   -7    1   16   -7  -16    6    2  -11  -11
    1    6   26    1    1   49    1    1    1       925    5    3   -6   -7   13   12    1    1   15    4    5   -7    5   13    2  -10   -5   10
    1    6   27    1    1   54    3    3    0      2327    4    4    4   -4   12   15   12   -6   17    4    6   -5    1   13   -4   -8   -5   11
    1    7    1    1    2   59    2    2    1      1383   16    6  -10  -14   -5    9    5    8    2    2    6   14  -11  -19    7    3  -12   -9
    1    7    2    1    2   60    3    2    1      1158   16    6  -12  -19  -12    7   -1   11   11   -5    8    9   -1  -12   11    2  -14   -4
    1    7    3    1    3   61    1    1    0      3486   -5   15    6  -10  -10   -1    7    0    7   -6  -13   -3   -5  -15    3   11    3  -11
    1    7    4    1    3   60    3    2    0      1090    3   14    5    0   -3   -5   12    8    9    7  -12   -7  -15  -18    2   11   13  -11
    1    7    5    1    3   58    1    3    1      1261   -4   15    5  -10  -10    0    7    0   14    3   -9   -8   -7  -15    5   12    4  -14
    1    7    6    1    1   55    1    1    1       753    4    3   -6   -6   12   14    2    1   15    5    6   -5    5   13   -1   -9   -5   10
    1    7    7    1    1   61    1    1    1      1096    5    3   -6   -7   12   14    1    0   15    6    5   -8    4   12    1  -11   -5   11
    1    7    8    1    2   57    3    2    1      1106   23    9  -14  -12   -4    8    7    7    9   -2   16   19   -1  -12    8    3   -6  -10
    1    7    9    1    3   62    2    1    0      1724   -5   14    1    0   -9   -1    6    0   12    2  -12   -9   -5  -15    5   10    2  -12
    1    7   10    1    3   55    1    3    1       829   -6   15    6  -10  -11   -1    7    0   13    4   -8   -8   -6  -15    3   10    3  -13
    1    7   11    1    1   63    3    1    1      2418   10    7    4    1   20   10   11   -6   11    2    0   -4    7   12    9  -10   -5    9
    1    7   12    1    2   55    1    3    0      2488   24    6  -10  -14   -3    8    6    9    5  -15    5   13   -1   -7    9    2  -11   -9
    1    7   13    1    3   56    2    2    0      2940   -6   13    0  -10  -11    0    7   -1   13    5   -9   -7   -6  -15    4   13    2  -14
    1    7   14    1    2   56    2    2    1      1044   15    8  -11   -9   -5    7    5    9    6   -5    5   12   -3  -12    8    2  -17  -14
    1    7   15    1    1   60    3    3    0      3864    9    4   -8   -7   11   15    2   -8   16    4    5   -8   -2    9    5  -16  -13    0
    1    7   16    1    3   63    3    2    0      1276   -4   16   -1   -4   -8   -3    8    1   13    9   -9  -10   -5  -14    3    8    5  -15
    1    7   17    1    1   56    2    3    0      1904    6    2  -10  -10   11   13    0    0   11    9    6  -11    6   15    0  -11   -7   12
    1    7   18    1    3   59    2    2    0      1906   -3   13    5  -11   -5   -5    9   -2   14    2  -10   -7   -7  -15    4   11   -1  -18
    1    7   19    1    1   57    3    2    0      1227    6    2   -9  -14    6    7    4    9   16    7    4   -5    4   13   -1  -10   -4   10
    1    7   20    1    1   58    1    3    0      2370    5    2    3   -2   13   13    2    1   15    0    5   -7    5   14    1  -10   -5   10
    1    7   21    1    2   63    3    2    1      1459   15    8  -17  -20   -3   16   -3   10    7   -9   10   11    3  -15   10    1   -7  -14
    1    7   22    1    2   61    1    2    1      1047   14    8  -10  -14   -4    9    6    8   17   -4    5   12   -4  -11   10    3  -15  -12
    1    7   23    1    1   59    2    1    1      2636    6    3  -10   -5   11   15    3    1   13    1   -5   -3    6   12    3  -10   -3   11
    1    7   24    1    1   62    2    1    1      1945    5    5   -8   -7   13   12    2    2   15    4    5   -5    6   12   -2  -10   -6   10
    1    7   25    1    2   62    2    2    1       961   14    7  -11  -15   -7   -2    7    9    7   -6   -2   13   -3   -9   -1   -2   -9   -9
    1    7   26    1    2   58    1    2    1      1296   14    8   -9  -14   -2    8    6    8    7   -5    6   12   -4   -1    9    1  -11   -9
    1    7   27    1    3   57    3    3    1       923   -9   20    8   -6  -13    4    9    2   16   -5  -13   -1  -13  -11    4   13    0  -17
    1    8    1    1    2   69    3    2    1      1973   14    2  -14   -9   -5   10   10    7    9    0    4    8  -10   -2    4    0  -21   -1
    1    8    2    1    1   66    3    1    1      2501    0   -1   -3   -6   13    8    4    5   16    4    2   -4    6   12    3  -12   -1   13
    1    8    3    1    1   69    3    2    0      2573    5    2    1  -13   12    6    5   -2    7    1    4   -5    8   10    4   -9   -5    9
    1    8    4    1    2   64    1    2    1      2468   15    7   -9  -14   -3    9    6    8    6   -5    6   11   -2  -11   10    3  -11   -9
    1    8    5    1    3   67    1    3    1      1375   -5   15   10   -9  -10   -1    6   -1   14    4  -10   -8   -6  -14    4   12    2  -13
    1    8    6    1    2   66    3    1    0      1902   19    3    1  -13   -2    8    7    7    7   -4    7   14    1  -10    2    5  -14   -5
    1    8    7    1    1   72    3    3    0      1761    1   -7   -7   -4    4   18   -5    8   16    6   10    0    2   16    6   -6    2    1
    1    8    8    1    1   68    2    3    0      6360    6    4   -6   -5   16   20    3    2   14    6    6   -8    6   13    2  -12   -4    9
    1    8    9    1    1   67    1    1    1      1249    6    2   -7   -7   11   12    2    1   16    6    6   -8    5   13    0  -11   -5   11
    1    8   10    1    2   65    2    3    0       988   17    5   -9  -15   -5    8   13   15    5   -3    4   22    0  -12    8    3  -11   -8
    1    8   11    1    1   64    1    1    1      2939    5    4   -7   -5   12   13    2    1   15    6    7   -7    4   14    1  -11   -4    9
    1    8   12    1    3   65    2    1    0      2653   -4   14    7  -11   -8   -2    6    2   13    5   -8  -10   -7  -12    3   13    3  -12
    1    8   13    1    2   72    3    2    1       904   19   14  -10  -19  -10   -2    7    7   -3  -14   13   15   -1  -20    8    2   -9   -9
    1    8   14    1    3   71    2    1    0      2441   -7   13    6   -9   -9    0   -1    4   14    5   -9   -7   -8  -11    3   11    3  -11
    1    8   15    1    3   70    1    3    1      1205   -5   15    6  -10  -10   -1    7    2   14    3    1   -8   -6  -14    4   12    3  -13
    1    8   16    1    3   68    2    3    1      2141    5   12    6   -8   -6   -6    9    2   11    3   -7   -8  -10  -11    9   17   12  -17
    1    8   17    1    1   71    2    2    0      1462    6    2   -7   -7   11   21    3    1   19    6    5   -8    6   13    2  -11   -5   12
    1    8   18    1    3   72    3    2    0      1145   -4   16    6  -20  -11    0    5   -2   21    5   -9  -12  -10  -19    2   14    2  -14
    1    8   19    1    2   68    2    2    1      1297   15   12  -10   -9   -5    7    7    7    5   -6    6   11   -4   -9    7    2  -11   -7
    1    8   20    1    2   70    1    2    1      1107   15    7  -10  -13   -2    8    5    8    7   -5    7   12   -2  -11   10    2  -11  -10
    1    8   21    1    2   71    2    2    1       829   16    8   -8  -16   -4    8    5    6    7   -4    7   12   -2   -6    7    3  -11   -7
    1    8   22    1    1   65    2    2    0      1522    3    0   -8   -7   18   17    3    3   16    3    4   -7    7   12    2  -11   -3   11
    1    8   23    1    3   69    3    3    1      1395   -3   15    5   -9  -11   -3    8    0   13    3  -13  -15   -1  -19   12   13   -2  -13
    1    8   24    1    3   66    3    3    1      3123   -5   17    7  -10   -9    1    6   -3   20    3   -8   -8   -7  -14    5   17    3  -10
    1    8   25    1    2   67    1    2    1       941   15    7   -9  -14   -3    8    7    8    7   -5    6   12   -3  -10    8    3  -11  -10
    1    8   26    1    3   64    1    3    1      1142   -5   14    6  -10  -11    0    8   -1   14    5   -8   -5   -5  -14    3   12    3  -13
    1    8   27    1    1   70    1    1    1      1007    5    3   -5   -6   14   13    2    1   15    5    5   -7    6   12    1  -11   -5   11
    1    9    1    1    1   81    3    2    0      1453    5    5   -4   -8    5   20   11    4   15    6    4   -6   -4   17    2  -11   -6   10
    1    9    2    1    2   80    2    2    1       810   17    8   -8  -14   -5    6   10    5    6   -5    5   12   -4  -10    9    1  -12  -10
    1    9    3    1    1   77    2    3    0      1992    4    1  -10   -7   15   15    1    1   13    1    6   -9    0   21    0  -15  -14   11
    1    9    4    1    1   78    3    1    1      3774    1    7   -1   -7   14   13    3   -3   19    9   12  -16    3   23   -3  -10   -6    8
    1    9    5    1    1   79    1    2    0       926    4    2   -8   -7   13   13   -2   -5   15    5    5   -7    5   13   -6  -14   -1    1
    1    9    6    1    3   76    1    3    1      1110   -1   10    6  -10  -10   -1    7    0   13    4  -10   -7   -7  -14    5   11    3  -14
    1    9    7    1    3   73    1    3    1       823   -5   16    5  -10  -10    0    6    0   13    5  -10   -8   -6  -14    5   11    4  -14
    1    9    8    1    3   78    3    1    0      2492   -4   14    1  -18  -11    0    5   -1   16    1  -10   -9   -7  -14    3   12    4  -12
    1    9    9    1    3   79    1    3    1       959   -5   15    5   -9  -11    0    5    5   13    4   -9   -9   -6  -14    3   13    3  -13
    1    9   10    1    3   74    2    3    1      1079   -9   19   14   -5  -11    0    8    1   12    5  -10  -10   -8  -16    5   11    4  -14
    1    9   11    1    2   79    1    2    1      2290   16    7   -9  -14   -3    7    7    9    7   -5    6   12   -3  -11    8    3  -11   -9
    1    9   12    1    1   80    2    1    1      1565    4    1   -6   -7   12   12    1    1   17    4    4   -5    5   12    1  -12  -13   13
    1    9   13    1    1   76    1    1    1       908    5    3   -7   -6   14   13    2    1   14    4    0  -17    5   13    1  -11   -5   10
    1    9   14    1    1   73    1    1    1       718    5    5   -6   -6    7   12    2    1   15    6    5   -7    5   13    0  -11   -4   10
    1    9   15    1    3   75    3    3    1      1630   -4    7    2   -9  -11   -1   17   -3   13   -1   -5  -11   -6  -13    2   12    3  -12
    1    9   16    1    2   76    1    2    1      1075   15    6   -9  -14   -2    8    5    8   11   -2    6   12   -1   -2    9    2  -11   -9
    1    9   17    1    3   80    2    3    1      3007   -7   16    5  -10   -9    0    9    1   10   11  -13   -5  -16   -7    3   12    3  -12
    1    9   18    1    2   73    1    2    1       844   15    7   -9  -13   -3    8   13   12    5   -2    6   11   -3  -13    8    2  -10  -10
    1    9   19    1    2   81    3    1    0      1352   15    8  -12  -12   -8    9    9   12    8  -10    6   13   -1  -16    4    0   -2   -8
    1    9   20    1    2   77    2    2    1       703   14    8  -10  -17   -3    9    4    9    8   -5    4   12    0  -13    8    4  -11  -14
    1    9   21    1    2   75    3    2    1       608   10   10  -13  -15   -5    6    5   12    8   -5   13   20   -1  -12   12    2   -1  -16
    1    9   22    1    1   74    2    1    1      1333    3    4   -6  -10   12   13   -5   -2   15    2    6   -8    5   12   -1  -15   -5    9
    1    9   23    1    2   78    3    2    1       878    7   -3  -11  -13   -1    8    5    9    4   -3    2   17   -7   -4   14   -3  -13   -9
    1    9   24    1    1   75    3    1    1      1848   -2    1   -5    2    8   14    4   -1   17   -3   13   -6   -3    4    1   -9   -6   14
    1    9   25    1    2   74    2    1    0       900   14    8  -10  -13   -3    9    4    9   11   -6    8   13    1  -14    8    2   -4    1
    1    9   26    1    3   77    2    1    0      1470   -6   15   11   -8  -10   -2    6    0   15    2   -8   -8   -6  -15    4   10    2  -13
    1    9   27    1    3   81    3    3    1      2426   -3    7    7   -8   -5   -3   10   -1    8    5  -10   -7  -12  -13    6   10   -3  -19
    1   10    1    1    2   82    1    1    0      1232   15    7   -8  -14   -3    9    4   18    6   -4    7   11   -1  -12   11    1  -13   -9
    1   10    2    1    3   90    3    3    1      1357   -6   11   13   -3  -16    5   10    5   12    4  -15  -10   -4  -15    6   13    2  -14
    1   10    3    1    2   86    2    2    1       899   13    6   -9  -15    0    8    3    8    9   -4   15   17   -5   -9    6    6   -9  -10
    1   10    4    1    1   88    1    1    1       789    5    5   -7   -6   14   14    2    1   13    6    5   -7    5   13    1  -11   -6    9
    1   10    5    1    2   87    3    2    1      1090    6   17  -10  -14    7   -1   13   18    6   -5    7   11   -8   -1   10    3   -9   -5
    1   10    6    1    1   82    1    2    0      1973    5    3   -6   -6   13   13    2    1   14    6    6   -7    5   13    0  -13   -4   10
    1   10    7    1    3   86    2    3    1      1325   -7   16    3    0  -14    3    7    1   13    2  -10   -8   -2  -20   13   17    3  -12
    1   10    8    1    2   84    3    2    1       993   15    9  -10  -16    1    1    2    3   -2   -7    4   15   -6  -10   15   -7  -11   -3
    1   10    9    1    3   87    3    2    0      1518   -4   15    8   -1  -13   -2    6    0   16   -2  -13   -9  -13  -22    5   13    0  -21
    1   10   10    1    3   83    2    1    0      2153   -7   14    6  -11  -14   -9    7    1   15    6   -6   -8   -4  -12    6   10    3  -14
    1   10   11    1    3   85    1    3    1       640   -4   14    6  -10   -9    1    7    0   14    3  -10   -8   -2  -18    4   12    2  -13
    1   10   12    1    1   85    1    1    1       989    4    4   -5   -6   13   13    2    1   15    5    5   -7    7   12    1  -12   -4    9
    1   10   13    1    3   89    2    3    1      1498   -3   14    6   -5   -9   -2   15   -1   13    5  -11   -7   -6  -15    4   11    2  -14
    1   10   14    1    3   84    3    3    1      2260   -7   14   16  -15   -7    4    8    2   13   -1   -9  -13  -15  -18    5   14    0  -15
    1   10   15    1    1   90    3    1    1      1840    0    7  -11    4   13   14   -3    2   14    6    3   -7    3    8   -4  -19   -6    9
    1   10   16    1    2   83    2    2    1       964   14    6   -7  -16    5   13    6    7    6   -4    5   19    2   -8   12    5  -12   -7
    1   10   17    1    3   88    1    3    1      1738   -5   15    5  -11  -11   -2    7   -1   14    5   -9   -8   -6  -14    3   13    4  -13
    1   10   18    1    2   85    1    2    1       850   15    8   -4  -15    5    5    7    8    8   -5    4    8   -2  -10   10    3  -15  -10
    1   10   19    1    2   90    3    1    0      1910   16    7  -12  -15   -2   17    8    6    3   -4    3    7    3  -13    9    3  -17   -4
    1   10   20    1    1   84    3    2    0      1183    6    2  -14  -14   13   12    9   10   17    3   15    2    3   15   -8   -6    5    8
    1   10   21    1    1   87    3    1    1       734    4    5   -7   -6   13   14    3    0   16    4    4   -9    8   17   -1  -11   -6   11
    1   10   22    1    2   88    1    2    1      1158   15    7   -9  -13   -3    8    5    8    7   -5    6   12   -2  -11    9    1  -12   -8
    1   10   23    1    1   89    2    1    1      1614    4    3   -8   -5   14   11   -4   -7   10    3    5   -6    6   11    0  -13   -6   10
    1   10   24    1    2   89    2    2    1       986   15    6   -7  -16   -5    9    7    6    5   -6    4   12   -6  -10    8   -3  -12   -9
    1   10   25    1    3   82    1    3    1      1297   -5   15    8  -11  -10   -1    6   -2   12    4   -8   -9   -6  -14    4   12    3  -13
    1   10   26    1    1   83    2    2    0       859    5    4   -5   -6   12   13    4    1   13    7    3   -8    3   12   -1  -11   -6   12
    1   10   27    1    1   86    2    1    1       966   15   -5   -6   -5   11   13    2    0   17    4    2   -3   14    9   -5  -20   -4   12
    2    1    1    1    1    7    1    1    1      2378    5    3   -6   -6   12   13    2    1   16    4    6   -6    6   12    2  -12    0    2
    2    1    2    5    2    2    3    3    0      3441   13   11    1  -21  -12   -1    5    8   11    0    5   11   -1  -11    8    2  -11   -8
    2    1    3    4    3    5    2    3    1      1629   -5   16    7  -10  -11    0    6    1   14    4   -9  -10   -6  -13    2   13    4  -12
    2    1    4    1    1   11    2    2    0      2105    1    8   -8  -11   14   12    3   -3   14    6    2  -16    3   13   -7  -15   -3   10
    2    1    5    2    1    0    0    1    1      1795    5    3   -6   -6   13   13    2    1   15    5    5   -7    5   13    1  -11   -5   10
    2    1    6    4    2    1    2    2    1      1002   13    8  -11  -13   -6    8    9   13    5   -4    5   14   -6  -11   10    1  -12   -8
    2    1    7    5    2    3    3    1    0      4543   16    6   -9  -12   -3    7    6    9   16   -3    0   13    0  -13    7   -2  -10  -10
    2    1    8    1    2   24    3    2    1       455   12    9  -10  -13   -2    7    1   14    2   -6    5   13   -5   -9   10    1  -11  -10
    2    1    9    1    1   28    1    1    1      2290    5    3   -6   -5   13   13    2    1   16    6    5   -6    5   13    2  -11  -14    8
    2    1   10    1    2   44    2    2    1      1162   16   10   -8  -13   -2    7   11    4    6   -4    8   13   -1   -9   16    2   -9   -8
    2    1   11    1    2   47    2    3    0      2401   16    9   -9  -15   -2    7    4    8   15   -8    8   10   -4  -14    7    3  -17    0
    2    1   12    5    2    8    3    2    1       854   24   17  -10  -15   -1    6    7   10   13  -12    5   14   -3  -12    8    2  -12   -9
    2    1   13    4    2    2    2    2    1      2617   21   -3   -8  -15   -4    8    7    9    7   -7    8   13   -1  -10    9    4  -10  -11
    2    1   14    1    1   59    2    1    1      1023    6    3  -10   -5   11   15    3    1   13    1   -5   -3    6   12    3  -10   -3   11
    2    1   15    1    2   68    2    1    0      3598   15   12  -10   -9   -5    7    7    7    5   -6    6   11   -4   -9    7    2  -11   -7
    2    1   16    1    1   75    3    1    1      2836   -2    1   -5    2    8   14    4   -1   17   -3   13   -6   -3    4    1   -9   -6   14
    2    1   17    5    1    5    3    1    1      2415   -1    6   -7   -5    5    5    0    0   14    1    4   -9   14   22    3  -13  -13    8
    2    1   18    5    1    3    3    2    0      1204    6    2    3   -6   12   14    2   -1   13    4    5    0    8   19    0  -11   -6   11
    2    1   19    1    1   90    3    3    0      1761    0    7  -11    4   13   14   -3    2   14    6    3   -7    3    8   -4  -19   -6    9
    2    1   20    5    3    6    3    2    0      2002   -9   16   15    0   -9   -2    7    1   13   12    1  -15   -8   -4    4   13    3   -9
    2    1   21    5    2    9    3    2    1      2247    6   -2  -13  -22   -5    5    6    9    9   -3    4   20   -3  -10   10    7  -10   -7
    2    1   22    3    1    3    1    1    1      2771    5    3   -6   -6   13   14    1    2   15    5    5   -7    4   14    1  -11   -9   15
    2    1   23    4    2    4    2    2    1       812   16    8   -7  -16   -1    9    6    9    5    4    5   13    0  -10   -1   -8  -10   -7
    2    1   24    4    2    5    2    1    0      4090   18   11    0   -5   -4    6    7    7    3   -5    5   12    0   -9    8    3  -11   -7
    2    1   25    5    3    3    3    3    1       950   -6   14    7  -11  -18    2    2    8   15    6  -10   -7  -13   -5    3   12    7  -18
    2    1   26    1    3    2    2    3    1      3269   -4   15    5  -10   -8  -10    4   -4   14    3   -8   -6   -5  -15    3   12    5  -13
    2    1   27    2    3    0    0    3    1      1466   -5   15    6  -10  -10   -1    7    0   13    4   -9   -8   -6  -14    4   12    3  -13
    2    1   28    3    3    2    1    3    1       693   -5   14    6  -10  -11    0    8    0   12    4   -9   -8   -6  -14    4   12    4  -14
    2    1   29    4    2    6    2    3    0      6160   15    6  -11  -12   -4    8   -1    9    8   -4   13    2   -4   -9   10    1  -19   -3
    2    1   30    3    3    3    1    3    1       672   -5   15    7  -11  -10    0    7    1   14    3   -9   -8   -6  -14    5   11    3  -13
    2    1   31    4    1    1    2    2    0      2060    5    5   -8   -6   14   12    1    2   15    4    2   -8    4   13    2  -12   -6   10
    2    1   32    1    2   10    1    2    1      1056   15    7   -8  -13    0    3    7    7    7   -6    6   12   -2  -11    9    3  -12  -11
    2    1   33    4    3    4    2    3    1      2045   -2   16    6   -8  -12   -1    8    1   15    4  -10   -7   -5  -12    6    3    2   -9
    2    1   34    4    3    1    2    1    0      5547   -6   16    7  -10   -9   -2    3   -5   17    5   -9   -6   -4  -15    7   11    2  -15
    2    1   35    1    1   26    2    1    1       722   15    8   -4   -4   14   11    4   -1   17    6    7   -7    4   12    0  -11   -7    5
    2    1   36    3    1    2    1    1    1      1451    4    4   -6   -5   12    8    4   -3   15    5    5   -8    4   13    1  -12   -4    9
    2    1   37    1    3   31    1    1    0      2288   -5   15    6  -10   -9   -1    6    0   13    5   -9   -8   -5  -13    4   12    3  -13
    2    1   38    4    1    2    2    1    1      3946    6    2    0   -6   12   11    4   -1   14    5    8   -3    5   12    3  -11   -6   10
    2    1   39    5    1    7    3    2    0      1170    9    6   -6   -7   16    6    4   -2   16   10   -5   -1    3   12   -5  -19   -7    9
    2    1   40    1    3   42    3    1    0      1921   -9   16   10  -10   -2    1    3    0   10   -1   -7  -10    1  -21    3   13    2  -12
    2    1   41    4    1    3    2    2    0      1313    5    2   -6   -7   13   12   -2   -2   14    6    3   -8    6   13   -9   -6   -3    9
    2    1   42    1    1   51    3    2    0      1508    6    2  -10  -12    4   16   -5    7   14    4    1   -4    1    8   -5   -4    0   15
    2    1   43    5    3    2    3    1    0       966   -2   18   16   -1   -1    2    7    2   22   14  -12   -9   -8  -16    5    8    4  -19
    2    1   44    5    1    2    3    1    1      1109    4    3   -2  -16   11    9    9   -9   11    4   -5   -8    2    8    3   -8   -5   11
    2    1   45    3    3    1    1    3    1      1038   -5   15    6  -11  -12    1    8    1   20    5   -8   -8   -6  -13    4   12    4  -14
    2    1   46    5    1    1    3    2    0      1180    6    1   -7   -7   16   17    2    4   14   13    6   -7    7   14   -1  -11   -2    8
    2    1   47    5    1    9    3    3    0      2689    5    7   -6   -5   13    9    1    1   21    0   15  -14    4   13    0  -13   -4    9
    2    1   48    4    3    6    2    3    1       874   -7   14    7  -10  -11    0    5    9   12    5   -9   -6   -5  -14    3   14    2  -14
    2    1   49    5    1    8    3    2    0       701    5    2   -7   -4   19   22    0    1    9    9    1   -5    2    9   -9  -10   -7   12
    2    1   50    1    3   55    1    3    1      1708   -6   15    6  -10  -11   -1    7    0   13    4   -8   -8   -6  -15    3   10    3  -13
    2    1   51    1    3   72    3    3    1      5173   -4   16    6  -20  -11    0    5   -2   21    5   -9  -12  -10  -19    2   14    2  -14
    2    1   52    3    2    3    1    2    1      1038   15    7   -9  -14   -3    7    6    8    2   -2    6   12   -2  -11   10    1  -11   -9
    2    1   53    1    2   76    1    2    1       732   15    6   -9  -14   -2    8    5    8   11   -2    6   12   -1   -2    9    2  -11   -9
    2    1   54    4    1    4    2    1    1      1028    8   -4   -8   -6   14   15    2   -1   15    6   10   -8    4   13    1  -13   -4    9
    2    1   55    5    3    9    3    3    1      1959    2    8    8  -11  -18    5    1  -10   16    9  -14   -7  -13  -21    4   14   12  -13
    2    1   56    5    1    4    3    2    0       727   13   12   -5   -7   10   18   -6    4   12   15   -5    1    9    9   -9  -17  -11    3
    2    1   57    1    3   88    1    3    1      2472   -5   15    5  -11  -11   -2    7   -1   14    5   -9   -8   -6  -14    3   13    4  -13
    2    1   58    4    2    3    2    2    1      1090   13    8   -8  -15   -1   10    5    8    7   -6    6   14   -1   -9    9    3  -10  -10
    2    1   59    5    1    6    3    1    1      1229    6   -2   -6   -5   21    6    3    3   15    3    6  -11    5    9   -2   -3   -8   10
    2    1   60    4    3    2    2    3    1      2177   -5   14    7  -11   -5    3    7    1   16    8  -10   -6   -7  -14    3   13    2  -12
    2    1   61    1    3   50    2    3    1      1127   -5   14   15   -7   -9    0   17   -8    9    7   -8   -9   -2  -18    2   14   -3  -14
    2    1   62    4    1    5    2    1    1       992    4    4   -7   -5   15   11    1    0   16    5    4   -7    5   12    0  -10   -6   11
    2    1   63    4    1    6    2    1    1      1318    7    6   -4   -7   14   12    0   -1   15    0    6   -8    4   14   -2   -6   -6    8
    2    1   64    5    2    6    3    2    1       942   15    9  -13  -17   -4    8   13   12    1    5    7   21   -2   -2   13   -1  -11   -8
    2    1   65    1    3    8    2    3    1      2694   -5   14    6  -11  -10   -2    8   -1    7    1   -9   -7   -8  -13    2   15    3  -12
    2    1   66    5    3    4    3    1    0      1304  -14    8    9  -13  -19   -6    9   -1   14    5   -5   -8   -7  -12   13    3   -1  -18
    2    1   67    5    2    1    3    2    1       848   15    6   -8  -15    5   13    6    6   10   -8    0   19   -4  -12    7    4  -13   -6
    2    1   68    5    3    8    3    1    0      5236  -14   17   12  -12   -6    5    6    1   13    3   -8   -9    1  -12    7   14    3  -14
    2    1   69    1    2   61    1    2    1       865   14    8  -10  -14   -4    9    6    8   17   -4    5   12   -4  -11   10    3  -15  -12
    2    1   70    5    3    1    3    3    1      1163   -5   17   -4  -12   -9   -1   11   -5   15    7  -11   -9   -7  -14    6   17    5  -18
    2    1   71    5    2    7    3    2    1      2129   15    6  -16  -14    7    2   11    8   -3   -7    1    3   -3  -17    1   -5  -11   -3
    2    1   72    3    2    2    1    2    1      1650   10    8   -9  -14   -3    8    6    8    7   -5    6   12   -2  -11    9    2   -3    1
    2    1   73    2    2    0    0    2    1       782   15    7   -9  -14   -3    8    6    8    7   -5    6   12   -2  -11    9    2  -11   -9
    2    1   74    3    2    1    1    2    1       940   15    8   -9  -14   -4    8    5    9    8   -5    6   12   -2  -11    9    1  -11   -9
    2    1   75    1    2   84    3    2    1      1340   15    9  -10  -16    1    1    2    3   -2   -7    4   15   -6  -10   15   -7  -11   -3
    2    1   76    4    3    3    2    3    1       845   -6   15    6   -8  -11   -1   11   -2   13    3   -6   -8    2   -9    6   13   -1  -13
    2    1   77    5    3    5    3    2    0      1185  -15    6   -4   -1   -6    0    5    0   13    5  -10   -8   -5  -16    1   19    4   -3
    2    1   78    1    1   13    1    1    1      3136    4   -3   -6   -6   17   12    0   -1   16    4    3   -9    5   13    1  -11   -5   11
    2    1   79    3    1    1    1    1    1       688    5    3   -5   -6   13   13    2    1   15    5    6   -8    4   13    1  -11   -5   10
    2    1   80    1    3   39    3    3    1      3875   -7   23    5   -9   -9   -1    1   -5    4   13   -8   -6   -3  -19    8   11    5  -14
    2    1   81    5    2    5    3    3    0      2335   10   -1  -10  -14    1   15    4    5    3   -7   -4   15    4  -17   16   11  -10  -10
    2    1   82    1    2   36    3    2    1      1279   10    5   -8  -14   -4    9    6    7    6   -8    7   11   -8  -18    8    0  -14   -2
    2    1   83    5    2    4    3    3    0      3972   14    7  -15   -8   -1    9    4    7    5  -10    9   11   -2  -10   10    7  -11  -11
    2    1   84    5    3    7    3    1    0      1571    4   13    6  -11   -9   -2    3    2    8   -1   -8   -9   -4  -13    4   10    9   -9
