    1    1    1    1    2    8    2    1    0      3734   13   19   -2    8   -7   -7  -14   -9  -11  -11   -9   -4    2   -1   -1   -6   -2    5
    1    1    2    1    3    4    1    3    1      1329   -3   -1  -10   -9  -11   11   -2   14    1    5   -2   -3   12    2   -4   -7  -10   -1
    1    1    3    1    3    6    3    1    0       760   -2   -2  -17  -10  -15   12   -5   22    1    6   -4   -3   15    1   -3  -17  -15   -8
    1    1    4    1    3    8    2    2    0      1252   -1    1   -7   -9  -12   10   -4   15    0    3   -2   -4   11    3   -4   -6   -7   -2
    1    1    5    1    1    4    1    1    1      1612  -13   16   -8    3    5  -15   14    7   10   14   -6    4   13    0   -6    0   -3    1
    1    1    6    1    2    1    1    3    0      1751   12   16    6   12   -1  -14  -15   -6  -13  -11  -10   -3    3   -2    1   -7   -2    4
    1    1    7    1    2    4    1    2    1      1725   12   15    7   10   -1  -14  -14   -8  -11  -11  -10   -2    1    0    0   -6   -1    3
    1    1    8    1    1    8    2    1    1      1222   -9   15   -9    4    4  -15   15    9    9   15   -6    5   17   -3   -8    1   -5    1
    1    1    9    1    3    1    1    3    1       721   -2    1  -11  -10  -12   11   -4   15    1    4   -3  -10   12    2   -5   -7   -9    0
    1    1   10    1    3    3    3    3    1      1328    1   -1   -8  -16   -9    9   -7   10    1    6   -7   -1   13    1   -2   -7    0   -4
    1    1   11    1    1    1    1    1    1       664  -11   16   -8    2    5  -16   14    6   10   14   -8    5   12    0   -7    0   -2    1
    1    1   12    1    2    9    3    2    1       682   15   17    6   10  -10  -14  -19   -9  -17  -12  -11   -2    2   -4    1   -7   -1    4
    1    1   13    1    3    5    2    3    1      1147   -4  -10  -12   -9  -12   12   -5   12    1    6   -3   -2   10    1   -4   -6  -10    0
    1    1   14    1    1    6    3    3    0      1002   -9   17   -8    8   11  -12    6   -2   14    5   -2   10   11    2  -12    1   -3    0
    1    1   15    1    1    7    1    1    1      1885  -13   18   -9    3    6  -15   14    6   10   15   -7    5   12    2  -10   -5  -13   -7
    1    1   16    1    2    6    3    2    1       766   11   19   14   11   -5  -13  -15   -6  -11  -13  -10   -2    7    2   10  -12   -2    2
    1    1   17    1    2    3    3    3    0       476   17   17   -4   13   -3  -13  -17  -11   -6  -13  -14  -10    3    1    6    0   -3   -3
    1    1   18    1    1    5    2    2    0       565  -20   24  -12   13   13  -10    6    2    9   13   -6    4   13    2   -7   -1   -4    0
    1    1   19    1    2    2    2    2    1       506   14   18    5   12    0  -15  -13   -8  -11  -10  -10   -4    4   -1    8  -16   -4    4
    1    1   20    1    3    2    2    3    1       898   -5    0  -16   -8  -11    9   -3   15    0    5   -3   -5   12    3   -2  -11   -8    2
    1    1   21    1    2    5    2    2    1      1354   14   14    5    9   -3  -13  -11  -16  -13   -9  -10   -2   -7    8    0   -8   -3    5
    1    1   22    1    3    7    1    1    0      1295   -2   -1  -12  -13  -21   14   -2   13    1    5    0   -5   12    2   -3   -7   -8    0
    1    1   23    1    1    2    2    1    1      1688  -11   15   -8    5   -3  -25   15    5   10   18   -6   12   11    1    1    6  -11    5
    1    1   24    1    3    9    3    3    1      1567   -8    4   -4  -10  -12    5   -4   19    4   13   -3   -3   11    0    4    2   -8    0
    1    1   25    1    1    9    3    1    1      1706  -12   15   -9    4   -1  -25   15    6    9   12   -2    4    9   -5   -7    2   -4   -1
    1    1   26    1    1    3    3    1    1      1376   -6   19   -8    4    5  -14   13    7   14   11   -4    5    3    1   -1    7   -7    6
    1    1   27    1    2    7    1    2    1       772   12   15    6   11   -2  -13  -15   -6  -13  -10  -19  -12    2    0    0   -6    0    2
    1    2    1    1    2   16    1    2    1       785   13   16    6   11   -1  -13  -14   -8  -13  -10  -10   -3    4   -2   -1   -5   -2    4
    1    2    2    1    3   15    3    2    0      2061   -1   -1  -10  -10  -12   19   -8   11    2    1   -1   -4   15   -7   -6   -2   -9    1
    1    2    3    1    1   10    1    3    0      2054  -11   16   -8    3    6  -15   14    6    8   18   -6    6   11    0   -6   -2   -3    1
    1    2    4    1    3   11    2    3    1      1039   -3    0  -12  -11  -16   10    6    8    3    6   -1   -4   11    4   -9  -17   -4   -5
    1    2    5    1    1   15    3    1    1      1329  -10   15   -7    2    6  -13    4    5   12    4   -7    6   12    1   -6   -4   -3    2
    1    2    6    1    2   10    1    2    1       682   12   16    6   11   -1  -13  -15   -7  -11  -10  -11   -4    2   -1   -1   -7   -3    3
    1    2    7    1    2   13    1    2    1       633   12   15    6   11   -2  -14  -16   -6   -9  -17  -10   -3    2    0    1   -7   -2    4
    1    2    8    1    1   18    3    3    0      1068  -16   23  -14   -5    4  -11   15    4    9   15   -6    2    4    6   -5   -4    5    2
    1    2    9    1    3   13    1    3    1       557   -4   -1  -10  -10  -12   11   -4   15    1    5   -2   -3   14    6   -3   -8   -9    1
    1    2   10    1    3   18    3    1    0       626   -4   -1  -11  -10  -20   11   -2   14    1    4    0   -5   13    1  -12   -4   -9   -1
    1    2   11    1    3   16    1    3    1       710   -4    0  -10  -10  -15   12   -4   15    0    5   -3   -3   12    2   -4   -7   -9   -1
    1    2   12    1    3   14    2    3    1       853    5   -9  -10  -10  -13    9   -4   14    2    4   -3   -4   13    4   -2   -8   -7    0
    1    2   13    1    1   17    2    2    0       606  -12   14   -1    3    4  -16   23   -1    9   14   -8    6    4   -6   -5    2    0   -7
    1    2   14    1    2   17    2    1    0      1682    6   15    4   11   -2  -15  -16   -7  -11  -11   -8   -2    4   -1    0   -5   -4    6
    1    2   15    1    2   11    2    2    1       907    4   15    4   10   -6   -9  -14   -8  -12   -9   -6   -6    2   -3    3   -6   -1    6
    1    2   16    1    1   12    3    1    1      1906  -10   16  -10    6    1  -15   14    4    6   19   -8    7   10   -2   -6    0    5   -5
    1    2   17    1    2   12    3    2    1       643   17   16   15   15   -4  -11  -20    0  -14   -6  -17   -1    5    1   -7    0   -1    5
    1    2   18    1    3   12    3    1    0      1077    3   -5   -9  -13   -5    7   -9   24   -4    4    7    3   20   -7   -7  -11  -17    0
    1    2   19    1    3   17    2    3    1       903    1   -6  -10  -12  -20    1   -4    7    2    5   -2   -5    6    9   -4   -8   -8   -1
    1    2   20    1    2   18    3    2    1      1455   12   15    4   10   -3  -13   -9   -6  -13   -9   -9    0    5   -9   -1   -8    2    5
    1    2   21    1    1   11    2    1    1       879   -4   19   -9    3    6  -14   23   12    9   15   -7    7   12   -2   -9   -1   -1   -1
    1    2   22    1    2   15    3    2    1       841   13   16   -3   14    2  -16  -15   -9  -13  -10  -14    0   -5  -10  -10   -5  -11    5
    1    2   23    1    2   14    2    2    1       515   16   16    7   11   -2  -12  -15   -8  -16  -14   -8   -3    1    4    4    0   -4    4
    1    2   24    1    1   16    1    1    1      2186  -21   20   -8    3    5  -15   13    6   11   13   -7    5   12    1   -7    0   -3    8
    1    2   25    1    3   10    1    3    1      1103   -4   -1   -9  -12   -8   11   -4   15    1    5   -1   -3   11    1   -3   -6   -9    0
    1    2   26    1    1   14    2    1    1      1822  -10   16   -9    4   -4  -22   13    4   10   16   -5    6   13   -1    2   -1   -5    0
    1    2   27    1    1   13    1    3    0      2098  -11   15   -9    4    6  -15   11   11   10   15   -7    6   11    0   -7    0   -4    1
    1    3    1    1    1   27    3    3    0       937   -8   20  -13    1    8  -15   16    5    2   13   -8    5   13   -1   -7    3   -2    0
    1    3    2    1    3   19    1    3    1       639   -2   -1  -10  -10   -5   19   -3   14    1    5   -2   -4   13    2   -4   -8   -9    0
    1    3    3    1    3   26    2    1    0       945   -4    0  -11  -11  -14    9   -4   16   -8   -1   -1   -4   14    2   -2   -6   -9    2
    1    3    4    1    1   19    1    1    1       567  -11   16   -8    3    5  -20   14    6    9   13   -7    5   12   -1   -7    0   -4    2
    1    3    5    1    2   25    1    2    1       493    9   19    7   12   -2  -14  -13   -5  -12  -10  -10   -3    3    0    0   -7   -3    5
    1    3    6    1    1   25    1    3    0       788  -11   16   -8    2    5  -14   14    6    7   17   -8    6   12    0  -11    3   -3    1
    1    3    7    1    2   23    2    3    0      1152    6   18    1   12   -1  -14  -16   -9  -14  -12   -9   -3   11   -4    1   -6    3    2
    1    3    8    1    3   21    3    1    0       925   -1    4   -3   -9  -14   10   -8   19    2    2   -3   -4   10   -2  -11   -7   -8    0
    1    3    9    1    2   20    2    1    0      1490   12   14    4   14   -3  -15  -18   -3  -14  -11  -15    2    3    1   -2   -4   -4    5
    1    3   10    1    2   27    3    2    1       675    8   18   -2   15   -3  -14  -18  -11   -7  -10   -5   -5   -5    0   -2   -8    1    1
    1    3   11    1    1   20    2    3    0      1011  -10   16   -3    0    6  -17   19    4    8   15   -8    5   12    2   -6    0   -5    5
    1    3   12    1    2   22    1    2    1       614   13   16    5   11   -3  -15   -8  -10  -12  -10  -10   -3    3   -1    0   -6   -2    4
    1    3   13    1    1   21    3    3    0       781  -13   18  -13   10    8  -15   16    8   16   24    1    9   19    5   -8    0   -5    7
    1    3   14    1    1   23    2    3    0      1002   -7   11   -8    2    4  -16   17    8    3   11   -7    6   11    0  -14   -3   -3    0
    1    3   15    1    2   21    3    2    1       622   12   17    6   10   -5  -11  -15  -10   -9  -12   -9    1   -3   -7   -2   -2   -3    4
    1    3   16    1    3   25    1    3    1       850   -4    0  -10  -11  -13   10   -3   15    1    5   -2   -4   11    0   -5   -6   -9   -1
    1    3   17    1    2   24    3    1    0      1290   14   17    8   16  -11   -5  -17   -8   -7   -8  -17    3    4   -2   -6    4    6   -3
    1    3   18    1    3   23    2    1    0       865   -1    1  -14  -11  -13   11  -13    4    4   15   -4   -4   17   -1   -5   -8  -14   -2
    1    3   19    1    3   22    1    3    1      1211   -3   -1  -10  -11  -12   11   -2   13    1    5   -1   -3   11    3   -3   -6   -9    0
    1    3   20    1    2   19    1    2    1       518   12   16    6   11   -8  -18  -14   -8  -11  -11  -10   -4    3   -1   -1   -7   -1    5
    1    3   21    1    3   24    3    3    1       685    7   -9  -12  -10  -13   12   -4   15    4    6   -2   -4   12    5    2  -16   -9   -1
    1    3   22    1    1   26    2    1    1       942  -13   15   -8    4    6  -17   13    7   11   15   -5    6   14    1   -7   -1   -4    2
    1    3   23    1    1   24    3    1    1       919  -19   20   -7    6   11  -12   18    6   16   23  -11    2    8   -7   -5    0   -1   10
    1    3   24    1    3   20    2    3    1       766   -3   -5  -10   -9  -10    9   -2   14    2    7   -1   -2   11    1   -3   -8   -8    0
    1    3   25    1    1   22    1    1    1      1835  -11   16   -8    3    6  -16   14    6   10   14   -7    5   13    1   -7    0   -2    2
    1    3   26    1    3   27    3    3    1       990   -8   -7   -8  -12  -18    8    1    5    6    7   -1   -4    8    3    0   -2   -8    0
    1    3   27    1    2   26    2    2    1       596   11   16    7   10   -1  -19  -13   -7  -17   -5  -11   -2    4   -2   -2   -5   -1    3
    1    4    1    1    1   31    1    1    1      1544  -12   16   -8    2    5  -15   14    6   10   14   -6    4   12    0   -7    0    5   -8
    1    4    2    1    2   31    1    2    1       614   12   16    7   12   -1  -13  -15   -7  -12  -10  -10   -3    3   -1    0   -6   -2    4
    1    4    3    1    3   34    1    3    1       666   -5   -2  -10  -12  -12   12   -3   14    2    5   -2   -3   13    2   -4   -6   -9    0
    1    4    4    1    1   34    1    3    0      1500  -10   16   -1    2    5  -15   15    6   10   14   -8    5   12    0   -8   -1   -3    1
    1    4    5    1    1   30    3    1    1       813   -9   17    1    4    8  -19   14    8    2   17   -5    4   10    1   -4    2   -2    3
    1    4    6    1    1   29    2    1    1       762  -13   18  -10    9    6  -16   16    6    8   15    2    0   14   -1   -5   -2   -2   -3
    1    4    7    1    3   28    1    3    1       809   -3   -1   -9  -11  -10   12   -3   14    1    5   -7   -2   12    2   -4   -6  -10    0
    1    4    8    1    1   36    3    3    0      1685  -15   15    0   13   -4  -15    8   -4    9   12   -8    5   17    9   -2    0  -10    3
    1    4    9    1    1   32    2    1    1      1934  -12   14   -7    4   15  -12   15    8   10   15   -6    6   10   -1   -6   -2   -3    2
    1    4   10    1    3   29    2    3    1       556   -3   -2   -9  -11  -11   11   -2   14   -1    6    0   -2   12    3   -3   -8  -10    0
    1    4   11    1    3   32    2    3    1      1027    0   -4  -12   -9  -16    9   -4   15    0    6   -6   -2    9    4   -5   -8  -10    0
    1    4   12    1    2   35    2    2    1       790   13   16    5   16   -1  -13  -15   -5  -13   -8   -9   -2    4   -1    1   -5   -1    3
    1    4   13    1    3   33    3    3    1      1665   -4   -1  -14   -9  -20    2    0   14    1    4   -1   -3    2    2   -4   -6  -11   -2
    1    4   14    1    2   28    1    2    1      1147   12   16    8    5   -2  -14  -15   -8  -13   -9  -11   -2    7    3   -8  -10   -2    5
    1    4   15    1    3   35    2    3    1      1514   -3   -2   -2  -20   -8   12   -2   13    2    5   -1   -5   11    2   -6   -6  -11   -1
    1    4   16    1    1   33    3    3    0      1498  -12   16   -8    1   10   -8    9    6   12   12   -4   10   13    0   -4    5   -3    0
    1    4   17    1    1   28    1    1    1       939  -10   16   -8    3    5  -15   15    5   10   14   -7    5   12    0   -7    0   -4    1
    1    4   18    1    2   32    2    2    1       722    9   14    7   12   -6  -10  -14   -7  -12  -11   -9   -5    3    0    5   -3    0    2
    1    4   19    1    2   36    3    2    1       930   15   15    1   10    2  -10  -16   -9  -21  -15    0    0    3    0    1   -6   -2    6
    1    4   20    1    2   34    1    2    1       905   12   15    6   11    1  -17  -16   -7  -11  -11  -10   -4    6   -6    3  -10   -1    4
    1    4   21    1    2   29    2    2    1       643   12   20    5   11    3   -4  -13   -7  -16  -13  -10   -1   -6   -6    2   -2   -3    4
    1    4   22    1    1   35    2    1    1       792  -12   16   -6    1   -4  -16   13    8   12   15   -8    5   13   -1   -8   -3   -3    3
    1    4   23    1    3   30    3    3    1       712   -2    0  -10  -12  -13   17   -5   13    0    7    2   -4    8   -2   -2   -7  -12   -3
    1    4   24    1    2   33    3    2    1       696   22   13    7   11   -2   -9  -16   -3   -5   -1   -6   -6    2    4   -1   -6   -1    4
    1    4   25    1    2   30    3    2    1       425   17   22    7   13   -2  -11  -11  -13  -14   -9   -5   -6   -6    5    1   -5   -3    6
    1    4   26    1    3   36    3    3    1      2470   -5   -2  -11  -14   -4   14    5   13    0    7   -4    2    6   11   -2   -9   -9   -1
    1    4   27    1    3   31    1    1    0       672   -3   -1  -10  -11  -12   11   -3   14   -8   -1   -1   -4   13    2   -3   -7   -9    2
    1    5    1    1    3   43    1    3    1       915   -3   -1  -10  -11  -14   12   -2   14    1    5   -3   -4    3   -8   -6   -4   -9    0
    1    5    2    1    1   43    1    1    1       491  -11   16  -18   -4   11  -20    4   16   10   14   -7    5   15   -2   -7    0   -3    1
    1    5    3    1    1   39    3    1    1      1622  -11   21   -6    8    9  -21   16    8   10   15   -4    6   18    3   -7    2    2    4
    1    5    4    1    2   40    1    2    1       643   10   15    6   12   -2  -14  -12   -5  -11  -10  -10   -3    3   -1    1   -6   -3    4
    1    5    5    1    3   45    3    3    1      1670    0    1  -12  -10  -12    9    0   24    0    7   -5   -7    7    4    4   -6  -11   -3
    1    5    6    1    2   42    3    2    1       847   22   20    7   11   -3  -13  -21   -6   -8  -18  -19   -3    4   -6   -8   -2    3    4
    1    5    7    1    2   39    3    1    0      1081   12   17    6   12   -6  -17  -18  -12  -13  -10  -20    4   -6    5    9  -15    1    0
    1    5    8    1    1   45    3    1    1      1100  -11   14   -8    5    4  -22   13    4    7   21   -4   12    8    5   -9   -1   -8    1
    1    5    9    1    3   41    2    3    1       956    3    8  -11  -13  -13   11   -1   15    0    4    6    0   12    1   -5   -6  -10    0
    1    5   10    1    3   44    2    3    1       866   -3   -2   -9  -11  -12   10   -3   16    2    7    0   -2   14    3   -5   -7   -7   -2
    1    5   11    1    3   37    1    3    1      1229   -3    0  -11  -10  -12   11   -8   16    2   12   -2   -3   12    1   -4   -8   -8    1
    1    5   12    1    1   42    3    1    1       937  -16   14  -10    4    7  -16   13    6   13   17   -3    4   12   -5    0    7   -8   -3
    1    5   13    1    2   43    1    2    1       609   11   15    6   10   -1  -15  -16   -8  -12  -10   -9   -4    3   -1    0   -6   -2    4
    1    5   14    1    1   40    1    3    0       839  -16   15   -8    3    4  -14   14    6    9   14   -7    5   12    1   -7    1   -2    2
    1    5   15    1    2   44    2    2    1       818   16   20    7   11   -1  -16  -14   -9   -9  -18  -12   -1    2   -1    5   -9   -3    2
    1    5   16    1    1   41    2    3    0       815  -10   16   -7    3    3  -16    8    0   11   19   -6    7   13    0   -9    0    6    2
    1    5   17    1    2   41    2    2    1      1131   19   10    4   13   -3  -12  -13    2  -14  -14  -11   -2    1   -2   -5   -8   -4    5
    1    5   18    1    1   37    1    1    1      1513  -12   17   -7    3    5  -15   13    2    9   15   -8    6   11    1   -8    0   -4    0
    1    5   19    1    2   37    1    2    1       539   12   18    5   11   -3  -13  -15   -7   -2   -4   -9   -2    4   -2    0   -6    0    5
    1    5   20    1    3   42    3    3    1      2005    5   -7   -4   -4  -13   11   -3   13    2   10   -1   -3    9   -3  -14   -6  -16    3
    1    5   21    1    2   38    2    2    1      1025   20   11    7   10   -2  -15  -14   -7  -10  -11   -9   -4    0    3    1   -7   -3    6
    1    5   22    1    1   38    2    1    1       628  -11   13   -6   -2   -1  -25   14   16    9   15   -6    4   13    0   -9   -2   -1    0
    1    5   23    1    3   40    1    3    1      2218   -4   -2  -10  -10  -12   12   -4   15    1    6   -5    0   12    2   -3   -7   -9    0
    1    5   24    1    2   45    3    2    1       893   11   16    5   12   -3  -14  -20    2  -13  -12  -10   -7    0    1    5   -2   -5   -3
    1    5   25    1    1   44    2    3    0      1143   -3   15   -4   -2    7  -14   13    8    8   16   -8    6    4   -7   -6    1   -1    3
    1    5   26    1    3   39    3    2    0      1237    0    1  -11   -9  -13   10   -2   13    0    4   -4   -1   14    1   -5   -6   -8   -1
    1    5   27    1    3   38    2    3    1      2322   -2   -3   -9  -12   -2    4   -3   15    2    5   -7   -6   14    3   -4   -6  -11    2
    1    6    1    1    3   54    3    1    0      1537   -8    3   -6   -9  -11   20  -10    5    2    6    3   -8   11   12   -2   -6   -8   -1
    1    6    2    1    1   47    2    3    0       961  -13   18   -5   -2    3  -15   13    4    9   14   -8    5   13   -1   -7   -1    3   -7
    1    6    3    1    3   53    2    3    1      3320   -4    0   -8  -10  -13   13   -2   13   -1    6   -7    1   16   -3   -5   -6   -5    2
    1    6    4    1    2   52    1    2    1       621   11   16    7   11   -3  -13  -15   -7  -16  -19  -10   -4    3   -1   -1   -5   -2    4
    1    6    5    1    1   49    1    1    1      1281  -12   16   -8    2    5  -16   14    6   11   12   -7    5   12   -1   -7   -1   -2    0
    1    6    6    1    3   52    1    3    1      1516   -6    4   -9  -11  -14   15   -3   15    1    5   -2   -3   12    2   -4   -7   -9    1
    1    6    7    1    2   46    1    2    1       588   13   17    7   11   -2  -14  -14   -8  -12  -11  -11   -5    3   -1   -1   -4   -1    4
    1    6    8    1    3   50    2    3    1       769   -1    0  -11  -15   -9   15   -4   13    1    6   -1   -3   13    6   -3   -7   -9    2
    1    6    9    1    1   48    3    1    1       850  -20   11  -10    8    7  -16    6   13    8   19   -8    6   14   -2   -5    0   -8    1
    1    6   10    1    1   54    3    1    1       718  -11   15   -7    2    4  -14   15    5   14    9   -7    6   17    2  -10    7   -7   -9
    1    6   11    1    2   48    3    1    0      1214   10   13    6   14   -6  -18  -18   -8  -10  -11  -12   -1    4    1   -7    1  -11   11
    1    6   12    1    1   46    1    1    1       971  -12   16   -8    3    4  -16   13    4   10   14   -6    5   11    0   -7    0   -3    1
    1    6   13    1    1   50    2    1    1       931  -10   15  -11    2    6  -17   13    7    5   13    1   -4   15   -4   -9    0   -2    1
    1    6   14    1    2   49    1    2    1       362   11   16    6   10   -2  -14  -20  -15  -11   -9  -11   -3    2    0   -1   -6   -3    4
    1    6   15    1    1   51    3    1    1      2520  -18   24    0   10    4  -20   13    6   11   13   -8    5   20   -5   -7   -1    1    7
    1    6   16    1    2   47    2    2    1       609   11   16    8   12   -4  -15  -14   -8  -12  -12   -9   -4    2    0    3   -5   -1    6
    1    6   17    1    3   47    2    3    1       772   -2   -1   -9  -16   -4    4   -3   15    1    4   -3   -3   12   12  -14   -3  -10    0
    1    6   18    1    1   53    2    1    1      1028  -13   14   -7    2   10  -18   15    5   10   12   -3    2   11    0   -7   -1   -5    1
    1    6   19    1    2   54    3    2    1       713   14   20    6   10  -11  -19  -16   -6  -13   -7  -14    2    4   -1   10    0   -1    3
    1    6   20    1    3   46    1    1    0       890   -5   -1  -10  -10   -8    5   -4   13    5    0   -2   -3   11    3   -5   -7  -10    0
    1    6   21    1    2   53    2    2    1       564   11   15    5   10   -3  -14  -15   -9   -2  -18  -10   -2    3   -2    3   -9   -3    5
    1    6   22    1    3   51    3    1    0       873   -3   -3   -5  -12  -17    8  -11   23    7   -1  -10    6   11    3    0  -10    1   -3
    1    6   23    1    3   48    3    1    0       772   -2   -1   -4   -8   -2    9   -4   15    7   -1    6   -7   11   12    0   -5   -7    0
    1    6   24    1    1   52    1    1    1      1666  -13   14   -9    3    5  -15   14    6   13   15   -6    5   12    0   -7    0   -2    2
    1    6   25    1    2   51    3    1    0      1821   15   19   15   10   -2  -13  -16   -6  -12   -8   -9   -1   -3   -8    8  -10  -12   13
    1    6   26    1    2   50    2    2    1       769   22   19    8   10   -3  -16  -16   -6   -8  -16   -9   -1    2    0    0   -5  -12   -4
    1    6   27    1    3   49    1    3    1       782   -3   -1   -9  -10  -12   11   -3   14    1    6   -2   -3   12    2   -4   -6   -7    0
    1    7    1    1    1   55    1    1    1       939  -11   17   -8    2    5  -15   14    6   10   14   -8    6   12    0   -7    0   -3    0
    1    7    2    1    2   58    1    2    1       579   13   15    6   11   -2  -15  -15   -7  -12  -10  -10   -3    3   -1   -2   -4   -2    7
    1    7    3    1    1   60    3    3    0      1032   -3   22    2   -5    1  -15   18   10   11   14   -3    7    6    9   -5    0    5   -1
    1    7    4    1    2   62    2    2    1       570   10   17    4   13   -1  -15  -15   -9  -11   -9  -13   -7    2  -11    0   -7   -5    6
    1    7    5    1    3   61    1    1    0       815   -4   -1  -10  -11  -11   12   -4   13    2    7   -2   -3   11    1   -6   -7   -9    0
    1    7    6    1    3   59    2    1    0      1131   -5   -1  -14  -17  -13   12   -2   14    5   -4   -3   -3   12    3  -10   -9   -9    1
    1    7    7    1    1   56    2    3    0       715   -1   14    2    1    4  -15   14    4   10   15   -5    5   12    1    1    7    5    0
    1    7    8    1    2   63    3    2    1       763   12   17    7   12   -3  -13  -14   -5  -13  -10  -15    1    1   -2   -9   -1   -3    5
    1    7    9    1    1   63    3    1    1      1337   -7   15  -11   12    5  -16   12    7   10    9   -8    3   13    0   -8    0    1   -5
    1    7   10    1    1   57    3    3    0      1313  -13   17   -8    2   -5   -8   14    7   18    4   -8   15   10    0  -13  -10    0    7
    1    7   11    1    2   56    2    2    1      1353   13   16    5   13    4  -12  -13   -6  -12   -9  -11   -1    3    6    0   -4   -1    8
    1    7   12    1    2   57    3    2    1      1294   11   17    4    9   -3  -13  -13   -9   -7   -8  -11   -1    4    1   -1   -7    1    4
    1    7   13    1    1   58    1    1    1       870   -9   16   -8    3   12  -13   14    6   11   15   -7    5   22    0   -6    0   -3    1
    1    7   14    1    2   61    1    2    1       945   12   16    6   11   -1  -15  -15   -7  -12  -10  -10   -3    3   -1   -1   -6   -1    5
    1    7   15    1    3   63    3    1    0      2440    4  -11   -6   -8  -11    6    5   22    2   -2   -3   -2    9   -2   -5   -6  -13   -5
    1    7   16    1    1   59    2    1    1      1860  -11   14   -8    4    7  -17   14    8    9   13    3    7   12    2   -7   -2   -2    0
    1    7   17    1    2   60    3    2    1       951   13   16    7   16   -4  -18  -15  -12  -20   -3   -9   -3    2   -1    4    4    3    7
    1    7   18    1    2   59    2    2    1       941   11   17    6   10   -2  -15   -7   -8  -14   -8  -11   -2   -7  -11    3    3   -4    5
    1    7   19    1    1   62    2    3    0      2085   -5   12   -9   -2    8  -10   15    5    8   14  -16   -4   10    2  -12    3   -5   -1
    1    7   20    1    3   62    2    1    0      1869   -3    0  -13  -14  -11   10   -3   13    2    3   -4   -3   14    2   -6   -9  -10    1
    1    7   21    1    3   56    2    3    1       879   -1   -2   -5   -1  -13   13   -4   15    0    5   -6   -7   12   -5   -2   -5  -12   -2
    1    7   22    1    1   61    1    1    1      1545  -10   15   -2    7    5  -15   14    6   18    9   -7    5   12    0   -8   -1   -4    2
    1    7   23    1    2   55    1    2    1       647   12   16    6   11   -2  -14  -15   -7  -12   -9  -10   -3    4   -1    0   -5   -2    4
    1    7   24    1    3   60    3    1    0      1370   -5   -1  -20   -9  -16    5   -7   16    5    7   -2   -2    7   -1   -4   -6  -16    0
    1    7   25    1    3   57    3    1    0      2607    0   -3   -3   -4  -11   10   -2   14   -1    3   -4   -6   13    2  -13  -12  -19    5
    1    7   26    1    3   55    1    1    0       565   -4    0  -10  -10  -12   10   -3   15    1    5   -3   -2   13    2   -4   -8   -9   -1
    1    7   27    1    3   58    1    3    1      1068   -4    0  -10  -12  -13   10   -3   14    6    0   -2   -3   10    4   -5   -7   -8    0
    1    8    1    1    1   71    2    1    1      1149  -11   14   -8    2    6  -17   14    5    8   10   -6    4   14   -2   -6    1   -7   -1
    1    8    2    1    3   69    3    3    1      1053   -9   -4   -5   -7  -15   12    6   10   -1    3   -4    0    9    1    5    0   -8   -2
    1    8    3    1    3   64    1    3    1      3232   -4    0   -5   -9  -12   11   -1   15    3    3   -3   -4   13    2   -4   -7   -8    1
    1    8    4    1    1   66    3    1    1      2124   -1    8   -3   -2   -2  -20   18    8    8   13   -7    4   13   -1   -9    8   -4    2
    1    8    5    1    1   70    1    1    1      1765  -12   17   -8    3    4  -16   14    6   10   14   -7    5   12    0   -6    1   -2    0
    1    8    6    1    2   68    2    2    1       637   12   17    5   12   -3  -14  -15   -8  -13   -5  -10   -4    5   -5   -3   -5   -2    5
    1    8    7    1    2   70    1    2    1       720   12   17    6   11   -2  -23  -14   -8  -12  -11  -10   -3    3   -2    0   -6   -1    3
    1    8    8    1    3   68    2    1    0      1903   -4    0  -18   -3  -11    7    5   14    0    6   -2   -4   11    2    1  -17  -10    0
    1    8    9    1    2   69    3    1    0       705   12   15    9   15    2  -24  -11   -5  -15  -15  -18    3    2   -3    3   -1    4    5
    1    8   10    1    1   68    2    1    1      2083  -10    9  -10    4   -1  -14   15    6    9   13  -12   13   10   -1   -7    1   -2    0
    1    8   11    1    2   66    3    2    1      4830   12   15   14   17   -1  -12  -14   -8   -4   -4  -15    0   12   -8   -1   -4   -1    3
    1    8   12    1    2   72    3    2    1       651   13   15   -2    3    5   -9  -14   -8   -6   -2  -18  -12    6    9    6   -2   -4    8
    1    8   13    1    1   69    3    1    1      1743  -13   18  -11    0    7  -24   14    5    6   19  -17    0   22   -9   -7   -6    3   11
    1    8   14    1    1   72    3    1    1      1143  -11   21  -13   12   12  -19    9   11   17    8   -8    7   11    1   -2    1   -5    0
    1    8   15    1    3   71    2    2    0      3431   -1   -3   -6   -7  -19   18   -5   15    1    4   -4   -2    8   -7   -6  -14  -10   -2
    1    8   16    1    1   64    1    1    1      1530  -12   17   -4    6    6  -16   15    6   11   15   -6    4   12   -1   -7    0   -3    1
    1    8   17    1    1   65    2    1    1       794  -12   17   -6    3    4  -14   11    2    9   12   -2    4   13   -1   -4  -10   -3    2
    1    8   18    1    2   65    2    2    1       601   13   17    4   16    0  -13  -12  -12  -11   -8   -8   -3    3   -2    1   -9   -2    2
    1    8   19    1    3   72    3    1    0      1661   -2   -1  -12   -9  -15    7    4   11    6   -4    3   -4   21    2   -7  -12   -9   -1
    1    8   20    1    1   67    1    1    1      3882  -12   16   -9    2    5  -15   15    6   13   13   -7    6   12    0   -4    3   -3    1
    1    8   21    1    3   65    2    3    1      1484   -2  -11  -10  -10  -13   15   -2   12   -1    6   -2   -2   13    3   -5   -7  -15   -4
    1    8   22    1    2   64    1    2    1       861   12   14    5   11   -2  -14  -16   -6  -12  -11  -10   -3    3    0    2   -5   -1    3
    1    8   23    1    3   66    3    3    1      2406   -5    9   -9   -9   -3   14    4   12   -6    5   -4   -4   11    4   -3   -7  -17    2
    1    8   24    1    2   67    1    2    1       707   12   16    6   12   -2  -14  -15   -7  -10   -9  -11   -4    3   -1    2   -6   -4    5
    1    8   25    1    3   67    1    3    1      1171   -3   -1  -11  -11  -12   12   -2   13    2    6   -2   -4   12    2   -4   -7   -9    0
    1    8   26    1    3   70    1    3    1      2832   -3   -1  -19  -21  -12   11   -3   15    2    5   -3   -4   12    2   -4   -8   -9    0
    1    8   27    1    2   71    2    2    1       829   10   18    7   11   -1  -14  -15   -2  -16   -5   -9   -1    1    1    0   -5   -7    9
    1    9    1    1    2   80    2    2    1      1016   12   15    7    9   -1  -14  -13   -9  -15  -15   -9   -3    1    0   -1   -8   -1    3
    1    9    2    1    2   76    1    2    1       908   12   16    6   11   -7   -7  -15   -7   -3   -6   -9   -3    2    0   -1   -5   -3    5
    1    9    3    1    3   73    1    1    0      1476   -3    0  -10  -11  -12   11   -4   15   -8   -2   -3   -3   12    2   -4   -6  -10   -1
    1    9    4    1    3   80    2    1    0      1942   -2    1  -11  -11  -17   15   -3   16    9    9    8    5   14    0   -3   -7   -9    1
    1    9    5    1    2   81    3    2    1       935   14   19   -4    8    0  -13  -10   -5  -13   -9  -19   -4   -7    8    9    1    8   12
    1    9    6    1    1   81    3    1    1      1550  -11   17   -9    2   10  -17   15    5   10   12    0    0   16   -4   -9   -2    1   -2
    1    9    7    1    3   78    3    3    1      1325   -8   -2  -11  -11   -7   10   -3   12    1    6    5   -5   16   11    1   -9  -10    0
    1    9    8    1    1   79    1    1    1      2453  -11   16   -8    3    5  -15   14    5   10   14   -7    5   12    1   -8    0   -7   -6
    1    9    9    1    3   76    1    3    1      1856   -3   -1  -11  -12  -12   12   -4    8    1    5   -2   -4   13    3   -5   -9   -9   -2
    1    9   10    1    2   78    3    2    1       547   20    9   13    2   -4  -23  -15  -11  -11   -9   -9   -8    8   -2    0   -8   -9    0
    1    9   11    1    1   73    1    3    0      2137  -12   17   -9    4    4  -15   14    6   11   12   -7    5   12   -1  -11    3   -2    1
    1    9   12    1    1   75    3    2    0       785  -16   15  -14    4   12  -13   14   -2    6    4   -8    5    7   -1   -9   10   -4   -4
    1    9   13    1    2   79    1    2    1       446   12   16    6   10   -1  -14  -14   -8  -12  -10  -10   -3    3   -1    1   -6   -2    4
    1    9   14    1    1   77    2    1    1      1242   -8   22   -7    5   12   -7   15   11   15   21   -2    9   12   -1   -9    0   -2    1
    1    9   15    1    1   80    2    1    1      8102  -12   21  -10    1    3  -17   15    5   11   15   -9    4   13    2   -6   -7   -1    2
    1    9   16    1    2   73    1    2    1       575   12   17    5   10   -2  -13  -15   -7  -12  -10  -10   -4    3   -2    1   -5  -12    3
    1    9   17    1    3   75    3    3    1       725   -2   -1   -9   -8  -18   11  -10   20   -2    8   -5   -4   10    3   -4    1  -12   -9
    1    9   18    1    3   81    3    3    1      1876  -11    6  -17   -4  -10   21   -5   13    2    6    1   -5   17    3   -4   -8  -13    4
    1    9   19    1    2   77    2    2    1       535   13   17    4   13   -1  -15  -16   -6  -11   -9  -12    2    3    0    1   -7    0    4
    1    9   20    1    1   74    2    1    1       782  -16   24   -9    7    5  -16    8    8   11   14  -12    3   13   -2   -7   -1   -3    3
    1    9   21    1    3   79    1    1    0       860   -3    0   -9  -12  -12   11   -3   14    1    4   -2   -4   11    1   -4   -7   -9    0
    1    9   22    1    2   74    2    2    1       518   12   17    4   13    3  -13  -15   -4  -12   -9   -9   -2    2    0    0   -7   -1    3
    1    9   23    1    1   78    3    1    1       430  -13   17   -9    3    8  -15   18   -4   15   14   -7    7   13   -3   -6   -4   -8   10
    1    9   24    1    3   77    2    1    0       668   -4    0  -12   -9  -13    9  -10   21    2    7   -1   -9   12    0    6  -17   -8   -2
    1    9   25    1    3   74    2    1    0       830   -5   -1  -10  -10  -13   11   -4   16    3    5   -2   -2   11    0   -5   -6   -7    1
    1    9   26    1    1   76    1    1    1      1882  -12   17   -7    2    4  -15   13    6   10   14   -7    5   12   -1   -7   -1   -4    1
    1    9   27    1    2   75    3    2    1      1501   17   17   13    2   -2  -13  -13   -8  -12  -13   -4    1    5    0    6   -2    2    6
    1   10    1    1    1   85    1    1    1       798  -11   16   -9    4    6  -17   14    6   10   15  -12    8   16    3   -7    0   -3    1
    1   10    2    1    3   89    2    1    0       827   -3   -2   -9  -12  -13    9   -4   13    0    4   -1   -4    6   -4   -5   -3  -16    4
    1   10    3    1    2   87    3    3    0      1845    2   19    7   17   -3  -13  -17   -7  -16  -14   -9   -3   13   -4    1    2   -6    8
    1   10    4    1    2   86    2    2    1      1495   13   12    6    9    0  -12  -17   -8   -8   -8   -8   -4    4    0   -2   -7   -3    5
    1   10    5    1    1   86    2    1    1       647  -10   15    0    2    4  -15   13    8    9   14   -9    7   12   -1   -6    1   -3    2
    1   10    6    1    2   85    1    2    1       620   11   17    5   12   -2  -13  -14   -7  -11  -10   -9   -4    3   -1    1   -7   -2    5
    1   10    7    1    2   83    2    2    1      1087   12   18   11    9   -3  -15  -16   -6  -14  -12   -9   -3    2   -1    1   -7   -3    4
    1   10    8    1    2   90    3    2    1      1680   18   15    5   11   -7  -11  -24    1  -11  -10  -14  -11   -6    2    4   -2    3    1
    1   10    9    1    3   88    1    1    0      1722   -2   -1  -10  -10  -12   10   -3   14    1    5   -1   -9   13    1   -4   -7  -10    1
    1   10   10    1    3   86    2    1    0       803   -8    2   -3  -21  -12   13   -5   16    0    7   -4    1   11    3    1   -2  -10    0
    1   10   11    1    3   84    3    1    0      1551   -4   -1   -9  -15  -13   10    1   17    2    5   -7    1    7    2   -3   -7   -9    8
    1   10   12    1    1   84    3    3    0       735  -13   11    2   -7    6  -15   12    6    3    4   -8    3   13    0  -11   -3   -3   10
    1   10   13    1    2   88    1    2    1       687   13   17    6   11   -1  -14  -15   -8  -12  -10  -10   -4    3   -2    0   -6   -3    3
    1   10   14    1    1   83    2    3    0       799  -11   17  -12    0    0   -6   12    7   19   23    2   12   16    1   -9    0    6   -3
    1   10   15    1    3   90    3    3    1       795   -4   -1   -6  -12  -12   10   -1   14   -6   15   -1   -3   11    3   -7   -7   -9    1
    1   10   16    1    2   89    2    2    1       619   13   15    8   13   -3  -12  -20   -3  -11   -9  -12   -3    2    1   -2   -4   -2    2
    1   10   17    1    1   87    3    1    1       639   -1   21   -9    4   -1   -9   14    8    9   12  -10    8   11    1   -4   -5    3   -4
    1   10   18    1    3   83    2    3    1      1188   -6    3  -13  -15  -14   12    2   17    2    6   -6   -7   10    1   -2   -6   -8    1
    1   10   19    1    1   88    1    1    1       867  -11   17   -8    3    4  -14   13    7   10   14   -7    5   11    1   -7    0   -3    0
    1   10   20    1    2   82    1    2    1       557   11   15    6   12   -2  -14  -13   -8  -11  -11  -18  -13    3   -1    0   -6   -2    4
    1   10   21    1    1   82    1    3    0       517  -12   16   -1    7    5  -15   15    6    9   13  -15   13   13    2  -11    4   -4    2
    1   10   22    1    1   89    2    1    1       783  -10   18   -3    4    4  -16    8    6    8   13   -6    6   11   -2   -6   -1   -3    0
    1   10   23    1    1   90    3    1    1       637  -11   17  -12   -2    8  -19    8   14   11   14   -6    4   19   10   -4    1    3    4
    1   10   24    1    2   84    3    1    0       737    8   19    8   15    8  -21   -9   -2  -14  -11  -10   -4   10    4   -2   -7   -2    5
    1   10   25    1    3   82    1    3    1       993   -4   -1  -10  -11  -12   11   -3   14    0    4   -2   -2   12    3   -4   -7   -8    1
    1   10   26    1    3   85    1    1    0      1830   -3   -1   -1  -19  -12   11   -2   13    4    9   -7   -4   12    2   -4   -7  -15   -6
    1   10   27    1    3   87    3    3    1       555   -6   -3   -9  -11  -13    6   -3   12    0    5   -2   -9   13   -1  -11    2    0   -5
    2    1    1    1    2   89    2    2    1       839   13   15    8   13   -3  -12  -20   -3  -11   -9  -12   -3    2    1   -2   -4   -2    2
    2    1    2    1    1   62    2    1    1      2483   -5   12   -9   -2    8  -10   15    5    8   14  -16   -4   10    2  -12    3   -5   -1
    2    1    3    5    2    6    3    2    1       621   17   14    8   11   -6  -14  -10   -1  -16  -12  -11   -4    2   -1   -1   -5    5   -1
    2    1    4    1    3   71    2    3    1      3232   -1   -3   -6   -7  -19   18   -5   15    1    4   -4   -2    8   -7   -6  -14  -10   -2
    2    1    5    4    2    2    2    1    0      1579   12   15   -2   19   -2  -15  -16   -6  -11   -8   -9   -3    2   -1    0   -5  -12    5
    2    1    6    5    1    2    3    3    0      4872  -12   16   -8    1    2  -17   12   -2   10   13   -2    9    4   -5  -15    5   -4    4
    2    1    7    3    2    2    1    2    1       498   12   16    6   11   -2  -14  -21  -17  -12  -10   -9   -3    4   -1    0   -6   -1    4
    2    1    8    1    3   47    2    2    0       475   -2   -1   -9  -16   -4    4   -3   15    1    4   -3   -3   12   12  -14   -3  -10    0
    2    1    9    4    2    4    2    2    1       452   10   14    7    9   -2  -16  -15   -8  -12   -9  -16   -3    1   -1    0   -5   -2    6
    2    1   10    5    3    5    3    3    1       879   -3   -3   -7   -1   -6   11    6   13    5    9   -4    0   14    1   -9  -10   -6   -6
    2    1   11    1    3   55    1    3    1       729   -4    0  -10  -10  -12   10   -3   15    1    5   -3   -2   13    2   -4   -8   -9   -1
    2    1   12    1    3   60    3    3    1      1386   -5   -1  -20   -9  -16    5   -7   16    5    7   -2   -2    7   -1   -4   -6  -16    0
    2    1   13    1    2   51    3    1    0       862   15   19   15   10   -2  -13  -16   -6  -12   -8   -9   -1   -3   -8    8  -10  -12   13
    2    1   14    1    1   61    1    1    1       970  -10   15   -2    7    5  -15   14    6   18    9   -7    5   12    0   -8   -1   -4    2
    2    1   15    1    1   22    1    1    1       944  -11   16   -8    3    6  -16   14    6   10   14   -7    5   13    1   -7    0   -2    2
    2    1   16    5    2    9    3    2    1       552   14   17    7    9   -7  -14  -17   -2  -12   -9  -11   -4   12    5    8   -2   -3    2
    2    1   17    5    2    1    3    2    1       655    6   13   -4    7   -4  -20  -16   -5  -14  -13  -11   -3    6    2   -1   -6   -1    4
    2    1   18    5    3    8    3    1    0       738    3    3   -9  -18  -21   11   -2   16    6    8    5  -12   16    2   -5   -8   -9    1
    2    1   19    4    3    2    2    3    1       530   -4   -1   -8  -12  -10   11   -4    9   10    5   -2   -2   12    4   -3   -7  -10   -2
    2    1   20    4    2    1    2    2    1       554   11   17    2   13   -1  -10  -16   -6  -10  -11   -8   -8    1    0   -2   -5   -1    3
    2    1   21    5    3    1    3    3    1       657   -3    8   -8  -10   -2   12    3    7    4   11   -7   -5   12    1    5    0   -5    4
    2    1   22    4    3    1    2    3    1       819   -4    1  -10  -12  -13   12   -5   16    1    4   -6    0   11    1   -2   -7   -8   -1
    2    1   23    5    2    7    3    2    1       544   20   22    6   13   -2  -13  -22    1  -10  -11   -1    6    1   -1   -8   -4    3    6
    2    1   24    2    2    0    0    2    1       504   12   16    6   11   -2  -14  -15   -7  -12  -10  -10   -3    3   -1    0   -6   -2    4
    2    1   25    1    3   32    2    3    1       865    0   -4  -12   -9  -16    9   -4   15    0    6   -6   -2    9    4   -5   -8  -10    0
    2    1   26    5    1    9    3    1    1       875  -12   15    1    2   -2  -24   16    6   14   12   -7    2    9    6   -5    4    3   -4
    2    1   27    3    1    2    1    1    1       806  -11   16   -8    3    5  -14   14    5    9   14   -7    5   11    0   -6    1   -3    1
    2    1   28    3    3    2    1    2    0      2003   -4    0   -9  -11  -12   11   -9   24    1    7   -2   -3   11    2   -4   -7   -8   -1
    2    1   29    1    1   55    1    1    1       832  -11   17   -8    2    5  -15   14    6   10   14   -8    6   12    0   -7    0   -3    0
    2    1   30    4    2    6    2    2    1       811   22   14    2   18   -7  -16  -10   -8  -13  -14   -9   -2    6    2    0   -8   -3    6
    2    1   31    5    2    4    3    1    0       633    3    7    5   11   -3  -17  -16   -5  -15  -14  -12   -2    9   -4    3  -10    0    6
    2    1   32    1    1   18    3    1    1      3485  -16   23  -14   -5    4  -11   15    4    9   15   -6    2    4    6   -5   -4    5    2
    2    1   33    1    2   74    2    2    1       831   12   17    4   13    3  -13  -15   -4  -12   -9   -9   -2    2    0    0   -7   -1    3
    2    1   34    1    2   39    3    1    0      1482   12   17    6   12   -6  -17  -18  -12  -13  -10  -20    4   -6    5    9  -15    1    0
    2    1   35    1    2    9    3    2    1       539   15   17    6   10  -10  -14  -19   -9  -17  -12  -11   -2    2   -4    1   -7   -1    4
    2    1   36    3    2    1    1    2    1       962   11   17    7   10   -2  -14   -6   -4  -12  -10  -11   -5    4    0    0   -6   -2    4
    2    1   37    5    2    5    3    3    0      1945   11   15   13    4    7   -7  -19  -10  -12  -11  -15   -2    3    0   -3   -3   -4    0
    2    1   38    4    2    3    2    2    1       728   11   21   -2   17   -4  -14  -17   -8  -12   -9  -12   -4    5   -6    1   -7   -3    9
    2    1   39    1    1    2    2    1    1       808  -11   15   -8    5   -3  -25   15    5   10   18   -6   12   11    1    1    6  -11    5
    2    1   40    2    3    0    0    3    1      1334   -3   -1  -10  -11  -12   11   -3   14    1    5   -2   -3   12    2   -4   -7   -9    0
    2    1   41    4    1    2    2    1    1      1534   -2   15   -9    3    6  -15   15    5   13   11  -12   -2   10    0   -7    2   -4    2
    2    1   42    5    2    2    3    2    1      1021    8   18    1   18   -1  -15   -5   -9  -22   -4  -18  -11    2   -1   -3  -14    2    6
    2    1   43    1    3   18    3    3    1      1074   -4   -1  -11  -10  -20   11   -2   14    1    4    0   -5   13    1  -12   -4   -9   -1
    2    1   44    1    2   46    1    2    1       580   13   17    7   11   -2  -14  -14   -8  -12  -11  -11   -5    3   -1   -1   -4   -1    4
    2    1   45    1    2   86    2    2    1       474   13   12    6    9    0  -12  -17   -8   -8   -8   -8   -4    4    0   -2   -7   -3    5
    2    1   46    5    1    1    3    1    1       659   -9   18   -8   -2    6  -14   16    1   10   15   -6    4   14    8   -6   -1   -2    1
    2    1   47    5    3    6    3    3    1      1126   -6   -4   -6  -14  -13   12   -2   14    1    6    7    4    9    9   -5   -6  -13   -3
    2    1   48    3    3    1    1    3    1       775   -4   -1  -10  -11  -12   11   -2   15    1    5   -1   -4   12    2   -5   -6   -9    0
    2    1   49    4    3    4    2    1    0       693    2   -3  -12   -9  -13   12   -3   12    8   -5    0   -4   12    3   -9  -10   -7    0
    2    1   50    4    1    6    2    1    1       759  -13   18   -7    2    9  -20   12    7    8   15  -12    9   12   -1   -6   -1   -4    2
    2    1   51    5    2    3    3    1    0      1767   20    6    9   15    5  -24   -6  -16  -12  -11   -8    4   10    0    4  -11  -12    0
    2    1   52    4    3    6    2    3    1       586   -1   -2  -10  -10  -12   10   -2   15   -1    4   -2   -4   14    3   -5   -6  -10    2
    2    1   53    1    2   88    1    2    1       577   13   17    6   11   -1  -14  -15   -8  -12  -10  -10   -4    3   -2    0   -6   -3    3
    2    1   54    5    1    6    3    1    1      1573   -4   15  -15    4    2  -15    9    9    9   12    2   -1   18   -9   -5    1   -6   -3
    2    1   55    4    1    4    2    1    1       676  -13   18  -10    5    5  -13   24    3   11   12   -7    6   11   -1   -7    1   -4    3
    2    1   56    1    2    4    1    2    1       551   12   15    7   10   -1  -14  -14   -8  -11  -11  -10   -2    1    0    0   -6   -1    3
    2    1   57    4    3    3    2    3    1       717   -2   -2  -11   -9  -13   13   -2   12    0    7   -4   -3    8    6   -3   -9   -7   -1
    2    1   58    1    3   76    1    3    1      1055   -3   -1  -11  -12  -12   12   -4    8    1    5   -2   -4   13    3   -5   -9   -9   -2
    2    1   59    5    3    7    3    1    0      1345   -8   -4   -7   -9   -9   16  -12    4    2    4   -3   -3   14    0   -8  -14   -8   10
    2    1   60    4    1    1    2    1    1       777  -10   16  -16   -4    6  -16   20   -3    9   14   -6    6   11    0   -5    2   -8   -4
    2    1   61    5    3    9    3    2    0       711   -4    0    0  -16  -14   10    7    5    1    4   -4   -5   12    3    0  -12  -10    4
    2    1   62    3    3    3    1    1    0      2663   -3   -1  -18  -13  -12   13   -3   14    1    5   -3  -11   13    3   -7  -11   -9    0
    2    1   63    4    2    5    2    2    1       491   13   19    6   12    0  -15  -15   -6  -12   -9  -19  -13   -2   -4    1   -5    5   -3
    2    1   64    5    3    4    3    2    0       533   -1    4   -8  -18  -17   10   -6   16    2    4   -1   -1   12    1    0  -10   -1    8
    2    1   65    3    2    3    1    2    1       636   11   17   -4   11   -1  -13  -16   -7  -12  -10  -10   -3    3   -1    0   -7   -5    1
    2    1   66    4    3    5    2    3    1       879   -5   -1  -11   -9  -12   12   -3   13    2    7    2   -7   14    3   -5   -6   -8   -1
    2    1   67    1    3    3    3    3    1       921    1   -1   -8  -16   -9    9   -7   10    1    6   -7   -1   13    1   -2   -7    0   -4
    2    1   68    5    1    4    3    2    0      1474   -9   21  -11   -4    7  -15   14    5   10   12   -5    3   14    9   -7   -1   -1    8
    2    1   69    5    1    8    3    1    1      3492  -11   15    1   10    1  -14   10   11   14   24  -13    8   17   -6   -5    9    4   -2
    2    1   70    5    1    5    3    1    1      1286  -18   12   -9    4    4  -14   15    6    7   14  -15    5    2   -2   -9   -1    6   -9
    2    1   71    1    1   48    3    1    1       704  -20   11  -10    8    7  -16    6   13    8   19   -8    6   14   -2   -5    0   -8    1
    2    1   72    3    1    1    1    3    0       834  -11   15   -3    9    5  -16   13    6   10   14   -7    5   13   -1   -7    0   -3    1
    2    1   73    3    1    3    1    1    1       797  -11   16  -10    2    6  -16   12    8    9   14   -7    5   13    0   -7   -1   -2    1
    2    1   74    1    3   88    1    1    0       699   -2   -1  -10  -10  -12   10   -3   14    1    5   -1   -9   13    1   -4   -7  -10    1
    2    1   75    5    3    2    3    3    1       428   -2   -7   -9  -13   -5    7    1    9    2    6   -1   -2   11    3   -9   -5  -10    1
    2    1   76    2    1    0    0    1    1       760  -11   16   -8    3    5  -15   14    6   10   14   -7    5   12    0   -7    0   -3    1
    2    1   77    5    1    3    3    1    1       792  -10   15  -17   -3   -4   -5   13    6   10   15  -12    5   13   -2   -5   -2   -1   -3
    2    1   78    5    2    8    3    2    1      1107   12   13    5   14    4   -8  -15   -8  -17   -7   -9    4    5   -2   -4  -10   -3    5
    2    1   79    5    3    3    3    3    1      1173   -7   -1   -6  -16  -20    8   -5   14    1    4   -2   -2   10    1   -3   -8   -4    7
    2    1   80    1    1   41    2    1    1       835  -10   16   -7    3    3  -16    8    0   11   19   -6    7   13    0   -9    0    6    2
    2    1   81    1    1   69    3    1    1       942  -13   18  -11    0    7  -24   14    5    6   19  -17    0   22   -9   -7   -6    3   11
    2    1   82    4    1    5    2    1    1       982  -11   15   -7    3    2  -20   11    3   11   13   -8    5   12   -2   -6    1   -3    2
    2    1   83    5    1    7    3    1    1       891   -6   21   -8    2    2  -15   14    7   15   22  -12    5    7  -10    2   -1   -1    8
    2    1   84    4    1    3    2    3    0      1124   -9   17   -9    7    6  -15    7   15   10   13   -7    3   12   -1   -9   -1   -1   -1
