    1    1    1    1    1    2    2    1    1     15043    9  -16  -10   -1    9   15    4    3    0  -12    3  -17    5  -12    1   10    2   -3
    1    1    2    1    3    4    2    2    0      4538   -4  -13  -10   -4    6   11   12   15   -7   15   -9  -16   11   -4  -11  -11   15    4
    1    1    3    1    3    6    2    3    1      2493   -8  -11   -8   -8    4   13    0    4   -6   15  -10  -13   12   -2  -10  -10   15    1
    1    1    4    1    1    5    2    1    1      2225    9  -12   -9   -1    2   11    4    2    8  -24   -4  -16    5  -13    6   15    1   -8
    1    1    5    1    1    3    2    2    0      3633   13   -9  -13    1   10    4   -2   -6   -3  -13    1  -14    4  -12    4   12    5   -8
    1    1    6    1    3    1    2    1    0      5370  -15  -15  -12   -6   -3    7    3    4  -13   16   -9  -15   11   -5  -10  -10   15    1
    1    1    7    1    3    9    2    1    0       973   -6  -11   -8   -6    4   11    4    5   -7   16  -13  -25   11   -8   -9   -9   15    3
    1    1    8    1    1    1    2    2    0      1441    9  -15  -17    4    8   10    0    1   -3  -15   -7  -12    9   -9    2   10    1   -7
    1    1    9    1    3    3    2    1    0      7010   -6  -18   -5   -1    2   14    1    5   -4   15  -19   -7   10   -5   -1  -16   16    4
    1    1   10    1    2    8    2    3    0      1299   -6    4    5    0   10    8    7    7   -4   -7  -13   -2   17    1   -9    7    3   20
    1    1   11    1    2    2    2    3    0     13099   -6    4    6   -1   16   16    8   11   -5   -5  -15   -2   13    3  -12    8    4   13
    1    1   12    1    2    3    2    2    1      2778   -4    3    5   -2   12    9    9    9   -2   -8  -15    0   13    4   -8    6   -1   11
    1    1   13    1    2    5    2    3    0      2423   -8   -2    5    2   10    8    5   11   -4   -9  -13   -1    5   -4  -13    7    8    7
    1    1   14    1    2    9    2    2    1       768  -11    1    7    1   12    2   16    7   -3   -6  -14   -1   15    2  -12   10    4   10
    1    1   15    1    1    8    2    3    0      1597   11  -12  -12   -1    9    7    1    3   -3  -14   -5  -13    5  -11    4   10    1   -9
    1    1   16    1    3    8    2    1    0      2233   -7  -10  -13   -1    2   14    1    7   -7   18   -5  -20   12   -5  -11   -7   15    2
    1    1   17    1    1    9    2    1    1      8090   10  -16  -11    1    8    7    0    9   -6  -20   -7  -13    5  -11   -7   15    3   -8
    1    1   18    1    1    4    2    1    1      2446    9  -15  -19   -8    7    9    3    1    1  -16   -7  -13    6  -12    4   12    4   -9
    1    1   19    1    3    7    2    1    0      2727   -5   -9   -9   -4    1   15    5    9   -7   16  -16   -8   19  -16  -12   -8   15    4
    1    1   20    1    1    6    2    2    0     12260   12  -13  -21   10    6    8    0    2    5  -14   -5  -11    5  -11    3   13   11   -7
    1    1   21    1    3    5    2    1    0      5077  -10   -2  -11   -6    9   11    4    4   -4   17  -10  -16    9   -6  -13   -4   18    3
    1    1   22    1    2    6    2    2    1      2675   -5    3    4    2   10    9    7   12   -3   -8  -13   -9   17    5  -13    8    3   10
    1    1   23    1    3    2    2    2    0      7460   -6  -13  -10   -5    4   11    1    6   -5   15   -9  -15   11   -5   -8  -11   18    8
    1    1   24    1    2    4    2    1    0      9187   -6    7    6    1   13    9    9    9   -6  -13  -16    0   15    4  -12   10    5   17
    1    1   25    1    1    7    2    2    0     20204   12  -17  -10   -1    5    7    7   -4   -2  -13   -6  -12    4  -10    1   13    3   -8
    1    1   26    1    2    7    2    3    0      2525   -8    3    5    1   12    5    7    9   -1   -9  -20   -4   16    0  -12   10   -7   11
    1    1   27    1    2    1    2    2    1       659  -14   -3    5    1   10    7    7   11   -1   -6  -20   -1   16    2  -13    7    3    9
    1    2    1    1    2   18    2    1    0     35154   -7    5    7   -1    9    6    6    8   -4   -9  -16    0   14    1  -11    7    1   10
    1    2    2    1    1   18    2    1    1      2372   11  -15  -20   -8    9   10    3    4    1  -14   -2  -18    3  -11    2   11    4  -13
    1    2    3    1    1   17    2    1    1       846   11  -16   -9    4    9   10    3    2   -3  -13  -16  -17    6  -11    1   13    3  -11
    1    2    4    1    3   17    2    2    0      1912  -12  -18  -19    1    3   10    4    4   -5   17  -15   -6   12   -7   -9   -9   16   -7
    1    2    5    1    1   16    2    2    0      1592   10  -14  -13    2    8    8    3    2   -2  -15   -7  -11   12  -10    5   10    5   -8
    1    2    6    1    1   11    2    3    0      1924   17  -19  -10    2    8    8    3    3    0  -13   -8  -11    5   -7    4   12    3  -10
    1    2    7    1    2   13    2    2    1      1166   -9   -3    7    2   13    7    7   10   -1   -9  -15    1   14    3  -10    8    1   11
    1    2    8    1    1   14    2    1    1      7161   11  -15  -11    1    2    5    5    2    0  -14   -6  -12    3  -11    0   13    3   -7
    1    2    9    1    1   12    2    1    1      2134   12  -14   -8   -2    6    9    1    4   -2  -15   -8  -12    6  -13    1   14    3  -10
    1    2   10    1    1   15    2    2    0      2714    7  -18  -10    0    6    3    4    1    5  -17  -13  -12   14  -19    5   11    4  -11
    1    2   11    1    3   13    2    1    0      1607   -7  -12  -11   -6   -5   12    3    3   -6   15  -12  -14   10   -6  -10  -10   16    1
    1    2   12    1    2   17    2    2    1      1057    0    0    8   -2   13    8    9   10   -2   -7  -17    1   14    3  -10    7    4   11
    1    2   13    1    2   11    2    2    1      1362   -8    5    7    6    4    9   10    9   -2   -5  -16   -3   14    4  -12   10    1   12
    1    2   14    1    2   12    2    2    1      1140   -5    4    7    1   11    8   14    4   -2   -5  -17   -1   13    1  -12    6    2   13
    1    2   15    1    3   12    2    1    0      1807   -7  -10   -9   -6   -1   10    0    5   -7   17   -8  -17   11   -5   -9   -9   21    1
    1    2   16    1    2   14    2    2    1      1121  -15   10    7    4   12    6    6    8   -2   -7  -13   -1   10    9  -10    9    3   12
    1    2   17    1    3   18    2    3    1      3118   -4  -14   -9   -7    3   10    3    4   -2   23  -10  -16   11   -9  -12   -7   14    5
    1    2   18    1    3   10    2    1    0      1901   -7  -11  -10   -5    2   14   -3    4   -6   17  -12  -16   10   -5   -6   -8   15    3
    1    2   19    1    3   14    2    1    0      1468   -5  -13  -13   -6   10   14    2    4   -7   17  -19  -14   11   -7   -9  -10   15    5
    1    2   20    1    3   15    2    3    1       685   -6  -13  -12   -6    2    8    6    9  -15   19  -11  -14    9   -8  -10   -8   17    2
    1    2   21    1    1   13    2    1    1      1740   10  -16  -10    0    8    8    2    2   -7  -15  -10  -13   14  -13    3   11    1   -7
    1    2   22    1    2   16    2    2    1      1409   -5    5   14    6   12    8    6   11   -3   -8  -15   -4   16    2  -10   10    4    7
    1    2   23    1    3   16    2    1    0      2245    1   -8  -10   -7    4   11    4    7   -5   17   -9  -16   11   -7  -10  -10    6    6
    1    2   24    1    2   10    2    2    1       950   -5    3    4   -1   11    6    8   11   -3   -8  -14    1   15    2  -10    4    4   12
    1    2   25    1    1   10    2    3    0      1756   11  -17   -6   -5    2    6    3    2   -2  -16   -7  -13    4  -10    4   13    3   -8
    1    2   26    1    3   11    2    1    0      1172   -5  -11  -12   -6   13   21    3    5   -5   16   -9  -15    5  -12  -12   -9    7   -4
    1    2   27    1    2   15    2    2    1      1406    1   -7    6    1   12    5    9    9   -3   -8  -14    0   16    2   -9    8    4    9
    1    3    1    1    2   27    2    2    1      1827   -7    3    8   -1   12    6    7   11   -3   -6  -19   -4   16    1  -13    8    4   10
    1    3    2    1    3   26    2    3    1      3269   -5  -11   -9   -7    2   13    5   10  -13   24  -11  -16   12   -6  -12   -9   16    5
    1    3    3    1    3   24    2    1    0      1916   -5  -14  -11   -8    5   12    0    6   -8    6  -12  -22   12   -6   -9  -12   17    2
    1    3    4    1    1   23    2    1    1      1625   11  -13  -10   -1    9    8    1    3    0  -14   -9  -10    1  -20    3   14    6  -14
    1    3    5    1    2   26    2    2    1      1153   -8    4    7    0   10    6    8   11   -2   -7  -14   -3   14    4   -9    8    0   16
    1    3    6    1    2   24    2    1    0      1950   -5    1    5    1   21   12    7   10   -5   -8  -16   -1    6   -3  -10    7    9    9
    1    3    7    1    1   26    2    3    0      2571    8  -13  -11    1    9    7    3    3   -3  -12    3  -19    5  -12    4   12   -6  -15
    1    3    8    1    3   21    2    2    0      1249   -1  -17  -10   -7    4   13    3    6   -7   14   -8  -13   10   -6   -8  -10   17    3
    1    3    9    1    1   25    2    1    1      1659    9  -13   -8   -7    6    7    6   -1   -2  -14   -9  -12    3  -13    5   10   -4  -16
    1    3   10    1    3   22    2    2    0      1890   -7  -14  -13   -1    5   11    0    4   -4   16   -9  -16   10  -14   -5    1   16    2
    1    3   11    1    2   19    2    2    1      1250   -6    4   10   -4    9    6    9   11   -2   -5  -13   -3   16    4  -11    9    2   12
    1    3   12    1    1   20    2    3    0      1610   11  -15  -12    1    5    7    3    3   -1  -13   -9   -8    4  -12    3   13    2  -11
    1    3   13    1    2   22    2    2    1       917   -3    1    6    1   12    6    9    9   -2   -9  -16   -1   14    3  -11    9    5   11
    1    3   14    1    2   20    2    1    0      2668   -7    3    5    1   12    7    6   10   -2   -7  -13    0   19   -6  -21    6    2   12
    1    3   15    1    2   23    2    2    1      1530   -7    2    4   -1   13    7    9   12   -2   -9  -16   -1   16    5  -11   12    2   11
    1    3   16    1    2   25    2    2    1       952   -7    6    5    1   10    7    6   11   -4   -7   -5  -10   13    2  -10    7    4   13
    1    3   17    1    2   21    2    2    1       734   -6    6    5   -5   10    8    8   11   -5   -5   -6    2   16    1  -13   10    2   11
    1    3   18    1    1   19    2    3    0      1724   12  -15  -13    0    8    7    2    8    0  -10   -2  -14    4  -12    8   18    3   -8
    1    3   19    1    1   27    2    1    1      1524   11  -16  -12    0    5    8    3    2   -3  -14   -8  -14    4   -9    3   14    2   -7
    1    3   20    1    3   23    2    3    1      3699   -5  -12  -12   -4    4   17    1    6   -5   18  -12  -15   13   -5  -16   -3   14    2
    1    3   21    1    3   27    2    3    1      1706   -7   -8  -10   -5    6   22    2    4   -4   15  -12  -18   13   -4  -10  -10   18    1
    1    3   22    1    3   19    2    3    1      1216   -7  -10   -8   -5    5   12    1    5   -4   18  -11  -14   10   -5  -13  -10   16    4
    1    3   23    1    1   22    2    1    1      1099   11  -12  -10   -2   11    3    2    2   -1  -13   -6  -14   -3  -21    4   13    4  -10
    1    3   24    1    3   25    2    3    1      2313   -5  -11  -11   -8    4   14    4    5   -4   15  -10  -16   10   -8  -10  -12   15    4
    1    3   25    1    3   20    2    1    0      1639   -6  -11   -9   -7    6   10    0    6  -14   19  -10  -16   12   -6  -19  -14   17    5
    1    3   26    1    1   21    2    3    0      2480   17  -22  -14   -4    6    9    3    2    1  -12   -5  -13    3   -7   12   20    2   -9
    1    3   27    1    1   24    2    2    0      1063   12  -14  -11   -1    8   10    7    6   -3  -15   -6  -14    3  -11    2   12    4   -7
    1    4    1    1    3   36    2    3    1     27112   -7  -12  -11   -6    2   13    0    5   -6    7  -10  -24    9   -6  -11   -9   18    5
    1    4    2    1    1   36    2    3    0      1624   14  -15  -11    2    8    8    2    2   -2  -14   -5  -14    3  -12    3   10    8  -13
    1    4    3    1    1   33    2    3    0      1315    9  -15  -12    0    7    7    1    3   -1  -15   -6  -11    5  -11    3   14    7  -17
    1    4    4    1    1   28    2    2    0       793   10  -13   -6    6    7    6    3    4   -1  -13   -4  -13    5  -10    2   12    6    1
    1    4    5    1    2   35    2    2    1      1220   -7    1    6   -1   10    8   -1   18   -1   -8  -15    0   14    4  -12    6    1   10
    1    4    6    1    3   30    2    1    0      1087   -6  -13  -11   -4   -1    7    2    6   -5   16  -10  -13   17  -11  -11   -9   14    2
    1    4    7    1    2   32    2    2    1      1088   -8    3    6    1   12    5    9    9  -11   -1  -17    1   17    3  -10    8    4    9
    1    4    8    1    3   35    2    3    1      1040   -6  -13   -8   -8   -1   11    0    5  -12   22   -9  -14   15  -11   -8  -11   11   10
    1    4    9    1    2   31    2    2    1      1201   -6    1    6   -1   12    7    9   10   -2   -5  -14   -9   15    2  -12    9    2   11
    1    4   10    1    3   32    2    3    1      1291    2  -12  -11   -5    3    7    1    4   -4   18   -9  -15   10   -4  -18  -12   12   -5
    1    4   11    1    3   29    2    3    1      2051   -4   -9  -11   -5    1   11    4    6   -5   16  -11  -16    9   -6   -9   -9   15    3
    1    4   12    1    2   29    2    2    1       765   -4    4    5   -2   12    3    7   10   -2   -8  -15    0   17    6  -13    9    4   10
    1    4   13    1    1   30    2    3    0       841   12  -17  -12    1    0   11    3    2   -2  -14  -10  -16    5  -13    4   10    3   -7
    1    4   14    1    2   33    2    3    0      2322   -6    4    6    1   13    5    8   19   -4   -7  -16   -1   15    4  -11    7    2   10
    1    4   15    1    2   28    2    2    1       722   -6    1   11    1   13    7    6    8   -5   -6  -14   -2   15    4  -12    9    5   14
    1    4   16    1    1   31    2    1    1      2449    8  -13  -21   -7    6    8    1    3   -2  -12   -6  -12    3  -10    3   13    4   -8
    1    4   17    1    1   34    2    3    0      1819   11  -14  -18   -3    9    9    2    5   -3  -16   -7  -11    5  -11    4   12    3   -7
    1    4   18    1    3   31    2    3    1      5422   -6  -13  -12   -5    5   13   -4    2   -6   17  -10  -16    9   -6  -10  -10   14    3
    1    4   19    1    2   34    2    2    1       959   -7    3    7   -1   20    9    8   12   -2   -8  -16   -1   11    3  -21    6    3   10
    1    4   20    1    1   32    2    1    1      2580    8  -14  -20   -2    6    7   10    0    1  -18   -7  -15    5  -11    3   14    5   -8
    1    4   21    1    2   30    2    2    1      1114   -7    2    4    0   13    7    9    9   -4   -7  -13   -1   13    1  -11    7   -1   11
    1    4   22    1    1   35    2    1    1      1833   10  -16   -8    6    6    9    3    5   -2  -14   -8  -13    3  -11   -7   19    1   -9
    1    4   23    1    1   29    2    1    1      3308   11  -15   -7   -4    9   17   -3    1    1  -19   -4  -14    4  -12    2   10    2   -8
    1    4   24    1    3   28    2    1    0      3363   -5  -12   -7   -6    4   13    0    6   -9   14  -15  -18   13   -4   -9   -7   16    4
    1    4   25    1    3   34    2    3    1      2840  -12   -2  -11   -6    5   12    2    3   -7   15  -10  -16   12   -6    0   -9   18    1
    1    4   26    1    3   33    2    3    1      3008   -6  -10  -20    0    3   12    3    5   -7   17   -7  -12   19  -14  -10  -11   17    3
    1    4   27    1    2   36    2    2    1       658    0   11    7   -1   10    8    7   12   -8   -5  -13    7   14    2   -9    8   -4   16
    1    5    1    1    3   43    2    2    0     26081   -9  -18   -6    2    4   11    2    4   -7   14   -7  -20   15  -13   -8  -10   16    4
    1    5    2    1    2   41    2    3    0       650   -7    2    6   -1   12    7    8   11   -1   -9  -23   -1   16    2  -16    6    5    9
    1    5    3    1    1   38    2    2    0      1900    9  -15  -11   -1    8    7    3    1   -1  -15  -11  -15    5  -13   -1   11    3   -7
    1    5    4    1    1   41    2    1    1      1069   10  -14  -11   -1    5    9    1    2    8  -10   -7  -14    3   -6    4   14    2   -8
    1    5    5    1    3   42    2    3    1      2015   -8  -10   -9   -5   -1   17   -6    3   -7   16   -9  -13    7  -14  -13    1   15    4
    1    5    6    1    1   44    2    1    1      1258    4  -13  -10   -1    7    7   11    7   -3  -18   -7  -12    5  -11    3   11    3   -7
    1    5    7    1    3   41    2    3    1      4100   -7  -13  -19    3    5   11    1    5   -4   15  -11  -14   17  -13   -8   -9   15    4
    1    5    8    1    1   39    2    1    1      1771   12  -17  -18  -10    6   10    3    1   -1  -15   -6  -14    3  -10    3   13    1   -7
    1    5    9    1    1   43    2    1    1      3008    2   -6  -13   -1    7    9    1    4   -8  -12   -4  -13   -5  -18    3   14    3  -11
    1    5   10    1    2   44    2    2    1       963   -9    3    5    1   12    7    9    9   -3   -8  -13   -1   17    5  -13   10    3   13
    1    5   11    1    2   38    2    2    1       664   -5    1    7    2   10    8    7   11   -7   -6  -17   -2   15    2  -10    7    4   11
    1    5   12    1    1   45    2    1    1      2522    9  -17  -11    7    6    9    0    4   -1  -13   -4  -11    4  -12    1   11    4   -5
    1    5   13    1    2   37    2    2    1       753  -10    4    7   -1   12    2    9    9   -5   -6  -16    0   16    3   -7   10    2    9
    1    5   14    1    3   39    2    3    1      2736   -7  -13   -8   -7    6   11    3    4   -6   15   -9  -14   10   -6  -11   -8   17    4
    1    5   15    1    3   40    2    1    0      1326   -2  -11  -10   -4    5   13    0    6   -9    9  -12  -14   10   -5  -15  -12   15    3
    1    5   16    1    1   42    2    1    1      2677   11  -15  -11   -9    8    8    2    5   -1  -13   -7  -14    5  -12    2   12   -5  -11
    1    5   17    1    3   45    2    1    0      1591   -5  -12   -8   -4    6   13    3    4   -4   16   -4  -16   10   -5  -10  -10   17   -3
    1    5   18    1    2   42    2    2    1       819   -5    2    2   -5   10    7    3    7   -5   -8  -14   -1   11   11   -8    6    1   11
    1    5   19    1    2   45    2    3    0      2190   -6    2    7    0   10    8   16   19   -1   -5  -10    1   16    2  -13    9    2   12
    1    5   20    1    3   44    2    3    1      2001   -7  -14   -8   -8    4   11    1    3   -3   23   -9  -15   14  -15  -10  -11   15    3
    1    5   21    1    2   40    2    2    1       893   -6    2    4    0    9    6    5    9   -3   -6  -13   -2   15    5   -3   14    2   12
    1    5   22    1    1   40    2    1    1      2804    9  -17  -13    1    7    7    3    2   -1  -15   -4  -12    7   -6    4   12    3  -10
    1    5   23    1    2   43    2    2    1      6800   -4    1    8    2   10    8    9   10   -3   -8  -14   -3   13    4  -13    9    4   10
    1    5   24    1    3   37    2    1    0      1261   -4  -13  -10   -7    8   19    4    6   -8   17  -11  -16   11   -7  -10  -11   15    3
    1    5   25    1    2   39    2    2    1       935   -3    2    6   -1   12    6    2    8   -2   -7  -16    0   14    3  -10    8    3   10
    1    5   26    1    1   37    2    1    1      1551   11  -16   -9   -1    9    7    4    5   -2  -14   -7  -15    5  -12   11   11    3   -7
    1    5   27    1    3   38    2    3    1      1548   -8  -11   -8   -8    3   12    1    6   -6   15   -9  -15    9   -4  -11   -9    6   11
    1    6    1    1    2   49    2    2    1      3883   -8    8   10    3   18   -3    9   10   -9    2  -23    3   14    4  -13    8    5   12
    1    6    2    1    2   47    2    2    1      1563   -6    2    6   -3    8    9    6    2   -2   -8  -20    4   13    3   -1    5    3   13
    1    6    3    1    3   52    2    1    0      1737   -6  -13   -8   -7    5   14    3    4   -7   16  -10  -14   12   -6  -11   -7   14    7
    1    6    4    1    1   54    2    3    0      1358   12  -17  -10    0    9    9    0    5    0  -15   -7  -22    5  -11    4   12    3   -8
    1    6    5    1    1   48    2    1    1      1204    9  -15  -19    7    7    9    1    4   -2  -14   -4  -15    5  -12    1   13    4  -10
    1    6    6    1    1   53    2    1    1      1360   10  -14  -13   -4    8    8    4    3   -1  -15   -5   -9    6  -10    5   11    3   -8
    1    6    7    1    3   49    2    1    0       744   -7  -11  -12   -5    0   10    1    5   -5   14   -9  -16   15   -3  -11   -8   16    2
    1    6    8    1    1   52    2    1    1      1014   11  -15  -11    2    8    9    2    2   -2  -16   -5  -14    5  -11   11   20   -2  -11
    1    6    9    1    3   48    2    3    1      2442   -8  -11  -10   -4    1   15    2    6   -7   23   -2  -18   14   -8  -20  -15   19    3
    1    6   10    1    1   49    2    3    0      1908    0  -17   -9    2    9   10    4    1   -2  -16  -15  -14    2  -19    4   10    4  -10
    1    6   11    1    3   53    2    1    0      1668   -6  -14   -8   -7    4   10   -1    2   -8   20   -9  -17   10   -7  -12   -8   15    5
    1    6   12    1    3   47    2    3    1      4526   -1   -7   -4   -2    6   14    8   -2   -5   16   -8  -17   12   -7   -9  -10   17    4
    1    6   13    1    2   53    2    1    0      3285   -7    5    8    0   10    5    7   12   -4   -7   -7    1   14    2   -9    6    4   18
    1    6   14    1    2   52    2    2    1      2543   -5    5    8   -2    6    3   -2    4   -8   -7  -15    1   16    6  -11    7    2   12
    1    6   15    1    1   50    2    1    1      3078   11  -13  -10    1    5    6    1    5   -2  -15   -7  -21    4   -9    2   12    1  -19
    1    6   16    1    3   50    2    1    0      1479   -8  -11   -9   -7    7    9    2    6  -10   11   -7  -16   10   -5  -11   -9   15    5
    1    6   17    1    1   46    2    1    1      4215    8  -14  -15   -2    5    7    0    1   -2  -16   -5  -14    5   -6    4   13    0   -8
    1    6   18    1    3   46    2    1    0      8027   -6  -11   -9   -5    4   10    3    5   -4   16   -9  -13   10   -6   -9   -9   24   12
    1    6   19    1    1   47    2    3    0      1441   13  -13  -10    0    9    6    3    5    0  -13   -5  -14    3  -14    0    7    8   -8
    1    6   20    1    2   51    2    2    1       818   -6    2    5    1   10    8    5    6   -6   -7  -25    4   16    5  -11    9    4   11
    1    6   21    1    2   48    2    2    1       747   -7    4    4    1   10    6    8    9   -4   -7  -13   -2   17   11   -9    6    5    9
    1    6   22    1    3   54    2    1    0      1210   -4  -11   -9   -6    2   11    1    7   -7   15   -4  -21   12   -7   -8   -9    8    8
    1    6   23    1    2   46    2    2    1       660   -1    4    7    1    3    1    6   10   -2   -8  -14   -2   14    3  -14    8    3   12
    1    6   24    1    3   51    2    3    1      1603  -11  -12   -8   -4    4    8    4    5   -4   14  -10  -14   14   -2   -8  -10   15    1
    1    6   25    1    1   51    2    3    0      1133   13  -16  -12    1    7    7    2    4   -1  -12   -6  -12    4  -10    3   11   -1   -9
    1    6   26    1    2   50    2    2    1      1946   -3    6    4   -1   14   14    6   10   -4   -9  -16    0   15    4  -10    9    4   12
    1    6   27    1    2   54    2    2    1      1129   -6    4    4    2   12    6   12   13    2  -10  -14    0   14    3  -11    5    2   12
    1    7    1    1    2   60    2    2    1      2216   -8    5    6    1   10    7    8   11   -4   -7  -13   -1   13    2   -9    7    6    9
    1    7    2    1    1   62    2    1    1      2875   11  -16  -12   -2    7    7    4    3    2  -13   -5  -12    6  -10    2   10    2   -8
    1    7    3    1    1   56    2    1    1      4017   10  -14  -11   -1    8    7    1    2   -2  -16   -5  -12    0  -12    4   11    1  -10
    1    7    4    1    3   63    2    1    0      1865   -4  -10  -12   -7    4   11    0    5   -5   15  -12  -15   12   -8   -1    0   12    5
    1    7    5    1    2   62    2    2    1      1208   -4    4    3   -5   10    6    8   11   -4   -6  -16   -3   12   -4  -12    8    3    9
    1    7    6    1    1   58    2    1    1      3026    9  -17  -11    1    8    6    2    2   -1  -13   -6  -15    5  -11    2   13   -3    1
    1    7    7    1    1   59    2    1    1      2285    9  -15   -9    0    6    9    0    3    0  -15   -8  -13    4  -12    1   14   12  -10
    1    7    8    1    2   59    2    2    1      1339   -6    4    6   -1   19    2    6   11    1   -2  -15    3   16    3  -12    9    3   12
    1    7    9    1    2   55    2    2    1      1294   -5    5   12   10   13    5   10    8   -5   -9  -17    0   15    1  -13    8    2    9
    1    7   10    1    3   62    2    3    1      2050   -7  -12  -15   -9    2   10    3   -1   -7   16  -10  -16    6   -7   -9   -4   18    4
    1    7   11    1    2   63    2    3    0      2327   -5    3   10   -6   13    5    8   11   -3   -6  -16    0   15    4  -18    3   11   17
    1    7   12    1    3   60    2    1    0      2209  -10  -16  -15    0    2   13    1    1   -8   15  -12  -13   10   -5  -15   -7   16    4
    1    7   13    1    1   55    2    3    0      2916    9  -24  -10    0   15   -2    1    4   -1  -13  -11  -17    2   -9    4   13   10  -15
    1    7   14    1    2   57    2    2    1      1449   -5    4    6    1   12    7    7   10    1   -4  -16    0   19   -1  -12    8    4   13
    1    7   15    1    3   59    2    1    0      3865   -8  -13   -9    2    4   11    4    5   -4   14   -9  -17    8  -11  -10   -8   15    4
    1    7   16    1    2   58    2    2    1      1174   -6    1    6   -1   18    2   10    9   -5   -5  -17   -1   14    5  -12    7    5   10
    1    7   17    1    2   56    2    2    1       938    0   -7    5    0   11    6    8    9   -8   -6  -16   -1   15    4   -9    7    4   13
    1    7   18    1    1   60    2    1    1      3776    8  -14   -3    3    5    9    3    7    0  -18   -6  -14    5  -12    1   11    2   -8
    1    7   19    1    1   61    2    1    1      1186   11  -15   -9    0    8    7    3    3   -8  -21    0  -19    5  -18    3   13    3  -10
    1    7   20    1    3   56    2    3    1      1211   -7  -12   -3  -13    9   10    6   -2   -5   14  -12  -13   12   -6   -9  -10   16    2
    1    7   21    1    2   61    2    2    1       982   -8    3    5    2   12    7    9   15    2  -12  -14   -1   14    3   -6    4    4   10
    1    7   22    1    3   55    2    3    1      1786   -5   -8  -10   -7    6   13    1    6   -7   21  -13  -16   10   -5   -9  -11   15    2
    1    7   23    1    3   57    2    1    0       845   -5  -13   -9   -6    3   10   -2    4   -8   17  -10  -14   13   -5   -7  -10   18    5
    1    7   24    1    1   63    2    1    1      1157   15  -25  -12    0    8   10    2    4    0  -14   -8  -17    3  -16    4   10    4  -11
    1    7   25    1    3   58    2    1    0      1761   -7  -11  -11   -6    5   11    1    3   -7   17  -12  -14   10  -11  -14   -7   15    1
    1    7   26    1    1   57    2    1    1      1093   12  -14  -12   -1    9    6    1    4    0  -15   -5  -13    2   -9    4   12    4   -7
    1    7   27    1    3   61    2    3    1      1475   -6  -14   -9   -7    2   12    1    4   -9   19   -6  -11   12   -4  -11  -13   16   -2
    1    8    1    1    2   69    2    2    1      7778   -4    1    8    0   12    6   17   18   -1   -9  -15    2   14    4  -12    8   -6   21
    1    8    2    1    2   65    2    2    1       951   -7    4   10   -2   12    8    9   10   -6   -5  -16   -2   15    2  -13   10    5   10
    1    8    3    1    2   64    2    2    1      1180   -8    1    4    2   10    5    9    9   -2   -8  -16   -1   15    1  -12    8    4   10
    1    8    4    1    3   70    2    1    0      1991   -7  -12   -9   -7    5   13    1    5  -10   14  -14  -10   10   -4  -11   -9   16    4
    1    8    5    1    1   65    2    3    0      3424   12  -15  -12   -1   -2   15    1    1    5  -24   -8  -14    4   -9    2   12    2   -7
    1    8    6    1    1   64    2    2    0      3539   11  -14  -11   -1   15    9    1    5    0  -15   -2  -11    5  -10    5   10    3   -1
    1    8    7    1    2   72    2    2    1       689   -8    5    7   -2    9    6    9   13   -6   -5  -19    5   17    2  -11    9    4   10
    1    8    8    1    3   68    2    1    0      1021   -7  -10  -10   -7    1   16    1    5   -7   16   -9  -13    9   -6  -12   -5   17    2
    1    8    9    1    2   70    2    2    1       573   -5    2    5   -1   13    8    6   13   -2   -6  -14    0   13    4  -11   10    4   17
    1    8   10    1    3   67    2    3    1      1167   -8  -11  -11   -5   -6   17   -1   -5   -2    7  -11  -15   14  -11  -10   -7   16    4
    1    8   11    1    1   71    2    1    1      1643   11  -16   -7    4    6    7    2    4   -2  -10   -8  -12    2  -10    2   12    6  -13
    1    8   12    1    2   66    2    2    1       964   -7    4    4   -1   11    6    8    9   -6   -6  -13    1   19    7  -13   11    0   10
    1    8   13    1    2   71    2    2    1      1642   -7    2    5    1   12    7    6    8   -4   -6  -14    2   14   -2  -12    6    3   12
    1    8   14    1    2   67    2    2    1      1235   -4    2    2   -3   12    7    7   10   -1   -6  -17   -1   15   -2   -9   10    1    9
    1    8   15    1    1   66    2    3    0      2027    8  -15   -6   -4    8   -1    2    5    1  -14   -8  -13    5  -11    4   14   -2   -5
    1    8   16    1    3   71    2    1    0      1891   -5  -11  -10   -5    0   15    2    4  -10   14   -9  -15   13    3   -9   -9   17    2
    1    8   17    1    3   66    2    1    0      8338   -7  -14   -9   -6    6   11    4    3   -6   18  -11  -16   10   -5   -8   -9   17    3
    1    8   18    1    3   64    2    1    0      7452   -5  -10   -8   -8    5   12    4    2   -7   15   -8  -16   10   -5   -2  -13   15    3
    1    8   19    1    3   69    2    3    1      1099   -4   -7  -12    1    1    7    0    4   -8   18   -8  -14   19    2  -12   -8   16    4
    1    8   20    1    1   68    2    3    0      1036   10  -14   -9    2    6    8   10    9   -3  -16   -5  -13    5  -11   11   12    3   -8
    1    8   21    1    1   72    2    1    1       974   12  -13  -10   -5    8    7    4    4    4  -17   -7  -11    3  -10    4   12    1  -11
    1    8   22    1    3   65    2    1    0      1585    0  -11  -11   -6    5   13    3    6   -5   12  -20  -20   10   -6  -11  -11   17    2
    1    8   23    1    1   69    2    3    0      6746   11  -15  -10    1    6    8    4    4    0  -13  -11  -12    3  -11    4   14    4   -8
    1    8   24    1    1   67    2    1    1       906    6  -20   -9   -2    8    9    0    2    0  -15  -15   -7    4  -10   -1   16   13   -7
    1    8   25    1    3   72    2    1    0       782    1  -21  -10   -5    6   11    8   13   -6    7  -11  -15   11   -7   -8  -11   18   -3
    1    8   26    1    2   68    2    1    0       902   -7    8    6    1   13    5   16   19    0  -10  -13   -2   17    7  -10   11   -6   21
    1    8   27    1    1   70    2    3    0       491   12  -16  -10    0    5    6   -2    6    4  -18   -8  -13   -1  -13    5   11    1   -7
    1    9    1    1    1   73    2    1    1     16449    9  -14  -12    1    7    6   -3    5   -3  -13  -16  -18    6  -13    8   16    5   -2
    1    9    2    1    3   81    2    1    0      3048   -8  -14  -20    1    4   13    2    6   -7   17  -10  -13   13   -7   -9   -9   17    2
    1    9    3    1    2   78    2    2    1      1689   -5    2    3   -7   11    8    8   11   -5   -5  -14    1   18   -3   -9    7   -1    6
    1    9    4    1    2   81    2    1    0      2016   -7    1    7    2   13    9   11    5    3   -2  -16   -1   17    2  -15   18    2    9
    1    9    5    1    1   78    2    2    0       728    9  -14  -15    5    7    7   -6    4   -2  -12   -7  -13    5   -9    5   10    8   -2
    1    9    6    1    2   77    2    3    0      4519   -7    3    5    1   11    6   18    0   -4   -7  -23   -6   16    4   -5    4    4   12
    1    9    7    1    3   73    2    1    0       971   -4  -14   -6  -10    5   13    4    6   -5   16   -8  -15   10   -5   -9   -9   16    4
    1    9    8    1    1   81    2    3    0      4347   10  -16  -11   -1    8    6    3   -1   -1  -12   -5  -15    5  -13    3   15   10   -8
    1    9    9    1    1   74    2    1    1      1159   10  -14   -9   -2    6    8    2    4    2  -19   -8  -13    4  -10    2   12    2   -7
    1    9   10    1    2   73    2    2    1      4803   -6    4   10    0   11    6   10   10   -5   -3  -14   -3   16    2  -10    8   -2    7
    1    9   11    1    3   75    2    3    1      2765   -1  -20  -11   -6   -2   14   12    0   -7   14  -11  -14   11   -7   -9   -9   16    2
    1    9   12    1    1   80    2    1    1      2171   10  -16   -9   -2    9    7    1    4    0  -14   -6  -12    5  -11    5   14    4   -9
    1    9   13    1    3   80    2    1    0      1293   -6  -11   -9   -8    8    7   -1    7   -5   16   -9  -13   12   -7  -12  -11   24   10
    1    9   14    1    2   74    2    2    1      1058   -6    4    7    2   13    9    7   11   -2    2  -10   -6   16    1  -13    5    2   12
    1    9   15    1    3   74    2    3    1      1313   -8  -11  -10   -7    3   14    1    6   -4   14  -11  -13   14   -5   -8   -8   18    1
    1    9   16    1    3   77    2    3    1       663   -4  -12  -14   -5   -1   14    3    4   -5   16  -11  -14   12   -7   -9   -8   14    3
    1    9   17    1    2   75    2    2    1       823   -4    4    7    0   12    8    6    8   -2   -9  -13   -1   10    2  -11    7    2    9
    1    9   18    1    3   76    2    3    1       961   -4  -11  -10   -8    3   13    3    6   -4   16  -12  -15    5    3  -11   -4   15    3
    1    9   19    1    1   75    2    1    1      2407    9  -17  -12    1    9   10    0    4    0  -12  -13  -23    5  -12   11    4    2  -10
    1    9   20    1    2   79    2    2    1      1039   -5    3    7    1   12    6   12   16   -4   -6  -20    1   14    2  -10    7    5   11
    1    9   21    1    2   76    2    3    0      2336   -8    1    3    5   12    8    9    9    3   -9  -13   -1   17    7   -4    0    1   13
    1    9   22    1    1   79    2    1    1      1311   11  -13  -10    0   11   10    0    5    0  -13   -5  -14    4  -10    3   11    3   -8
    1    9   23    1    1   76    2    1    1      1331   11  -16  -12    2    5    9    3    4  -10  -14  -12  -16   14  -13    1   13    2  -10
    1    9   24    1    3   79    2    1    0      1239   -7  -11  -11   -2    7   14    7   10   -7   17  -10  -16    9   -8   -9   -8   24   12
    1    9   25    1    2   80    2    2    1      1245  -16    5    5    0   12    6   10    8   -6    0  -18   -5   17    1  -11    9    5   11
    1    9   26    1    1   77    2    1    1       983   11  -16  -20    3    9    7    3    5  -11   -6   -7  -12    2  -12    3   14    3  -10
    1    9   27    1    3   78    2    3    1      1145   -9   -2   -5  -11    7   10    9   15   -7   17  -12  -23   11   -7  -10  -10   14    3
    1   10    1    1    2   90    2    2    1       981   -6    1    8    0   13    5    7   12   -2   -8  -13   -3   19    1  -12    7    4   10
    1   10    2    1    2   87    2    2    1       792   -7    5    6    2   13    5    7   11   -4   -6  -17    1   14    3  -10    7    7   17
    1   10    3    1    3   88    2    1    0      1091   -6  -11  -11   -6   -1   11   -3    2   -6   15   -9  -14   10   -5   -5  -14   18    2
    1   10    4    1    1   85    2    1    1      1329    9  -13  -12    2    6    9    1    4   -8  -13   -4  -13    2  -11    1   10   12  -16
    1   10    5    1    1   84    2    3    0      1028   19  -23   -9    1    7    7   -2   -3    7  -15   -7  -12    3  -15    0   14    4  -10
    1   10    6    1    1   88    2    1    1      2023    8  -13  -12    1    7    9    3    4   -3  -15   -9  -22   -5   -5    3   13   -1   -6
    1   10    7    1    1   87    2    2    0      2062   12  -15  -10   -1    9    4    3    3   -2   -9   -7  -12    4  -12    5   12   11   -6
    1   10    8    1    3   90    2    1    0      1527   -4  -10   -9   -6    3   12    1    3   -4   22   -9  -16   18   -9  -14   -8   16    4
    1   10    9    1    1   86    2    2    0       868   11  -14  -12   -1    8    8   -5   -2   -2  -13   -5  -13    2  -12   -6   12    2  -16
    1   10   10    1    2   84    2    1    0       974   -4    5    6    4   10    7    9    9   -4   -6  -16    0   17    1   -9    8    3   10
    1   10   11    1    2   88    2    2    1      1552  -11    4    5   -1   15    7    8    9   -1   -8  -15    1   16    3   -2    7   -1   15
    1   10   12    1    2   89    2    2    1       685   -5   11    6   -2   11    8    8   11   -1   -7  -19  -10   10   -1  -10    8    3    7
    1   10   13    1    1   82    2    1    1       878    5  -18   -3   -4    6    7    4    3   -1  -13   -6  -17    4  -10    2   11    1   -6
    1   10   14    1    1   90    2    1    1       855   11  -15  -11   -1    8    7    2    1    0  -14   -5  -14    4  -10    4   12    1   -9
    1   10   15    1    3   83    2    1    0      1310   -5  -12  -11   -5    2   12    0    5   -9   17  -10  -16    5   -7  -14   -7   16    2
    1   10   16    1    3   89    2    3    1       741  -11  -11   -5  -10    3   12    1    6  -14   23  -12  -15   12   -6   -9   -9   15    3
    1   10   17    1    3   84    2    3    1       785   -6  -13  -20   -2    0   10    4    6   -5   14  -12  -16   11   -7   -9   -9   19    7
    1   10   18    1    1   83    2    3    0       699   11  -13  -13    1    6    9    3    2    1  -14  -10   -3    5  -13    3   16    1  -10
    1   10   19    1    3   85    2    3    1      1611   -5  -11  -11   -4    2   13    4    7   -5   18  -10  -16   13   -5  -11   -8   17    4
    1   10   20    1    2   86    2    2    1      1156   -7    4   -3    1   13    6   14   11   -5   -5  -15   -2   16    3  -11    9    2   12
    1   10   21    1    3   87    2    1    0       961   -5  -13   -3   -4    4   13    2    7   -5   18  -12  -17   12   -4   -9  -10   17    7
    1   10   22    1    3   86    2    3    1       675   -8  -11   -9   -4    8   12    1    3   -6   17  -12  -14   12   -6   -5  -11   15    2
    1   10   23    1    2   83    2    2    1      2868   -5    3    7   -2   15    2   12    8    2   -9  -12   -4   20   11  -12    8    3   13
    1   10   24    1    1   89    2    1    1      2558   10  -12  -10   -1    6    6    2    2    1  -16   -8  -12    5  -10    3   13    2  -10
    1   10   25    1    3   82    2    3    1      1042  -14  -13  -15   -9    5   14    1    5   -6   18   -7  -12   12   -5  -11   -9   15    2
    1   10   26    1    2   85    2    2    1      1092   -5    2    5    1   10    8    2    6   -4   -8  -17   -3   23    9  -12    8    3   13
    1   10   27    1    2   82    2    2    1       690  -10    6    4   -3   11    6    9   11   -2   -2  -16   -1   13    1   -7    9   -2    9
    2    1    1    5    2    8    3    1    0     11737   -2   -5    5    1   12   -3   11   11   -6  -17  -20   -6   21    8   -1   17    2   12
    2    1    2    1    1    3    2    2    0      3564   13   -9  -13    1   10    4   -2   -6   -3  -13    1  -14    4  -12    4   12    5   -8
    2    1    3    3    2    2    1    2    1       859   -5    3    6    0   10    7    7   11   -3   -7  -14   -1   14    3  -11    8    4   10
    2    1    4    3    1    2    1    1    1      2213    9  -16  -11    0    6    7    2    3   -1  -15   -5  -13    3  -17    2   13    3   -9
    2    1    5    1    3   18    2    1    0      1622   -4  -14   -9   -7    3   10    3    4   -2   23  -10  -16   11   -9  -12   -7   14    5
    2    1    6    5    2    1    3    2    1      1213   -6   -4    6    1   10    8    4    9   -1   -8  -16   -3   16    4  -12    9    9   20
    2    1    7    4    2    2    2    2    1       760   -8   -6    5   -1   12    7    8    9   -1   -8  -16   -3   15    2  -12    7    2   12
    2    1    8    1    2   25    2    2    1      1973   -7    6    5    1   10    7    6   11   -4   -7   -5  -10   13    2  -10    7    4   13
    2    1    9    5    2    2    3    3    0      2784   -2   -2    8   -1   10    8    5    7   -1   -9  -24   -3    7   12  -15   -1   -6    9
    2    1   10    4    3    2    2    1    0      1385  -11  -19  -11   -6    5   11    2    6  -13   22  -13  -13   10   -7  -10  -14   16    4
    2    1   11    1    3   31    2    3    1      1243   -6  -13  -12   -5    5   13   -4    2   -6   17  -10  -16    9   -6  -10  -10   14    3
    2    1   12    1    1   40    2    3    0      1793    9  -17  -13    1    7    7    3    2   -1  -15   -4  -12    7   -6    4   12    3  -10
    2    1   13    4    1    1    2    1    1      1938   11  -15  -12    0    8    6   -3    4    1  -16   -4  -13    5  -16    5   12    2   -8
    2    1   14    5    1    2    3    1    1      1580   15  -15  -11   -4    1   -1    1    5    6  -14   -4   -9    0   -8   11   12   -6  -19
    2    1   15    1    1   51    2    1    1      1381   13  -16  -12    1    7    7    2    4   -1  -12   -6  -12    4  -10    3   11   -1   -9
    2    1   16    4    3    3    2    3    1      1206   -5  -11   -1   -5    4   10    4    6   -4   16   -8  -21   11   -7   -9  -10   17    1
    2    1   17    5    2    7    3    2    1      1036   -3    6    7    1    8   14    7   11   -3   -3  -16   -1   10    7   -5   10    5    9
    2    1   18    4    3    4    2    3    1      1165   -9  -12  -10   -4    3   12    0    5   -9   16  -11  -14   13   -7   -9   -7   17    2
    2    1   19    4    3    1    2    1    0      2007   -5  -13  -11   -6    7   16    3    3   -6   17   -9  -15    9   -9   -9  -11   12    6
    2    1   20    4    2    6    2    2    1       590   -5    2    8    5   14    7    9   11   -1   -2  -13    3   16    4  -12    6    3   13
    2    1   21    4    2    1    2    2    1       705   -5    2    7   -1   13    9    8    9   -4   -7  -14    0   13    2  -10    6    4    9
    2    1   22    1    2   62    2    2    1       689   -4    4    3   -5   10    6    8   11   -4   -6  -16   -3   12   -4  -12    8    3    9
    2    1   23    1    3   64    2    3    1       992   -5  -10   -8   -8    5   12    4    2   -7   15   -8  -16   10   -5   -2  -13   15    3
    2    1   24    1    3   77    2    1    0      1586   -4  -12  -14   -5   -1   14    3    4   -5   16  -11  -14   12   -7   -9   -8   14    3
    2    1   25    1    2   84    2    2    1       795   -4    5    6    4   10    7    9    9   -4   -6  -16    0   17    1   -9    8    3   10
    2    1   26    1    1    2    2    1    1       838    9  -16  -10   -1    9   15    4    3    0  -12    3  -17    5  -12    1   10    2   -3
    2    1   27    5    1    9    3    3    0       973   11  -14  -12    1   -3    9   -1   -2   -1  -13   -7  -13    7  -18    2   13    2   -9
    2    1   28    1    1   16    2    1    1      1406   10  -14  -13    2    8    8    3    2   -2  -15   -7  -11   12  -10    5   10    5   -8
    2    1   29    5    3    6    3    1    0      2222   -6  -11  -10   -5    3   19    0   -3    2   21  -17  -14   10   -8  -20    1   15    3
    2    1   30    1    2   23    2    2    1      1615   -7    2    4   -1   13    7    9   12   -2   -9  -16   -1   16    5  -11   12    2   11
    2    1   31    1    1   28    2    3    0      2170   10  -13   -6    6    7    6    3    4   -1  -13   -4  -13    5  -10    2   12    6    1
    2    1   32    5    2    5    3    2    1      1678   -6    2    7    0    1    7    3    5    2   -9  -15    0   14    4   -9    6   -2   11
    2    1   33    2    3    0    0    1    0      2566   -6  -12  -10   -6    4   12    2    5   -6   16  -10  -15   11   -6  -10   -9   16    3
    2    1   34    5    1    3    3    3    0      4661    8  -10  -13   -1    6    0    1    1   -4  -18  -10  -19    5  -12    2   11    2  -11
    2    1   35    4    1    3    2    1    1      5942   15  -18  -17   -8    8    9    2    4    0  -19   -2  -22    2  -13   12   12    4  -11
    2    1   36    2    1    0    0    1    1       788   10  -15  -11    0    7    8    2    3   -1  -14   -6  -13    4  -11    3   12    3   -9
    2    1   37    5    3    8    3    3    1      2318    2  -13  -12   -6    1    2   10   -5   -7    6  -11  -16   14   -5   -9  -10   18    1
    2    1   38    5    2    6    3    3    0      1614   -7    1   10   -4   10    7    8   12    0   -3  -15   -2   22    8   -1    0    3   13
    2    1   39    5    3    5    3    1    0       922   -6  -11   -9   -7    3   15    3    7  -10   17  -11  -16   10    1   -3    0   12   -6
    2    1   40    1    2   38    2    2    1       909   -5    1    7    2   10    8    7   11   -7   -6  -17   -2   15    2  -10    7    4   11
    2    1   41    4    2    5    2    2    1       979   -4    1    7   -1    6    3    9   11    6   -8  -14   -2   16    3  -12    8    4    9
    2    1   42    5    3    9    3    1    0      2982   -1  -14  -18    1    5   14   -7   11   -4    6  -11  -16   12   -7   -8   -7   16    5
    2    1   43    4    3    6    2    1    0      3991   -5   -6   -9   -4    4   14    0    4   -4   16   -9  -14   11   -7   -6  -15    9   12
    2    1   44    4    2    4    2    3    0      2285   -5    5    6   -1   11    5    7   10   -2   -6  -13    1   15    4   -1   14    1   15
    2    1   45    4    1    6    2    3    0      2060   13  -10  -10    3    5    9    1    2   -2  -14   -6   -8    5  -12    1   10    4  -10
    2    1   46    5    1    7    3    1    1      3811   20  -25  -20    5    8    7    6    8   -2  -14  -11  -15    9  -15    4   12   13   -5
    2    1   47    3    2    1    1    2    1       995   -4    1    6    0   10    8    8   10   -5   -5  -14    0   16    4  -11    8    4   10
    2    1   48    4    2    3    2    2    1      1221   -4    4   -4    9   11    8    6   11   -4   -2  -13   -3   13    2  -13    8    5   13
    2    1   49    5    3    1    3    1    0      1901   -1  -18  -12  -11   13   22    1    5  -14   24  -11  -14    8   -9  -17  -10   11   -2
    2    1   50    5    2    3    3    3    0      1543  -16    7   10   10   18   12    6   12   -2   -8  -13    3   10    0  -10    7   -1    3
    2    1   51    1    3   47    2    1    0      4532   -1   -7   -4   -2    6   14    8   -2   -5   16   -8  -17   12   -7   -9  -10   17    4
    2    1   52    1    3   57    2    3    1      3894   -5  -13   -9   -6    3   10   -2    4   -8   17  -10  -14   13   -5   -7  -10   18    5
    2    1   53    5    3    4    3    1    0       870  -11  -20   -9   -7    3   13    2    4   -2   17  -13  -14    4  -14   -7  -14   16    1
    2    1   54    5    3    2    3    1    0      1820  -15  -15  -12   -1   -1    9    1    5  -12   14   -7   -9   13   -6   -9   -8   19   -2
    2    1   55    5    2    4    3    2    1       907  -13    3   -4    2    6    3   10    8  -10    3  -16    0   15    1   -9   12    8   10
    2    1   56    4    1    2    2    1    1      2498    9  -17  -13    1    9    9    2    4   -1  -15   -4  -14    8   -7    1   14    5   -9
    2    1   57    5    1    4    3    1    1       968   13  -25  -19   -6   12   15    2    2    2  -12   -7  -13   -2  -21    4   17   -1   -1
    2    1   58    1    2   69    2    1    0      3067   -4    1    8    0   12    6   17   18   -1   -9  -15    2   14    4  -12    8   -6   21
    2    1   59    3    3    2    1    1    0      2076   -6  -12  -11   -5    5   13    2    4   -6   16  -10  -14   11   -5  -15  -10   16    3
    2    1   60    5    1    8    3    3    0      1295    9  -16  -10   -1    7   16   -1    2   -1  -13   -7  -13    3  -13    6   12    7   -9
    2    1   61    4    3    5    2    3    1      1110   -5  -14  -11   -6    6   14    1    5   -8   17   -8  -16   12   -7  -10   -8   17    4
    2    1   62    4    1    4    2    1    1      1111    9  -14   -9    1    5    7    1    4    0  -15   -6  -10   13   -8   -5   21    4  -10
    2    1   63    1    1   77    2    3    0      1221   11  -16  -20    3    9    7    3    5  -11   -6   -7  -12    2  -12    3   14    3  -10
    2    1   64    5    2    9    3    3    0      1952   -2    8    4    2   10    8    0   10   -6   -4  -13    0   24    7  -10    8    2   11
    2    1   65    3    1    3    1    3    0      1471    9  -16  -11    0    6    8    1    2    0  -13   -6  -14    4  -11    3   11    2   -8
    2    1   66    3    1    1    1    1    1      1246   11  -16  -11    0    7    8    1    4   -1  -14   -6  -12    4  -10    2   11    2   -8
    2    1   67    1    3   87    2    1    0      1670   -5  -13   -3   -4    4   13    2    7   -5   18  -12  -17   12   -4   -9  -10   17    7
    2    1   68    1    3   79    2    1    0      2638   -7  -11  -11   -2    7   14    7   10   -7   17  -10  -16    9   -8   -9   -8   24   12
    2    1   69    1    2   28    2    2    1      2301   -6    1   11    1   13    7    6    8   -5   -6  -14   -2   15    4  -12    9    5   14
    2    1   70    1    1   27    2    3    0      1019   11  -16  -12    0    5    8    3    2   -3  -14   -8  -14    4   -9    3   14    2   -7
    2    1   71    5    1    6    3    1    1      1694    0  -20  -11   -5    8    7    3    3   -2  -14   -4  -13    8  -17    5   13   10  -15
    2    1   72    3    3    3    1    1    0      1266   -6  -11  -10   -6    4   12    1    6   -5   16  -11  -15   11   -6  -11   -8   17    2
    2    1   73    5    3    3    3    1    0      1620   -7  -12    0    2    2   10    6    2   -2    7   -9  -16   12   -5  -15   -3   18    1
    2    1   74    2    2    0    0    1    0      3593   -6    3    6    0   11    7    8   10   -3   -7  -15   -1   15    3  -11    8    3   11
    2    1   75    1    2   45    2    2    1      1441   -6    2    7    0   10    8   16   19   -1   -5  -10    1   16    2  -13    9    2   12
    2    1   76    1    2   85    2    3    0      1664   -5    2    5    1   10    8    2    6   -4   -8  -17   -3   23    9  -12    8    3   13
    2    1   77    4    1    5    2    1    1      1048    1   -7  -18   -2    6   15    1    3    1  -15   -7  -12    5  -13    3   14    3   -8
    2    1   78    3    3    1    1    1    0      1095   -6  -12   -9   -7    3   11    2    4   -6   17   -9  -15   10   -5  -10   -9   16    3
    2    1   79    1    1   17    2    1    1      1266   11  -16   -9    4    9   10    3    2   -3  -13  -16  -17    6  -11    1   13    3  -11
    2    1   80    1    3   71    2    3    1      2999   -5  -11  -10   -5    0   15    2    4  -10   14   -9  -15   13    3   -9   -9   17    2
    2    1   81    5    1    1    3    1    1      1131   11  -16  -10   -2    4   13    2    0   -7  -21   -9  -18    0   -6    1   14    2   -8
    2    1   82    5    1    5    3    1    1      1512   11  -15  -14    5    5    9    1    2   -1  -20   -6  -23    5  -13   -1    7   -5  -13
    2    1   83    5    3    7    3    1    0       388   -6  -14  -11  -12   11   10    7   -3  -11   11  -19  -20    6  -12   -8   -8   17    1
    2    1   84    3    2    3    1    2    1       878   -6    3    6    0   11    7    9   10   -2   -8  -13   -3   16    2  -11    8    3   11
