    1    1    1    1    3    3    3    1    0     10654  -14    8  -12   15    8    8   -6   13    8   12  -18   18  -12  -10   13  -11  -10    1
    1    1    2    1    3    4    3    2    0      1684  -23   18   -9   19   -3    9   -5   13  -11   10  -13    8   -3    1   10   -9  -10   17
    1    1    3    1    2    9    3    3    0       637   -1   -6   12  -13   16   19    6    7   -9   -9   -7  -19   -7    0    9  -22    7    4
    1    1    4    1    2    1    3    1    0      1904   -2   -3    5  -14    3   15    6    9  -16  -14   -6  -16   -9   11   -5  -11    2    2
    1    1    5    1    1    8    3    2    0      1279   11   -2    2  -15   -8    3   -7    0   -4   -6   -8   16    3    4    5   -2    7  -15
    1    1    6    1    1    2    3    3    0     34600   14   -7   -3  -15  -12    9  -17   -7   -2   -3  -15    8    6    8    3    1    6  -11
    1    1    7    1    2    7    3    2    1      1164    1   -4   12  -14    4    8    7   -3  -17   -8   -7  -11  -18   17    0  -14   -1    4
    1    1    8    1    3    7    3    1    0       828  -19   16  -10   16   -2    9    3   19    8   13   -4    6   -7   -4   16  -11  -11    7
    1    1    9    1    3    9    3    2    0       168   -3   11   -1   24    1    7  -13   22    2    3  -16   13   -8   -2   16  -18  -10    4
    1    1   10    1    1    5    3    3    0      1214   18   -5   -1  -13  -17    1  -16   -3    7   -2   -8   14   11    7   -4   -3    8  -17
    1    1   11    1    2    8    3    2    1       970    1   -6   13  -17   12   15    7    5  -14  -15   -6  -17   -9    8    0  -14   10   -1
    1    1   12    1    2    6    3    3    0      1280    3  -13   13  -14    6   11   15    0  -13  -13   -7  -12   -3    8    9  -18    0    8
    1    1   13    1    3    5    3    1    0       699  -10   21  -12   20    0    9   -6   12   -2    3  -14   18    3    5   10  -10  -11    2
    1    1   14    1    1    7    3    3    0      1580    6   -9    5  -11  -13    5  -10    4   -4    5  -13    8   18    1   -8    5    2  -13
    1    1   15    1    2    2    3    2    1       700   -8    5    9  -13   11   13    6    7  -16   -8   -7  -14  -14    0    3  -13    2    3
    1    1   16    1    1    3    3    1    1      1501   14   -7   -2  -19   -8    1   -4    3   -2   -2  -10   10    4   13   -4   -5   17  -11
    1    1   17    1    3    1    3    1    0      2221  -20    8   -7   17   -1    4   -5   13   -6    1  -10    6    2   -6    2   -2  -14    6
    1    1   18    1    3    8    3    2    0       465  -15   16   -8   16    9    4    0   12   -9   -4  -13   18    1  -12    4   -7  -10    5
    1    1   19    1    2    4    3    1    0      1178    0    6   10  -14   15   14    9    4  -21  -10   -7  -12   -4   10    2  -15    0    2
    1    1   20    1    2    3    3    2    1       566   -1   -5   12  -13   12   14    9    7   -3  -11   -7  -14   -9   10    1  -15   -2   -1
    1    1   21    1    1    1    3    3    0       622   21   -3   -3  -11   -6    1   -9   -1   -5   -7   -7   18    6    5    3   -2    8  -11
    1    1   22    1    3    2    3    2    0      1233   -3   11   -8   24   -2    9   -8   15    0    2  -13    8   -7   -5   13   -2  -10    5
    1    1   23    1    3    6    3    1    0       252  -14    1  -11   20    0    8  -13   17    1   12  -13   11   -9   -2    8   -5  -12    7
    1    1   24    1    1    4    3    3    0       893   10   -8    3  -12   -8   -2  -10    0   -3   -3    0    5   12    6   -5    0    8   -9
    1    1   25    1    1    9    3    2    0       630   13   -5    6  -13  -15    6  -13    2  -13   -8   -7   15    7    6    2   -1   12  -18
    1    1   26    1    1    6    3    3    0       393   12   -6   14   -8  -13    1   -7    2    5   -1  -18   12   10    6    1   -1   10  -11
    1    1   27    1    2    5    3    2    1       968    0    0   12  -16   13   16    8    6  -15  -17  -10  -14   -9   10    3  -18   -8    1
    1    2    1    1    3   13    3    1    0      2748   -4   19   -9   14   -3   11   -6   22   -4    6  -15    8   -8   -3   15  -20  -10    8
    1    2    2    1    3   18    3    2    0       969   -8    9   -4   19    3   16   -3   13    5    2  -15   14   -6   -4   13   -8  -10    6
    1    2    3    1    1   15    3    3    0       623   11   -6    5  -18   -6    6  -10    0   -6  -12   -7   17   15    8   -7    4   18   -2
    1    2    4    1    3   14    3    2    0      1779   -9    9  -13   16   -1   10   -6   13    1   -1  -11   12  -11   -6    3   -6  -12    6
    1    2    5    1    3   17    3    3    1      1063  -11   12  -11   16    0    9   -6   11   -1    4  -20   19   -5   -2   15  -15  -11    7
    1    2    6    1    1   17    3    2    0      1817    8   -2   12  -23   -5    1   -1   -1   -3   -3   -7   10   12    7    2   -1   11  -11
    1    2    7    1    3   16    3    3    1      3613  -18    8   -1   17   -2    9   -4   11    8   -4  -17    1   -3   -9    8  -18   -7    7
    1    2    8    1    3   15    3    3    1       648  -12   12   -8   17   -3    7  -14   21   -6    9  -17   13   -9   -2   12  -10   -8   11
    1    2    9    1    1   11    3    3    0      1643   12   -5    5  -15  -10    4  -14   -1   -7   -1   -6   16    6   10   -6    1   -1  -19
    1    2   10    1    2   13    3    2    1      2823  -10   -5   17   -6   15   17   10   -4  -13  -16   -8  -16   -7    7    4  -10   -2    0
    1    2   11    1    2   16    3    3    0      1667   -3   -3   10  -13   16   15   11   10  -12  -11   -9  -17   -7    9   -4   -6    4    0
    1    2   12    1    2   12    3    3    0       813   -2   -3    4   -4   14   11    9    9  -16  -14  -16   -9   -6    9   -4  -17    2    3
    1    2   13    1    1   12    3    2    0       779   16   -5    1  -16   -9    1   -8   -5    0    5   -8   19   19    9    8   10    9  -14
    1    2   14    1    1   14    3    1    1      1321   13  -11    5  -12  -10    4  -11    8   -2   -7   -8   16   19   -2    3    1    1   -4
    1    2   15    1    3   11    3    3    1       911  -14    4  -14    8   -6    9    3    8   -1    3  -14   11  -10    2    8   -9  -10    6
    1    2   16    1    1   16    3    3    0       663   16   -8   14   -9   -8    4  -10    0   -7    0  -12   23   13    4    2   -1   12  -17
    1    2   17    1    1   10    3    2    0      1626   17   -4    5   -7  -12    9  -10    2   -4   -3   -6   15   12    7    4    2   10  -12
    1    2   18    1    2   10    3    1    0      1845   -1   -4   12  -12   14   13    4    1  -17  -19   -5  -14  -13    6    1  -12   -5    1
    1    2   19    1    2   11    3    3    0      2377   -1   -4   12  -18   11   23   16   -5   -9  -11   -8   -9   -9    9   -4  -18    9    0
    1    2   20    1    3   12    3    2    0      1494  -12   10   -9   15   -2   10   -6    3   -2    5  -13    7   -8   -3    2  -15   -5    7
    1    2   21    1    3   10    3    1    0       838  -22   16  -12   13    2   12   -3   12    0    8  -15   10    3    0   15   -7   -8    0
    1    2   22    1    2   17    3    3    0      1164    0    0   14  -15   19   21    5    5  -15  -12   -7  -13   -9    7    0  -10    1    4
    1    2   23    1    1   18    3    2    0      1322   17   -4   -1  -12  -11   -3   -9   -2  -13    2   -8   14   11   11    5   -4   11  -13
    1    2   24    1    2   18    3    3    0      1940    0  -14   11  -12   14   15   12   -1  -11  -13   -4  -13   -7   12    3   -9   -9   -5
    1    2   25    1    2   15    3    1    0      1028   -6   -2    6  -13   15   16   10   10  -12  -14  -11  -12  -18    0   -1  -13    3    0
    1    2   26    1    2   14    3    2    1       949    5   -6   14  -10   13   14    7    1  -13  -13   -6  -15  -10    9    0  -13    2    1
    1    2   27    1    1   13    3    3    0      2012    8   -8   13   -7   -6   -3  -11    1   -2   -3  -11   14   13    6    3   -1    7  -10
    1    3    1    1    2   25    3    3    0      1032   -1   -7   12  -16   17   22    2   10  -22  -21  -12  -13  -16   17    0  -19    4    7
    1    3    2    1    1   25    3    3    0       747   11   -4    3   -3   -7    5   -8    1    2    1  -10   15   13   16    0    5    6  -12
    1    3    3    1    2   21    3    3    0       475   -1   -3   12  -14   14   11    5    6  -13  -11   -2  -18   -5   14    7   -5    3    4
    1    3    4    1    1   20    3    1    1       630   12   -7    1   -9   -8    5  -15    5    4   -8  -18    9   10    8    2    0   16  -13
    1    3    5    1    2   23    3    1    0      1800   -3   -4   21   -9    9   15    7    5  -20   -9   -7  -14  -10    8    2  -14    2    3
    1    3    6    1    1   23    3    1    1       682   14   -7    6  -13   -4   -1  -15    4   -7   -9   -7   17   10   10   -3    4    8  -11
    1    3    7    1    2   24    3    2    1       986   -2   -2   20  -14   15   15    9    2  -21  -19   -6  -10  -11    5   11  -19   -3    5
    1    3    8    1    2   26    3    3    0      1120   -5   -3   19  -20   13   12    6    4  -22  -19   -5   -8   -5   14    4  -17    1    4
    1    3    9    1    2   20    3    1    0       527   -2   -6   12  -11    8    8   15   15  -13  -11   -2  -18   -9   14   -4  -14   -2    4
    1    3   10    1    3   24    3    1    0       726  -11    6  -10   16   -1    8    0   12    3    3   -5   13   -5   -1   14   -8  -15   14
    1    3   11    1    3   25    3    3    1      1014  -13   12  -13    9    8    4   -6    8    1    8  -16    9   -8   -3    6  -12   -9    5
    1    3   12    1    3   26    3    2    0      2282  -17   11    0   19   -2    1   -1   21   -2    6  -14    8   -7   -4    5  -10   -7    7
    1    3   13    1    3   27    3    2    0      1195   -6   21  -10   17    8   17  -11   21    5   -5  -10    7   -3   -3   12   -5  -11   10
    1    3   14    1    3   23    3    3    1      1897  -18   16   -6   16  -11   16  -13   14   -9   -1  -11   12   -6   -6   10  -19  -20    0
    1    3   15    1    1   27    3    2    0      1192   11  -10    3  -12  -14   -3    0    4   -3   -3   -5   20   15    8    6   -5   11  -21
    1    3   16    1    3   20    3    2    0      1043  -14   11   -2   24   -1    8  -15   16    6   11  -10    9  -11    6   13  -12   -6    9
    1    3   17    1    3   19    3    2    0       519   -9    4   -4   11   -5   17   -1   17    1    7   -4    3   -3    0   14  -16   -5   -3
    1    3   18    1    3   21    3    2    0      1152  -17   16   -8   19   -3    9  -15   13    2   -3  -15   10   -5   -3   10  -19   -5   12
    1    3   19    1    1   22    3    2    0       783   11   -1    2  -11  -14    6   -3   -3   -1   -6   -8   13   10    7   -5    2   17  -14
    1    3   20    1    1   21    3    1    1      1102   14   -8    4  -14   -6    0  -13    0  -10    2  -13   16    9    5    4    2    6   -8
    1    3   21    1    2   19    3    3    0      1311    0   -3   10   -6   22   22   15    3  -14  -12   -5  -11   -7    7   11  -13    0    5
    1    3   22    1    2   22    3    3    0       887   -4   -9   15  -16   23   23    6    8   -6  -14   -5  -12  -12    4   10   -8    1    5
    1    3   23    1    1   24    3    2    0       529    6  -16   -2  -21   -5   -6   -9   10  -10    2   -8   18   14    3    2    0    9  -13
    1    3   24    1    2   27    3    3    0      1609   -8  -11    6   -9   16   11   15    5  -18  -16   -4  -16   -9    4    2  -14    7    5
    1    3   25    1    1   19    3    3    0      1381   12    2   -3  -17   -2   10   -9   -1    7    4  -13   15   14   12   -5   -9    9  -10
    1    3   26    1    1   26    3    2    0       779    9   -1    5  -13  -18    4  -11   -1    2   -8  -12   17    7    6   -3    2    9  -17
    1    3   27    1    3   22    3    3    1       937  -21   21   -4   14    0    9   -5   11   -1   11  -16   13   -5   -4    6   -3   -9    5
    1    4    1    1    1   29    3    1    1      1263   13   -7    4  -14   -9    2  -19   -1   -4   -4  -10    9    3    5    1    2    9  -13
    1    4    2    1    3   35    3    3    1       970  -19   12   -8   16    3    9   -1   19   -1    4  -15    8   -5  -11    7   -7  -15    4
    1    4    3    1    1   32    3    3    0      2274   14   -8    0  -13  -10    3  -12   -4   -3   -6   -7   14   13    8    6   -5    3  -12
    1    4    4    1    2   33    3    3    0       901    1    0    9  -19   14   11    7    5  -18  -10   -8  -14  -14   12    7  -21   -2    6
    1    4    5    1    2   28    3    2    1     14060    6   -5   21  -12   19   13   17    5  -12  -20   -2  -13  -14    6    1  -15    9   -6
    1    4    6    1    2   36    3    3    0       711   -5   -6    7  -16   12   14   10    2  -12  -12   -4  -12   -6   10   -1  -15    2    3
    1    4    7    1    2   29    3    2    1       423   -3    1    2  -11   11   20    4   -4  -15   -8   -2  -10   -9    7    2  -16   -4    7
    1    4    8    1    1   33    3    2    0       673   15   -4    9  -15  -11    4   -5   -7   -6   -3   -4   19    8    8    7   -7    9  -11
    1    4    9    1    2   31    3    3    0       322   -5   -8   12  -16   11   22    4    4  -14  -14    4  -20   -8    5   -9   -9   -6   -1
    1    4   10    1    2   35    3    2    1       737   -7    6   12  -14   13   23    0    5  -11   -3   -2  -11   -8    8   -8  -13    0    2
    1    4   11    1    3   33    3    3    1      1008  -10    7   -4   22   -1   11   -7   12   -4    4  -23    8    1   -7    7   -2  -18   12
    1    4   12    1    3   32    3    3    1      1283  -14   11   -9   17   -7    1  -15   16   -3    6  -21    9   -7   -2    6  -14  -15    9
    1    4   13    1    1   36    3    3    0      2029   17   -7   14  -15   -5   14   -7    1   -5    3  -12   13    6    9    0   -2   17  -12
    1    4   14    1    2   32    3    2    1       873    4    1    9  -11   10   13    2   15  -15  -10   -2  -17  -11   11   -7   -9   -1    1
    1    4   15    1    2   30    3    3    0      1106   -1   -4   11  -15   18   16    7    5   -7  -18   -1  -13   -7    8   -3  -10    0    4
    1    4   16    1    3   34    3    2    0       672  -23   19  -10   16    0   11    4   13   -4    8  -14    8   -8   -2    6   -3  -16   17
    1    4   17    1    1   34    3    2    0       882   13   -5   -6   -8  -12    3  -13   -1   -5   -3   -8   13    8   16    0    1    6   -7
    1    4   18    1    1   35    3    3    0       667   14   -4    3  -12  -14    7   -5   -2  -13    1   -8   14   14    6    2    1   18  -19
    1    4   19    1    3   29    3    3    1      1214  -12   15  -13   19   -9    1   -5   14   -2   13  -15   10    0    2   21  -10  -20   10
    1    4   20    1    3   31    3    2    0      1978   -9   12  -10    9    7    6   -2   14    7    0  -16    7   -2  -12   10  -10  -10    3
    1    4   21    1    2   34    3    3    0      2393    0   -6    9  -13   13   14   13   -1   -7   -7  -11  -15   -6    7   11  -22    2    8
    1    4   22    1    3   30    3    3    1       966  -12   11  -13   20    8    8   -1   15   -3    4  -21   12  -10    0   12  -10   -9   17
    1    4   23    1    1   31    3    2    0      1677   14   -1    5  -13   -8    3   -3    6    7    2   -6   14   10    7    1   -1   11   -8
    1    4   24    1    1   30    3    2    0       808   12   -7    5  -12   -1    3   -9    1   -3   -5   -7   15   13    5   -5    9   10  -12
    1    4   25    1    3   36    3    3    1       789  -12   17   -7   19    3   10   -4   12   -4    3  -14   11   -5   -4   12  -10   -3    9
    1    4   26    1    3   28    3    2    0      1572  -14   14  -18    7   -1   12   -5   13   -2    6  -15   11   -3    1   15   -5  -10    6
    1    4   27    1    1   28    3    3    0       645   10  -11    4  -14   -9    3  -11    1   -1  -13  -12   10    9    8    4   10   12   -7
    1    5    1    1    2   41    3    3    0      2072   -4   -1   10  -13   14   15    8    7   -4   -4   -4  -15  -13   14    1  -16    4    0
    1    5    2    1    3   45    3    3    1       753  -17   17   -6   11   -7    0    2   19    6   13  -20    3  -16   -8   18   -3   -8    2
    1    5    3    1    1   39    3    2    0       944   10   -6    8  -10   -3   -3  -13   -3   -1   -4  -11   12    8    7   -5   -9    5  -16
    1    5    4    1    1   40    3    3    0       823    8   -6    0  -17   -8    4   -9   -2    7   -2   -3    7   21   -2    0   -1   11  -12
    1    5    5    1    3   43    3    2    0       851  -14   10  -12   17   -2   14   -7    5    6   -4   -8    2   -7   -4   12   -8   -3   -3
    1    5    6    1    2   38    3    2    1      1022    3    0   20  -23   16    7    6    5   -8   -4   -6  -16   -8    8   -6  -22    1    5
    1    5    7    1    2   40    3    3    0      1171   -6   -3   10  -14    5   14    4   -5  -17  -11   -5  -13  -15    7   11  -19    4    1
    1    5    8    1    1   38    3    3    0       753   12   -5    4  -18   -7   -6   -3   -3   -1   -5   -9   14   15    6   -3    5   14  -19
    1    5    9    1    1   41    3    3    0       976   23    1    2  -12   -5   -1  -12    1   -9    1  -10    5   20   10    5    0    5   -6
    1    5   10    1    3   37    3    3    1      1221  -10   14  -13   20   -7    4   -6   14   -4    6  -22    8  -12   -6   11  -11  -15   16
    1    5   11    1    3   42    3    2    0      1201  -14   12  -10   17   -3    8   -7    3   -2    5   -9   11   -6   -4    6   -1   -9    6
    1    5   12    1    2   43    3    3    0      1150   -2   -3   14  -15   16   21   15   12  -16  -13    0  -23  -10    8   -9  -23    1    4
    1    5   13    1    3   38    3    3    1      1036  -15   11   -9   18   -2   10   -4   12    3    5  -15   -1  -11    0   11   -7  -16    8
    1    5   14    1    3   40    3    3    1       687  -15    1   -8   16   -1    8   -7   11    3    7  -17   19  -10    0    4  -12  -12    7
    1    5   15    1    3   39    3    3    1      1346  -17   12    0   24    0    7   -7   14   -3    4  -14   11   -8  -12   12  -15   -8   11
    1    5   16    1    1   37    3    1    1      1402   23  -11    8  -20   -8    1  -11    2    1   -4   -7   15   18   16    8  -10   10  -12
    1    5   17    1    2   42    3    2    1      1215   -3   -3   16  -19   18   17    5   14  -10  -21   -6  -15   -9   10    9   -4   -4    2
    1    5   18    1    3   44    3    3    1       604  -11   10   -6   21   -2   13   -5   14    3    9  -14   10  -11   -8   11  -12   -5    4
    1    5   19    1    3   41    3    3    1       641  -12   11  -18   12    2    8   -6   13   -1    9  -18    7   -7  -12   11   -9  -10    6
    1    5   20    1    1   45    3    1    1      1589   10   -1    9   -8   -2    2   -2  -10   -1    0   -7   14   20   10    6   -2    7  -15
    1    5   21    1    2   39    3    1    0       723   -7   -1   14   -7   14   17    8    4  -20   -7   -5  -14   -5    5    5  -16   -6   -6
    1    5   22    1    2   44    3    1    0       643    0   -5   10  -14   12   16   12    7  -11  -14   -4  -14   -9   10    2  -14    2    2
    1    5   23    1    1   42    3    3    0      1175   22    1    5  -13   -8   14  -14    8   -6  -14   -6   18    9    8   -2    9   19   -8
    1    5   24    1    1   44    3    1    1      1062   19  -11    9   -9   -9    3   -5   -5   -3   -3  -13   20    9   -4    0    2   13   -5
    1    5   25    1    1   43    3    2    0      1033   12   -5    4  -15  -11    2  -17   -7   -3   -2   -8   21   11   15   -1    2   18  -19
    1    5   26    1    2   37    3    2    1      1949   -2   -3   10  -13    7   13   12    6  -12  -13  -15  -16   -4    5    3  -18   -1    2
    1    5   27    1    2   45    3    2    1      1548  -12   -4   10   -9   10   16    9    3  -12  -10  -14  -20  -13    1    4  -11    5   -2
    1    6    1    1    3   47    3    2    0      1388  -12   11  -13   19    2    9   -5   13   -2    3   -9    5   -6   -2   11   -6   -6    7
    1    6    2    1    3   46    3    3    1       689  -16   13   -6   12   -2    4   -3   13    4   12  -14    8   -6   -4   11   -8  -11    6
    1    6    3    1    1   49    3    2    0       819   13   -7    5  -14   -9    5  -11    4   -3   -3  -18   16    8   14   -6    8    8   -9
    1    6    4    1    1   47    3    1    1       513   12   -6   -4  -10   -2    3  -15    8    2   -7   -8    9   13    8   -7   -8    1  -18
    1    6    5    1    3   48    3    3    1       970  -17   16    0   16   -1   13   -6   11    3   12  -14   11   -3   -1    1   -6  -10    8
    1    6    6    1    1   46    3    1    1      1072   11   -5    2   -8   -5    6  -17   -1   -5   -5   -7   14    7    9    0   -1   12  -16
    1    6    7    1    2   48    3    2    1       867   -4   -7   10  -16   12   13    5   12  -13  -20   -5  -13   -8    8   -2  -19    3    4
    1    6    8    1    3   51    3    3    1       957   -6   15   -8    7   -2   10    1   15    1    8  -15   10   -7   -1   17  -13   -4    4
    1    6    9    1    2   54    3    2    1       740   -3   -3   11   -9   15   12    0   14  -10  -16   -7  -12   -7    4    0   -5    2    1
    1    6   10    1    3   53    3    3    1       738  -13   13   -8   20    0    9   -6   12    2    8  -15    9   -9    6   15  -10   -1   -1
    1    6   11    1    2   47    3    1    0       962  -12   -7    9  -14    9    7   16   -3  -12  -11   -5  -15   -7    7    6  -17    1   -3
    1    6   12    1    1   52    3    3    0      1128   12   -3    3  -15   -7    5  -11    2    5   -3   -7   14    6    7    3    1   14  -11
    1    6   13    1    1   53    3    2    0       921   17   -6    4   -8  -10   -1  -14    4   -4   -2   -7   17    1    6   -1    7    9  -14
    1    6   14    1    2   51    3    3    0       625   -5   -7   12  -15    9   24    9    6  -11  -10   -5  -13   -1   10    2  -12    7   13
    1    6   15    1    1   51    3    1    1      2389   16    2    9  -13  -13   -1   -9   -1   -3   -2   -8   13   12    4    1  -10    5   -6
    1    6   16    1    2   52    3    2    1      1282    2    1   12  -15   11   16    9    4  -15  -11   -6  -15    2   11    0  -12    7    7
    1    6   17    1    3   50    3    3    1      1851  -13   16  -13   20    9    6   -6   14   -1    4  -20   11   -4   -8   10   -9   -8    3
    1    6   18    1    1   50    3    2    0      1038    8   -4   12  -22  -15   14   -3   -7    5   -7   -8   16    8   12    5    3   13   -4
    1    6   19    1    1   54    3    2    0       994   13   -7    2   -9   -7    3    0   -2  -13   -1   -5   16   10    4   -2    2    8  -12
    1    6   20    1    2   53    3    3    0       953   -4   -4   12  -18   13   16    8   10  -23   -3  -10  -10   -6   12    3  -16    2    4
    1    6   21    1    2   49    3    3    0      1104   -4   -3   11  -16   23   24    5   -3  -19   -3   -9   -9   -5    9    1  -17    1    4
    1    6   22    1    2   50    3    1    0      1440   -6   -3    7  -18   14   14    6    6   -9  -13   -7  -19    0    7   -3  -19    3    8
    1    6   23    1    2   46    3    1    0      1939   -5   -6    9  -14   20    6    7    5  -12  -13   -8  -18  -11   13   -7  -12    0    3
    1    6   24    1    3   54    3    3    1       802  -19   11   -7   20    4   15    0   16    1    9  -21   -1   -8  -11   15  -13  -16    4
    1    6   25    1    3   52    3    3    1       574   -9    5   -8   18   -3   11   -6   13    5   12  -13    9   -6   -3    5   -8  -19    2
    1    6   26    1    3   49    3    3    1       467  -20   11    1   23   -2   10  -14   14   -4    3  -13   11  -15   -1   10   -9  -11    7
    1    6   27    1    1   48    3    1    1      1069   11   -7   14  -20   -9    5   -7    0   -3   -3   -5   16    3   10    4    4   12   -9
    1    7    1    1    2   60    3    2    1      2942  -12   -9   14  -18   13   14    3    7  -17   -3   -7  -17   -9   12    1  -15   -1    4
    1    7    2    1    2   61    3    2    1       550   -3   -4   11  -15   12    6    3    5  -14  -15  -12  -11   -9   10    2  -15    1    4
    1    7    3    1    3   61    3    3    1       604  -12    7  -10   17   -2   11   -5   15   -2    2  -15    1   -9   -2   12  -10   -4    6
    1    7    4    1    3   63    3    3    1       513   -6   17  -12   24    1   13   -6   12   -2    7  -15    9    2   -4    8  -12   -6    8
    1    7    5    1    1   63    3    1    1       601    5    4    4   -3   -6   -5   -5   -1   -2  -13   -9   13   12    9   -2    4    9  -21
    1    7    6    1    1   56    3    2    0       847    9   -6    5  -15    1   10  -12   -1   -7    3  -15    9    9    8   -2   -2    6   -7
    1    7    7    1    1   58    3    2    0       875    8   -3    5  -22   -9   -1   -4    2    0    5  -10   14   12   13    0    1    0  -10
    1    7    8    1    3   58    3    3    1       661  -13   20   -8   18    5    6   -2   16   -2    5  -18    8   -6  -13   13   -6   -9    6
    1    7    9    1    2   59    3    1    0       711   -9    6    8   -8   13   14   10    4  -22   -6   -3  -19   -7    8   -3  -15    1    4
    1    7   10    1    2   55    3    2    1       586    1   -2    5  -14   11   17   11    3   -8  -13   -6  -15   -8   16   -5   -7    0    1
    1    7   11    1    3   57    3    3    1       656   -6    5   -8   15    4   15   -6   14   -2    3  -11    0   -6   -4   18   -9  -12    6
    1    7   12    1    2   63    3    2    1      1491    1   -9   14  -23    6   24   17   -3  -13  -10  -10  -12   -7    8   -6  -21    6   -7
    1    7   13    1    2   56    3    2    1      1525    3    0    6  -11   11   16    4    4  -20   -4  -13  -14   -9    9    0  -14    6    8
    1    7   14    1    1   57    3    2    0       806   14   -5    0  -15  -15   14  -10    1    1   -3   -9   13   13   10    5    1    5   -4
    1    7   15    1    1   55    3    2    0       805   10   -4    3  -13    0    1   -9    3   -1   -3   -3   15   17   12   -4    1    7  -20
    1    7   16    1    3   59    3    3    1       691  -11    9   -1   18   -2    5   -5   14    3    3   -5    6   -3  -12   16   -6  -11    0
    1    7   17    1    3   60    3    3    1       645  -13   12   -8   17   -2    8    5   21   -1    5  -18   14   -7   -5    8  -10  -10   12
    1    7   18    1    2   57    3    1    0      1112   -4   -8    5   -7   12   16   -1   -1  -15  -11  -12  -12  -10   11   -9  -16   -8    6
    1    7   19    1    2   58    3    2    1      1177   -5    3   10  -13   21   14    5    1   -5  -22   -4  -13   -9    9    2  -10    1    2
    1    7   20    1    1   59    3    2    0       952    9  -14    4  -11   -7    5  -10   -1    2    5   -5   15   11    1    5   -5   13   -7
    1    7   21    1    3   56    3    3    1       656  -14   12  -18    7   -1   11  -15    3   -1    4  -13    9   -6   -5   10  -10   -9    7
    1    7   22    1    1   60    3    2    0      1427   15   -7    3  -11  -13   -1  -10    3  -12    1   -7   14   12    3    0   -1    2  -18
    1    7   23    1    1   61    3    2    0      2647   14   -8    7  -11   -5    4   -9    1   -3   -6  -13   16   11    4    0    3    9  -14
    1    7   24    1    1   62    3    1    1      1418   16    2    8  -23  -14   12  -10    0   -4   -3   -7    5    1    8    4    1   18  -15
    1    7   25    1    3   55    3    3    1       813  -20   12   -4   13   -6   11    1   14   -9   -2  -10   11    3   -6   10  -12   -8    8
    1    7   26    1    2   62    3    2    1       681   -3   -4   10  -15   10   20    8    6  -18   -8   -6  -13  -13   12    4  -17    4   -6
    1    7   27    1    3   62    3    3    1       523  -18   14  -10   18   -1    8   -1   13    0    3  -19    0   -5    4   13  -18   -6    7
    1    8    1    1    1   70    3    3    0      1986    8   -9   10  -13  -10    6   -2   10   -2   -6   -9   16    9    8   -4   -4    1   -4
    1    8    2    1    2   71    3    2    1      1167    0   -7   13  -18    9   15    3    2   -9  -10   -5  -15    2   10   -1  -16    1    8
    1    8    3    1    2   69    3    2    1      1455  -11    5    7  -10   16   10    9    3  -14  -12  -13  -17  -16    1    6  -20   -4    8
    1    8    4    1    2   68    3    1    0      1729   -5   -1   15   -9   12   18   10    6   -3   -4   -7  -16   -4    4    4  -21    0    2
    1    8    5    1    1   71    3    2    0      1481   14   -5    4  -15  -10    2  -13   -2    4  -11    1    7   12    5    1    1   10  -13
    1    8    6    1    3   71    3    3    1      1530  -12    1  -14   15    0    8    5    5   -7    7  -15   10  -10   -2   15   -9  -10    6
    1    8    7    1    2   72    3    2    1      1018    3    2   18   -7   15   13   10   11  -12  -11  -15  -21    2   17    0   -6    9   -7
    1    8    8    1    3   65    3    3    1       477  -14   10   -9   14    4    9   -4   14    0    4   -7    8   -2   -7   12   -8   -6   16
    1    8    9    1    3   66    3    3    1       631  -14   11  -17   23    6    1   -3   15   -6    5   -6   16  -12    1   13   -9   -7    2
    1    8   10    1    2   66    3    2    1      1211   -3   -4   11  -19   12   15   14   13  -12  -13   -6  -19   -4   15   -3  -17    1   -2
    1    8   11    1    1   72    3    1    1       726    7   -4   12  -14   -5    6   -6   -1   -4   -4  -18   20   16    9   11   -6    4   -2
    1    8   12    1    1   65    3    1    1       566    8  -11    5  -15  -11    6  -19   -4   -7   -9  -18   12   21    6    0    1    9   -6
    1    8   13    1    2   65    3    2    1      1052    1  -14   13   -4   21   24    5   11   -9   -2   -6  -19   -5    8    4  -19    4   -1
    1    8   14    1    1   69    3    2    0       574   12   -8    2  -15   -8    6  -14   -2   -3   -5   -7   14   15    2    4    2    9  -13
    1    8   15    1    2   70    3    2    1       707   -2   -5    2  -13   10   13    8    2  -15  -10   -5  -15  -12   11   -1  -14    4    4
    1    8   16    1    3   67    3    3    1       660  -13   16   -5   15    4   -1   -6   13    4    4  -15   17   -6    2   10  -10   -8    8
    1    8   17    1    2   64    3    2    1      2103   -6    2    9  -16   16   19    8    0  -11  -14    1  -18   -5   10   -4  -10    2    2
    1    8   18    1    1   64    3    1    1       560   14   -8    4  -11   -9    5   -8    1   -2    1    2   17   10    8   -9   -4   14  -15
    1    8   19    1    3   69    3    3    1       584  -15   11   -6    6   -2   10  -12    3   -2    2  -12   11   -5   -5   11   -6  -19    9
    1    8   20    1    3   70    3    3    1       860  -13   12  -14   17    4    7   -9   17    6   -5   -9   10   -6   -2   21   -6   -9    6
    1    8   21    1    3   72    3    2    0      4806  -15   14  -10   17    6   17    3   14   -2    3   -9   13   -1  -13    2   -3   -3   -1
    1    8   22    1    1   67    3    1    1       899   14  -15    5  -13   -6    2  -13    4   -3    2   -9   16   10    7   -3   -5    8  -12
    1    8   23    1    1   68    3    2    0       812   13  -10    8  -11   -4    5   -8   -1  -12  -10  -17   11   15    5    2    0   17   -7
    1    8   24    1    3   64    3    3    1       554  -11    9   -9   15    4   13   -5   13  -10    3  -13    5   -7   -2   18   -7   -9    7
    1    8   25    1    1   66    3    2    0      1200   15   -3    1  -15  -10    5   -5   10   -2   -4  -15   23    6   10   -3   -1   13   -9
    1    8   26    1    3   68    3    3    1       574  -10    7   -8   16   -2   11    4    5    0    3  -18   11   -6    6   16   -8   -4    0
    1    8   27    1    2   67    3    2    1       819    0   -3   17  -23   23   17    7   14  -14  -11   -4  -21   -9    7    1  -15   -4    0
    1    9    1    1    3   80    3    3    1      1166  -12    9   -1   14   -1    8   -5   22    0    5  -18    8  -11   -8   13   -6   -8    9
    1    9    2    1    2   77    3    2    1       749   -1   -6   16   -9   11   18    7    5  -11  -14   -6  -13  -18   11    4  -14    3    2
    1    9    3    1    2   76    3    2    1       604   -1   -3   10  -20   21   22    6    8   -8   -8   -4  -10  -11   14   -4  -21    3    4
    1    9    4    1    3   78    3    3    1       786   -8   10  -14   13   -2    9   -6   12   -7    6  -13    9  -14   -8   10  -11  -10    3
    1    9    5    1    3   81    3    3    1       543  -21    8  -19   21   -3   10   -3    5   -5    9  -13   10   -5  -10    4   -4  -11    9
    1    9    6    1    1   75    3    1    1      1063   10  -13    2  -13  -10    1   -9   -1    2    1    0   19   11    5    3   -1   11  -15
    1    9    7    1    2   78    3    2    1       939    6   -5   13  -14   12   19    8   10  -14  -11   -5  -14   -7    9    0  -14    2    2
    1    9    8    1    2   74    3    2    1       785   -3   -3   13  -18   11   16   -1   15  -12  -11   -5  -18   -9    8    2  -14    3   -6
    1    9    9    1    2   81    3    2    1      1294   -2    2    9  -15   14   13    7    0  -10   -8  -16  -13   -5   10    9   -8    2    3
    1    9   10    1    1   79    3    1    1      1879   12   -1   -3  -16  -14    6  -11    4   -1   -9    0   22   20   16   -4   -4    9  -13
    1    9   11    1    1   74    3    2    0      1129   14   -7    2  -11  -15   -5   -9    2  -13    1  -10   10    5    5    1    3    6   -9
    1    9   12    1    3   77    3    3    1       537   -8   15   -9   20   -2   11   -7   12   -8    7  -19   11   -7    1   12  -10  -14    2
    1    9   13    1    2   73    3    2    1       817   -5   -7   16   -9   12   24    7    7  -22  -17   -5  -15   -7    9    6  -15   -9   12
    1    9   14    1    3   76    3    3    1       461  -17    7   -5   18   -1   12   -5   11   -2    3  -14   10   -7   -2   12   -9   -7    4
    1    9   15    1    1   77    3    1    1      1272   12   -5   12  -21  -12    8   -4   -8   -7   -6   -8   16    6    5   -4    1   -1   -5
    1    9   16    1    1   76    3    1    1       931   14   -7    6   -9   -8    4   -9    1   -3    0   -4   18   16    4   -1    4    8  -13
    1    9   17    1    2   75    3    2    1       508   -1   -1    9  -19   11   15    0    8  -12  -12   -3   -9  -11   15   -1  -12    2    3
    1    9   18    1    1   78    3    3    0       531    7   -4    2  -15   -8    3  -13    0   -7    5  -16   21    9    8    1   -4   15  -14
    1    9   19    1    3   74    3    3    1       699   -9    8   -9   17   -1   10   -6   10   -6    5  -13    9  -13  -11   11  -13  -11    2
    1    9   20    1    2   79    3    1    0      1581    0   -4   16  -18   11   15    9    5  -16  -11  -10  -11  -11    6    0  -15    3    3
    1    9   21    1    3   73    3    3    1       650  -13    7   -4   14    3    6    2    9   -1    3  -23    9   -7    0    3  -16   -1   -2
    1    9   22    1    2   80    3    1    0      1453    3   -8   13  -22   10    9    9    5  -11  -13   -8  -10   -7    7   -4  -20    0    2
    1    9   23    1    3   79    3    3    1       431  -15   14  -14   20   -1   10  -11   17   -9   -3   -6   19   -5   -1   11  -11   -6    3
    1    9   24    1    1   73    3    1    1      1067   11   -6    3  -20  -11    8  -16    2   -5   -3   -7   15   10    6   -2    4   11  -13
    1    9   25    1    3   75    3    2    0       526  -13   10   -5    7    1    9   -7   12    2   -2  -15    8  -11   -1    1  -16  -11    6
    1    9   26    1    1   81    3    2    0      1541   11   -1    3  -15   -8    4   -3  -10   -8  -14  -11   15   13    9   -1   -1    7   -5
    1    9   27    1    1   80    3    3    0       947   12   -5    6  -15   -8    7  -11   -1   -4   -2   -9   17   16    8    6   -1   10  -12
    1   10    1    1    3   86    3    3    1      1017  -16   13  -17   21   -2   10    5   12    1    0  -13    9  -15   -5   13  -11  -10    8
    1   10    2    1    2   84    3    2    1      1662    8    2    7  -13   14   16    7    9  -13  -13  -10  -17    2   15   -7   -7    0    4
    1   10    3    1    3   90    3    3    1      1064  -14   15  -12    6    2   11    5   12   -5    1  -20   -1  -12   -9   11   -9   -5   12
    1   10    4    1    2   85    3    1    0       826   -1   -4   13  -13    6    5    6   -3  -12   -8  -11  -18   -7    9   -3  -17    9   -7
    1   10    5    1    3   85    3    3    1       484  -17   14   -6    8    9    7  -12    3   -9   -2  -10   13   -7   -4   15  -14  -12   10
    1   10    6    1    2   88    3    1    0       991   -6    0   13  -12   21    7    0   -1  -12  -10   -9  -16  -13    5    8  -17    9    4
    1   10    7    1    1   83    3    2    0       802   11   -1    2  -18  -11    3   -7   -1   -6    1    0   11   12    5    8   -8    9  -11
    1   10    8    1    1   87    3    2    0      1310   12   -7    3  -13  -16    4    1   10  -12    0   -9   15   10    6    1    1   10  -13
    1   10    9    1    3   84    3    3    1       709  -10   12   -4   18    0    9   -7   14    4   12   -9    9  -13   -8   11   -9  -12    5
    1   10   10    1    1   82    3    1    1      6278   13   -2    1  -12  -14    8  -13   -6   -7   -8   -6   16   15   10   -5   -6    8  -13
    1   10   11    1    2   90    3    2    1      1063    2   -6   12  -15   12   16   13   14   -5  -16   -4  -13  -15   -1    0  -14   -4   10
    1   10   12    1    3   83    3    3    1       681  -13    9   -7   15    3    0    0   16    2    8   -7   12   -4   -2   12  -11  -15   -2
    1   10   13    1    3   87    3    3    1       619  -14   11   -2   20    1    7   -4   11   -7    4  -19    4  -14    5   11   -9  -16    8
    1   10   14    1    3   89    3    3    1       575  -16   13   -8   18    6    6   -5   11   -1    4  -15   11   -6   -4    9  -12  -11    5
    1   10   15    1    1   85    3    2    0      1493    8   -1    5  -12    0   14   -9   -1   -5    3   -6   16    7   14    4    8   11  -14
    1   10   16    1    2   83    3    2    1       870   -7   -3    7  -18   13    8    8    2  -17   -3  -16  -19  -12   15    4  -15   10    0
    1   10   17    1    1   86    3    1    1      1761   14   -6    4  -18   -8    5   -9   -3   -2   -4   -3   15    6    4    3   -4    7  -11
    1   10   18    1    1   84    3    2    0      1096    8   -3   -5  -11   -9    2  -18   -8    1    3  -15   17    6    4   -3    1   14  -16
    1   10   19    1    2   89    3    2    1       682   -3   -1    6  -13   12   15   -1   12  -15  -14   -8  -12  -16   12   -7  -20    1    5
    1   10   20    1    3   88    3    2    0      1724   -4    1  -11   15    0   10    2    2    8   12  -14    8   -5   -3    7   -8  -20    3
    1   10   21    1    1   89    3    1    1      1090   14   -6    2  -21   -6    2   -3   -3  -12   -6  -15    6    2    5    0   -5    6  -11
    1   10   22    1    3   82    3    3    1       932  -12   11  -14   18    1   10   -4   12   -6   -6  -15   10  -16    7    6  -12   -2   16
    1   10   23    1    2   82    3    2    1       668   -5    0   16  -11   13   14    7    5  -13  -13   -6  -13   -9    2    3  -15   -8   -2
    1   10   24    1    1   88    3    1    1       942   14  -16    1  -17   -8    4   -8   -1   -4   -5  -13   10    6   11    2    0    6  -13
    1   10   25    1    2   87    3    2    1       965   -6   -8   18  -10   12   16    9    4  -16   -8   -2  -16  -10   11    1  -15    1    2
    1   10   26    1    2   86    3    2    1      1195   -8    4    4  -21    6    7   17   12  -22  -19   -7  -18   -5    5    6  -16   -3    6
    1   10   27    1    1   90    3    3    0       553    9  -10    2   -9   -4   10   -8   -1    2   -3   -7   18   10    7    0    0    6  -11
    2    1    1    5    2    4    3    2    1      2226   -3   -6   15  -10   11   15    7    6   -4  -20  -16   -7  -14    8   -6  -11    3   -3
    2    1    2    4    2    6    2    2    1      1973   -3   -5   17  -24   14   15    7    5  -12  -14    1  -12  -10    9    2  -17   -1    2
    2    1    3    4    1    4    2    1    1       867   19  -14    5  -14  -16   13   -9   -1   -1   -3  -11    9   10    4    2    4    9  -13
    2    1    4    1    1    9    3    1    1      1613   13   -5    6  -13  -15    6  -13    2  -13   -8   -7   15    7    6    2   -1   12  -18
    2    1    5    4    1    5    2    1    1      2298   15   -8    4  -15   -7    4   -8    0   -5   -6   -1   23   14    5   -4   -1   10  -13
    2    1    6    5    3    5    3    3    1      1051  -22    1  -10   12    0    8   -6   11   -4   -1  -15   11   -7   -8    9   -5  -10    3
    2    1    7    1    3   10    3    3    1       941  -22   16  -12   13    2   12   -3   12    0    8  -15   10    3    0   15   -7   -8    0
    2    1    8    1    3   25    3    3    1       693  -13   12  -13    9    8    4   -6    8    1    8  -16    9   -8   -3    6  -12   -9    5
    2    1    9    3    3    2    1    3    1       822  -13   11  -10   15   -1    8   -4   12   -2    4  -20    3   -8   -3   12  -10   -9    8
    2    1   10    5    2    9    3    2    1      2339   -4   -4   20  -23   11   20   11   15  -13  -14   -8  -15   -4   10   -3   -9    0    4
    2    1   11    5    1    6    3    1    1      1057    7  -14    3  -14  -10    5   -4   -1    7   -3  -13   16   10    5    1   -5    9  -13
    2    1   12    5    3    8    3    3    1      1076   -8    6   -8   17   -4   11   -7   12   -6    5  -13    9   -3   -1   12  -10  -18   13
    2    1   13    5    1    2    3    2    0      1078    8   -4   -2   -4   -8    9  -10    0   -1    3  -12   17   11    5   -8   -8    7  -16
    2    1   14    5    1    4    3    1    1       763   13   -7    2   -8   -8    3  -10    0  -11   -8  -18   24   10    6    1    1    8  -17
    2    1   15    3    3    1    1    3    1      1146  -12   10   -9   15    0   10   -5   12   -2    6  -15   10   -7   -3   11  -10   -2   -1
    2    1   16    5    3    4    3    3    1      1066  -23   20  -10    9    1    7   -6    7   -1    3  -15   11   -7   -2    9  -14   -1   -1
    2    1   17    5    2    2    3    2    1      1275    5  -13   11  -15   17   11    7   10  -12   -9   -7  -13   -5   13    1  -13    1    4
    2    1   18    2    3    0    0    3    1       676  -13   11   -9   16   -1    9   -5   12   -2    4  -14    9   -7   -3   11  -10  -10    7
    2    1   19    3    2    2    1    2    1      1272   -2   -4   16  -13   13   15    8    5  -12   -5   -5  -15   -9   10    1  -14    2    2
    2    1   20    4    3    3    2    3    1       882  -13   10   -8   14   -1    8   -4   14   -2    5  -12    7  -11   -3    1   -6  -20    9
    2    1   21    4    2    5    2    2    1      1900   -3   -4   11  -12   16   15    8    7  -19  -12   -7  -14   -5    4   -2  -13    2    2
    2    1   22    1    2   28    3    1    0      2605    6   -5   21  -12   19   13   17    5  -12  -20   -2  -13  -14    6    1  -15    9   -6
    2    1   23    5    1    5    3    2    0      2307   17   -5   12   -3  -10    9  -18    8    2   -1   -9   16   14    3    4    0    8  -13
    2    1   24    5    1    3    3    1    1      1074   19  -13    3  -11   -3    0   -9    5    0   -5   -1   16   10    5    6   -4   13  -17
    2    1   25    1    1   38    3    2    0      1282   12   -5    4  -18   -7   -6   -3   -3   -1   -5   -9   14   15    6   -3    5   14  -19
    2    1   26    5    2    5    3    2    1      1228   -1   -4   15   -8    5   11    8    3  -12  -12   -4  -15   -9   14    0  -14    1   -5
    2    1   27    1    2   51    3    2    1      1304   -5   -7   12  -15    9   24    9    6  -11  -10   -5  -13   -1   10    2  -12    7   13
    2    1   28    4    3    5    2    3    1       434  -13   10   -7   17   -7    4   -3    9    2    0  -16    8   -5   -2   11   -8  -14   16
    2    1   29    3    2    3    1    2    1      1101   -1   -5   11  -14   12   15    9    7  -13  -12   -7  -14   -8   10    2  -13    1    4
    2    1   30    1    3   62    3    3    1      1582  -18   14  -10   18   -1    8   -1   13    0    3  -19    0   -5    4   13  -18   -6    7
    2    1   31    1    2   65    3    2    1      1036    1  -14   13   -4   21   24    5   11   -9   -2   -6  -19   -5    8    4  -19    4   -1
    2    1   32    1    3   75    3    3    1       510  -13   10   -5    7    1    9   -7   12    2   -2  -15    8  -11   -1    1  -16  -11    6
    2    1   33    1    1   85    3    1    1      2135    8   -1    5  -12    0   14   -9   -1   -5    3   -6   16    7   14    4    8   11  -14
    2    1   34    1    1    3    3    2    0      1134   14   -7   -2  -19   -8    1   -4    3   -2   -2  -10   10    4   13   -4   -5   17  -11
    2    1   35    1    1   10    3    1    1      1997   17   -4    5   -7  -12    9  -10    2   -4   -3   -6   15   12    7    4    2   10  -12
    2    1   36    4    1    1    2    2    0      1021   12   -6    6  -11   -8    3   -5   -3   -2   -5   -6   15   13    7    0    0    8  -12
    2    1   37    5    1    9    3    1    1      3937   14   -7    6  -15   -8    4  -10   -1   -2  -11   -7   15   10    9    2    0    8  -13
    2    1   38    5    3    7    3    3    1       592  -14   13  -11   14   -3    2   -2   16  -12    3  -13   10   -9    6   14   -4   -2   10
    2    1   39    4    2    1    2    2    1      1139    0    5   13  -12   12   15    6    6  -17  -11   -7  -13   -7   10   -7  -23    0    1
    2    1   40    3    1    3    1    1    1       755   12   -5    5  -14   -9    5   -8    1   -4   -1   -8   15   12    5    9    5    8  -12
    2    1   41    4    3    4    2    3    1       643  -13   13   -8   18   -3   11   -6   13   -3    6   -5   18   -6   -4   19  -12   -7    3
    2    1   42    4    1    6    2    2    0      1255   13    3    5  -15  -11    7  -16   -1   -2   -2    1   22   10    6    1    1    3   -2
    2    1   43    5    3    9    3    3    1       752  -15    8   -8   18   -2    9    1   12   -5    7   -4   13   -5   -2    9  -12   -9   -2
    2    1   44    4    2    4    2    2    1      1085   -1   -3   12  -14   11   10    9    4  -14  -11   -7  -14   -9    9    2  -15    3    1
    2    1   45    5    2    1    3    1    0      1647   -2   -2   14  -24   10   14    9    5  -12   -8   -2   -9   -7   10    7  -16    0    4
    2    1   46    5    2    7    3    2    1      1193   -4    5    3   -6    8   13    6    6  -12   -8   -7  -17   -8   12   -2  -13   11   -2
    2    1   47    1    3   23    3    3    1       516  -18   16   -6   16  -11   16  -13   14   -9   -1  -11   12   -6   -6   10  -19  -20    0
    2    1   48    4    3    6    2    3    1       603  -16   16  -10   17    1    9   -6   12   -2    5  -15   14   -7   -4   10  -12  -14    3
    2    1   49    1    3   36    3    3    1      1169  -12   17   -7   19    3   10   -4   12   -4    3  -14   11   -5   -4   12  -10   -3    9
    2    1   50    2    2    0    0    2    1      1391   -2   -4   11  -14   13   15    8    5  -13  -12   -6  -14   -8    9    1  -14    1    3
    2    1   51    1    2   40    3    1    0      1158   -6   -3   10  -14    5   14    4   -5  -17  -11   -5  -13  -15    7   11  -19    4    1
    2    1   52    5    3    6    3    3    1       948  -12   11   -7   12   -3   10   -4    3   -2   -1  -21   13   -8   -7   12   -9   -5   11
    2    1   53    1    2   53    3    2    1      2411   -4   -4   12  -18   13   16    8   10  -23   -3  -10  -10   -6   12    3  -16    2    4
    2    1   54    1    1   59    3    1    1      2229    9  -14    4  -11   -7    5  -10   -1    2    5   -5   15   11    1    5   -5   13   -7
    2    1   55    4    1    3    2    2    0      1272   14   -4    1  -16   -9    2  -12    2    1  -13  -11   11   11    8    0    1   10  -14
    2    1   56    3    1    1    1    1    1      3810   13   -6    4  -13   -8    3   -9    0   -2   -4   -8   15   12    6   11   -2    8  -13
    2    1   57    5    2    3    3    2    1      1111   -2   -5    7   -6    8   11    9    6  -15   -4    0  -15   -5   11    2  -13    1    9
    2    1   58    4    2    3    2    2    1      1319   -4   -2    2   -4   16   16    6    7   -4   -5   -7  -15   -7    9    2  -14    1    5
    2    1   59    4    3    1    2    3    1       768  -14   13  -14   21   -2   10   -6   12    3    8  -22   11   -9   -1   13   -8   -8    9
    2    1   60    2    1    0    0    2    0       753   13   -6    4  -13   -9    4   -9    0   -3   -4   -8   15   11    6    1    0    9  -12
    2    1   61    3    2    1    1    2    1       977   -3   -5   10  -16   12   14    8    4  -15  -12   -7  -15   -8    9    2  -14    2    2
    2    1   62    1    2   68    3    2    1       761   -5   -1   15   -9   12   18   10    6   -3   -4   -7  -16   -4    4    4  -21    0    2
    2    1   63    5    2    6    3    2    1      1033   -5   -5   11   -9   13   18    8    4  -15  -13   -9  -17   -7    7    0  -13   -4    8
    2    1   64    5    1    7    3    1    1      1837   14   -8    5  -16   -3    8   -8    0   -6   -6   -4   24   11    5    6   -4   13  -13
    2    1   65    1    2   79    3    2    1      1553    0   -4   16  -18   11   15    9    5  -16  -11  -10  -11  -11    6    0  -15    3    3
    2    1   66    1    3   87    3    3    1      1134  -14   11   -2   20    1    7   -4   11   -7    4  -19    4  -14    5   11   -9  -16    8
    2    1   67    1    1   87    3    2    0      1504   12   -7    3  -13  -16    4    1   10  -12    0   -9   15   10    6    1    1   10  -13
    2    1   68    4    2    2    2    2    1      1170    6  -14   16  -14   13   16   12   -2  -12  -13   -5  -14   -6   11   -1  -12   -5    5
    2    1   69    1    1   53    3    1    1      2079   17   -6    4   -8  -10   -1  -14    4   -4   -2   -7   17    1    6   -1    7    9  -14
    2    1   70    5    1    1    3    1    1       600   13   -3    5  -13  -14    9   -4    3   -7    0  -16   23    5   12    2   -2    9  -13
    2    1   71    5    2    8    3    2    1       766    1   -9   12  -13   20   12    9    5  -12  -17   -8  -10  -10   14    2  -13    1    4
    2    1   72    5    1    8    3    1    1      1612   13   -7    5  -14  -12   -2   -8    0   -2   -5   -3   19   21   -2    1    1    8  -10
    2    1   73    3    1    2    1    2    0      2488   13   -6    2   -9   -9    4   -9   -1   -2   -4   -4   11   10    7    1    0    8  -12
    2    1   74    1    3    4    3    3    1       882  -23   18   -9   19   -3    9   -5   13  -11   10  -13    8   -3    1   10   -9  -10   17
    2    1   75    1    3   38    3    3    1       718  -15   11   -9   18   -2   10   -4   12    3    5  -15   -1  -11    0   11   -7  -16    8
    2    1   76    5    3    1    3    3    1       671  -17   16  -15   20   -5    5   -3   13    1   13  -15   11  -16   -4   17  -17  -11    9
    2    1   77    1    1   25    3    2    0       626   11   -4    3   -3   -7    5   -8    1    2    1  -10   15   13   16    0    5    6  -12
    2    1   78    1    2   72    3    2    1      1350    3    2   18   -7   15   13   10   11  -12  -11  -15  -21    2   17    0   -6    9   -7
    2    1   79    1    2   75    3    2    1      2542   -1   -1    9  -19   11   15    0    8  -12  -12   -3   -9  -11   15   -1  -12    2    3
    2    1   80    4    1    2    2    1    1      1717   14   -5    6  -15   -8    5   -8    0   -5   -4   -8   17   13    7    0    1    9  -14
    2    1   81    3    3    3    1    3    1       509  -13   11   -9   16    0    7   -5   12   -2    4  -14    9  -15    7   11  -10  -10    7
    2    1   82    4    3    2    2    3    1       980  -11    5   -8   15    0    8   -3   14   -1    4  -18    5   -7   -4   11  -12  -15   10
    2    1   83    5    3    3    3    3    1      2826  -10    2   -7   14  -10    8   -2   13    4    4  -16    9   -2   -5    9  -12  -17    3
    2    1   84    5    3    2    3    3    1       658  -18   13   -7   20    6   13    1    8   -3    3  -13    7   -6   -3    7   -9  -13    2
