    1    1    1    1    3    6    1    1    0      6143    0  -14   -8  -14  -13   -5    0   15    4   20  -12   10    1  -10    6    1    5    3
    1    1    2    1    2    7    1    2    1      6341  -14    9    9   -3   12  -19    4  -14    1   10   15   -5    3    2  -10   -8   14   10
    1    1    3    1    2    6    1    2    1      4658  -14    9    9   -3    0  -18    6  -13    1   11   15   -5    5    4   -8   -9   16    8
    1    1    4    1    2    8    1    1    0      7873  -14    9    9   -3    9  -15    5  -13    0   10   15   -1    4   14   -8   -8   15    9
    1    1    5    1    3    9    1    2    0      7198    1  -15   -8  -14   -2   -9    1   14    5   17   -9   11    6   -4    5    0    5    4
    1    1    6    1    3    4    1    3    1      6218    0  -14   -7  -15   -3  -10    2   15    6   15  -12   10    2  -11    6    1    5    3
    1    1    7    1    2    4    1    2    1      4363  -13    8    8   -4   11  -14    4  -14    2   10   15   -5    8    7   -4   -6   18    7
    1    1    8    1    1    1    1    1    1      3750   12   11    9   -5  -14   16    5   -8   -4  -11   16   -2   -6   -1   15   10  -14   11
    1    1    9    1    1    8    1    3    0      1689    9   13    6    5  -14   15    7   -8   -6  -10   14   -1   -7    0   15   10  -15   12
    1    1   10    1    1    4    1    3    0      4831   11   11    6    5  -14   16    7  -11   -5  -12   15   -1   -6   -1   16   10  -14   11
    1    1   11    1    1    3    1    1    1      2040   11   10    6    5  -14   15    6   -6   -5  -11   15   -1   -6   -1   15   10  -13   11
    1    1   12    1    3    1    1    3    1      3678   -1  -14   -8  -15   -4  -10    0   14    6   15  -12   10    2   -9    7    2    5    3
    1    1   13    1    3    5    1    2    0      4550    6   -8   -9  -15   -3  -10    0   14    5   16   -6    9    2  -11    7    1    6    3
    1    1   14    1    1    5    1    3    0      5229   12   10    6    5  -13   16    5   -7   -5  -11   14   -2   -6    0   15   10  -14   11
    1    1   15    1    2    1    1    2    1      3061  -14    9   10   -4   11  -15    4  -14    0    9   16   -5    5    4  -10   -8   16    9
    1    1   16    1    2    3    1    1    0      3717  -14    9    9   -3   10  -13    5  -13   -1   10   14  -14    5    4   -9   -8    8   10
    1    1   17    1    3    7    1    2    0       747   -1  -14   -8  -14   -4  -10    1   13    7   15  -13    9    3  -10    6    1    6    5
    1    1   18    1    3    2    1    3    1      4345   -1  -15   -7  -15   -3  -10    0   13    5   16  -11    9    2  -11    7    0    6    3
    1    1   19    1    2    2    1    3    0      1193  -13    9    9   -3   10  -14    6  -14    0   10   16   -6    5    4   -9   -9   15    9
    1    1   20    1    2    5    1    2    1      4547  -14   10    8   -2   10  -14    5  -13   -1   11   15   -5    5    4   -9   -9   15    9
    1    1   21    1    2    9    1    3    0      2249  -13    8    8   -4   10  -13    5  -13    0   10   14   -4    7    8  -10   -8   15    9
    1    1   22    1    1    2    1    3    0       938   12   13    6    4  -13   15    4   -6   -6  -10   14   -2   -6    0   15   10  -15   11
    1    1   23    1    1    7    1    1    1      2016   11   11    7    6  -15   14    4   -7   -5  -11   15    0   -5   -2   17    9  -13   10
    1    1   24    1    3    8    1    2    0      2890   -1  -15   -9  -15   -3  -10   -2   12    6   15  -12   10    2  -12    5    1    4    4
    1    1   25    1    1    6    1    3    0       434   11   11   11    1  -13   17    5   -8   -5  -11   15   -1   -5   -2   15   10  -15   11
    1    1   26    1    3    3    1    1    0      1995    5  -24   -8  -14   -2  -11   -1   15    6   16  -11   11    1  -12    9   -8    5    3
    1    1   27    1    1    9    1    2    0      2520   11   11    7    5  -14   15    5   -7   -5   -9   16   -3   -6    0   15    9  -14   12
    1    2    1    1    1   18    1    2    0      3343   12   11    6    5  -15   16    4   -8   -5  -11   15    0    4    8   15   10  -11   10
    1    2    2    1    3   11    1    3    1      1476    1  -14  -10  -12   -2  -11    2   13    5   15  -12    9    3  -10    6   -3    4    4
    1    2    3    1    1   17    1    2    0      3142   11   11    6    4  -14   14    6   -6  -13   -2   17   -3   -6   -1   15    9  -14   11
    1    2    4    1    2   18    1    3    0      1060  -14    8    8   -3    9  -13    4  -12   -5    9   15   -5    6    3   -9   -9   16    8
    1    2    5    1    1   14    1    3    0      2357   11   11    7    5  -14   15    5   -7   -2  -14   15   -2   -6    1   14   11  -14   10
    1    2    6    1    1   15    1    2    0      3263   11   11    6    5  -13   14    4   -6   -5  -10   15   -2   -6   -1   15   10  -14   11
    1    2    7    1    1   16    1    1    1      3274   11   11    5    5  -15   15    4   -7   -4  -11   15   -2   -4   -2   15   10  -14   11
    1    2    8    1    1   10    1    2    0      4177   11   11    7    5  -15   16   10  -16   -5  -10   14    0   -7   -1   14   11  -14   11
    1    2    9    1    1   12    1    3    0      2839   11   12    7    6  -15   16    5   -7   -5  -11   16   -9   -6    0   15    9  -14   11
    1    2   10    1    1   13    1    1    1       881   10   11    6    6  -15   15    5   -7   -5  -11   14   -1   -5   -2   16   10  -15   12
    1    2   11    1    2   14    1    1    0       396  -14    9    9   -2   12  -16    3  -14   -1    9   16   -4    5    4   -2  -15   15    9
    1    2   12    1    2   17    1    1    0       247   -9   13    8   -3   10  -14    9   -8   -1   10   15   -5    5    6   -9   -9   16    9
    1    2   13    1    2   16    1    2    1       665  -15    9    9   -3   10  -14    6  -14   -1   11   15   -5    5    4   -8   -9   15    8
    1    2   14    1    3   15    1    3    1       475   -1  -15  -13  -15   -2  -11    1   16    5   15  -13   10    2  -11    6    1    6    4
    1    2   15    1    3   12    1    1    0       323    0  -14   -1   -7    4  -19    1   13    4   17  -11   10    1  -11    6    1    5    3
    1    2   16    1    3   18    1    2    0       368    0  -14   -7  -14   -3  -10    0   14    5   17  -12   10    3  -12    6    1    4    5
    1    2   17    1    1   11    1    3    0       285   11   12    6    5  -14   15    6   -7   -4  -10   15   -1   -6   -1   13   11  -15   10
    1    2   18    1    2   11    1    2    1      1230  -14    9    9   -3   11  -14    5  -13    1   11   15   -5    5    4   -9   -9   14    8
    1    2   19    1    3   17    1    1    0       923    0  -15   -7  -14    3   -3   -1   15    4   16  -12   10    1  -11    7    0    4    4
    1    2   20    1    3   10    1    3    1       911    1  -16   -8  -14   -1  -10    0   14    6   16  -12   10    4  -10    6    1    5    3
    1    2   21    1    3   14    1    3    1      1128    1  -14   -8  -15   -3  -11    0   14    4   16  -12   10    3  -12    7    0    5    3
    1    2   22    1    3   13    1    3    1       854    0  -14   -7  -15   -3  -11    0   14    5   16  -13    9    3  -11    6    1    5    3
    1    2   23    1    2   10    1    2    1      1136  -14    9    9   -4   10  -14    5  -13    0   10   15   -5   -4   -5   -9   -9   16    8
    1    2   24    1    3   16    1    1    0      1372    0  -14   -8  -14   -3  -10    1   14    4   15  -14   11    1  -12    6    0   10   11
    1    2   25    1    2   15    1    1    0      1582  -13    9   10   -4   10  -14   13  -19   -1   11   15   -5    5    5  -10  -10   15    9
    1    2   26    1    2   12    1    1    0      1337  -16    9    9   -3    9  -14    6  -14    0   10   15   -5    5    3   -8   -9   16    9
    1    2   27    1    2   13    1    1    0       956  -14    9    9   -3    9  -17    6  -13   -1   13   14   -5    5    4   -9  -10   15    9
    1    3    1    1    3   23    1    2    0      1568   -5  -15   -7  -13   -2  -11    0   14    5   16  -12   10    2  -11    6    1    5    4
    1    3    2    1    1   25    1    3    0       540   11   10    7    5  -14   15    5   -7   -5  -11   15    0   -6   -1   16   10  -13   11
    1    3    3    1    2   23    1    3    0       818  -13    9    9   -3   10  -13    5  -13    0   11   15   -4    5    4  -10  -10   15    9
    1    3    4    1    2   22    1    2    1       477  -14    9    9   -2   10  -14    5  -13    0   10   15   -5    5    4   -9   -9   14   10
    1    3    5    1    2   24    1    3    0      1829  -14    9   10   -3   11  -14    5  -13    0    9   10   -9    5    4   -9   -9   15   10
    1    3    6    1    2   25    1    2    1       661  -14   10   10   -2   10  -15    6  -13   -1   11   23   -2    5    4  -10   -8   14   10
    1    3    7    1    2   26    1    2    1       279  -14    9   10   -3    9  -13    5  -13    0   10   16   -5    5    3  -10  -10   15    9
    1    3    8    1    3   20    1    2    0       309   -1  -12   -9  -24   -4  -10    2   10    5   16  -11    9    6  -16    6    1    5    3
    1    3    9    1    1   26    1    3    0       466   11   12    6    5  -14   15    5   -7   -5  -11   15   -1   -7    0   15   11  -14   11
    1    3   10    1    1   24    1    1    1       329   11   11   13    4  -14   15    6   -8   -5  -10   15   -1   -6    0   16    9  -15   12
    1    3   11    1    3   21    1    1    0      1879    0  -14   -7  -14   -2  -10    0   13    6   15  -11   10    2  -11    7    0    2    0
    1    3   12    1    2   27    1    2    1      3977  -14    9    9   -3   10  -13    6  -14    1   11   14   -5    5    5   -9   -9   15    8
    1    3   13    1    1   22    1    1    1      3064   11   10    6    5  -15   15    5   -7   -5  -11   16   -2   -6   -1   18    7  -13   11
    1    3   14    1    3   27    1    3    1      4666   -1  -17   -9  -14   -4  -10    0   14    4   16  -11   11    1  -11    7    1    6    5
    1    3   15    1    2   19    1    3    0      3771  -14    9    9   -3   10  -14    6  -17    1    8   16   -5   12    0   -9   -9   14   10
    1    3   16    1    3   24    1    3    1      7567    0  -14   -8  -18   -3  -10   -1   14    5   16  -12   10    2  -10    6    0    5    4
    1    3   17    1    1   20    1    1    1      1532   11   11    6    5  -15   16    5   -7   -6  -10   15   -1   -7   -1   14   11  -14   11
    1    3   18    1    3   25    1    2    0      8058    0  -15   -8  -14   -7   -4    0   14    5   16  -12   10    2  -10    8   -2    6    2
    1    3   19    1    1   27    1    1    1      1494   12   11    6    7  -14   15    6   -8   -5  -11   15   -1   -7   -1   16    9  -14   12
    1    3   20    1    1   23    1    1    1      1188   11   11    6    5  -14   15    5   -7   -4  -12   16   -1   -5   -2   15   10  -14   10
    1    3   21    1    3   22    1    3    1      2785    0  -14   -9  -15   -3  -10    2   14   15   20  -12   10    3  -11    7    1    5    3
    1    3   22    1    2   20    1    3    0      5085  -14    9   10   -4    9  -15    5  -13    0   10   22    5    4    5   -9   -8   14    8
    1    3   23    1    1   19    1    1    1       909   13   11    6    5  -14   15    5   -6   -3  -13   15   -1   -6   -1   17   11  -14   11
    1    3   24    1    1   21    1    1    1      1285   11   11    7    5  -14   15    5   -7   -5  -11   15    0   -5   -1   15    9  -14   12
    1    3   25    1    3   26    1    2    0      5563    3   -5   -8  -14   -3  -10    1   14    7   16  -12   10    2  -11    7    1    5    4
    1    3   26    1    3   19    1    3    1       955    1  -14   -8  -14   -3  -10   -1   14    5   17  -11   10    2  -11    7    2    4    3
    1    3   27    1    2   21    1    3    0      4544  -14   10   10   -4   10  -14    6  -13   -1   11   16   -6    5    4   -9   -8   15    9
    1    4    1    1    2   36    1    2    1      1813  -14    9    9   -3   11  -14    2  -12    1    9   15   -5    5    3   -5  -13   14    8
    1    4    2    1    1   36    1    1    1      1178   11   11    7    4  -14   15    4   -6   -5  -11   14   -1   -5   -2   14   10  -13   11
    1    4    3    1    3   36    1    3    1      2391    0  -15   -8  -14   -3  -10    0   14    5   16  -12   10    3  -11    6    1    3    1
    1    4    4    1    3   28    1    3    1      1221    1  -13   -8  -14   -3  -10    0   14    5   16  -13   11    2  -11    6    1    5    3
    1    4    5    1    1   29    1    1    1       849   11   11    6    5  -14   15    4   -7   -6  -11   17   -2   -6   -1   16   11  -14   12
    1    4    6    1    2   30    1    2    1      2250  -13    9    9   -4   10  -14    5  -13    0   10   12  -11    4    0  -11  -10   15    9
    1    4    7    1    2   29    1    2    1      2138  -14    8    9   -3   10  -15    5  -13   -2   13   16   -4    4    4   -9   -9   15    9
    1    4    8    1    3   34    1    2    0      3680    0  -14   -7  -16   -4  -10    0   14    5   17  -11    9    1  -10    6    1    5    3
    1    4    9    1    3   30    1    3    1      1464   -1  -14   -8  -14   -3  -10    1   12   11   21  -12   10    2  -11    7    1    5    2
    1    4   10    1    2   34    1    2    1      2250  -15    9    8   -4   10  -14    5  -13   -1   11   19   -8    6    3   -9   -8   15    9
    1    4   11    1    1   28    1    1    1       971   11   11    5    6  -13   14    5   -7   -5  -10   16    0   -6   -1   15   11  -14   12
    1    4   12    1    1   35    1    1    1       672   11   11    5    6  -14   15    4   -7   -5  -11   16   -2   -6   -1   16    9  -13   10
    1    4   13    1    3   31    1    2    0      1682   -1  -15   -9  -14    1   -6    0   14    3   18  -11   11    2  -11    6    1    6    4
    1    4   14    1    3   32    1    3    1      1771    0  -14   -8  -14  -10  -19    0   14    6   15  -13   10    2  -11    6    1    4    4
    1    4   15    1    3   35    1    2    0      2911   -1  -13   -8  -14   -2   -9    0   14    6   15  -12   10    2  -11    7    2    5    4
    1    4   16    1    1   32    1    1    1      1272   10   11    6    6  -14   16    6   -7   -7  -10   15   -2   -6   -1   15   10  -14   11
    1    4   17    1    1   33    1    1    1       816   11   11    6    4  -13   16    5   -7   -6  -10   15    0   -6   -2   16   10  -14   11
    1    4   18    1    1   31    1    1    1       921   10   12    0   12  -14   15    5   -7   -5  -15   14    0   -6   -2   15   10  -14   12
    1    4   19    1    1   30    1    1    1       640   11   12    6    5  -15   17    4   -7   -4  -13   15   -1   -5   -2   15   11   -9   15
    1    4   20    1    2   32    1    2    1      1330  -13    9    9   -3   10  -14    5  -13    0   10   15   -3    5    5   -9   -9   16    8
    1    4   21    1    3   29    1    3    1      2698   -1  -14   -8  -14   -3   -9    1   15   -5    7  -12   10    1  -10    6    1    5    3
    1    4   22    1    3   33    1    3    1       794    0  -15   -9  -14   -3  -11    0   14    8   16  -11    9    1  -12    6    1    4    4
    1    4   23    1    1   34    1    1    1      1191   11   10    6    5  -14   14    6   -8   -7  -11   15   -1   -9    1   13   11  -12    4
    1    4   24    1    2   33    1    2    1      1472  -14    8    9   -3   11  -14    4  -14    0   11   15   -5    4    3   -9   -9   15    9
    1    4   25    1    2   31    1    3    0      2240  -14    9    9   -3    9  -13    5  -15    7    8   15   -4    3    5  -10   -9   14    9
    1    4   26    1    2   35    1    2    1      2402  -14   13    9   -2   15  -19    4  -12   -1   18   15   -5    5    4   -9   -9   18   10
    1    4   27    1    2   28    1    3    0      5277  -13    9    8   -2   10  -14    6  -14    0   10   15   -6    5   10   -9   -9   15    9
    1    5    1    1    3   43    1    2    0      1525    0  -14   -8  -15   -4   -9    0   14   10    6  -12   10    2  -11    6    1    5    3
    1    5    2    1    3   40    1    2    0      2068    1  -13   -7  -15   -7   -8    0   14    2   11  -12   10    2  -10    6    2    5    4
    1    5    3    1    2   39    1    2    1      1501  -13    8    8   -2   11  -15    5  -13    1   10   15   -4    6    6   -9   -9   14    9
    1    5    4    1    2   42    1    2    1      1422  -14    9    9   -3   10  -14    7  -13   -1   11   14   -6    5    4   -8   -8   15    9
    1    5    5    1    2   41    1    2    1      7632  -14   10   10   -3   10  -14   12  -21    0   20   14   -3    5    4   -8   -8   16    9
    1    5    6    1    2   40    1    2    1       958  -14    9   10   -3   10  -14    5  -13    1    9   15   -6    5    4   -9   -9   14    8
    1    5    7    1    3   41    1    2    0      1462    0  -13   -8  -15   -4  -11    0   14    5   16  -13    9    0   -9    6    1    4    2
    1    5    8    1    3   45    1    2    0      2838   -1  -13   -8  -14   -3  -10   -2   14    5   16  -13   11    3  -12    6   -1    5    3
    1    5    9    1    3   37    1    3    1       977   -1  -13   -9  -15   -4  -10    0   14    5   17  -12   10    2  -12    7    1    5    2
    1    5   10    1    1   39    1    2    0      2566   11   10    6    5  -14   15    9   -8   -6  -10   15   -2   -5    0   15   10  -13   11
    1    5   11    1    1   42    1    1    1      1225   11   11    5    6  -14   15    5   -7   -5  -12   15   -1   -6   -1   15    9  -14   11
    1    5   12    1    1   40    1    1    1       692   11   10    5    6  -13   14    5   -7   -6  -11   14   -2   -6   -1   15    9  -15   12
    1    5   13    1    3   39    1    3    1      2981    0  -12   -7  -15   -4  -10    0   14    4   16  -12   10    6  -12    6    1    5    3
    1    5   14    1    3   44    1    3    1       969    0  -14   -8  -13   -4  -10    0   14    6   15  -13   10    3  -11    8    1    6    3
    1    5   15    1    3   42    1    3    1       623    0  -14   -7  -13   -3  -11    0   14    5   17  -13   11    2  -12    7    0    1   -1
    1    5   16    1    3   38    1    2    0      7875   -1  -13  -17  -16   -2  -10   -1   14   10   19  -12   10    2  -11    6    2    4    4
    1    5   17    1    1   37    1    3    0      1813    9   13    6    5   -5   22    5   -7   -5  -10   15   -1   -6   -1   10    8  -14   10
    1    5   18    1    1   41    1    1    1       920   11   11    6    5  -15   16    4   -7   -4  -11   15   -1   -7    0   15   10  -12   12
    1    5   19    1    1   43    1    1    1      1197   10   11    9    0  -13   15    5   -6   -6  -10   16    0   -6   -1   16   11  -15   11
    1    5   20    1    2   43    1    3    0      4393  -13    9    9   -3    9  -13   -5   -8    1    9   15   -5    6    3   -8   -9   16    9
    1    5   21    1    2   37    1    2    1      1653  -14    9   10   -3    9  -13    5  -13   -1    9   16   -4    5    4  -10   -9   17   10
    1    5   22    1    1   45    1    1    1       750   11   10    5    5  -15   16    5   -7   -4  -11   14    0   -7   -1   14    9  -14   12
    1    5   23    1    1   44    1    1    1      1322   11   11    6    4  -14   16    6   -8   -6  -11   19   -4   -3   -6   12   13  -15   12
    1    5   24    1    2   38    1    2    1      1234  -14    9    9   -3    9  -13    3  -14    0   10   14   -5    6    3   -9   -9   14    8
    1    5   25    1    1   38    1    1    1      1228   11   11    6    5  -14   15    5   -7   -5  -11   21    6  -11    1   15   12  -14   11
    1    5   26    1    2   45    1    2    1      2356  -14    9    8   -3    9  -14    2  -18    0   10   15   -5    5    4  -10   -9   15    9
    1    5   27    1    2   44    1    2    1      2897  -13    9    8   -2   10  -14    6  -14    0   10   14   -4    5    4   -9   -9   16    9
    1    6    1    1    1   54    1    1    1      1879   11   11    7    4  -15   14    5   -7   -5  -11   15   -2   -6    0   16   11  -14   11
    1    6    2    1    3   54    1    1    0      7097    0  -13   -9  -14   -3  -10   -1   15    5   16  -16   18    1  -10    6    1    4    4
    1    6    3    1    1   52    1    2    0      5993   10   12    6    6  -13   14   11   -9   -5   -6   15   -1   -7    0   15   10   -8    9
    1    6    4    1    2   54    1    1    0      1076  -14    9    9   -2   11  -14    4  -13    1   11   16   -5    5    4  -10  -10   14   10
    1    6    5    1    3   47    1    3    1      2900    0  -14   -7  -14   -3  -10    1   15    5   15  -11   10    2  -11    6    1    9    8
    1    6    6    1    3   48    1    1    0      8044   -1  -13   -9  -13   -3   -8    0   14    5   16  -13   10    3  -11    5    2   10    3
    1    6    7    1    2   48    1    2    1      3411  -13   11    4  -11   10  -14    6  -13    1   11   15   -5    5    4   -8   -8   16    9
    1    6    8    1    1   49    1    1    1      5091    9   12    5    7  -14   15    6   -8   -5  -11   15   -1   -7    0   15   10  -14   11
    1    6    9    1    3   46    1    1    0      3698    0  -14   -7  -15   -3  -10    0   14    5   16  -13    9    1  -11    6    1    5    3
    1    6   10    1    2   52    1    1    0      3528  -14   10    8   -3   10  -15    5  -13   -5    0   15   -6    5    4   -9   -9   14   10
    1    6   11    1    2   51    1    2    1      8774  -15    9    9   -3    9  -14    4  -14    0   10   15   -5    4    4  -10   -8   17    6
    1    6   12    1    1   46    1    2    0      2114   11   11    6    5  -14   17    5   -7   -6  -21   15   -1   -5   -1   13    6  -15   12
    1    6   13    1    2   50    1    1    0      1544  -14    9    9   -3   10  -14    6   -6    0   10   16   -5    5    4   -9   -9   16    9
    1    6   14    1    2   53    1    2    1      1891  -13    8    8   -2   10  -14    4  -13    0   10   16   -6    0    1   -9   -9   15    9
    1    6   15    1    1   47    1    1    1       817   11   11    7    5  -10   20    5   -7   -5  -12   15   -2   -6   -1   15   10  -14   11
    1    6   16    1    3   53    1    2    0      1162    0  -14   -8  -14   -4  -10    0   14    5   16  -11    9    2  -11    8    0    5    4
    1    6   17    1    1   53    1    1    1       902   10   11    6    5  -14   15    5   -7   -6  -10   16   -1   -6   -1   14   11  -13   10
    1    6   18    1    1   48    1    1    1       654   11   11    5    5  -13   15    4   -8   -4  -11   14   -3   -5    0   15   11  -14   11
    1    6   19    1    1   51    1    1    1       621   12    7    7    4   -7   15    5   -8   -4  -11   16    0   -6   -2   15   10  -15   11
    1    6   20    1    3   51    1    2    0      2189    0  -14   -8  -14   -3  -10  -10   21    4   17  -12   10    1  -11    6    1    5    3
    1    6   21    1    2   46    1    3    0      1105  -13    8   10   -4   10  -13    6  -13    0    9   11   -8    6    4   -9  -10   15    9
    1    6   22    1    2   47    1    2    1      1697  -14    9    9   -3    9  -15    5  -13    5    0   14   -6    5    4   -8   -9   15   10
    1    6   23    1    1   50    1    2    0      3099   10   10    6    4  -14   15   -3  -15   -5  -11   14    0   -6   -2   14   10  -18   15
    1    6   24    1    3   52    1    2    0      1496    0  -14   -9  -13   -2  -10    0   14    5   17  -12   11    3  -11    6    1    4    2
    1    6   25    1    3   49    1    2    0       874    0  -14   -8  -13   -3  -10    6    9    5   15  -11   10   -3   -2    4    3    6    2
    1    6   26    1    3   50    1    3    1       740   -1  -14   -7  -14   -2  -10    0   13    7   19  -11    9    2   -6    6    1    4    3
    1    6   27    1    2   49    1    3    0       819  -14    8    9   -3   10  -14    4  -12   -1    9   16   -6    6    4   -9   -9   15    9
    1    7    1    1    1   55    1    1    1      2301   11   10    6    6  -16   13    4   -6   -5  -11   15    0   -5   -1   16   12  -15   10
    1    7    2    1    2   58    1    2    1      2251  -14    9    9   -2   11  -14    3  -12    0   10   15   -6    4    4   -9   -9   16    8
    1    7    3    1    1   57    1    1    1       733   10   10    6    5  -13   15    5   -6   -6  -11   15   -1   -6   -1   14   11  -14   10
    1    7    4    1    1   59    1    1    1      1533   12   11    5    5  -13   15    6   -8   -8  -14   14    0   -7    0   14   10  -15   13
    1    7    5    1    2   57    1    2    1      1402  -18   14    8   -2    9  -13    6  -13    1    9   16   -5    5    4   -9   -9   14    9
    1    7    6    1    3   58    1    2    0      1965   -1  -13   -6  -15   -7  -18    0   10    5   17  -11   12    3  -11    5    1    5    4
    1    7    7    1    1   63    1    1    1       925   12   12    7    5  -14   15    4   -7   -4  -10   16   -2   -5   -1   15   10  -14   10
    1    7    8    1    2   62    1    2    1       854  -13    9   10   -3   10  -13    5  -13    3   15   15   -5    6    4  -10   -7   15   10
    1    7    9    1    3   56    1    2    0      1040    0  -13   -9  -14   -3  -10   -1   15   12   15  -13   10    2  -10    7    0    5    4
    1    7   10    1    3   60    1    3    1      2964    1  -14   -8  -14    6   -3    0   14    5   15  -13    9    3  -12    6    2    3    4
    1    7   11    1    1   56    1    1    1       873   11   11    6    5  -15   15    6   -6   -6  -10   14    0   -6   -1   15    9  -15   10
    1    7   12    1    2   55    1    3    0      2112  -14   10    8   -2    9  -14    5  -13    0    9   15   -5    5    5  -10   -8   15    9
    1    7   13    1    1   58    1    1    1       837    1    8    4    6  -15   13    4   -8   -4  -12   16    0   -6   -1   15   10  -14   11
    1    7   14    1    2   63    1    2    1      3424  -15   10    8   -3    9  -13    6  -14   -1   11   15   -5    6    3   -8   -8   15    8
    1    7   15    1    2   60    1    2    1      1314  -14    9    9   -3    9  -13    5  -13    0   10   15   -5    6    3   -9   -7   15    8
    1    7   16    1    2   56    1    3    0      1913  -19   -1    9   -3   10  -14    5  -13    1   10   15   -4    5    6  -10   -9   15    9
    1    7   17    1    1   62    1    1    1       856   11   11    9    7  -15   15    6   -8   -6  -11   14    0   -8   -1   15   10  -14   10
    1    7   18    1    3   59    1    2    0      1312    0  -14   -8  -14   -3  -10   -2   17    5   16  -12   10    1  -11    6    0    5    4
    1    7   19    1    3   63    1    3    1       614    0  -16   -6  -11   -2  -11    1   15    6   15  -11   10    4   -9    7    4    5    3
    1    7   20    1    3   57    1    3    1      1769    0  -14   -8  -14   -3  -10    1   13    5   16  -12   10    2  -11    6    1    5    3
    1    7   21    1    2   59    1    2    1      1710  -13    8    8   -3   11  -13    4  -15    0   10   15   -4    4    4   -8  -10   15    9
    1    7   22    1    3   61    1    2    0      2818    0  -14   -9  -14   -3  -10    0   13    5   16  -12   11    5  -11    6    0    6    4
    1    7   23    1    1   61    1    3    0      3035   11   12   10    1  -14   15    5   -7   -1   -5   15   -1   -7   -1   16   10  -14   11
    1    7   24    1    1   60    1    1    1      1021   11   11    7    3  -15   15    4   -6   -3  -10   16   -1   -6   -1   16   10  -12   13
    1    7   25    1    2   61    1    2    1       959  -14    9   10   -4   10  -14    5  -13    0   10   15   -5    5    4   -8  -10   19    4
    1    7   26    1    3   62    1    3    1      1861    0  -14   -7  -14   -2  -11    1   13    5   17  -11    9    1  -11    7    2    4    2
    1    7   27    1    3   55    1    3    1      1479    1  -13   -8  -13   -4  -10    0   14    4   16  -17    6    3  -12    6    1    5    3
    1    8    1    1    3   72    1    3    1      4184    0  -14   -8  -15   -3  -10    0   13    5   15  -13    9    1  -10    7    1   12    5
    1    8    2    1    2   66    1    3    0     11899  -14    9    9   -3    3   -7    5  -13    1   10   15   -5    5    3  -10   -9   16    3
    1    8    3    1    2   64    1    2    1      1531  -13    9    9   -3    9  -13    4  -13   -1   10   23  -12    5    4   -8  -10   14    9
    1    8    4    1    2   71    1    2    1      1194  -14    9   10   -2   10  -15    4  -12    0    4   15   -5    6    3   -9   -9   15    9
    1    8    5    1    1   71    1    1    1       998   11   11    6    5  -13   14    5   -6   -5  -11   14   -1   -7   -1   15   11  -14   11
    1    8    6    1    2   65    1    1    0      3447  -14    9   10   -3   10  -15    5  -13    0    9   16   -6    4    3   -9   -9   14    9
    1    8    7    1    3   69    1    3    1      4486   -1  -13   -7  -15   -3  -11    1   14    5   17  -12   10    2  -11   -3   -8    4    4
    1    8    8    1    2   70    1    2    1      1325  -14    8    9   -2   11  -14    5  -13    0   10   15   -4    4    5   -9   -8   16    9
    1    8    9    1    3   70    1    3    1      1589    0  -13   -7  -15   -4   -9   -1   13    4   17  -12   11    3  -11    7    3    4    3
    1    8   10    1    1   68    1    2    0      3742   11   11    6    5  -14   15    5   -7   -5  -11   14    0   -1   -9   15   10  -15   12
    1    8   11    1    1   69    1    2    0      1762   13   11    6    5  -14   15    5   -6   -5   -6   14    0   -6    0   15   10  -14   11
    1    8   12    1    2   72    1    2    1      6598  -15    8   12   -2    9  -13    5  -13    0   10   15   -5   -5    4  -10   -9   14    9
    1    8   13    1    2   69    1    2    1      1514  -14    9    9   -3   11  -13    5  -13   -1    9   15   -4    5    3   -9  -10   15    9
    1    8   14    1    3   65    1    3    1      4872    1  -15   -8  -14   -2   -9    0   14    4   17  -12   10    2  -11    5    0    5    4
    1    8   15    1    1   65    1    1    1       785   17   13    7    4  -14   14    5   -7   -5  -11   16   -1   -6   -2   15   11  -14   11
    1    8   16    1    1   67    1    1    1      3134   11   11    6    7  -14   15    5   -7   -5  -12   15   -1   -6   -1   17   11  -15   12
    1    8   17    1    2   67    1    2    1      2204  -14    9    9   -3   10  -14    8  -11    1   10   15   -5    5    4   -9   -9   16    9
    1    8   18    1    3   71    1    2    0     10480    1  -15   -7  -14  -11   -1   -1   15    6   16  -12   11    1  -11    8    2    5    3
    1    8   19    1    1   72    1    1    1      3049   10   11    6    5  -13   14    9   -2   -5  -11   15   -2   -7    0   15   10  -14   11
    1    8   20    1    3   66    1    3    1      5656    1  -13   -8  -13   -3   -9    1   15    5   16  -12   10    2  -11    7    0    3    5
    1    8   21    1    1   66    1    1    1       944   11   11    4    7  -14   15    6   -8   -5  -11   15   -1   -7    0   14   10  -15   11
    1    8   22    1    2   68    1    2    1      3844  -15   10    8   -3    7  -16    4  -12    1   10   16   -6    5    4   -9   -8   14    9
    1    8   23    1    3   64    1    3    1      6369    1  -13   -7  -14   -4  -10    0   14    4   12  -13   11    2  -11    6    1    5    3
    1    8   24    1    3   68    1    2    0     10111    0  -14  -12   -9   -3  -10    1   14    5   16  -11   10    1  -12    6    1   15   -2
    1    8   25    1    1   70    1    2    0      7099   11   10    7    4  -14   16   -5  -15   -6  -10   15    0   -7    0   15    9  -14   11
    1    8   26    1    3   67    1    3    1      3307    0  -14   -9  -14   -3  -10   -1   14    5   18  -12   10    2  -11    6    1    5    3
    1    8   27    1    1   64    1    2    0      6452    8    9    6    5  -15   15    6   -9   -5  -10   15    0   -4   -1   15    9  -15   10
    1    9    1    1    2   74    1    3    0      2922  -23   19    9   -3    9  -15    5  -12    0   10   14   -5    5    4  -10   -8   15    9
    1    9    2    1    3   77    1    3    1      4912    0  -14   -7  -14   -4  -10   -1   15    6   15  -11    9    3  -12    7    1    5    3
    1    9    3    1    1   74    1    1    1      1192   11   11   -4    9  -14   14    4   -6   -7   -9   14   -1   -5   -2    6    4  -14   11
    1    9    4    1    2   77    1    2    1      2260  -14    9    8   -4   10  -15    5  -14    1    9   15   -5    5    4  -10   -8   15    8
    1    9    5    1    3   73    1    3    1       897    0  -15   -8  -14   -3  -10    1   16    5   16  -13    9    3  -12    6    1    9    3
    1    9    6    1    2   79    1    2    1      2566  -14    9    8   -4   10  -14    5  -13    0    9   15   -5    5    4   -8  -11   15   11
    1    9    7    1    2   73    1    2    1      1882  -13    9    8   -2   10  -14    5  -13    0    9   14   -5    4    5  -10  -10   15    9
    1    9    8    1    3   74    1    3    1      2105    0  -13   -8  -14   -4   -9    0   14    7   17  -12   10    1  -11    6    1    5    4
    1    9    9    1    1   81    1    1    1      3935   12   11    6    5  -15   16    5   -7   -6  -10   14   -1   -6   -1   15   10  -14   11
    1    9   10    1    1   80    1    1    1       700   11   10    6    5  -13   15    5   -7   -5  -11   14   -1   -6   -1   15   10  -15   12
    1    9   11    1    3   81    1    3    1      2570   -1  -14    1  -13   -2  -10    1   15    5   16  -11    9    2  -11    6    1    3   -4
    1    9   12    1    2   78    1    2    1      1293  -20    1    9   -3   10  -14    6  -14    0   10   18    2    6    4   -8  -10   15    8
    1    9   13    1    1   76    1    2    0      5845    8    7    5    6  -13   15    5   -2   -5  -11   17    1   -5   -2   15   10  -16   11
    1    9   14    1    1   73    1    1    1      1345   12   11    6    5  -15   16    5   -7   -6   -9   12    7   -6   -1    8   13  -14   11
    1    9   15    1    3   75    1    3    1      2230    1  -14  -15  -16   -3   -9    0   14    5   16  -12   10   -1   -8    6    1    5    3
    1    9   16    1    1   78    1    1    1      2200   11   11    7    6  -10   11    4   -6   -4  -11   14   -2   -6   -1   15   10  -15   12
    1    9   17    1    2   76    1    2    1      1609  -13    8    9   -3   15  -12    6  -14    1    9   15   -5    6    3   -9   -9   14   10
    1    9   18    1    2   81    1    2    1      1026  -15    9    9   -2   14  -13    6  -15   -1   10   15   -4    6    3   -9   -9   15    9
    1    9   19    1    1   75    1    1    1      2002   10   12    4    5  -10    6    4   -7   -4  -11   15   -2   -6    0   16    9  -13   10
    1    9   20    1    2   80    1    2    1      2923  -18    9    9   -2    9  -15    5  -13    0   10   15   -6    5    4   -9   -9   15    9
    1    9   21    1    3   80    1    3    1      1711   -1  -15   -8  -14   -3  -10    0   13    5   16   -2    0   -5  -13   10    4    4    3
    1    9   22    1    1   79    1    1    1      3381   11   11    8    2  -19   22    6   -5   -6  -10   14   -1   -5   -1   15   10  -15   12
    1    9   23    1    1   77    1    2    0      1849   11   10    5    6  -14   15    6   -7  -13   -3   14   -1   -3    2   17   10  -13   11
    1    9   24    1    2   75    1    2    1      3356  -14    9    9   -2   10  -12    5  -12    0   10   15   -5    5    4   -9   -9   16    9
    1    9   25    1    3   76    1    3    1      1038   -2  -12   -7  -15   -3  -10    0   14    5   16  -13    9    2  -11    4   -9    4    4
    1    9   26    1    3   78    1    3    1      1230   -1  -13   -8  -13   -2  -11    1   14    6   18  -12   10    2  -11   11    7    4    3
    1    9   27    1    3   79    1    1    0      4278    0  -15   -7  -15   -4   -9   -1   14    6   15  -13   11    2  -11    6    1    5    3
    1   10    1    1    1   82    1    1    1      1669   10   10    7    5  -14   15    6   -5   -5  -11   16   -2   -1    3   16   10  -13   12
    1   10    2    1    2   90    1    1    0      4173  -14   10    9   -3   11  -15    5  -12    1    9   13    1    4    3   -9   -9   14   10
    1   10    3    1    2   83    1    2    1      1952  -14    9    9   -3   10  -14    5  -13   -1   11   15   -2    0   -2  -10   -9   14   11
    1   10    4    1    3   83    1    3    1      1931    0  -13   -8  -14  -11  -16    0   13    5   16  -11    9    2  -11    6    2    5    4
    1   10    5    1    2   82    1    2    1      2713  -10    6   11   -4   10  -14   13  -16    1   11   16   -6    4    4  -10   -8   16   10
    1   10    6    1    2   87    1    2    1       825  -12   15    9   -3   10  -15    5  -13   -1   11   15   -5    4    5   -9   -9   10   19
    1   10    7    1    3   86    1    3    1      3301    0  -14   -8  -14   -4   -3    0   14    5   15  -11   11    2  -11    6    1    5    3
    1   10    8    1    1   86    1    1    1      1469   10   12    6    5  -12    6    5   -6   -5  -10   20    8   -4   -2   15   10  -12    9
    1   10    9    1    1   87    1    2    0      1807   11   11    6    5  -14   16    5   -7   -6  -10   15   -2  -13   -9   15   10  -14   11
    1   10   10    1    2   88    1    2    1      2340  -17    6    9   -3   10  -14    6  -14    1   10   15   -5    6    4   -8   -8   15    9
    1   10   11    1    2   85    1    2    1      1285  -13    9    8   -2   10  -14    4  -12    0   10   16   -5    5    3   -9   -9   16   10
    1   10   12    1    2   84    1    2    1      3342  -13    8    8   -2   11  -15    5  -13   -6    8   15   -4    3    5  -10  -11   15    8
    1   10   13    1    3   88    1    3    1      2817   -1  -14   -8  -14   -3  -10   -5   11    5   16  -14   11    1  -12    7    2    5    3
    1   10   14    1    3   85    1    3    1      2557    0  -14   -8  -13   -4   -9   -2   13    4   16   -2    8    2  -12    7    2    4    3
    1   10   15    1    2   86    1    2    1       927  -17    8   10   -4   10  -14    3  -12    1   11   16   -4    3    5   -9   -9   14    9
    1   10   16    1    3   84    1    3    1      2551    8   -5  -11  -19   -3  -10    0   14    4   16  -12   10    3  -12    6    1    5    3
    1   10   17    1    3   90    1    3    1      1786    0  -14   -9  -14   -3  -10    0   14    5   17  -12    7    2  -11    6    0    6    3
    1   10   18    1    1   85    1    2    0      1023    7   19    7    4  -12   16    5   -8   -8   -9   16   -1   -6    0   16   10  -14   11
    1   10   19    1    3   82    1    3    1      1602   -1  -13   -4  -13   -3  -10   -1   12    5   16  -17    7    2  -11    0    7    3    4
    1   10   20    1    1   89    1    1    1      2540   11   12    6    5  -13   15    6   -7   -5  -11   15   -1   -6   -1   15   10  -14   11
    1   10   21    1    2   89    1    2    1      1681  -23   17    8   -4   10  -14    5  -11   -2   11   14   -5    6    3   -9   -9   15    8
    1   10   22    1    1   84    1    1    1       986   11   11    5    5  -13   16    5   -7   -4  -11   15   -2   -6   -1   15   10  -14   12
    1   10   23    1    3   89    1    3    1      1373    0  -14   -8  -16   -3  -10   -1   13    4   16  -12   10    2  -11    6    1    4    4
    1   10   24    1    3   87    1    1    0      4850    1  -13   -8  -14   -2  -11   -8   23    5   17  -12   10    2  -11    6    1   -3   -3
    1   10   25    1    1   83    1    1    1       842   11   11    8    2  -14   15    5   -7   -6  -12   14   -1   -6   -2   15    9  -14   11
    1   10   26    1    1   88    1    2    0      1619   11   11    6    5  -14   15    8  -12   -5  -11   15   -1   -5   -1   15   10  -14   11
    1   10   27    1    1   90    1    1    1      2783   12   11    6    5  -14   14    6   -8   -5  -11   15   -1   -6   -2   15   10  -14   11
    2    1    1    1    2    4    1    1    0      1900  -13    8    8   -4   11  -14    4  -14    2   10   15   -5    8    7   -4   -6   18    7
    2    1    2    1    1   18    1    1    1      1262   12   11    6    5  -15   16    4   -8   -5  -11   15    0    4    8   15   10  -11   10
    2    1    3    4    3    4    2    2    0      2696   -9  -10  -16  -20    0  -15    6   13    6   16  -11    9   11   -8    3   -7    7    1
    2    1    4    4    2    5    2    3    0       777  -10   10    7   -3    5  -16    6  -11    1   10   17   -5    6    5  -15  -10   16    9
    2    1    5    2    1    0    0    1    1       518   11   11    6    5  -14   15    5   -7   -5  -11   15   -1   -6   -1   15   10  -14   11
    2    1    6    4    2    4    2    2    1      1851   -9    9    7   -3    9  -16    6  -12   -4   11   16   -6    7    4  -10  -11    9   18
    2    1    7    5    3    4    3    2    0      1069   -7  -18  -13   -8   -4  -10   -1   12   -5   16   -5   20    4  -12    3    6    7    1
    2    1    8    3    2    1    1    3    0      1389  -14    9    9   -3    9  -13    4  -13    0   10   16   -4    4    3  -12  -11   15   14
    2    1    9    2    2    0    0    2    1      1409  -14    9    9   -3   10  -14    5  -13    0   10   15   -5    5    4   -9   -9   15    9
    2    1   10    5    3    7    3    3    1      2100   -1  -13   -9  -14   -8  -12   -6   19    4   17  -12    1    2  -12    6    2    4    1
    2    1   11    3    3    3    1    3    1      1004    0  -14   -8  -14   -3  -10   -1   12    5   16  -12   10    2  -12    6    1    4    4
    2    1   12    5    2    4    3    3    0       880  -17    4   11   -4    1  -20    6  -10    0    0   10   -6    6    9    0   -4   16   10
    2    1   13    1    1   21    1    1    1       842   11   11    7    5  -14   15    5   -7   -5  -11   15    0   -5   -1   15    9  -14   12
    2    1   14    1    1   29    1    1    1       578   11   11    6    5  -14   15    4   -7   -6  -11   17   -2   -6   -1   16   11  -14   12
    2    1   15    1    1   43    1    1    1      1879   10   11    9    0  -13   15    5   -6   -6  -10   16    0   -6   -1   16   11  -15   11
    2    1   16    5    3    5    3    2    0      2535    1  -13   -8  -13    6  -10    3    6   13   19  -21   10    1   -6    1   10   -2    3
    2    1   17    1    2   51    1    2    1      1357  -15    9    9   -3    9  -14    4  -14    0   10   15   -5    4    4  -10   -8   17    6
    2    1   18    5    2    9    3    2    1      1666  -13    5   19    0   12  -16    5  -14    2   10   24   -4    9    3   -8   -6    7    9
    2    1   19    5    2    3    3    3    0       554  -16    9    7   -7    5   -9    4  -15    0    8   17   -4   10    1  -12  -13    7   10
    2    1   20    1    3   61    1    2    0      2161    0  -14   -9  -14   -3  -10    0   13    5   16  -12   11    5  -11    6    0    6    4
    2    1   21    5    3    3    3    3    1      1479    0  -15  -11  -10   -4  -11   -1   13   10   13   -3   15   -3  -16    5    1    3   -1
    2    1   22    5    1    4    3    1    1      1958   14    9    5    7  -13   15   10   -8    3  -14   15    0   -5    1   11   13  -14   13
    2    1   23    3    1    3    1    1    1       642   11   10    9    0  -15   15    5   -7   -5  -12   15    0   -7   -1   15   10  -14   11
    2    1   24    2    3    0    0    3    1      1891    0  -14   -8  -14   -3  -10    0   14    5   16  -12   10    2  -11    6    1    5    3
    2    1   25    5    3    9    3    2    0      1683    1  -15   -9  -16   -2   -9    2   16    4   15  -10    8    2  -13    9   -7    6    2
    2    1   26    4    3    6    2    3    1      1115    0  -15  -17  -22   -5  -12    1    8    5   14   -3   20    2  -12   11    2    4    4
    2    1   27    4    2    3    2    3    0      2220  -10   13   10   -4    8  -12    7  -18   -1   10   10   -9    5    3   -8   -9   14    7
    2    1   28    4    3    5    2    2    0      1713   -3   -7   -7  -15   -2  -12    8   12    4   15  -12   11    2  -10    5   -1   14   13
    2    1   29    1    3   64    1    3    1      1001    1  -13   -7  -14   -4  -10    0   14    4   12  -13   11    2  -11    6    1    5    3
    2    1   30    4    1    5    2    1    1       748   18   15    4    7  -13   15    7   -9   -5  -12   16    0   -6    0   15    9  -14   13
    2    1   31    1    2   75    1    2    1      1368  -14    9    9   -2   10  -12    5  -12    0   10   15   -5    5    4   -9   -9   16    9
    2    1   32    4    1    4    2    1    1       734   11   13    4   -1  -13   15    6   -6   -4  -13   19   -3   -7   -3   15    9  -10    1
    2    1   33    5    1    2    3    2    0      2124    8   20    9    9  -13   10    3  -13  -10  -16   13   -3   -6    1   17   10  -16    4
    2    1   34    1    2   86    1    2    1      3154  -17    8   10   -4   10  -14    3  -12    1   11   16   -4    3    5   -9   -9   14    9
    2    1   35    4    1    1    2    1    1       800   11   10    9    4   -6   20    6   -7   -3  -10   16   -1   -6   -2   14   11  -17   14
    2    1   36    3    1    2    1    2    0      2859   10   11    6    4  -15   16    5   -8   -4   -4   15   -1   -6   -1   15   11  -14   11
    2    1   37    5    3    2    3    3    1       724   -1  -14  -13  -13   -2  -11   -1   21    7   19   -9    6    1  -10   -1    9    4    4
    2    1   38    1    1    4    1    1    1      1441   11   11    6    5  -14   16    7  -11   -5  -12   15   -1   -6   -1   16   10  -14   11
    2    1   39    1    1   14    1    1    1       566   11   11    7    5  -14   15    5   -7   -2  -14   15   -2   -6    1   14   11  -14   10
    2    1   40    5    2    6    3    2    1      1497   -4   16   14   -1    9  -14   -2   -7    1    8   10   -9    3    5   -9  -14   19   10
    2    1   41    5    1    5    3    2    0      1354    1    9    8    3  -19   21    4  -12    4  -20   16   -1   -7   -4   16    9  -17   16
    2    1   42    4    2    6    2    2    1      1601   -9   17    9   -2   15  -21    4  -13   -2   11   17   -5    5    2  -10  -10   14    9
    2    1   43    3    2    2    1    1    0      3260  -14    9    9   -3   11  -15    5  -13   -1    9   16   -4    5    4   -8   -9   15    1
    2    1   44    5    3    1    3    3    1      4100   -4   -8   -5  -18   -3  -11    1   15    6   16   -2   16    8  -21    7    2    4    5
    2    1   45    5    2    1    3    2    1       718  -16    9   12  -13   16  -22    0   -8   -2    7    6    2    8   11   -8   -9   15    8
    2    1   46    4    1    3    2    1    1      1037   10   13   15   -4  -13   15    4   -7   -2   -6   12   -4   -7   -2   16    9  -16   12
    2    1   47    1    3   24    1    3    1      1532    0  -14   -8  -18   -3  -10   -1   14    5   16  -12   10    2  -10    6    0    5    4
    2    1   48    4    2    1    2    2    1       488   -8   12   10   -3    5  -19    5  -12    7   17   16   -4    3    3   -9   -8   13    8
    2    1   49    5    1    1    3    1    1       445   18   17    7    3  -21    8    6   -6   -9  -11   15    0  -12   -8   13    2  -19    3
    2    1   50    5    3    6    3    2    0      1012   -5  -11   -9  -13   -2  -10    8    9    5   19  -11   10   12  -17   13    1    0   10
    2    1   51    1    2   35    1    1    0       761  -14   13    9   -2   15  -19    4  -12   -1   18   15   -5    5    4   -9   -9   18   10
    2    1   52    5    2    8    3    2    1      1158  -13    9    9   -5   15  -21    4   -8   -2    8   15   -7    5    6   -5   -7   12    6
    2    1   53    5    1    6    3    2    0       867   12   10    5    2  -16   14   11   -8    1  -13    8    4   -9    3   10   19  -12   12
    2    1   54    1    2   43    1    2    1      1198  -13    9    9   -3    9  -13   -5   -8    1    9   15   -5    6    3   -8   -9   16    9
    2    1   55    4    2    2    2    2    1       745  -11   -1    9   -2   10   -9    6  -13   10   19   14   -4    5    6   -7  -10   14   11
    2    1   56    1    2   54    1    1    0      1078  -14    9    9   -2   11  -14    4  -13    1   11   16   -5    5    4  -10  -10   14   10
    2    1   57    5    3    8    3    2    0       658   -1  -10   -9  -12    2  -14    1   16    5   17  -10    1    8  -14   -4   -2    9    4
    2    1   58    5    1    8    3    3    0       467   11   10    6    7  -14   16    6   -7    1   -2   14   -6   -5   -1   15    9  -11   15
    2    1   59    5    2    2    3    2    1      1050  -11    7   14    1    9  -16    7  -17    9   19   14   -4   -1    4   -8  -10    6    7
    2    1   60    3    3    2    1    2    0      1946    0  -14   -9  -13   -2  -10    0   14    5   17  -13   11    2  -20    6    1    5    3
    2    1   61    1    3   58    1    3    1      2344   -1  -13   -6  -15   -7  -18    0   10    5   17  -11   12    3  -11    5    1    5    4
    2    1   62    5    2    5    3    2    1       918   -8    2    1    7   10  -17    4  -11    8   17   15  -10    6    3   -7   -5   14    9
    2    1   63    1    3   72    1    2    0      1006    0  -14   -8  -15   -3  -10    0   13    5   15  -13    9    1  -10    7    1   12    5
    2    1   64    1    3   77    1    2    0      1184    0  -14   -7  -14   -4  -10   -1   15    6   15  -11    9    3  -12    7    1    5    3
    2    1   65    1    2   83    1    2    1      1309  -14    9    9   -3   10  -14    5  -13   -1   11   15   -2    0   -2  -10   -9   14   11
    2    1   66    1    3   62    1    3    1       966    0  -14   -7  -14   -2  -11    1   13    5   17  -11    9    1  -11    7    2    4    2
    2    1   67    5    1    3    3    2    0       811    8   17    1    4  -15   15   11  -12   -6  -10   10    3   -4   -1   20   15  -16   13
    2    1   68    1    3    3    1    2    0      2903    5  -24   -8  -14   -2  -11   -1   15    6   16  -11   11    1  -12    9   -8    5    3
    2    1   69    4    3    1    2    2    0      1743    1  -14   -7  -14   -4  -11    0   13    5   15  -14    8    3  -11    2   -1    0    3
    2    1   70    3    2    3    1    2    1      1399  -13   10    9   -3   11  -18    5  -12    2    9   15   -5   13   14  -14   -3   14    8
    2    1   71    5    1    9    3    2    0      1067   10    7    4   -3  -13   17    6   -8  -10  -13   14   -1   -5   -2    6   15  -18   13
    2    1   72    1    3   11    1    3    1      1163    1  -14  -10  -12   -2  -11    2   13    5   15  -12    9    3  -10    6   -3    4    4
    2    1   73    3    3    1    1    3    1       888    0  -15   -8  -14    2  -10   -2    5    4   17  -12   10   -2  -11    6    1    6    4
    2    1   74    4    1    2    2    2    0       927   13   12    7    4  -16   17    2   -7  -13   -5   14    1   -4    0   11   16  -13   12
    2    1   75    3    1    1    1    2    0      2068   12   12    6    5  -15   16    5   -6   -4  -12   15    0  -15   -9   16   11  -14   11
    2    1   76    4    3    3    2    3    1      1662    1  -15   -6  -16   -1  -12   -2   13    5   15  -12   12    1  -10    8    1    3    4
    2    1   77    1    2   64    1    2    1      2359  -13    9    9   -3    9  -13    4  -13   -1   10   23  -12    5    4   -8  -10   14    9
    2    1   78    4    1    6    2    2    0      2133   10    9    6    6  -13   16    6   -7   -5  -10   14   -1   -8   -6   16    9  -15   10
    2    1   79    4    3    2    2    3    1      2364   -3  -14   -8  -15   -1  -10    0   15    5   19  -11   10    4  -10    6    0    7    2
    2    1   80    1    1   44    1    2    0       330   11   11    6    4  -14   16    6   -8   -6  -11   19   -4   -3   -6   12   13  -15   12
    2    1   81    1    1   24    1    1    1       474   11   11   13    4  -14   15    6   -8   -5  -10   15   -1   -6    0   16    9  -15   12
    2    1   82    1    1   46    1    2    0       353   11   11    6    5  -14   17    5   -7   -6  -21   15   -1   -5   -1   13    6  -15   12
    2    1   83    5    2    7    3    2    1       895  -18   18    5   -3    4  -16    5  -18   -1   10   15   -6    2   -6  -11  -13   16    7
    2    1   84    5    1    7    3    1    1       667   14    1    4    7  -13   18    5   -4  -12   -7   13   -1   -6   -2   11    7  -15   10
