    1    1    1    1    2    9    2    1    0      1410   13   12   14  -11   12   -9    5   -1    5   -5    2   -9    4    9    3  -12   10    1
    1    1    2    1    3    2    2    2    0      2745    0    0   -5  -16    4   -7   14   16   10  -18    5   11   12   -4    3    6    8    6
    1    1    3    1    3    8    2    1    0       873    2    0   -5   -6    7  -11    4    9    0   -9   -2   -1    9   -4    2    8    8    4
    1    1    4    1    2    7    2    1    0      2450   10   12   16  -17   14  -10    7    0   10    0    3   -8    7    9    0  -10   18    5
    1    1    5    1    1    2    2    1    1      2092   11    4    1  -12   10   15  -11    1   -8   10  -13   11  -10   -1   11  -10   -6    6
    1    1    6    1    1    5    2    1    1       854   11    6   -1  -10    8   16   -9    0  -13   14  -16   11   -5    2   12   -8   -9    8
    1    1    7    1    1    4    2    3    0      2241    9    7    1  -12    9   13  -12   -1  -12   19  -22   13   -7    3    7  -11  -10    7
    1    1    8    1    2    2    2    2    1      1910   11   11   14  -15   12   -7    9   -2   13    1    4  -15    5   10    2  -13    8    2
    1    1    9    1    2    8    2    2    1      1367   12   10   15  -13   11  -10   16   -1    7   -4   -4  -12    7    9    2  -13    9    2
    1    1   10    1    3    9    2    2    0      2429    3   -1    1   -9    9   -2   13   14   -2  -12    1   13   13   -6    3    5    8    2
    1    1   11    1    1    7    2    1    1      1001   10    5   -3   -4   15    8  -11    1  -10   14  -14   14   -6    8   13   -7   -7    4
    1    1   12    1    3    3    2    3    1      1566    2    1   -4  -14    9   -1   13   14    1   -9   13   19   11   -6   -1    8   10    9
    1    1   13    1    3    5    2    2    0      3213    2    1   -3   -6    6   -4   13   15    4   -7   13    9   13   -1    0    9    2    6
    1    1   14    1    2    3    2    2    1      5130    9   11   13  -10   15   -8    7   -3   11   -2   -1  -12    4   12    2  -10    9    0
    1    1   15    1    1    9    2    1    1      1033   13    5    1  -11    8   15  -20    2  -11   12  -14   11   -5    5   13   -9   -8    6
    1    1   16    1    1    6    2    1    1      1628   12    6    1  -10    8   17  -18    6  -13   12  -12   14  -10    8   11   -8   -2    7
    1    1   17    1    2    5    2    2    1      3687   13   14   16   -9   13   -8    8    0   12    3   -1  -13    6   12    1  -12   11    1
    1    1   18    1    3    6    2    2    0      2513   -4    2   -3   -7    3   -6   13   17    2   -9    6    8   13   -5    1    9   11    5
    1    1   19    1    3    4    2    2    0      3128    2   -1   -4   -8    6   -7   11   16    3  -11    7    9   10   -3    1    9    4   11
    1    1   20    1    2    6    2    3    0      2249   13   15   21   -3   14   -8    8   -3   15    2    1  -11    5   10    3  -12   10    4
    1    1   21    1    3    7    2    2    0      3117   -2    1   -5   -8    5   -8   11   14    7   -9    5   10   12   -2    0    7    5    4
    1    1   22    1    1    1    2    1    1       909   15    0    1  -13    8   17  -10    2  -10   13  -15   12   -4    2   17   -5   -6    5
    1    1   23    1    3    1    2    3    1      3414    1    2   -4   -3    5   -5   16   21    3   -9    7   11   13   -6    3    1    7    2
    1    1   24    1    1    8    2    2    0      3465    3    3    4  -14   11   16  -12    2   -9   18  -13   12   -3    2    9  -16   -8    6
    1    1   25    1    2    4    2    2    1      3035    9   14    6   -8   15   -8    6   -2   11    2    5  -20   -2    4    0  -10    4   -4
    1    1   26    1    2    1    2    2    1      2335   14    8   13  -14   15   -9   16    0   16   -4    0  -10    6    8    2  -13   10    1
    1    1   27    1    1    3    2    3    0      1551   10    4    2  -13   11   15   -9   -1   -7    5  -16   13    5   -2   10  -18    2    3
    1    2    1    1    2   16    2    2    1      3467    8   14   16  -14   12   -7    5   -3   12    2   -5   -2    6   11    4  -14   10    1
    1    2    2    1    3   15    2    3    1      3309    6  -10   -8   -4   10   -4   11   17    7  -15    8    9    3  -13    0    7    9    4
    1    2    3    1    2   11    2    2    1      1252   12   11   10  -17   14   -8    6   -3   10    1    8   -1    4   10    3  -11   12    2
    1    2    4    1    1   15    2    1    1      2366    9    4    3  -12   19   24   -5    2  -12   12  -15   11   -6   -2   13  -10   -4    5
    1    2    5    1    3   12    2    3    1      1483    3   -2   -4   -7    4   -5   22   14    2  -11    7   11   10    1    0    6    6    0
    1    2    6    1    1   13    2    1    1      1915   11    3    1  -12   16   24  -10   -1  -12   12   -8    3   -6    5   20  -19  -16   16
    1    2    7    1    1   16    2    1    1      1050   10    6    2  -14    9   14  -10   -2  -14   14   -8   10   -4    3   12  -11   -8    6
    1    2    8    1    1   11    2    1    1       763   12    7    1  -13    7   17   -9   -2  -17   18  -15   14   -5    5   14  -11   -7    4
    1    2    9    1    3   18    2    3    1       776    1   -1   -5   -5    4   -6    9   13   -6  -11    3    9    9   -5    2    7    7    3
    1    2   10    1    1   14    2    1    1       740   12    4    4  -12   10   17  -10    3  -10   13  -14   11    0    0   10  -10   -6    6
    1    2   11    1    2   14    2    2    1      1874   10   13   14  -11   14   -8   -2   -6    8   -6   -3  -14   11   15   -5   -8    8    4
    1    2   12    1    2   17    2    2    1      1763    9   14   15  -17   14  -10    6   -4   15    2   -2  -12    4   12    2  -13   14    5
    1    2   13    1    3   16    2    3    1       665    2    3   -4   -7   -5  -15   12   16    6  -15    7   11    7   -1    0    7    8    4
    1    2   14    1    2   18    2    2    1      2858   10   12   12  -11   20   -5    2   -3    9    1    8   -3    7    9    3  -12   10    3
    1    2   15    1    2   12    2    2    1      2116   11   13   14  -11   15   -7   14   -2   12    0    0  -10    6   12    4  -11   12    3
    1    2   16    1    2   13    2    2    1      1085   12   11   15  -14   15   -7    7   -3   12   -1   -4  -11    7   12    3  -15   10    4
    1    2   17    1    3   10    2    3    1       942    2   -1  -10  -10    6   -5   14   14    0  -10    8    5   10   -7    2    7    5    4
    1    2   18    1    3   13    2    3    1      1093    3    1   -5   -6    6   -6   13    9    0  -10    7    9    6   -3    0    8    8    6
    1    2   19    1    1   18    2    2    0      2166   12    4    4  -11   10   16  -13    3   -4   22  -12   11   -6    2   11  -10   -5    6
    1    2   20    1    3   17    2    3    1      6347    3   -1   -9    0    6   -5   14   15    3  -10    5    4   12   -4   -7   10    8    5
    1    2   21    1    1   10    2    1    1      1691   11    4    2  -13   12   11   -9    0  -11   13  -15   12   -5    2   12   -8  -12   11
    1    2   22    1    2   10    2    2    1       965   14   10   15  -12   13   -9    5   -3   10    1    5  -13    5   11    3  -12   13    8
    1    2   23    1    3   14    2    3    1       971    2    1   -5   -8    6   -5   15   17    1   -9    4   10   10   -4    0    7    7    5
    1    2   24    1    3   11    2    3    1       898    1    1   -8   -6    4   -8   13   17    1  -10    8   10   11   -5    2    6    6    5
    1    2   25    1    1   12    2    1    1       874   11    6    6  -13    7   13   -9   -1  -12   12  -15   10   -4    4   10   -9   -8    6
    1    2   26    1    1   17    2    1    1      1139   11    6    3  -13    5   11   -9   -1  -12   18  -16   12   -3   -2   11   -9   -9    4
    1    2   27    1    2   15    2    2    1      1120    9   16   15  -13   15   -8    7   -3   11   -1    1   -9    8    9    3  -11   15   -3
    1    3    1    1    3   24    2    3    1       975   -3    3   -6   -7    4   -5   17   23    1  -10    5    7   12   -4    2    8    8    4
    1    3    2    1    2   20    2    2    1       691   11   13   14  -11   14   -5    5   -1   11    1    2   -8    5   11   -3  -20   10    4
    1    3    3    1    3   22    2    2    0       915   11   -9   -7   -5    5   -8   13   14   -3  -11    6    8   10   -6    4   10    6    5
    1    3    4    1    3   25    2    3    1       763    2   -1   -4   -8    4   -6   12   14    2  -11    7    7   11   -3    1    6    8    3
    1    3    5    1    2   27    2    2    1       697   13   12   15  -12   12   -9    9   -4    4   -2    3  -12    4   11   -6  -12   10    1
    1    3    6    1    3   26    2    3    1       730    3   -1   -3   -9    5   -5   13   14    1  -10    7    7    9   -5    2    9   -3    6
    1    3    7    1    3   20    2    3    1      1451   11   -8   -9   -7    7   -4   13   15    1  -10    6    7   12   -6   -1    9    7    3
    1    3    8    1    1   21    2    1    1      1021   13    7    2  -14   11   14  -18    0  -11   13  -13   10  -10    0   12   -8   -6    7
    1    3    9    1    3   21    2    3    1       848    2    0   -4   -7    4   -5   12   14    3  -11    5    9   11   -2    6    5    8    3
    1    3   10    1    2   26    2    2    1      1946   12   12   12  -13   19  -10    9  -11    8   -2    3  -12    5    8   -3  -12   15    9
    1    3   11    1    2   24    2    2    1      2697   10   14   12  -14   11  -18    7   -9   12   -1    2  -10    1    3   -7  -16    9    0
    1    3   12    1    1   23    2    1    1      1226   14   12    4  -14    6   14  -11    0  -12   12  -15   13   -1    5   14   -8   -9    6
    1    3   13    1    1   20    2    1    1      1013   13    6    1  -12    9   16  -11   -1  -12   11  -19   12   -7    1   11  -11   -7    4
    1    3   14    1    3   27    2    3    1       970    1   -1   -7   -5   14   -1   12   16    0  -10    4    9   12   -4    0    5    6    5
    1    3   15    1    2   21    2    2    1       816   10   13   11   -7   13   -9    6   -6   13    0    2  -10    5   10   -1  -22   11    1
    1    3   16    1    1   22    2    1    1      1276   12    4    6   -9   10   14  -11    0  -11   13   -9   15   -6   -1   10   -7   -8    7
    1    3   17    1    1   19    2    1    1      1670   15   14    2  -13    7   16   -9    1  -12   14  -13   12   -5    2   13   -9   -7    7
    1    3   18    1    1   25    2    1    1      3582    6    4   -2  -16    9   14  -10   -1  -12   14  -15   11   -6    2   11   -8   -7    7
    1    3   19    1    2   19    2    3    0       715   13   10   12  -13   13  -10    7   -1   17   -6    2  -14    8    8    4  -10   13    7
    1    3   20    1    2   25    2    2    1      1227   11   13   15  -13   14   -8   -2   -4    9    1   -1   -9    8   11    0  -12   10    3
    1    3   21    1    3   19    2    3    1      1544    0   -1   -6   -6    5   -7   11   10    1  -10    7    9   13   -3    0    6    9   14
    1    3   22    1    2   23    2    2    1      1320   13   13   12  -14   16   -8    6   -3    9   -2    3  -10    6   12   -6   -8   11    1
    1    3   23    1    1   24    2    1    1      1040   10    6    2  -10   11   14  -11    0  -13   13  -15   11   -7    2    7   -9   -7    5
    1    3   24    1    1   26    2    2    0      2162    9    5    1  -10   10   14  -14   -1   -8   17  -15   14   -4    2    6  -12   -6    4
    1    3   25    1    2   22    2    2    1      2089   10   11   15  -13   16  -10    0    0   10   -2   -8  -14    4   10   -6  -20    3    0
    1    3   26    1    3   23    2    3    1       897    2    2   -4   -8    7   -6   13   15    0  -11   10   14   10   -6    1    6    8    5
    1    3   27    1    1   27    2    1    1      2376   11    2    0   -9   18    5  -14    2  -13   14  -13   11  -12    8   12  -10   -9    8
    1    4    1    1    1   33    2    1    1       788    9    4    1  -11    7   13  -12    2   -3    9  -13   11   -6   -2   17   -9   -7    7
    1    4    2    1    2   29    2    2    1      1440    2   14   16  -10    7   -6    9   -3   17    9    0  -10    5   10    7  -19   11    3
    1    4    3    1    1   34    2    1    1      1204   12    3    1  -13    8   14  -11    0  -13   15  -14   10   -5    4   10  -10   -5    7
    1    4    4    1    3   28    2    3    1       623    0   -1   -4   -8    3   -6   13   17    2   -8    5    8   10   -3    6    2    8    4
    1    4    5    1    2   33    2    2    1       675   11   11   16  -12   14  -10    5    0    9    1    2   -9    6   11    4  -11    8    4
    1    4    6    1    3   29    2    3    1       660    2   -7   -7  -10    8    2   13   16    4  -15    7   11   12   -4    1    9    6    4
    1    4    7    1    2   28    2    3    0       918   19   13   14  -14   13   -8    9   -4   10    1   -4   -6    7   10    2  -15    6   -6
    1    4    8    1    1   32    2    1    1       719   15    7   -3   -5    8   15  -16    2  -13   11  -14   13   -3   -2    8  -12   -5    4
    1    4    9    1    2   34    2    2    1       878   10   13   12  -12   12   -7    8    0    6    6    2  -10    1   13    4  -12    9    3
    1    4   10    1    2   30    2    2    1      3271   11    6   15  -14   14   -7    6    2   13    0   -4  -11    8   10    3   -9   10    1
    1    4   11    1    3   34    2    2    0      1073   -1    0   -2  -12    4   -6   14   17    1   -8   -2   12   16  -11    2    6    9    4
    1    4   12    1    3   31    2    3    1      2213    2   -1  -10   -9    3   -7   10   15    1   -9   14    0   13   -4    0    8    7    6
    1    4   13    1    3   36    2    2    0      2361    3    1   -3   -7    1  -10    7   12    4   -9    5    9    4   -5    1    8    5    6
    1    4   14    1    1   35    2    2    0      2968   12    4    3  -12   10   14  -11   -1  -12   14  -14   10    1   11   10  -10   -6   11
    1    4   15    1    3   32    2    2    0      1696    0    0   -3   -6    6   -6    9    5    7  -10    5    6   10   -4    2    7    7    2
    1    4   16    1    3   30    2    2    0      1257    3    0   -3   -7    6   -7    9   10    1  -10    4   10   12   -6    8    8    8    3
    1    4   17    1    1   31    2    1    1       820    7    0    1  -12    9   14  -11    5   -9   10  -14   10   -6    3   11   -7   -9    4
    1    4   18    1    1   28    2    1    1       879   14    1    3  -13   10   14  -11   -1   -8   14  -15   13   -6    4    8   -4  -12   15
    1    4   19    1    3   35    2    3    1      1015   -1    1   -6   -6    4   -6   13   17    4   -9    5   10   12   -4    3    4    8   -5
    1    4   20    1    1   30    2    1    1      1515   11    4    3  -13   13   17  -10    1  -14   15  -16   14   -6    4   13   -8  -15    9
    1    4   21    1    2   35    2    3    0      2058    9   11   16  -14   17   -6    7   -1    5    5   -3  -13    5   12   -2   -4    4    2
    1    4   22    1    1   29    2    1    1      1045   14    3    0  -12   10   17  -11    1  -12   14  -13   10   -6    4   14  -11   -3    4
    1    4   23    1    2   32    2    2    1      1143   13   12   13  -12   15   -9    9    7    7   -3    2   -8    9   15    2  -13   11    3
    1    4   24    1    1   36    2    1    1       759   13    2    3  -14    9   14  -14    2  -14   14  -21    3   -4    2   17  -17   -7    7
    1    4   25    1    3   33    2    3    1      2579    2    1   -4   -8    3   -7   10   15    1  -10    8   10   12   -4    1    8    8    4
    1    4   26    1    2   31    2    2    1      1129   11   11   11  -14   13  -10    8   -4   11   -1    3   -1    5    9    3  -13   15    3
    1    4   27    1    2   36    2    3    0      1737   11   14    7  -18   13   -9    9   -1   10    1    1   -8   10    5   -6  -21    9    3
    1    5    1    1    2   41    2    3    0      1809    9   12   14  -13   14   -8    9   -4   16   -4    3  -11    8   10   -2  -17   11    1
    1    5    2    1    2   45    2    2    1       742   12   11   15  -11   14   -8    6   -1   12    0    4  -20    4   11    0  -10   15    2
    1    5    3    1    2   38    2    2    1      1637   13   12   12  -10   14   -8    6   -2   13    2   -6   -3    8   12    1  -11    7    7
    1    5    4    1    1   44    2    1    1       721   11    6    2  -14   10   16  -10    1  -12   12   -5   10   -4    1   12   -8   -6    5
    1    5    5    1    2   40    2    2    1      1712    9   12   12   -7   18   -8    7   -3    5    6    5   -5    4    9    4  -12   10    1
    1    5    6    1    3   44    2    3    1       808    3    0   -6   -7    4   -6   13   16    2  -12    5   11   11   -3    2    6    8    5
    1    5    7    1    3   41    2    3    1       999    3   -2   -3   -8    3   -8   21   19    3  -11    4   10   10   -3    0    7    8    3
    1    5    8    1    2   37    2    2    1      4108   11   14   12  -13    9   -6    4   -5   11   -1   -2  -14    8   10    3  -13   12    2
    1    5    9    1    2   43    2    2    1      2324   15    8   13  -12   12   -8    7   -4   18    2    0  -10    7   11    2  -11    5    8
    1    5   10    1    3   43    2    3    1      1764   -1    0   -8  -10    8  -14   10   16    3   -9   10    9   12   -3    3    3    7    6
    1    5   11    1    1   40    2    1    1      1516   11    3    0  -10   18    5  -17   -2  -13   14  -13   11    0    8   13   -7   -9    6
    1    5   12    1    1   41    2    1    1      1084   10    3   -6   -6   11   13  -12    0  -11   14  -14   13   -4    1   11   -9   -5    7
    1    5   13    1    2   44    2    3    0      1276   12   16   15  -12   19  -10    9   -4    8    5    2   -9    5   10    1  -11   11    3
    1    5   14    1    3   42    2    3    1       997    0    2   -6   -9    5   -7   13   15    4  -10    7    3   12   -4    0    8    2    9
    1    5   15    1    3   40    2    3    1      1434    3    0   -7   -8    4   -6   10   19   -2   -9    7    8    9   -6   -6    2    9    5
    1    5   16    1    3   39    2    2    0       894    1   -2   -7   -7    1   -7   12   14    3   -9    2   13   12   -5    2    5    0   12
    1    5   17    1    2   39    2    1    0      2840   11   11   10  -12   19  -13    9   -3   12   -1    1  -11    7    9    8   -8    1    9
    1    5   18    1    1   39    2    1    1      1298   11    4    2  -11   14   18   -9    0  -17   17  -14   13   -3    3   14  -10   -6    6
    1    5   19    1    1   42    2    1    1      1337   14    4    3   -8   10   15  -12   -4  -13   13  -12   10   -2    2   13  -10   -8    5
    1    5   20    1    1   45    2    1    1      2335    9    7    0  -12    9   16   -9   -1  -12   12  -14   11   -4    3   12   -5   -7   13
    1    5   21    1    1   37    2    1    1      1069   12    4    3  -13    7   15  -10   -2  -10   12  -15   10   -6    3   16   -5   -9    6
    1    5   22    1    3   45    2    3    1      1165   10    1   -2   -2    0   -3   13   14    1  -15    7    9   11   -5    0    7    8    4
    1    5   23    1    1   43    2    1    1       859    5   11   10  -13    9   13  -13    3  -14   12   -4   19   -6    1   20  -14   -6   11
    1    5   24    1    1   38    2    1    1      1332   13    3    2  -10   11   17  -10   -2   -8   18  -14   14  -10   13   13   -8   -7    5
    1    5   25    1    3   38    2    3    1       748    1   -1   -7   -7    4   -6   16   19   -4  -17    7   11   11   -5    3    6    6    5
    1    5   26    1    3   37    2    3    1      1084    0    0   -5   -3    4   -5   11   15    7   -8    5   11   10   -4    2    6    5    2
    1    5   27    1    2   42    2    2    1      3247   12    6   14  -15   15  -11    9   -4    3    3    3   -9    6    9    1  -14   11    2
    1    6    1    1    3   48    2    2    0      3397   -1   -2   -2   -6    6   -5   11   17    7   -3    7    9   13    1   -3    2    7    6
    1    6    2    1    2   53    2    2    1       938   10   15   14  -11   13   -8    8   -4   12    1    6  -15    5   11    3  -13   10    3
    1    6    3    1    1   47    2    1    1       722   12    4    0  -11    7   16  -10   -2  -13   16  -14   10   -7    3   11   -9   -4    8
    1    6    4    1    3   46    2    3    1      1377    2    0   -4   -7    4   -6    8   19    3   -8   10   13   12   -4   -4    3   10    7
    1    6    5    1    1   54    2    1    1       729   10    5    3  -13    7   14  -12    2  -11   14  -19   20   -5    2   13   -8   -6    6
    1    6    6    1    3   51    2    3    1       906    0    1   -6   -9    7   -6   15   20    4   -9    5    9   12   -6    0    8    8    4
    1    6    7    1    2   52    2    3    0      1540   14   10   10  -13   16  -11   12    1   10    2    2  -11    6    9    4  -14   20    5
    1    6    8    1    3   52    2    3    1      5012    0   -1   -9    1    7   -5   11   20    4  -10    5   10   12   -2    0    7    7    3
    1    6    9    1    2   51    2    2    1      1689   11   13   16  -12   15  -10    8   -2    9   -5   -1  -10    4   10    1  -11   10    3
    1    6   10    1    3   50    2    3    1       913    0    1   -5   -6    3   -5   14   14    2   -9    7   10   11   -5   -1    9    7    5
    1    6   11    1    1   48    2    1    1       730    4   -2    0  -13   11   17   -9   -1  -10   12  -12   13   -5    2   13  -11   -9    9
    1    6   12    1    1   53    2    1    1      1738   12    4    2  -11    7   17   -6    9   -7   13  -11   17   -7    5   13   -9  -10    2
    1    6   13    1    2   54    2    2    1      1008   11   13   17  -11   11   -8    6   -4   13   -2   11  -11    5    8    2  -13    8    4
    1    6   14    1    2   50    2    1    0      3429   10   11   16  -14    9   -9    2    5    9   -1   -1  -12    4   10    4  -12   12    3
    1    6   15    1    2   47    2    2    1      1465   12   12   15  -13   14  -10    7   -3   14    9   -1  -10    9    9    4  -11   10    1
    1    6   16    1    2   46    2    2    1      1788    7   11   13  -10   14   -8    3   -2   11   -1    0   -9    4   11    1  -11    9    4
    1    6   17    1    3   49    2    3    1      1074    0    1   -6   -8    3   -7   17   20    1   -9    7    9   16   -2   -1    7    6    3
    1    6   18    1    3   54    2    3    1       676    0    1   -7   -7    4   -5   22   16    1   -9    5    9   11   -3    1    8    5    4
    1    6   19    1    2   49    2    2    1       645   11   11   12   -7   12  -10    6   -2   11   -2    1  -12    4    8    0  -16    9    3
    1    6   20    1    1   49    2    1    1      1673   12    7    4  -11    8   15  -12   -2  -11   12  -12    4    0    6   11  -11   -6    7
    1    6   21    1    3   53    2    3    1      3170    0   -1   -6   -6    4   -5   12   16   -4  -19    8    7   12   -3    0    7    8    4
    1    6   22    1    2   48    2    1    0      1040   10   15   15  -12   15   -9    8   -3   13   -1    1   -8   -3    6    1  -11    5    3
    1    6   23    1    1   46    2    1    1       866   10    5    2  -14    8   13  -10    1  -12   12  -14   13   -5    4   14  -10   -8    7
    1    6   24    1    1   51    2    1    1       923   10    6    5  -15    8   15   -9    2  -16   22  -15   10    5   -2   11  -11   -8    4
    1    6   25    1    1   52    2    1    1      2082   13    5    7  -22   11   16   -9    1  -11   13  -15   10   -6    4   14  -10   -6    7
    1    6   26    1    3   47    2    3    1      1003    2    0   -6   -7    4   -4   10   14    1   -9    7    8   13   -3    3    6    8    5
    1    6   27    1    1   50    2    1    1       784   13    4    0  -10    7   16  -10   -1   -8    6  -16   14   -5    2   12   -7   -5    7
    1    7    1    1    3   63    2    3    1      1098   -1   -1   -4   -6    7   -8   12   16   -7   -8    6    8   12   -5    3    5    6    3
    1    7    2    1    2   61    2    3    0      2442   11   13   15  -13   13  -10    7   -4   11    2   -7   -2    5   11   -8  -21   18   -3
    1    7    3    1    2   63    2    2    1      1669   13   12   16   -8   13  -11    9   -3   12    4   -7  -16    7    9   10  -10    8    2
    1    7    4    1    2   58    2    2    1      1904   10   11   17  -16   16   -9    4    3   10    1   -6  -19    8   10    5  -10   10    7
    1    7    5    1    2   62    2    2    1       722   10   13   14  -13   14   -8    6   -1   13    1    1   -8    6    8    3  -13    8    2
    1    7    6    1    3   59    2    2    0      3409    0    2    1   -8    6   -8   13   15    3   -6    5    9   12   -2    2    5    8    4
    1    7    7    1    3   57    2    3    1      1110    3    1   -7   -8    5   -7   13   15    1   -8    6    8    8   -3    3    8    8    3
    1    7    8    1    2   55    2    2    1       984    9   12   14  -13   12   -7    6   -4   10    1    2   -9    6   11    1  -12    8    2
    1    7    9    1    1   61    2    1    1       975   11    6    3  -14   11   16   -1    9  -10   14  -12   12   -4    4   11   -7   -9    5
    1    7   10    1    2   56    2    2    1      1062   15    9   13  -12   12  -10    8    0    7    2    3  -11    0   11    1  -12   10    3
    1    7   11    1    1   55    2    1    1       810    9    5    4  -12   15   21  -10   -1  -13   13  -14   10   -6    1   10   -9   -6    5
    1    7   12    1    3   60    2    2    0       646    0    1   -5   -8    3   -5   12   16    8  -10    5    8   12   -5    0    9    6    5
    1    7   13    1    2   60    2    1    0      2906   13   10   18  -11   14   -4    8   -2   12   -1   -9  -12    7   11    1  -11   11    2
    1    7   14    1    1   63    2    1    1      1074   12    4    4  -13    7   17   -8    1  -14   20  -24   16   -7   12   11   -9   -4   14
    1    7   15    1    1   62    2    1    1      1250    9    1    5   -7    9   16   -4    9  -10   13  -13   13    4   12   14   -8  -12    8
    1    7   16    1    3   56    2    3    1       923    2    0   -8   -6    5   -7    9   11    1  -11   12   19   13   -5    6    7   10    5
    1    7   17    1    2   59    2    2    1      1411    5   21   13  -19   19  -15   10   -7    8    4    0   -9   11   10    9  -15   10    3
    1    7   18    1    3   61    2    3    1       872    1    1   -5   -6    6   -6   14   14    3   -9   14   11   13   -5    4    6    2    3
    1    7   19    1    3   62    2    3    1      2786    0    1   -6   -6   11    4   13   13   -7  -17    6   10   14   -9    0    6    5    5
    1    7   20    1    3   55    2    3    1       928    1   -1   -5   -6    4   -7    6    9    2   -9    7   11   10   -3    3    6    8    3
    1    7   21    1    1   59    2    1    1      1143   13    4    5   -2    7   15  -10    1  -12   11  -14   13   -4    8   14   -8  -15    2
    1    7   22    1    1   60    2    1    1       645   13    4    2   -9   11   15   -8    1  -11   17  -18    8   -5    4   11  -10   -7    7
    1    7   23    1    3   58    2    3    1      1078   -4    2   -6   -6   -4   -8   16   15    1   -9    6   10   10   -3    2    6    6    3
    1    7   24    1    1   58    2    1    1      1304   13    3    1  -12   19   24  -11   -1  -11   14  -13   12   -6    1   12   -8   -6    6
    1    7   25    1    2   57    2    2    1       862   12   12   13  -12   15  -11    6   -1    9   -2    2   -9    8   11    3   -4    9    4
    1    7   26    1    1   56    2    1    1      1144   13    4    2  -13    7    7  -11    0   -4    9  -13   11    1    1   10   -9   -5    6
    1    7   27    1    1   57    2    1    1      1159   12    5    3  -12    9   16   -9    1  -13   14  -15   12    4    0   12   -8   -9    6
    1    8    1    1    1   72    2    1    1      1044    9    6    4  -14   10   15  -11    0  -14   12  -16   13   -4    2   21   -3   -9    7
    1    8    2    1    1   70    2    2    0      2119   11    6   10  -11   10   15   -8   -2  -10   11  -12   13    3    1   11   -8   -8    6
    1    8    3    1    2   66    2    2    1       959   13   12   10   -9   15   -9    3    7   12    2    2  -11    5    6    4  -15    9    0
    1    8    4    1    1   71    2    1    1       853   21    6    1  -11   13    6  -12    5  -13   13  -16   13   -6    2   11   -8   -5    8
    1    8    5    1    2   70    2    2    1      2464   11   14   12  -11   14   -7    9   -1   12    0    0  -17    7   11    1  -11    7    7
    1    8    6    1    2   69    2    2    1      1579   10   11   12  -10   18  -10    5    0    8    4    0   -9    7    8    3  -10   12    1
    1    8    7    1    2   67    2    2    1      1065   11   13   15  -13   19  -12    6   -2   11    1    2   -9    7   10    3  -14    9    3
    1    8    8    1    3   70    2    2    0       652    0   -1    0  -12   10   -9   11   15    2  -11    6    8   10   -4    0    7    8    4
    1    8    9    1    2   64    2    1    0       911    1   22   14  -10   11   -3    8    0   20    8    3  -12    5    7    2  -10   10    1
    1    8   10    1    3   65    2    3    1      1013   -1    0  -12  -12    6   -7   12   14    1   -8   15    4   12   -5    6    5   15    9
    1    8   11    1    3   69    2    3    1      2106    1   -2   -7   -5    9  -10   12   14    3   -8    6    8   10   -2   -4    5    8    3
    1    8   12    1    1   69    2    1    1       979   11    4    0  -20   11   15   -8   -9  -10    8  -13   12   -4    5   10   -8   -8    6
    1    8   13    1    3   67    2    3    1      1687    3    2   -3   -7    5   -4   10   15    0   -7    5   10   13   -3    4    8    7    6
    1    8   14    1    3   66    2    3    1      1951    0    0   -5   -8    6   -5   15   18    3  -11    4    9   11   -6   10    9    7    2
    1    8   15    1    1   68    2    1    1      1247   11    6   -7  -22    8   15  -11    0  -12   12  -15   11   -4    3   13  -11   -6    6
    1    8   16    1    3   64    2    3    1       857   -5    1   -5   -6    7   -4   22   17    0  -10    4   11   10   -5    3    5    6    3
    1    8   17    1    1   65    2    1    1       979   11    6    2  -13    4   20  -11    2  -15    8  -15   12   -3    1   11  -10   -7    7
    1    8   18    1    1   67    2    1    1      2679   21   10    2  -13   12   18  -14    2  -13   14  -15   13   -3    1   12  -10   -8    7
    1    8   19    1    2   72    2    2    1       809   10   13   11  -19   13   -8    6    0   10    1    2  -11    4   11    5  -16    8    4
    1    8   20    1    2   68    2    2    1      1830   13   10   13  -11   16   -9   11    1    6  -10   -1   -8    7   10    3  -11   12   -3
    1    8   21    1    3   71    2    3    1      1354    1    1    0   -2    7   -7   14   19    3   -8    5   10   10   -4    2    7    8    3
    1    8   22    1    2   71    2    3    0      1632   19   15   13  -12   16   -9    1   -9   12    0   -5   -2    6   11    1   -2   11    2
    1    8   23    1    3   68    2    2    0      3581    0   -6   -6   -7    4   -8   11   15    2  -11    5    8    8    0    1    8    9    5
    1    8   24    1    1   64    2    1    1       715   21    7    7  -13    2   10  -11    2  -14   15  -13   12   -3    4    3  -10   -8    6
    1    8   25    1    3   72    2    2    0      1403    3    4   -6   -6    6   -4   11   11    0   -2    8    7   10   -6    5    5    2    8
    1    8   26    1    2   65    2    2    1      1088    8   16   17   -6   12   -7    1   -6   12   -1    1  -12    6   14   -1  -10   11    4
    1    8   27    1    1   66    2    1    1      1506   13    3    4  -12    9   14  -10    1   -2    8  -13   14  -10    8   10   -5   -9    5
    1    9    1    1    2   73    2    3    0      2977   21   14    9  -18   12   -7    9   -3   15   -1   -2    0   10    9    3  -11   11   -2
    1    9    2    1    1   78    2    1    1       712    9    5    4  -12    8   20  -11    1  -20   20  -15   12   -5    1   14  -18   -6    6
    1    9    3    1    3   81    2    3    1       854    3    2   -5   -6    6   -6    7   13    0   -9   15   17   11   -3    1    6    8    4
    1    9    4    1    3   74    2    2    0       593    1   -1   -4   -8    3   -5    7   20    1   -9    4   -1   10   -5    1    6    5    2
    1    9    5    1    3   75    2    3    1       406    0    2   -6   -9    6   -6   12   16    4  -11    5    9   11   -3    3    6    3    3
    1    9    6    1    2   77    2    3    0      1187   13   10   19  -13   14  -10    5   -4    8   -1   -4  -13    7   12    6  -18   10    1
    1    9    7    1    3   73    2    3    1       960    0    1   -6   -9    5   -5   13   15   -7  -16    5   10   13   -5    3    6   12   10
    1    9    8    1    2   78    2    2    1      2455   13   10   16  -13   14  -10    6   -2   10    1    1  -12    7   10   -8  -17    8    7
    1    9    9    1    3   79    2    3    1       995    1   -3   -7   -7   -4   -7   14   17    1   -9    5    8   13   -3   -1   10    9    3
    1    9   10    1    2   81    2    1    0      1544   11    4   13  -10   12   -8    7   -1   11   -1   -1   -9    6    9    3  -14    2   -6
    1    9   11    1    2   76    2    2    1      1446   13   12   12  -11   13   -8    6   -4    9   -2    0   -9    5    8    3  -10   12    4
    1    9   12    1    1   75    2    1    1       792    8   14    3  -13   13   16  -12   -1  -13   13  -14   10   -4    3   10  -10   -8    8
    1    9   13    1    1   74    2    1    1       739   16    3    5   -7    5   13  -12    0  -10   15  -19    7   -4    5   21  -11   -8    6
    1    9   14    1    1   79    2    1    1      1873   11    3    8  -16    9   17  -11   -1  -11   13  -14   11   -5    1    7  -11   -7    7
    1    9   15    1    1   76    2    1    1      3538   18    6    2  -11    3   23  -14   -4  -13   13  -13   10   -4    2   14  -11   -9    8
    1    9   16    1    1   81    2    1    1      1056    8    5    2  -10    7   16  -10    2  -17    9  -16   13   -3    2   10  -10  -12    8
    1    9   17    1    2   79    2    1    0      3663    2    9   15  -12   23   -1   16   -3   13   -1    3  -13    7   10   -2   -7   12    3
    1    9   18    1    3   76    2    3    1      1097    2    1   -6   -5    6   -4   10   18    4  -10    4   11   11   -5   -1    4    5   -1
    1    9   19    1    3   80    2    3    1       953    2    0   -3   -7    6  -10   13   14    2   -8    5   10   10   -4    3    5    5    6
    1    9   20    1    2   80    2    3    0       671   11   13   13  -11   15   -8    7   -3   13    1    2  -10    4    8    1  -12    0    3
    1    9   21    1    1   73    2    1    1       993   11    9    2  -20   10   14   -5    8  -14   11  -15   13   -3    3   12  -10  -11    9
    1    9   22    1    3   77    2    3    1       805    0    2   -5   -6   14   -3   11   15    4  -10    7   10   10   -4    2    4    2    8
    1    9   23    1    2   74    2    1    0       994   11   10   15  -13   13   -8    5   -6   10   -2   -1   -9    7    8    0  -12    8    3
    1    9   24    1    1   77    2    2    0      4631   10    6    1  -11   19   17   -9    0  -13   14   -7   16   -1    3   14  -11   -7    4
    1    9   25    1    2   75    2    2    1      1163    9   12   14  -11    4   -9   16   -3   12   -4    0   -9    7    8   -4  -15    8    3
    1    9   26    1    1   80    2    1    1       922   13    5    3  -14   11   14   -9   -2  -11   14  -15   12   -7    4   11   -8   -9    5
    1    9   27    1    3   78    2    2    0      1345    1    7    1   -7    9   -1    7   15   12  -16    7    7   13   -2    3    9    9    3
    1   10    1    1    3   84    2    3    1      1429    0    7   -4   -7    4   -4   14   15    0   -9    4   12   11   -2   -4    4    7    5
    1   10    2    1    2   89    2    2    1      1097   10   10   16  -13    6  -14   -2   -2    9   -1    0   -9    6   11    0  -14   12    0
    1   10    3    1    3   82    2    3    1       667    8   10   -5   -8    5   -5   15   22    3   -8    7    8   20   -6   -1   -2    7    2
    1   10    4    1    2   83    2    3    0      2844   10   12   22  -14   13   -9    9    0    6   -9    1   -9    5   10   -4  -16   11    4
    1   10    5    1    2   84    2    2    1      2697   14   11   15   -9   16  -16    7   -1   14   -3    2  -12    8    8    4   -7   19    3
    1   10    6    1    3   88    2    3    1       969    3    0   -6   -6    7   -8   16   14   -4    0    7    8   11   -3    0    5    5    6
    1   10    7    1    2   85    2    2    1      3344   12   12   15  -12   13  -10    9    0   11   -1    9  -11    7    9    0  -13   11   -8
    1   10    8    1    3   90    2    3    1      2504    1    1   -6   -6    6  -11   11   14    2  -14    5    7   10   -3    2    9    5    4
    1   10    9    1    1   90    2    1    1      3184   12    3    1  -10   10   15  -10   -2   -3   21  -14   11   -6   11   13  -11   -8    4
    1   10   10    1    2   88    2    2    1      1932   10   13   16  -14   15  -10    7    0   11    4    0   -9    7    9    1  -14    0   -1
    1   10   11    1    2   86    2    2    1      2363    9   16   15  -12   15   -8    9    4   18   -4    2   -9    8    9    0  -10    5   -3
    1   10   12    1    3   85    2    3    1      2393    2   -1    1   -6    4   -9   12   16   -3  -14   -2    5   12   -5    1    8    9    2
    1   10   13    1    1   86    2    1    1      2550   10    5    2  -13    6    5  -13   -5  -12   14  -19   15   -4    3   14   -8    1   14
    1   10   14    1    1   85    2    1    1      2330   11    6    1  -10    7   14  -10   -2  -10   11  -16    3   -5    2   14   -9   -8    6
    1   10   15    1    1   89    2    1    1      5240   10    6   -1   -5   12   20   -7    3   -9   13  -13   14   -6    1   11   -7   -5    5
    1   10   16    1    1   82    2    1    1      2049   12    4    4  -10    8   16  -11    0  -18   15  -15   12   -5    2   14  -10   -6    7
    1   10   17    1    1   83    2    1    1      2089   11   -3   -2  -17    8   11   -9   -1  -13    6  -12   13  -15    2   15   -7   -8    8
    1   10   18    1    3   89    2    3    1      4640   -4    7   -4  -11    6   -7   17    5   -1  -10    7    7   11   -3   -4    0    9    4
    1   10   19    1    2   87    2    2    1      6465   11   13   23  -14   12  -11    7   -3   14    5    0  -10    5    8    7   -9    9    3
    1   10   20    1    2   90    2    2    1      1866   13   13   18  -17   13   -9    7   -1   13    9    1  -12    1    7   -4  -21    9    4
    1   10   21    1    3   83    2    3    1      1499   -5    2   -7  -11    6   -4   14   13    3  -11    6   13    7   -2    2    7    8    5
    1   10   22    1    3   86    2    3    1      2012   -1    1   -6   -7    5   -7   13   18    1   -9   -3   19    9   -2    0    4    7    5
    1   10   23    1    3   87    2    3    1      1289   -3    1   -7   -5    7   -8   11   14    2  -11    5    8   13   -3    2    8    7    6
    1   10   24    1    1   88    2    1    1      1058   12    6    2  -13    9   14  -11    1  -16   16  -13   13  -14    3   14   -8   -6    7
    1   10   25    1    1   84    2    1    1      1987    8   10    1  -12    8   16  -10   -1  -10   14  -13   16   -5    2   11  -11   -6    5
    1   10   26    1    1   87    2    3    0      6815   13    6   -3  -15    9   14  -11    0  -13   11  -10   17  -15   -5   14  -10   -8    8
    1   10   27    1    2   82    2    2    1      3066   11   14   15  -13   14   -7    8   -1   10    1    1   -9    5   12    1  -12   15   -2
    2    1    1    1    1    4    2    1    1      1227    9    7    1  -12    9   13  -12   -1  -12   19  -22   13   -7    3    7  -11  -10    7
    2    1    2    5    3    9    3    3    1      1287   -2    1   -8   -2    7   -5   19   14   -7  -11   -3   13    4   -2   10   15   14    6
    2    1    3    5    1    9    3    1    1      1168   12    7   -1  -10    7   12  -14    2   -7   15  -16   16   -7   -5   10   -8    0   15
    2    1    4    5    1    3    3    3    0      1596   11    6    0  -13   19    8  -11    8  -10   12   -8   15   -6    3    5   -4   -3    4
    2    1    5    5    2    2    3    2    1      4073   14   15    7   -5   12   -9    2   -3   10   -4    1   -9    5   11    3  -12    7   -1
    2    1    6    1    1   12    2    1    1       787   11    6    6  -13    7   13   -9   -1  -12   12  -15   10   -4    4   10   -9   -8    6
    2    1    7    1    3   24    2    3    1      1617   -3    3   -6   -7    4   -5   17   23    1  -10    5    7   12   -4    2    8    8    4
    2    1    8    5    3    5    3    3    1       717   11   -3   -9   -7    5   -3   21    9    3  -15    6    8   13   -8   -2   -3    3    6
    2    1    9    1    3   28    2    3    1       844    0   -1   -4   -8    3   -6   13   17    2   -8    5    8   10   -3    6    2    8    4
    2    1   10    3    1    1    1    1    1       872   11    5    3  -14    0   11  -11    0  -16   16  -14   13  -14   -5   12   -9   -7    7
    2    1   11    1    2   41    2    3    0      2416    9   12   14  -13   14   -8    9   -4   16   -4    3  -11    8   10   -2  -17   11    1
    2    1   12    5    1    1    3    1    1      1902   14   11    3  -13   13   20  -12   -4  -11   15  -15   11   -4    5   13  -11   -7   11
    2    1   13    4    1    4    2    1    1      1342   12    4    4  -12    1    7  -11    0  -11   11  -15   11   -4    3   10  -10   -8    8
    2    1   14    4    2    5    2    2    1      3077   10   11   15  -12   15   -9    7   -3   10    2    0   -9    4   12    0  -15   16   10
    2    1   15    3    2    3    1    2    1      1912   11   12   14  -11   14   -8    7   -2    5   -6    1  -10    6   10    3  -12    6    7
    2    1   16    1    2   52    2    2    1      3211   14   10   10  -13   16  -11   12    1   10    2    2  -11    6    9    4  -14   20    5
    2    1   17    4    3    5    2    3    1       970    0    0   -7   -8    4   -5   14   13    3  -13    7    8   12   -5    2    7    6    5
    2    1   18    1    3   56    2    3    1      1376    2    0   -8   -6    5   -7    9   11    1  -11   12   19   13   -5    6    7   10    5
    2    1   19    5    3    8    3    3    1      1143    1    1   -7  -12    5   -7   21   19    6  -13   -2   16    7   -1    4    3    7    6
    2    1   20    5    3    7    3    2    0      1222    0   -4    0  -11    5   -5   11   16    4  -12    3   14   21   -4    4   11    3    7
    2    1   21    3    2    1    1    2    1      1092   12   11   14  -12   10  -10    6   -1   16   -6    0   -9    6   10    2  -12   10    1
    2    1   22    5    2    5    3    1    0      1318    5   20   13  -11   18   -8    7    0   21    2   11   -7    8   15    1  -13    9    7
    2    1   23    1    3   66    2    3    1      1181    0    0   -5   -8    6   -5   15   18    3  -11    4    9   11   -6   10    9    7    2
    2    1   24    5    2    8    3    2    1      4060   12   12   16  -15   15  -10    8   -2   21   -7    0  -10    5   12   -2   -9    3   -6
    2    1   25    1    2   73    2    2    1      7703   21   14    9  -18   12   -7    9   -3   15   -1   -2    0   10    9    3  -11   11   -2
    2    1   26    2    2    0    0    2    1       880   11   12   14  -12   14   -9    7   -2   11    0    1  -10    6   10    2  -12   10    2
    2    1   27    1    3   85    2    3    1      1642    2   -1    1   -6    4   -9   12   16   -3  -14   -2    5   12   -5    1    8    9    2
    2    1   28    5    1    5    3    1    1      1751   11    2   -6  -20   10   16  -15    3  -11   10  -14   13   -7    4    7  -15   -6    6
    2    1   29    1    1    7    2    1    1      1325   10    5   -3   -4   15    8  -11    1  -10   14  -14   14   -6    8   13   -7   -7    4
    2    1   30    1    1   18    2    2    0      3090   12    4    4  -11   10   16  -13    3   -4   22  -12   11   -6    2   11  -10   -5    6
    2    1   31    1    2   20    2    2    1       805   11   13   14  -11   14   -5    5   -1   11    1    2   -8    5   11   -3  -20   10    4
    2    1   32    5    1    6    3    1    1      2129   11    6   -2  -10   19   12  -15   -1  -22   11  -15   13   -9    2   13    1   -6    2
    2    1   33    5    3    3    3    3    1       697    0    0   -5  -12    8   -4   17   19    0   -8    8    9   11   -5    1    9    8    1
    2    1   34    5    2    9    3    2    1      1258   12   11   17  -14   11   -2    6    0   13    4    6  -12    7    4    3  -13    4    5
    2    1   35    2    1    0    0    1    1       724   11    5    2  -12    9   15  -10    0  -12   13  -14   12   -5    3   12   -9   -7    6
    2    1   36    4    3    1    2    3    1      2146   -2    3   -3   -8    4   -8   13   14    1   -9    7    8   12   -5    2    7    5    3
    2    1   37    1    2   35    2    2    1      1193    9   11   16  -14   17   -6    7   -1    5    5   -3  -13    5   12   -2   -4    4    2
    2    1   38    4    3    3    2    2    0      1397    0    1   -7   -5    5   -5    3    7    0  -11   -4    8   10   -6    2    9    6    5
    2    1   39    4    1    3    2    1    1       761   12    3    1  -12    7   16  -12    2  -11   13  -20   20   -6    3   13   -8   -7   10
    2    1   40    1    3   45    2    2    0      4869   10    1   -2   -2    0   -3   13   14    1  -15    7    9   11   -5    0    7    8    4
    2    1   41    1    2   48    2    2    1      2623   10   15   15  -12   15   -9    8   -3   13   -1    1   -8   -3    6    1  -11    5    3
    2    1   42    5    3    2    3    2    0      2003    2    3   -5   -6    5  -11   22    8    4   -9    3   14   17    4    1    5    7    2
    2    1   43    4    2    4    2    1    0      1295    1   15   15  -12   14  -10    8   -2    6    4    1   -9    4    9    4  -14    3   -7
    2    1   44    3    3    2    1    2    0      4823    0    0   -6   -8    5   -6    6   21    3  -10    5   10   11   -5    0    8    7    4
    2    1   45    4    1    1    2    1    1      3781   10    5    3  -12   11   15  -10    1  -11   12  -16   15   -6    5    7  -11   -9    7
    2    1   46    3    3    3    1    3    1       986    1   -1   -5   -7    5   -6   11   15    6  -14    6    9   11   -4    1    8    8    4
    2    1   47    5    2    6    3    2    1      6849   10   13   10   -3   18   -6   10    4   12    5    6  -12   13    3    5   -5   11    7
    2    1   48    1    2   58    2    2    1      5628   10   11   17  -16   16   -9    4    3   10    1   -6  -19    8   10    5  -10   10    7
    2    1   49    1    1   68    2    1    1      4168   11    6   -7  -22    8   15  -11    0  -12   12  -15   11   -4    3   13  -11   -6    6
    2    1   50    5    2    3    3    3    0       781   20   20   17   -4   11   -4    9   -2   15    3   -7  -18    2   15    3  -13   20   -6
    2    1   51    2    3    0    0    2    0      1101    1    0   -5   -7    5   -6   12   15    2  -10    6    9   11   -4    1    7    7    4
    2    1   52    5    2    7    3    1    0      3821    6   17   16  -12   13  -10   -3    7    8   -2    1   -8    5   12    9  -11    3    7
    2    1   53    3    3    1    1    3    1      1151    2   -1   -5   -6    4   -6   12   15    2  -10    6    9   10   -3    1    8    6    4
    2    1   54    5    3    6    3    3    1      1728   -1    1  -10   -5    4   -5   17   14    2  -12    8    8   11   -5    6   14    8    5
    2    1   55    5    1    8    3    1    1       775   12    4    3  -11   11   15   -9   -5  -13   12  -15   18   -5    4   12   -5   -8    4
    2    1   56    1    1   78    2    1    1       947    9    5    4  -12    8   20  -11    1  -20   20  -15   12   -5    1   14  -18   -6    6
    2    1   57    5    2    4    3    2    1      1224    8   13   16  -16   23   -1   -1    2   15    7   -2  -13    9   11   10  -15   10    0
    2    1   58    3    1    2    1    1    1       627   13    1    1  -12   17    7   -9    0  -12   13  -14   12   -4    3   12   -9   -6    6
    2    1   59    1    2   87    2    2    1      4518   11   13   23  -14   12  -11    7   -3   14    5    0  -10    5    8    7   -9    9    3
    2    1   60    3    2    2    1    2    1       830   10   12   14  -12   14   -9    7   -2   12    0    1   -9    6   11    3  -12    8    4
    2    1   61    1    3   77    2    3    1      1322    0    2   -5   -6   14   -3   11   15    4  -10    7   10   10   -4    2    4    2    8
    2    1   62    4    3    2    2    3    1       738    2    0   -7   -8    4   -5   11   13    2  -11    8    9   13   -2    1    8    5    3
    2    1   63    5    3    1    3    3    1       642    0    0   -4  -17    8  -13   19    8    2   -9   16   17   11   -6   -4    6    6    6
    2    1   64    5    1    7    3    1    1       820   12    6    1  -12    8   16   -6   -3  -20   15  -12   12   -7    3   15    1   -5    7
    2    1   65    1    1   37    2    1    1       879   12    4    3  -13    7   15  -10   -2  -10   12  -15   10   -6    3   16   -5   -9    6
    2    1   66    1    1   11    2    1    1      1655   12    7    1  -13    7   17   -9   -2  -17   18  -15   14   -5    5   14  -11   -7    4
    2    1   67    5    3    4    3    3    1      2367    2   -2   -6   -6    0   -1   21   12   11  -19    5   11    9    4   -1    2   12    5
    2    1   68    4    2    6    2    2    1      2190   12   13   20  -21   13   -8    4   -4   11    1    3  -11    7    9    2  -13    6    2
    2    1   69    4    2    3    2    2    1      1779   11   13   16  -13   11  -13    9   -1    7   -4    0   -9    4   10   -8   -8   12    2
    2    1   70    3    1    3    1    1    1      1049   11    5    2  -12    9   15  -10    0  -12   13  -20    5   -5    2   11   -8   -4   13
    2    1   71    5    2    1    3    2    1      1387    8    8   16  -14   15   -9    9   -2   12    1    1   -9    8   15    1  -14   10   12
    2    1   72    1    1   62    2    1    1      1042    9    1    5   -7    9   16   -4    9  -10   13  -13   13    4   12   14   -8  -12    8
    2    1   73    1    3    8    2    2    0       755    2    0   -5   -6    7  -11    4    9    0   -9   -2   -1    9   -4    2    8    8    4
    2    1   74    1    3   25    2    3    1       675    2   -1   -4   -8    4   -6   12   14    2  -11    7    7   11   -3    1    6    8    3
    2    1   75    4    1    6    2    1    1       724   14    1   -2  -15    9   13  -12   -1  -12   15  -14   13   -4   -6   13   -8   -5    7
    2    1   76    4    2    2    2    2    1      4163   13   10   15  -11   22  -18    9   -4   10    0    0  -10    6   11    2  -11    5   -3
    2    1   77    5    1    2    3    1    1       841   10   -4    3  -13   13   15   -8   -2   -3   17  -15   12   -5    4   11   -8   -8    6
    2    1   78    1    2   72    2    2    1       773   10   13   11  -19   13   -8    6    0   10    1    2  -11    4   11    5  -16    8    4
    2    1   79    4    3    6    2    3    1       611    3    1   -3   -9    3   -6   14   13    4  -15   10   -1   12   -4    3    6    8    2
    2    1   80    4    2    1    2    2    1      1081   12   13   15  -12   12  -10    7   -1   12   -1    3   -9    4    9    3  -13   11    1
    2    1   81    4    1    5    2    1    1       748   16    0    3  -13    9   14   -9   -1  -12   12  -14   13  -12    4   13   -9   -6    6
    2    1   82    5    1    4    3    1    1      4091    1    4    5   -6   11   14  -20    8  -14   13  -17   14    1   12    4  -19   -6    6
    2    1   83    4    1    2    2    1    1       949   10    5    3  -13    8   13  -12    2  -12   12   -9   15    1    9   12   -7  -10    4
    2    1   84    4    3    4    2    3    1      1067    3   -1   -6   -7    5   -8   11   20    1  -12    6   14   11   -2    1    9    7   11
