    1    1    1    1    2    7    1    1    0     20206   -4  -13    4    1   13    0   12  -14    9  -19  -13   12   -8    0   10    4  -11   -2
    1    1    2    1    1    7    1    3    0      6918    9   13   13    7  -14   16    6    4   -1   10    9   -4    6    8  -10   -8    3   13
    1    1    3    1    1    4    1    1    1      8139    9   14    9    2  -13   16   14    1   -2   10    4   -3    4    9   -2   -4    3   13
    1    1    4    1    1    2    1    3    0      3999    9   13    9    1  -12   14    7    5   -2    9    4   -4    5    8   -3   -3    2   13
    1    1    5    1    2    6    1    2    1      7817   -4  -12    5   -1   14   -1   10  -13    0   -9  -13   13   -1    0    7   14  -10   -2
    1    1    6    1    3    6    1    3    1      4172   -1  -10    9   11   -5   -9   -9    5   14    1   -1   12    5    6   15   13    9    6
    1    1    7    1    1    1    1    1    1      8512    8   13    7    3  -11   14   10   11   -2   11    3   -2    5    8   -3   -3   -5   11
    1    1    8    1    3    2    1    2    0      5418   -2  -13    9   15   -4  -10  -10    6   16    0    1   14    4    7   15   13    3    3
    1    1    9    1    2    1    1    2    1      6412   -4  -13    4    0   14   -1   12  -15    0   -9  -12   14   -8    2    8   14  -11   -3
    1    1   10    1    3    3    1    1    0     11144   -3  -12    6   15   -4  -10  -11    6   14    0   -1   13    5    6   15   14    2    1
    1    1   11    1    3    7    1    3    1      3333   -3  -12    9   11   -5   -9  -11    7   16    0   -1   12    5    6   15   13    3    3
    1    1   12    1    3    8    1    3    1      1595   -2  -13    9   11   -3  -11   -9    4   14    5   -1   13    4    7   15   13    4    2
    1    1   13    1    3    1    1    1    0      2375   -2  -12   10   11   -8  -14  -10    6   15    0   -1   11   11   16   15   14    4    2
    1    1   14    1    3    9    1    3    1      2243   -2  -12    9   11   -4  -10  -10    7   15    1    0   12    5    6   15   12    4    1
    1    1   15    1    2    4    1    2    1      4803   -5  -11    5    0   13   -2   12  -14   -1   -9  -13   13   -7    2    6   14  -10   -3
    1    1   16    1    1    9    1    1    1      4559   10   13    7    3  -17   20    8    5   -1    9    5   -3    5    8   -3   -3    2   13
    1    1   17    1    1    5    1    2    0      6514   11   11    8    2  -12   15    7    5    0   11    2   -4    4    8   -3   -3    0   15
    1    1   18    1    1    8    1    1    1      1238    9   12    7    2  -14   14    6    5   -2   11    4   -3    5    8   -4   -5    2   14
    1    1   19    1    2    2    1    2    1      2015   -4  -12    6   -1   14   -2   12  -14   -2  -10  -14   13   -7    1    6   14  -10   -2
    1    1   20    1    2    8    1    2    1      1431   -5  -12    5    0   13   -2   12  -15    0   -9  -12   14   -7    1    8   14   -8   -2
    1    1   21    1    3    5    1    3    1      5352    5  -16    9   12   -4  -11  -10    7   14    1   -1   12    5    6   23   13    5    1
    1    1   22    1    2    3    1    2    1      3198   -5  -12    5    0   13   -1   12  -15    1   -9  -15   14   -8    1    7   13  -10   -1
    1    1   23    1    1    6    1    1    1      2633    9   13    9    1   -8   10    6    3   -1   10    4   -3    4    5   -3   -3    2   13
    1    1   24    1    3    4    1    2    0      2137   -3  -12    8   11   -2  -16   -9    6   15   -1   -1   11    5    6   15   13    4    2
    1    1   25    1    2    5    1    2    1      3596   -8  -17    5    0   14   -1   12  -14    0   -9  -14   14   -6    2    7   15  -10   -3
    1    1   26    1    2    9    1    2    1      2342   -5  -12    5    1   13   -1   13  -13    0   -4  -13   12   -7    1    7   14  -11   -1
    1    1   27    1    1    3    1    1    1      1525    9   13    9    3  -13   15    7    4   -2   10    4   -3    4    7   -3   -3    2   13
    1    2    1    1    2   11    1    3    0     10208   -4  -12    6    0   12    0   13  -16    0   -9  -14   13   -6    1    8   13   -9   -3
    1    2    2    1    1   10    1    1    1      1043   13   15    8    2  -12   13    7    4   -1    9    4   -3    5    8   -3   -3    3   12
    1    2    3    1    2   13    1    2    1      1715   -4  -11    6    1   13   -1   12  -14   -9  -12  -13   14   -6    1    7   13  -11   -1
    1    2    4    1    3   15    1    3    1      1531   -3  -12    8   11   -4  -10  -11    5   15    0    0   11    5    6   15   13    4    2
    1    2    5    1    2   14    1    2    1      2234   -3  -11    5    0   12    0   15  -19    0  -10  -14   14   -7    0    8   15  -11   -1
    1    2    6    1    1   11    1    1    1      2876    9   13    9    3  -13   14    7    4   -1   10    4   -3    5    8   -3    0    0   17
    1    2    7    1    1   14    1    1    1      1922    9   13    7    2  -12   15    6    5   -1   10    4   -3    5    8   -3   -2    1   14
    1    2    8    1    2   18    1    3    0      2592   -5  -12    5    0    9   -1   13  -15    0   -8  -14   13   -7    0    7   17   -9   -2
    1    2    9    1    1   15    1    1    1      2035    9   13    9    3  -13   16    7    4   -1   11    8   -5    4    9   -4   -4    3   12
    1    2   10    1    3   11    1    3    1      1516   -4  -12    9   11   -3  -10   -8    3   14    1   -1   11    5    6   13   14    3    3
    1    2   11    1    2   17    1    2    1      2347   -3  -12    4   -1   13   -1   12  -14    3  -12  -14   11   -7    1    6   15  -10   -2
    1    2   12    1    3   14    1    3    1      3736   -3  -12    9   11   -5  -10   -9    5   15    0    8   19    5    7   15   14    4    2
    1    2   13    1    3   10    1    3    1      1598   -3  -12   10   10   -4  -10  -10    7   15    0   -1   13    5    6   16   12    3    2
    1    2   14    1    1   13    1    2    0      2298    8   14    8    2  -14   16    7    4   -2   11    4   -3    6    8   -4   -2    2   13
    1    2   15    1    2   12    1    2    1      3083   -4  -12    5    0   13   -1   12  -15    3   -5  -14   12   -7    1    5   13  -10   -2
    1    2   16    1    2   16    1    2    1      2425   -4  -14    5    0   13   -1   10  -10   -1   -8  -13   13   -7    2    7   14   -8   -1
    1    2   17    1    2   10    1    2    1      2162   -4  -12    6    1   13   -1   12  -14    1   -9  -13   14   -5    0    8   13  -10   -2
    1    2   18    1    3   18    1    3    1      1396   -3  -12    9   11   -5   -9  -11    5   15    0    3   11    4    5   15   14    4    2
    1    2   19    1    1   12    1    1    1      3864    9   12    9    1  -13   15    8    3   -2   10    3   -2    7   14   -3   -3    1   13
    1    2   20    1    3   13    1    3    1      1288   -3  -13   10   10   -4  -10  -11    5   14    0   -2   13    5    6   14   13    5    1
    1    2   21    1    1   16    1    2    0     12321    9   13    9   -1  -13   14    8    4    0   11    3   -2    6    7   -2   -4    7   11
    1    2   22    1    1   18    1    1    1      1375    8   15    9    3  -13   15    7    4    0    9    4   -3    5    8   -4   -4    2   12
    1    2   23    1    3   12    1    3    1      1234   -4  -16   10   10   -5   -9  -10    6   14    1    0   12    5    6   14   12    3    3
    1    2   24    1    3   17    1    3    1      1804   -3  -13    9   12   -4  -10   -9    5   15   -1    0   11    5    6   14   13    4    2
    1    2   25    1    2   15    1    2    1      1233   -5  -11    6   -1   11    0   12  -14    0   -9  -13   13   -7    1    7   12  -10   -1
    1    2   26    1    1   17    1    1    1      1931   10   14    8    2  -12   14    7    4   -1    9    3   -2    5    7   -2   -3    2   13
    1    2   27    1    3   16    1    3    1      1304   -4  -12   10   11   -5  -10  -10    5   14    0   -1   11    5    6   15   13    4    1
    1    3    1    1    1   24    1    1    1      2672   10   13   -2   -7  -13   15    8    4   -1   10    4   -3    5    7   -3   -3    3   13
    1    3    2    1    3   26    1    3    1      1376   -2  -13    9   11   -4  -10  -10    6   15    0   -1   12   12    5   14   13    4    1
    1    3    3    1    2   23    1    2    1      1909   -4  -12    5    0   12    0   13  -14    0   -9  -12   13   -7    1    7   13  -12   -2
    1    3    4    1    2   27    1    2    1      1347   -4  -12    5    0   11   -1   10  -15    0   -9  -13   13   -7    1    7   14  -11   -2
    1    3    5    1    2   25    1    3    0      4087   -4  -12    9    4   14    0    3   -6   -3    1  -13   12   -7    1    7   15  -11   -1
    1    3    6    1    3   23    1    3    1       975   -3  -12    9   11   -4   -9  -10    5   15   -1    0   10    6    5   15   13    2   -1
    1    3    7    1    2   22    1    2    1      1989   -4  -12    5    0   12    0   11  -15    1   -9  -13   13   -7    1    6   14  -10   -2
    1    3    8    1    3   22    1    3    1      1455   -3  -12    9   11   -5  -10  -10    5   15    0   -1   13    9   16   13   12    4    3
    1    3    9    1    1   23    1    1    1      1011   10   12    8    2  -14   14    7    4   -1   14    5   -2    5    8   -4   -4    2   14
    1    3   10    1    2   19    1    2    1      1381   -4  -10   -3    0   13   -1   12  -14   -5   -7  -13   13   -7    1    6   14  -11   -3
    1    3   11    1    1   21    1    1    1      1930    9   13    8    1  -13   15    9    5   -1   10   -5   -6    3    4   -3   -3    1   13
    1    3   12    1    1   22    1    1    1      1462   11   13    9    2  -15   16    6    5   -3    9    4   -3    4    8   -3   -3    2   13
    1    3   13    1    3   21    1    3    1      3076   -3  -13    8   12   -5  -11   -9    7   16    0   -1   13    5    5   16   13    3    1
    1    3   14    1    3   24    1    3    1      1061   -3  -12   10   11   -4  -10  -10    6   14    1    0   12    5    6   13   11    4    2
    1    3   15    1    2   24    1    2    1      1767   -3  -13    7   -1   14   -2   11  -13    0   -8  -13   13   -8    2    8   14  -10   -2
    1    3   16    1    2   21    1    2    1      1052   -4  -13    5   -1   13   -1   12  -15    0   -9  -13   13   -7    1    7   14  -10   -4
    1    3   17    1    1   26    1    1    1      1694   10   13    8    2  -13   16    8    5   -1    9    3   -3    5    8   -2   -4    0   12
    1    3   18    1    2   20    1    2    1      3654   -4  -13    5    0   11    2   12  -15    0   -9  -13   13   -9    1    7   13  -11   -1
    1    3   19    1    2   26    1    2    1       592   -4  -12    5    0   11    1   13  -13   -3   -8  -13   14   -7    2    8   15   -9   -1
    1    3   20    1    1   27    1    1    1      1426    9   13    8    6  -13   16    6    5   -1   11    5   -4    4    8   -3   -3    3   14
    1    3   21    1    1   25    1    1    1      1381    9   13    8    1  -13   15   11   -5    0   11    4   -3    6    8   -4   -4    2   13
    1    3   22    1    3   27    1    3    1      1464   -4  -12    9   11    0  -11  -10    6   15   -1    0   13    5    6   15   12    4    1
    1    3   23    1    1   19    1    1    1      1403    9   13    8    2  -13   14    9    6   -1   10    5   -2    4    8   -2   -3    2   13
    1    3   24    1    3   25    1    3    1      1901   -2  -18   10   10   -4  -10  -11   14   16    0    0   13    5    6   18   11    3    2
    1    3   25    1    3   19    1    2    0      3167   -3  -12   12   13   -4   -9  -18    1   15    0   -2   13    3    8   15   13    5    3
    1    3   26    1    1   20    1    1    1      1450    7    7    6    3  -13   15    5    6    0   11    4   -4    4    9   -3   -3    1   13
    1    3   27    1    3   20    1    3    1      1866   -2  -12    9   11   -5   -8  -10    3   15   -1   -2   12    5    6   15   13    6    4
    1    4    1    1    3   29    1    3    1      1835   -3  -12    9   11   -4  -10  -10    7   14    1   -2   13    4    7   15   13    4    1
    1    4    2    1    3   32    1    3    1       877   -2  -11    2    6   -5   -9  -10    6   14    2    0   12   -4   -4   16   14    4    2
    1    4    3    1    1   35    1    1    1      1045    9   12    8    2  -13   13    6    4    0    9    5   -4    5    8   -3   -3    2   13
    1    4    4    1    1   29    1    3    0      3702   13   17    7    1  -13   15    8    5   -1   10    4   -2    5    8   -3   -3    1   13
    1    4    5    1    2   30    1    2    1      1502   -4  -12    4    1   14   -2   11  -13    0   -9  -13   13   -7    0    2   19  -10   -3
    1    4    6    1    2   29    1    2    1       942   -4  -12    4    0   13   -1   11  -17    0   -9  -13   13   -9    1    8   15   -9   -3
    1    4    7    1    3   30    1    3    1      1476   -3  -12    8   13   -5   -9  -10    6   14    0   -2   11    5    6   15   13    5    2
    1    4    8    1    1   33    1    1    1      1814    7   14    8    2   -8   16    3    7   -2   11    4    0    6    8   -3   -4    4   12
    1    4    9    1    3   36    1    3    1      3560   -3  -12    8   11    6   -8  -10    6   15    0   -2   13    6    5   15   13    5    3
    1    4   10    1    1   36    1    2    0      1733   10   14    7    1  -12   14    7    5   -1   10    5   -3    4    9   -3   -4    2   14
    1    4   11    1    1   32    1    1    1      1707    8   14    9    2  -13   15    7    4    0    9    4   -3    5    8   -3   -3    2   12
    1    4   12    1    2   36    1    2    1      2369   -4  -12    6    1   13   -1   13  -14    1   -8  -12   13   -7    1    6   15   -8   -4
    1    4   13    1    3   34    1    2    0      1982   -2  -13    8   11   -4  -10  -10    6   15    0    2   17    7    4   18    3    3    6
    1    4   14    1    1   31    1    1    1      2987   10   12   12   -2  -13   14    6    5   -2   11    4   -3    4    8   -3   -3    2   13
    1    4   15    1    2   32    1    2    1      5711    1  -21    6    3   13   -1   11  -15    1   -9  -13   13   -7    2    8   13  -12    0
    1    4   16    1    2   35    1    3    0      3093   -4  -13    5    0   13   -3   11  -14    0   -8  -13   18   -7    1    6   13  -10   -3
    1    4   17    1    1   34    1    1    1      1269   10   13    8    1  -15   15   10    0   -3   15    4   -3    5    8   -3   -3    2   13
    1    4   18    1    2   33    1    2    1      1789   -4  -11    4   -1   12    0   17  -21    1  -11  -12   12   -7    1    7   14  -10   -2
    1    4   19    1    2   31    1    2    1      1502   -1  -18    5   -1   12    0   13  -15    0   -8  -13   12   -8    1    8   14   -9   -1
    1    4   20    1    1   28    1    1    1      1470    8   12    8    2  -12   15    6    5    0    9    4   -3    5    9   -3   -3    1   13
    1    4   21    1    1   30    1    1    1       719    9   12    8    2  -14   16    7    5   -2   11    3   -4    5    8   -3   -4    3   13
    1    4   22    1    2   34    1    2    1      1213   -5  -12    5    0   13   -1   12  -14    1   -9  -13   13   -8    1    6   14  -10   -2
    1    4   23    1    3   35    1    3    1      1415   -3  -12    9   12   -4   -9  -12    6   15    0   -1   11    5    7   15   14    5    2
    1    4   24    1    3   31    1    3    1       921   -1  -13   17    7   -5  -10  -10    6   16    0   -6    6    4    7   15   13    3    3
    1    4   25    1    3   28    1    3    1       673   -3  -13   11   12   -4  -10  -10    6   10    2   -1   12   10    6   15   13    3    3
    1    4   26    1    2   28    1    2    1      1474   -4  -12    4    1   13   -1   13  -14    0  -10   -8   18   -7    0    6   13  -13    0
    1    4   27    1    3   33    1    3    1       931   -3  -12    9   11   -4  -10  -11    7   15    0    0   13    5    6   16   13    3    3
    1    5    1    1    3   42    1    3    1       889   -3  -12   10   11   -4   -9   -9    6   15    0    0   11    6    5   13   13    4    3
    1    5    2    1    2   45    1    2    1       914   -9   -8    5    1   13   -1   11  -13    0  -10  -13   13   -7    0    6   14  -10   -3
    1    5    3    1    1   45    1    1    1      2026    9   13    7    3  -13   15    7    6   -2    9    7   -4    5    8   -1   -4    2   13
    1    5    4    1    1   40    1    1    1       838    9   14    9    3  -19   14    6    5   -1   10    4   -4    5    8   -3   -3    2   13
    1    5    5    1    2   40    1    2    1       719   -3  -12    5    0   13   -1   12  -14    0   -9  -13   14   -7    1    8   14  -11   -2
    1    5    6    1    3   37    1    3    1       764   -2  -11    8   11   -5   -9  -10    7   13    8   -1   12    4    7   14   12    3    2
    1    5    7    1    3   44    1    3    1       968   -2  -11   10   10   -4  -10  -11    7   15    1   -5   12    5    6   19   10    4    3
    1    5    8    1    2   44    1    2    1       797   -3  -11    3   -3   13   -1   11  -17    1   -9  -14   14   -7    0    7   14  -10   -2
    1    5    9    1    2   38    1    2    1       778   -5  -11    5    0   13    0   13  -18    1   -8  -12   13   -7    1    7   13  -10   -2
    1    5   10    1    3   39    1    3    1       903   -3  -12    9   11   -4  -10  -10    6   14    0   -1   12    5    6   15   13    4    2
    1    5   11    1    1   37    1    1    1      8365   12   16   15   -1  -13   14    8    4   -1    6    3   -2    5    8   -4   -3    3   14
    1    5   12    1    3   40    1    3    1       794   -3  -12    9   11   -4  -10  -11    7   13    1   -3   11    6    6   16   12    5    1
    1    5   13    1    1   41    1    1    1      2198    9   13    9    2  -12   14   14   -2   -2    9    2   -1    5    9   -3   -3    3   14
    1    5   14    1    2   37    1    2    1      1691   -4  -12    6    0   16   -4    5  -14    1  -10  -13   13   -7    2    7   11   -9   -2
    1    5   15    1    3   38    1    3    1       818   -3  -12   10   11   -4  -10  -10    6   15    0   -1   12    6    7   14   13    4    1
    1    5   16    1    2   43    1    2    1       956   -5  -13   -3    0   13    0   12  -14    0   -9  -13   12   -6    0    6   14  -10   -1
    1    5   17    1    1   43    1    1    1      1120    8   11    8    2   -9   11    7    4    0    9    4   -3    5    7    2    1    2   13
    1    5   18    1    3   45    1    3    1       751   -3  -13    8   11   -4  -10  -10    6   16   -1   -1   13    6    6   15   13    3    1
    1    5   19    1    1   39    1    1    1      2572    9   12    8    2  -13   15    7    4   -1   10    4   -4    5    8   -4   -2    2   13
    1    5   20    1    1   42    1    1    1      1137   19    6    9    1  -12   15    7    4   -1   10    4   -3    5   10   -3   -3    3   12
    1    5   21    1    2   41    1    2    1      1247   -4  -11    5    0   14   -2   12  -14   -1  -10  -15   13   -6    1    7   14   -9   -3
    1    5   22    1    3   43    1    3    1       791   -2  -12   11    8   -4  -10  -11    3   16    1    0   12    5    6   11   17    3    3
    1    5   23    1    3   41    1    3    1       945   -3  -12    9   12   -4  -10  -10    7   16   -1   -3   11    6    5   14   13    4    3
    1    5   24    1    2   42    1    2    1       903    3  -15    3    2   14   -2   13  -14    1   -9  -12   12   -7    1    7   13   -9   -2
    1    5   25    1    2   39    1    2    1      1279   -4  -13    5    0   13   -1   11  -13    0   -9  -12   12   -7    1    8   15   -9   -3
    1    5   26    1    1   38    1    1    1      2009    9   13    9    2  -14   16    6    2   -2   10    3   -4    9   10   -2   -2    2   13
    1    5   27    1    1   44    1    1    1      2195    9   12    7    3  -13   14    9    4   -1   10    4   -4   -5   11   -3   -3    2   13
    1    6    1    1    3   46    1    3    1      1990   -3  -11    8   11   -5  -10  -10    6   15    0   -3    4    5    6   16   13    4    1
    1    6    2    1    3   49    1    3    1       947   -3  -12    8   12   -4  -10  -10    6   16   -1   -1   12    5    5   16   12    4    1
    1    6    3    1    1   53    1    3    0      1257   10   14    9    2  -13   14    7    5    0   10    4   -2    6    8   -3   -3    3   13
    1    6    4    1    1   49    1    1    1      2965   10   12    7    1  -13   15    8    4   -7   10    5   -2    5    8   -1   -8    1   11
    1    6    5    1    3   51    1    3    1      1145   -2  -12    9   10   -4  -10   -9    7   15    0   -3   15    6   10   17   15    4    2
    1    6    6    1    1   51    1    1    1      2025    9   13    8    3  -16   20   -2    7   -1   10    3   -1    5    7   -4   -4    3   13
    1    6    7    1    2   52    1    2    1       787   -5  -12    5    1   14    0   11  -14    1  -10  -13   13   -7    2    6   14  -10   -2
    1    6    8    1    2   46    1    2    1       799   -4  -12    5   -1   13   -1   11  -13    0   -9  -13   13   -7    1    7   14  -10   -2
    1    6    9    1    2   49    1    2    1       907   -4  -11    5    0   13   -1   13  -14    1   -9  -13   13   -7    2    6   15  -10   -2
    1    6   10    1    3   54    1    3    1      1043   -4  -12    8   12   -5   -9  -10    7   16    1    3    5    0    3   15   13    4    2
    1    6   11    1    3   48    1    2    0      2693   -3  -12    8   10   -3   -8  -10    6   15    0   -2   12    4    7   15   13    4    2
    1    6   12    1    1   54    1    1    1      1494   10   12    8    2  -13   14    6    5   -1   10    4   -3    5    9   -3   -3    2   13
    1    6   13    1    1   46    1    1    1       661    9   13   12    6  -13   16    6    4   -1   10    3   -4    5    8   -3   -3    2   13
    1    6   14    1    2   51    1    2    1      1015   -4  -11    5    0   14   -2   12  -15    0   -9  -14   14   -6    0    8   16  -10   -2
    1    6   15    1    3   47    1    3    1       858   -3  -12   10   10   -4  -10   -5    9   15    0    0   12    5    5   15   13    4    3
    1    6   16    1    2   48    1    2    1      1123   -3  -11    5    0   12    1   12  -14   -1   -8  -13   13   -6    1    6   15  -10   -2
    1    6   17    1    3   53    1    3    1       962   -4  -12    9   11   -3  -10  -11    6   15    1    1   14   10    4   14   13    3    3
    1    6   18    1    2   50    1    2    1       746   -5  -11    2    0   13   -1   12  -14   -2  -10  -13   13   -7    1    7   14  -10   -2
    1    6   19    1    1   50    1    1    1       919    9   12    8    2  -11   20    6    4   -2   10    4   -4    6    9   -3   -3    2   13
    1    6   20    1    2   53    1    2    1      1150   -3  -13    5    0   14    0   21  -24  -10   -4  -13   13   -6    2    6   14   -2  -11
    1    6   21    1    2   54    1    2    1       701   -4  -12    5    1   13   -1   12  -14    0   -9  -12   12   -8    2    7   13  -10   -2
    1    6   22    1    3   50    1    3    1      1198   -4  -11    9   11   -7   -9  -11    6   15   -1   -2   12    5    7   21    7    4    2
    1    6   23    1    2   47    1    2    1       779   -5  -11    6   -1   14    0   12  -14    1  -10  -13   13   -7    1    6   14  -11   -1
    1    6   24    1    1   48    1    1    1       857    9   13    8    2  -12   14    6    4   -1   10    5   -4    4   10   -3   -4    2   13
    1    6   25    1    1   47    1    1    1       692   10   13    8    3  -23   17    6    4   -1   10    4   -3    5    8   -1   -2    1   23
    1    6   26    1    3   52    1    3    1      2998   -3  -13    6    3   -3  -10  -10    6   15    2   -2   12    5    6   15   13    4    2
    1    6   27    1    1   52    1    1    1       906   10   12    5    6  -13   15   -1    3   -1   10    4   -3    6   10   -3   -3    3   12
    1    7    1    1    2   56    1    2    1      3344   -4  -11    4    1   21   -4   13  -14   -1   -9  -14   14   -8    1    7   14  -12   -3
    1    7    2    1    3   56    1    3    1       968   -2  -13   10   11   -3  -10  -10    6   21   -8    0   11    4    6   15   13    4    2
    1    7    3    1    2   55    1    2    1       622   -4  -12    5    0   13   -1   12  -14    1   -9  -13   13   -8    2    8   14  -10   -2
    1    7    4    1    2   57    1    2    1       962   -4  -12    5   -1   13   -1   12  -14    0   -9  -13   13   -6    0    7   14  -10   -2
    1    7    5    1    2   59    1    2    1       840   -4  -11    6    1   13   -1   12  -14   -1   -8  -13   13   -7    1    7   15  -10   -2
    1    7    6    1    1   61    1    1    1      1313    8   21    9    1  -12   15    8    5    0   10    5   -1    6   13   -3   -3    1   14
    1    7    7    1    2   63    1    2    1       952   -4  -12    5   -1   13   -1   12  -14    0   -9  -13   14   -6    1    6   14  -11   -1
    1    7    8    1    1   63    1    1    1       797    9   13    9    1  -13   15    8    5    0   10    3   -2    6    8   -2   -2    1   13
    1    7    9    1    3   55    1    2    0       634   -2  -13   11   12   -2   -9  -10    7   15    0  -10   20    5    6   15   13    4    1
    1    7   10    1    3   60    1    3    1      1373   -3  -12    9   11   -4  -10  -10    6   16    0   -2   11    6    7   15   12    5    1
    1    7   11    1    3   61    1    3    1       627   -3  -12    5   15   -5  -11  -10    6   14   -1    0   11    1    8   17    9    4    0
    1    7   12    1    1   62    1    1    1       822   10   13    8    1  -13   15    7    4   -2   11    4   -3    5    8   -4   -2    3   13
    1    7   13    1    3   57    1    3    1      1105   -2  -12    9   11   -3  -10  -10    6   15    0    0   13    5    5   15   13   14   -6
    1    7   14    1    2   61    1    2    1       738   -5  -11    8   -9   12   -1   12  -14    0   -9  -12   12   -8    1    7   12  -11   -1
    1    7   15    1    1   59    1    1    1      1169    8   13    8    2  -14   13    7    5   -2   10    5   -5    5    8    1    2    2   13
    1    7   16    1    3   58    1    3    1      1787   -1   -4    9    2   -4  -10  -10    5   15   -1   -1   12    6    6   14   14    4    3
    1    7   17    1    3   63    1    2    0       657    2  -17   10   11   -4  -10   -9    5   22   -5   -1   13    6    5   14   12    6    0
    1    7   18    1    2   62    1    2    1       692   -4  -15    5    0   13    0   12  -14    0   -9  -13   13   -7    1    6   14  -10   -3
    1    7   19    1    1   57    1    1    1      1221    9   15    9    3  -13   15    6    4   -1   10    3   -4    5    9   -3   -3    3   12
    1    7   20    1    1   58    1    1    1      1025    2   22    6    1  -13   15    8    3   -1    9    5   -4    5    7   -3   -3    1   14
    1    7   21    1    3   59    1    3    1      1314   -3  -13    9   11   -4  -10  -10    6   15    0    0   13    5    6   14   14   -5    3
    1    7   22    1    2   58    1    2    1       860   -4  -12    5    0   12   -1   12  -14    2   -7   -3   10   -7    2   10    9  -10   -2
    1    7   23    1    1   55    1    1    1       935    8   14    8    2  -12   14    7    5    3    6    4   -3    5    8   -7   -2    2   14
    1    7   24    1    1   56    1    1    1       941    9   12    9    3  -13   15    7    5   -1   10    5   -2    5    8   -2   -3    9    8
    1    7   25    1    2   60    1    2    1       737  -13  -10    5    0   13    0   12  -14   -1   -9  -13   13   -8    1    7   14   -9   -3
    1    7   26    1    3   62    1    3    1       911   -3  -12    9   10   -4  -10  -10    6   15    0   -1   12    4    7   14   13    4    2
    1    7   27    1    1   60    1    1    1       856    9   13    9    0  -13   15    7    3   -1   11    4   -4    5    7    1   -7    2   13
    1    8    1    1    1   72    1    1    1      1185    9   13   11   12  -12   15    7    3    1   10    1   -7    6    8   -2   -2    1   17
    1    8    2    1    3   69    1    3    1       973   -3  -13    9   11   -5   -9  -10    6   14    0   -1   12    1    1   15   13    3    3
    1    8    3    1    2   70    1    2    1       705   -4  -11    5    0   13   -1   15  -16   -1   -8  -13   13   -8    2    7   14  -20    8
    1    8    4    1    2   64    1    2    1       929   -4  -12   -4    9   13   -2   12  -14    0   -9  -12   12   -6    2    7   13   -8   -3
    1    8    5    1    2   69    1    2    1       616   -5  -14    6    1   12   -1   13  -15    1   -8  -13   14   -6    1    7   14  -10   -3
    1    8    6    1    3   65    1    3    1       732   -3  -12    9   11   -5  -10  -12    6   15    0    0   11    4    7   16   12    5    1
    1    8    7    1    2   67    1    2    1       667  -14  -22    5    0   13   -2   11  -13    1   -9  -12   12   -7    2    7   14  -10   -2
    1    8    8    1    1   64    1    1    1       908    5   12    9    2  -12   14    8    5   -1   11    5   -2    4    7   -3   -2    2   13
    1    8    9    1    3   67    1    3    1       659   -3  -12   10   10   -4  -10  -10    5   14    0   -1   12    5    7   14   13    4    1
    1    8   10    1    2   71    1    2    1       676   -4  -12    5    0   13   -1   11  -13    0   -9  -12   12   -8    2    7   14  -10   -2
    1    8   11    1    3   71    1    3    1       789   -3  -12    9   11  -10   -6  -10    7   14   -1    0   13    5    6   16   13    5    2
    1    8   12    1    2   66    1    2    1       595   -4  -12    5    0   14   -1   11  -13   -1   -8  -13   13   -7    0    6   16  -11   -2
    1    8   13    1    1   65    1    1    1      1174   10   14    6    4  -14   15   12    8   -2   11    4   -3    5    8   -2   -2    3   13
    1    8   14    1    3   64    1    3    1       771   -3  -12    9   11   -4  -10   -9    6   15   -1   -5    9    5    5   15   13    3    2
    1    8   15    1    1   67    1    1    1      1088   10   13    7    2  -13   15    6    4   -1   11    5   -3    4    9   -3   -4    3   12
    1    8   16    1    3   72    1    3    1      1184   -2  -11    9   12   -4  -10  -10    6   15    0   -1   11    6    5   16   14    4    2
    1    8   17    1    1   71    1    1    1      1068   10   13    8    2  -13   15    7    4   -2   11    4   -3    3   10   -4   -3    2   13
    1    8   18    1    3   70    1    3    1      1165   -2  -12   10   11   -3  -10   -9    5   16    1    6   20    6    6   15   13    4    3
    1    8   19    1    2   68    1    2    1       811   -4  -12    6   -1   12   -2   11  -13    0   -9  -12   12   -7    1    6   14  -10   -2
    1    8   20    1    1   69    1    1    1       982   15   18    8    1  -12   20    8    6   -2   10    4   -4    6    8   -3   -3    2   12
    1    8   21    1    1   66    1    1    1      1451    8   12    8    2  -12   14    6    4   -1   11    4   -3    4   10   -3   -4    2   11
    1    8   22    1    1   70    1    1    1       589    8   12    8    2  -12   16    7    4   -2    9    4   -3    5    8   -4   -2    4   11
    1    8   23    1    2   72    1    2    1       946   -4  -12    5    1   13   -1   12  -15   -1   -8  -13   13   -7    1    6   13  -10   -2
    1    8   24    1    1   68    1    1    1       838    9   14    8    0  -13   15    7    3   -1   10    4   -4    4    9   -4   -3    2   13
    1    8   25    1    2   65    1    2    1       687   -4  -12    6    0   12   -1   12  -14    0   -9  -13   13   -6    2    7   14   -9   -2
    1    8   26    1    3   66    1    1    0      2816   -2  -12    8   12   -1   -5  -11    6   14    0   -1   11    0    3   15   12    5    1
    1    8   27    1    3   68    1    3    1      5928   -3  -12    9   11   -3   -9  -11    7   15    0   -8    5    6    6   15   12    4    2
    1    9    1    1    1   79    1    1    1      2824   10   12    8    2  -13   15    7    4   -1   10    4   -3    5    8   -4   -3    2   13
    1    9    2    1    2   78    1    2    1      1060   -5  -12    5    0   18    6   12  -14    0   -9  -13   14   -8    1    7   14  -10   -2
    1    9    3    1    2   77    1    2    1       568   -1  -12    5    0   12    0   12  -14    0   -9  -13   13   -8    0   -1   23  -10   -2
    1    9    4    1    2   74    1    2    1      1070   -4  -11    5    0   12    5   13  -15    0   -9   -8   10   -8    5    7   14  -10   -1
    1    9    5    1    3   79    1    3    1      1985   -3  -12    8   12   -4  -10  -11    6   20   -4   -1   11    5    4   14   13    4    2
    1    9    6    1    1   80    1    1    1      1565    9   13    7    1  -14   15    6    5   -1   10    4   -2    5    8   -7    0    2   14
    1    9    7    1    2   81    1    2    1       923   -5  -13    6   -1   13   -1   13  -14   -1   -8  -13   13   -6    0    6   15  -11   -1
    1    9    8    1    1   75    1    1    1      1315   10   13    9    3  -13   15    7    4   -1    9    5   -3    4    4   -1   -6    3   15
    1    9    9    1    2   75    1    2    1       923   -4  -12    3   -2   13   -1   12  -14    1   -9  -12   13   -7    1    7   14  -13   -5
    1    9   10    1    1   76    1    1    1       865   11   13    8    2  -14   16    7    4   -2   11    4   -3    5    8   -2   -3    2   12
    1    9   11    1    3   75    1    3    1       715   -9  -15    9   11   -6  -14  -10    6   15    0   -3   10    5    6   15   14   -6    4
    1    9   12    1    1   74    1    1    1       777    9   13    8    1  -13   15    7    3   -1   10    5   -3    7    7   -2   -4    3   12
    1    9   13    1    3   73    1    3    1       967   -3  -11    6   12   -5  -10   -9    6    5    5    0   12    7    4   16   12    4    2
    1    9   14    1    1   77    1    1    1      1051    9   13    8    1  -13   15    6    4   -1   10    4   -3    4    9   -4   -4    2   13
    1    9   15    1    3   80    1    3    1       699   -3  -12    9   11   -4  -10  -10    6   15    1   -2   12    4    7   15   14    5    2
    1    9   16    1    3   81    1    3    1       638   -4  -11    1    6   -5   -8  -11    5   15    0    0   13    6    7   16   12    4    2
    1    9   17    1    2   76    1    2    1       751   -5  -11    6   -1   16   -5   12  -14    0  -10  -13   13   -7    1    7   14  -11   -2
    1    9   18    1    2   79    1    2    1       907   -4  -13    6    1   12   -1   13  -13    1  -10  -13   13   -8    1    7   14  -11   -3
    1    9   19    1    3   76    1    3    1       772   -3  -12    9   11   -4   -9  -10    6   16   -1   -1   12    5    6   16   13    5    3
    1    9   20    1    1   81    1    1    1       881    8   12    8    2  -13   15    7    4   -1   10    4   -3    4    9   -3   -2    3   14
    1    9   21    1    2   73    1    2    1       649   -3  -13    3   -2   12   -2   12  -14    1  -10  -12   11   -7    1    8   15  -12   -2
    1    9   22    1    1   73    1    1    1      1675    9   13    8    2   -8   15    7    5   -2   11    5   -2    5    8   -9    0    2   13
    1    9   23    1    1   78    1    1    1      2245    6   15    8    3  -12   15    7    5   -1    9    3   -5    5    7   -3   -1    2   14
    1    9   24    1    3   78    1    3    1       759   -2  -11    9   12    0   -6  -10    6   14    0   -1   13    6    5   15   14    3    3
    1    9   25    1    3   74    1    3    1      1286   -3  -12    8   12   -4  -10  -10    6    5   -4   -1   12    4    6   15   13    3    3
    1    9   26    1    2   80    1    2    1       703   -4  -12    5    0   13   -1   11  -14    0   -9  -13   12   -6    1    7   14  -11   -3
    1    9   27    1    3   77    1    2    0       529    1   -9    8   16   -4   -9  -10    6   15    0   -1   12    6    5   15   13    5    2
    1   10    1    1    1   82    1    1    1      1111   10   13    8    2  -12   14    7    4   -1   10    3   -4    6    8   -3   -1    2   13
    1   10    2    1    1   90    1    1    1       680    9   13    9    2  -13   14    7    5   -2   11    6   -4    5    7   -3   -3    2   13
    1   10    3    1    3   84    1    3    1      1451   -4  -11   10   12   -9   -9   -9    6   16   -1    1   17    5    6   17   13    4    1
    1   10    4    1    3   89    1    3    1       828   -3  -13    9   13   -5  -11  -10    6   14    1   -1   12    6    7   16   13    4    2
    1   10    5    1    2   89    1    2    1       695   -4  -13    6   -1   14    0   18  -13    0   -9  -12   12   -6    0    8   14  -10   -2
    1   10    6    1    2   84    1    2    1       583   -4  -12    6   -4   12   -1   11  -13   -1   -9  -14   14   -6    0    7   14  -10   -2
    1   10    7    1    1   83    1    1    1      2059    9   13    7    1  -12   15    8    4    0    9    4   -3   13    4   -3   -4    2   13
    1   10    8    1    3   82    1    3    1       694   -2  -14    9   11   -4   -8  -10    5   13    1   -1   12    5    6   15   14    4    2
    1   10    9    1    3   87    1    3    1       567   -4  -20   10   10   -4  -10  -10    6   15    0   -2   14    5    6   15   13    5    1
    1   10   10    1    3   83    1    3    1       892   -3  -11   10   10   -5  -10  -11    6   15   -1   -1   12    4    7   15   12    5    3
    1   10   11    1    2   86    1    2    1       724   -5  -11    4    1   12    1   12  -15    1  -10  -11   12   -7    1    6   15   -9   -2
    1   10   12    1    2   85    1    2    1       644   -4  -12    4    0   13   -1   13  -14    0   -9  -13   13   -1   -4    7   15  -10   -1
    1   10   13    1    1   86    1    1    1      1063    8   14    8    2  -11   23    5    5   -1   10    4   -4    5    8   -1   -5    2   13
    1   10   14    1    1   85    1    1    1      1177   11   14    7    2  -15   16    6    5   -2   11    4   -2    7    8   -4   -2    3   12
    1   10   15    1    2   90    1    2    1       728   -4  -12    6   -1   12    0   11  -14    0   -9  -14   12   -7    0    7   14  -10   -2
    1   10   16    1    1   87    1    1    1      1078    8    9    6    0  -13   15    7    3   -3    3    4   -3    5   10   -2   -3    7   13
    1   10   17    1    3   85    1    3    1      2105   -6   -8    9   12   -4   -5  -10    6   16   -1   -1   11    9    8   15   13    4    3
    1   10   18    1    3   88    1    3    1       656    2   -4    9   10   -4  -10  -11    7   15    0   -1   12    4    8   16   13    5    1
    1   10   19    1    2   83    1    2    1       994   -3  -10    4    0   13   -1   11  -14    0  -10  -14   14   -6    0    1   23   -9   -2
    1   10   20    1    3   90    1    3    1       729   -4  -13    9   11   -3  -11  -10    6   14    0   -1   13    4    5   15   13    4    2
    1   10   21    1    2   82    1    2    1       713   -4  -12    5    0   13   -1   11  -13    0   -9  -13   13   -7    1    6   14  -11   -3
    1   10   22    1    1   89    1    1    1       648    9   13    8    1  -12   16    6    4   -8   11    3   -2    4    9   -2   -3    2   13
    1   10   23    1    1   88    1    2    0      2778    7   14    9    2  -14   16    7    4   -2   11    3  -13    5    8   -4   -2    2   12
    1   10   24    1    2   87    1    2    1      1257   -4  -12    0    6   12   -1   12  -15   -1   -8  -11   12   -7    1    7   14  -11   -2
    1   10   25    1    2   88    1    2    1       854   -4  -12    6   -1   12    0   13  -14   -2   -8  -12   12   -7    0    8   15   -4    6
    1   10   26    1    3   86    1    3    1       818   -4  -14    9   11   -4  -10  -10    6   15    0   -1   11    4    7   16   14    4    3
    1   10   27    1    1   84    1    1    1      1132    9   13    9    1  -12   15    7    4    0   10    5   -2    5    8   -3   -3    2   14
    2    1    1    4    2    5    2    2    1      2570   -6  -17    4    0   14    0   13  -15   -1  -13  -14   13   -4   -2    7   15  -11   -1
    2    1    2    5    2    3    3    2    1      4864    2  -10   -5    3   14   -2   10  -14    4   -9  -15   16   -3    1    7   16  -18   -6
    2    1    3    1    2    1    1    2    1      1850   -4  -13    4    0   14   -1   12  -15    0   -9  -12   14   -8    2    8   14  -11   -3
    2    1    4    4    2    4    2    2    1      1741    2   -7   -1   -8   14   -2   11  -14    1  -10  -13   11   -6    0    5   19  -11   -1
    2    1    5    5    1    5    3    1    1      2514    7   17   10    5   -8   20    8    3    4    9   -1    2   -5    3   -4   -3    3   23
    2    1    6    4    1    4    2    1    1      1305   10   13    9    1  -13   17   14    8   -3   11    6   -3    6   15    1   -6    2   12
    2    1    7    4    3    5    2    3    1      1999   -5  -13    9   10   -7   -7   -9    5   14    2   -1   13    6    4   16   14    6    1
    2    1    8    4    1    5    2    1    1      1643    6   15   10    2  -12   14    5    6   -1    9    2   -4    6   10   -3   -2    2   14
    2    1    9    1    3   18    1    3    1       979   -3  -12    9   11   -5   -9  -11    5   15    0    3   11    4    5   15   14    4    2
    2    1   10    1    3   21    1    3    1      1561   -3  -13    8   12   -5  -11   -9    7   16    0   -1   13    5    5   16   13    3    1
    2    1   11    1    1   30    1    1    1       984    9   12    8    2  -14   16    7    5   -2   11    3   -4    5    8   -3   -4    3   13
    2    1   12    2    3    0    0    3    1       877   -3  -12    9   11   -4  -10  -10    6   15    0   -1   12    5    6   15   13    4    2
    2    1   13    5    2    1    3    1    0      4502  -11   -3    3    2   12    1   10  -12   -1  -10  -10   13   -7   -7   -2   12  -13    6
    2    1   14    5    3    8    3    3    1      1373   -2  -10    3   13   -2  -13   -6   10   22   -9    4   16   -3   14   11    4    4    1
    2    1   15    3    2    3    1    2    1      1012   -4   -9    5    0   11   -1   13  -15    0   -9  -13   13  -14    1    7   14   -9   -1
    2    1   16    1    3   40    1    3    1       761   -3  -12    9   11   -4  -10  -11    7   13    1   -3   11    6    6   16   12    5    1
    2    1   17    1    3   47    1    3    1       711   -3  -12   10   10   -4  -10   -5    9   15    0    0   12    5    5   15   13    4    3
    2    1   18    4    1    3    2    1    1      1527    7   12    9    2  -15   16    8    4   -1    9    5   -3    5    9   -2   -3   -1   14
    2    1   19    5    2    9    3    3    0      1879   -3   -7    4   -1   10   -4   11  -13   -4  -12  -20    3   -2    3   14   12    0   -6
    2    1   20    3    2    2    1    2    1      1465   -4  -13    5    0   12   -9   12  -14   -1   -8  -13   13   -7    1    6   15  -11   -1
    2    1   21    4    1    6    2    1    1      1048    8   13    6    4  -12   14    7    2   -2   11    4   -4    7    9   -3   -4    1   13
    2    1   22    1    3   62    1    3    1       778   -3  -12    9   10   -4  -10  -10    6   15    0   -1   12    4    7   14   13    4    2
    2    1   23    3    1    3    1    1    1      1032    9   13    8    1  -12   14    3    9   -1   10    4   -3    5    8   -2   -3    2   13
    2    1   24    1    3   70    1    3    1       696   -2  -12   10   11   -3  -10   -9    5   16    1    6   20    6    6   15   13    4    3
    2    1   25    5    2    2    3    2    1       984   -6  -10    5    1   17   -2   21  -14    0   -8  -11   13   -9    3    6   17  -11   -3
    2    1   26    1    3   77    1    3    1       909    1   -9    8   16   -4   -9  -10    6   15    0   -1   12    6    5   15   13    5    2
    2    1   27    3    1    1    1    1    1       997   10   13    8    3  -14   16   10   -6   -1   10    4   -3    4    9   -2   -7    3   12
    2    1   28    5    2    4    3    2    1      4056  -10  -18    0    0    3    8   20  -14   -9   -9  -14   14   -6    6    5   13   -8   -3
    2    1   29    3    3    2    1    3    1       817   -3  -13    9   11   -4  -10  -10    6   14    0    0   11    6    7   14   12    4    1
    2    1   30    4    3    6    2    3    1      2300   -8   -7   16   15    3  -18   -9    1   15   -1   -1   11    7    7   23   16    3    2
    2    1   31    2    1    0    0    1    1      1390    9   13    8    2  -13   15    7    4   -1   10    4   -3    5    8   -3   -3    2   13
    2    1   32    4    2    3    2    3    0      2657   -4  -14    3   -1   11    2   16  -16   -3  -18  -14   14   -8    0    7   13   -9   -3
    2    1   33    4    2    1    2    2    1      5185   -2  -12    4   -1   15   -3   13  -15    0  -10   -4   10   -8    0    6   12  -10   -1
    2    1   34    4    3    1    2    2    0      2622   -4  -14    9   10   -3   -9   -5    4   19   -8   -1   14    4    6    8   15    3    3
    2    1   35    5    1    8    3    1    1      2063    3    9    9   -7  -14   14    6    0   -8   17   -6    0   13   -1  -11   -3    3   13
    2    1   36    5    1    6    3    3    0      5543    8   22   -2    2  -10   13    8    3   -1   11    9   -6    0   16    2    2    7    7
    2    1   37    1    1   90    1    1    1       935    9   13    9    2  -13   14    7    5   -2   11    6   -4    5    7   -3   -3    2   13
    2    1   38    5    3    3    3    2    0      7485   -6  -12    7   11   -6  -15  -11    7   12    2    8    3    5    7   15   11    6    4
    2    1   39    5    2    6    3    3    0      3725   -5  -11    6   -1   12   -1   13  -15   -5  -19   -9    8   -6    1    4    8  -13   -3
    2    1   40    3    1    2    1    1    1       823    9   13    8    3  -14   15    7    5   -2    9    5   -2    5    8   -4   -3   -3   16
    2    1   41    4    3    4    2    3    1      1200   -1  -12   17   15   -3  -11   -9    6   14   -1   -3   12    6    5   14   13    4    1
    2    1   42    1    1    7    1    1    1      1036    9   13   13    7  -14   16    6    4   -1   10    9   -4    6    8  -10   -8    3   13
    2    1   43    5    1    7    3    1    1      1071    7   15   16    8  -15   19    9    5   -1    9    5    2   -3   15   -4   -1   -3    6
    2    1   44    1    1   11    1    1    1       688    9   13    9    3  -13   14    7    4   -1   10    4   -3    5    8   -3    0    0   17
    2    1   45    5    3    4    3    3    1      1346  -11   -6   11    9    0  -15  -11    2   15    2    4   11    8    9   24   19    4    1
    2    1   46    1    2   20    1    2    1      1065   -4  -13    5    0   11    2   12  -15    0   -9  -13   13   -9    1    7   13  -11   -1
    2    1   47    5    3    9    3    2    0      9802   -3  -13   14    1   -7   -6   -8    4   20    4   -3   13    4    5   24   19    2    4
    2    1   48    1    1   28    1    1    1       896    8   12    8    2  -12   15    6    5    0    9    4   -3    5    9   -3   -3    1   13
    2    1   49    4    2    6    2    2    1      1784    4  -16   -5   10   14   -9   11  -14   -5    0  -15   15   -5    3   10   18  -11    0
    2    1   50    3    3    3    1    3    1      1404   -3  -12   10   12    4  -17  -11    6   14    0    0   12    6    6   14   11    0    2
    2    1   51    4    3    2    2    3    1       946   -2  -12    7    9   -3   -9  -16    0   12   -1   -1   11    6    7   15   14    4    1
    2    1   52    1    3   37    1    3    1       506   -2  -11    8   11   -5   -9  -10    7   13    8   -1   12    4    7   14   12    3    2
    2    1   53    1    2   51    1    2    1       738   -4  -11    5    0   14   -2   12  -15    0   -9  -14   14   -6    0    8   16  -10   -2
    2    1   54    3    2    1    1    2    1       640   -3  -12    4    0   13   -1   13  -13    0   -9  -14    8   -7    0    7   14  -11   -1
    2    1   55    5    1    9    3    1    1       513   10   12   11    4  -21   11    6    5    0   10    2   -2    4    9    5   -4    4   20
    2    1   56    1    3   60    1    3    1      1158   -3  -12    9   11   -4  -10  -10    6   16    0   -2   11    6    7   15   12    5    1
    2    1   57    1    1   67    1    1    1       837   10   13    7    2  -13   15    6    4   -1   11    5   -3    4    9   -3   -4    3   12
    2    1   58    1    2   77    1    2    1      4382   -1  -12    5    0   12    0   12  -14    0   -9  -13   13   -8    0   -1   23  -10   -2
    2    1   59    4    2    2    2    2    1      5323   -5   -8    1    8   14    1   19  -11    0   -7   -8   15   -8    1    6   10   -9   -1
    2    1   60    5    3    1    3    3    1      8160   -3  -11    4    7    6   -8   -9    6   10   -4   -5   13    0    2   13   14   -1   12
    2    1   61    1    2   85    1    2    1       822   -4  -12    4    0   13   -1   13  -14    0   -9  -13   13   -1   -4    7   15  -10   -1
    2    1   62    5    1    1    3    1    1       816    0    4   13   -2  -15   15   10    5   -4    7    4   -2    7    9  -13  -12    2   12
    2    1   63    4    1    2    2    1    1      1611   10   12    9    3  -14   16    5   11   -2   10    3   -2    4    8   -1   -4   -4   16
    2    1   64    2    2    0    0    2    1       839   -4  -12    5    0   13   -1   12  -14    0   -9  -13   13   -7    1    7   14  -10   -2
    2    1   65    1    1   71    1    1    1       737   10   13    8    2  -13   15    7    4   -2   11    4   -3    3   10   -4   -3    2   13
    2    1   66    5    2    8    3    3    0      1584    0  -21    4    8   12   -1   10  -13   -1   -2  -11   12   -2   -7    8   11  -18    6
    2    1   67    5    3    5    3    3    1       765   -3  -11   11   10   -4  -14  -14    3   21   -2   -1   11    5    5   19    8    2    1
    2    1   68    5    2    7    3    3    0      2315  -12   -7    4    1   11   -1   14  -14    6  -17  -13   12    1    4    6   14   -8  -11
    2    1   69    5    3    2    3    3    1      1420  -11  -20    8   12   -3  -11   -9   15   16    1   -6   13    5    8   16   12    5    4
    2    1   70    5    3    7    3    1    0      1393   -4  -12    5   13    2  -11  -15    5   17   -1    5   10   15    0   15   14   14   -8
    2    1   71    5    2    5    3    2    1      1237   -6  -15    7    1   14    0   12  -15    1  -11  -16   13   -4    0    0   14  -11   -2
    2    1   72    5    3    6    3    3    1      1120   -4  -14   10    9    2  -20   -8    8   14    1   -6   13    6    7   17   13    5    4
    2    1   73    1    1   50    1    1    1       690    9   12    8    2  -11   20    6    4   -2   10    4   -4    6    9   -3   -3    2   13
    2    1   74    5    1    3    3    1    1      1314    8   12    9    0  -16   13    7   -4   -8   16    5   -2    7    6   -4   -4   -3   15
    2    1   75    1    1   15    1    1    1       940    9   13    9    3  -13   16    7    4   -1   11    8   -5    4    9   -4   -4    3   12
    2    1   76    3    3    1    1    3    1       946  -13  -20   12    6   -5  -11  -10    5   15    0   -1   12    4    5   15   13    4    2
    2    1   77    5    1    4    3    1    1      1400    5   14   11   -2   -3   18    9    4    0    5    8    2    8    6   -6    0   -3   13
    2    1   78    5    1    2    3    3    0      2557    4   15    8    1  -13   13   11   -1   -3    8    1   -3    4    8   -3  -12    1   11
    2    1   79    1    2   36    1    2    1      1029   -4  -12    6    1   13   -1   13  -14    1   -8  -12   13   -7    1    6   15   -8   -4
    2    1   80    4    1    1    2    3    0      7114   10   13    9    1  -12   14    5    3   -1    9    2   -1    5    6   -4   -4   -4   14
    2    1   81    1    2   80    1    2    1       874   -4  -12    5    0   13   -1   11  -14    0   -9  -13   12   -6    1    7   14  -11   -3
    2    1   82    1    2   88    1    2    1      1267   -4  -12    6   -1   12    0   13  -14   -2   -8  -12   12   -7    0    8   15   -4    6
    2    1   83    4    3    3    2    3    1      1053   -4  -13    8   13    0   -6  -11    6   17   -1   -3   12    3    5    7   10    6    2
    2    1   84    1    2    3    1    2    1       895   -5  -12    5    0   13   -1   12  -15    1   -9  -15   14   -8    1    7   13  -10   -1
