    1    1    1    1    3    5    2    0      2335    7   12   11  -11   17  -12   14   13    9   -5    0   -3    9   19   -5  -10   12  -14
    1    1    2    1    2    5    1    0      1717   -5  -13   15  -13   -4  -22    0    6    1    4   -9   -9  -16    6    4   13   -3    6
    1    1    3    1    3    1    3    1      1583    4   14    5   -3   15  -13   15   14   10    3  -10   -5    6   13   -4  -10    9  -22
    1    1    4    1    2    4    2    1      1758   -5  -16   16  -16    4  -13   -4    9   -1    8   -9   -8  -14    3   10   17    4    4
    1    1    5    1    3    2    3    1      1173    6   13   11  -12   15  -15   11   16   12    3   -8   -5    6   10   -5   -9   13  -16
    1    1    6    1    2    3    1    0      1444   -4  -16   11  -10    3  -13    6    6   -1    7   -7  -10  -15    8    2    3   -3    8
    1    1    7    1    3    4    2    0      1943    4   12   10   -3   19  -22   18   10    9    5   -8   -3   11   12   -3  -13   15  -11
    1    1    8    1    3    3    3    1      1351    6   13   14  -12   13  -14   10   16   15    9   -9   -2    8   14   -5  -12   12  -16
    1    1    9    1    1    2    1    1      1295   15  -14   -8   10   -2   -6   -7    0    5   14  -18   12   15    2    6   -9   18   13
    1    1   10    1    1    1    1    1      1145   12  -10   -7   11   -9   -9   -5   -7    5   15   -7   14   23   -9    9  -12   15   14
    1    1   11    1    1    3    2    0      1704    9   -4  -11   13   -1   -2  -20  -14    7   15   -9   15   14    1    9  -12   15   14
    1    1   12    1    1    5    2    0      1489   11  -10  -11    6   -5   -3  -10   -5    7   16   -9   15   14   -2    0  -13   16   15
    1    1   13    1    2    1    1    0      3236   -1  -15   14  -12    5  -16    2    2    0    5   -7  -11  -14    5    4   14   -2    6
    1    1   14    1    1    4    2    0      1664   10  -12   -8   12    0   -7  -10   -6    7   16  -12   13   14    1   15   -7   16   16
    1    1   15    1    2    2    1    0      1946   -4  -13   16  -15   -2  -23    6    6   -1    6   -9  -10  -14    5    6   12    2    3
    1    2    1    1    1   10    1    1      3047   13  -11   -8    9    2  -14   -9   -5    5   16   -5   18   14    1    9  -14   15   16
    1    2    2    1    1    6    3    0      1353   10  -11  -10   13   -2   -5  -12   -3    5   17   -1   15   13    1   15  -23   15   14
    1    2    3    1    2    7    2    1      1135   -1  -16   19   -7    1  -12    4   14    1    5  -12    1  -13    8   -2   21   -4    6
    1    2    4    1    3    9    3    1       589    7   18    8   -6   21   -8   14   13   11    3  -16    2    8   13   -3  -13   11  -13
    1    2    5    1    2    6    1    0      1040   -5  -13   14  -12    4  -15    4    2    2    5   -9   -8  -15    7    4   14   -3    7
    1    2    6    1    2   10    1    0      1313   -2  -15   17  -16    7  -12    6    6    0    7   -6   -5  -13    8    6   11   -4    1
    1    2    7    1    3   10    3    1       696    4   15    8  -11   13  -17   18   18   10    4   -8   -3    8   14   -4  -11    7  -16
    1    2    8    1    1    7    1    1      1015   13  -13   -8   10   -2   -6  -11   -4   10   14  -11   16   13    2    6  -12   15   13
    1    2    9    1    2    9    2    1       713    5   -9   16  -14   11  -13    6    5   -1    6   -8  -11  -14    5    7   12   -2    8
    1    2   10    1    1    9    1    1      1159   14  -18   -7    9   -1   -7  -15   -1    7   15   -9   17   14   -1    4   -7   14   17
    1    2   11    1    3    8    2    0      2211    3   17   11  -21    9  -15   15   11   10    4   -9   -4    6   18   -3  -18   13  -13
    1    2   12    1    1    8    1    1      1042    9  -10   -8   10    1   -8  -10   -6    7   15   -7   16   15   -1    5  -13   16   14
    1    2   13    1    3    7    2    0      1508    5   16   14  -10   14  -15   15   11   11    4   -7   -5    4   12   -7  -12   10  -13
    1    2   14    1    3    6    3    1       882    5   13   16  -11   16  -15   16   10   10    6   -9   -1    6   16   -4  -12   11  -15
    1    2   15    1    2    8    1    0      2812   -5  -13   15  -15    6  -13    5    5  -10   13   -8   -8  -15    7    7   13   -6    9
    1    3    1    1    1   15    1    1       805   11  -10  -12   14   -3   -4  -17  -12    6   10  -11   17   10   -1    5  -13   14   14
    1    3    2    1    2   13    2    1       738   -4  -15   16  -13    4  -15   -6    0    4    1   -8  -10  -14    7    5   15  -13    3
    1    3    3    1    2   15    1    0      1151  -12  -21   14  -13    5  -17    3    4    0    5   -7  -10  -12    6   10   18    6    0
    1    3    4    1    3   12    3    1      4653    6   13   14  -11   13  -14   11   14    8    4  -17    6   12    9   -7   -9    9  -14
    1    3    5    1    2   12    2    1      1550   -7  -13   16  -15    4  -12    6    7   -1    7   -8  -10  -11    7   11   13   -4    8
    1    3    6    1    2   11    2    1       812   -2  -16   17  -15    3  -14    3    2    0    5   -9  -10  -15    7    6   14   -2    8
    1    3    7    1    2   14    2    1       375   -4  -14   16  -14    5  -15   10   11    1    6   -7  -10  -15    5    4   13   -4   12
    1    3    8    1    1   12    1    1       836    4   -6   -8    9   -3   -5  -16   -3    8   17  -14   15   13    0    8  -14   19   15
    1    3    9    1    1   13    1    1      1134   10   -9  -10    7    0   -6  -10   -4    4   16   -8   20   14    3    4  -15   14   17
    1    3   10    1    3   13    3    1      1931    5   13   11  -13   15  -11   16    7    9    5  -12   -8    8   14   -6  -10   17  -15
    1    3   11    1    1   11    1    1      1097   11   -8   -9    7   -1   -7  -10   -6    5   13   -7   21   14   -1   -1   -4   15   16
    1    3   12    1    3   15    1    0       743    7   16   10  -11   12  -17   14   14    8    4   -6   -3   14    5   -3  -11   11  -15
    1    3   13    1    1   14    1    1      1622   13   -8   -9   10   -6    4  -12   -4    7   16   -8   15   13   10    7  -14   14   15
    1    3   14    1    3   14    3    1       641    6   13   12  -13   11  -19   11   15   11    5  -10   -6    6   18   -1  -16   10  -14
    1    3   15    1    3   11    3    1      1554    3   13   13  -12   15  -14   15   18    9    2  -10   -5   10   10   -1  -14   10  -15
    1    4    1    1    2   16    2    1      1134   -7  -18   16  -16    5  -14    0    8   -4    6   -8  -10  -19    1    4   13   -8    4
    1    4    2    1    3   17    3    1      1020    4   14   14  -12   13  -15   14   11   18   12   -9   -5    8   14  -10  -19    3  -20
    1    4    3    1    3   20    3    1      1261    5   15   17  -13   16  -16   12   17   12    5   -7   -5   10   13  -10  -15   12  -13
    1    4    4    1    1   16    1    1       804   13  -11  -16   10    1   -5   -1   -7    6   14   -9   12   15    1    8  -14   15   14
    1    4    5    1    1   20    1    1      2128   10   -9  -10   12   -2   -6   -8   -8    8   13   -7   17   16   -2    4   -8   14   15
    1    4    6    1    2   17    2    1       949   -2  -16   16  -14    6  -14    4    6    0    5   -6   -4  -12    8    4   12   -4    5
    1    4    7    1    1   18    1    1      1820   11   -8  -13    9   -1   -7   -7   -6    8   14  -14   21   15   -1    8  -13    5   13
    1    4    8    1    3   18    3    1       878   -5   16   13  -12   16  -14   12   13   12    6   -8   -5    6   13   -4  -10   13  -16
    1    4    9    1    1   19    2    0      2758   13   -5  -10   10    1   -8  -11   -3    7   16   -9   18   14   -1    9  -17   16   14
    1    4   10    1    1   17    1    1       788   11  -10   -8   10    0   -7  -18  -13    5   15   -7   18   12   -4    6  -15   16   16
    1    4   11    1    2   20    2    1       815   -4  -16   17  -20    3  -15    2    5   -2    7   -8  -19  -13    8    5   14   -5    8
    1    4   12    1    3   19    3    1       696    5   15   15   -8   15  -12   15   19    9    1   -8    0    8   18   -4  -10   13  -13
    1    4   13    1    2   19    1    0      3480   -1  -14   14  -14    6  -24    4    4    0    4   -8   -7  -16    5   10    9   -1    9
    1    4   14    1    3   16    3    1      1401    6   15   14  -13   14  -16    8    9   12    6  -13    5    9   18   -6  -10   16   -5
    1    4   15    1    2   18    2    1       875   -5  -14   17  -15    6  -15    6    3   -1    6  -10   -8  -16    4    6   14   -3    7
    1    5    1    1    2   22    2    1       979   -9  -19   15  -12    4  -15    5    5   -8   -1    1  -12  -15    5    7   11   -2    5
    1    5    2    1    1   22    1    1      2666   12  -10  -11   12    0  -13  -10   -7    7   14   -9   14   12    2   13   -6   13   20
    1    5    3    1    1   24    3    0      2810    9   -8   -8   11   -1    3   -1    0   10   15   -4   18   15   -1    2   -8   13   16
    1    5    4    1    1   21    1    1      1733   10   -8   -9   10   -2   -6   -9   -5    6   14   -7   13   11   -2    9  -15   17   13
    1    5    5    1    3   22    3    1      1131    6   13   13  -11   15  -15   22   12   12    3   -7   -3    6   17  -14  -17   10  -13
    1    5    6    1    3   24    3    1       632    5   12   14  -13   16  -14   15   14    9    5   -7   -5    6   17   -5  -12   12  -15
    1    5    7    1    1   25    1    1      2010   10   -9   -8   12   -2   -6  -10    3    5   14   -9   17   13   -2    8  -13   15   14
    1    5    8    1    2   25    2    1       917   -2  -15   23  -18    4  -15    0    4    9    1   -9  -12  -18   11   10   13   -5    7
    1    5    9    1    3   21    3    1       714    4   15   12  -14   12  -11   16   13   12    4   -8   -3    6   13   -6  -10   10  -15
    1    5   10    1    2   21    2    1       696   -5  -15   14  -12    3  -12    3    5   -1    7  -13   -6  -14    5    2    8   -9    4
    1    5   11    1    2   24    2    1       408   -4  -13   16  -15    6  -16    5    3    1    4  -10  -11  -15    8    7    4   -5   13
    1    5   12    1    3   23    3    1      1700    3   14   11  -11   13  -14   19   18    9    6   -6    0    6   13   -4  -11    1   -6
    1    5   13    1    3   25    3    1       666    5   15   12  -11   15  -14   14   11    9    7   -9    0    9   14   -7  -12   10  -13
    1    5   14    1    2   23    2    1       889   -2  -15   13  -14    4  -12    6    6    1    5  -10   -8  -17   10    8    9   -6    6
    1    5   15    1    1   23    1    1      2147    9   -8   -4   15    2   -1  -12   -6    6   14  -10   18   14    1   -1  -20   17   14
    1    6    1    1    1   27    1    1      1447   10   -9   -8    7    0   -4  -10   -7    9   17  -10   17   15    2    9  -12   14   15
    1    6    2    1    1   29    1    1      1513   12   -8  -10    9    6   -9  -15   -1    8   14   -8   14   15    2    8  -13   16   14
    1    6    3    1    3   27    1    0      2808    4   15   14  -10    6  -21   24   20   14    8   -8   -5   -2   13  -11  -11   10  -13
    1    6    4    1    2   27    2    1      1026   -1  -15    8  -21    0  -17    5    4   -2    6   -8  -10  -14    5    4   15   -5    8
    1    6    5    1    3   26    1    0      2758   -3   12    9  -10   14  -15   14   15   11    6    2   -1    8   13    0  -10   10  -15
    1    6    6    1    2   26    2    1      1588   -3  -12   15  -12    6  -17    5    6    0    4   -9   -8  -13    6    4   16   -2    5
    1    6    7    1    1   26    1    1      2431   13  -11  -11   16    0   -6  -12   -4    9   10   -8   16   16    0    8  -14   16   14
    1    6    8    1    3   28    1    0       728    5   10   14   -9   13  -15   15   14   16    0   -7   -2    6   14    4  -12   12  -12
    1    6    9    1    2   29    2    1      1607   -4  -13   16  -15    5  -12    2    3    3    8   -8   -8  -13    6    7   17   -2    9
    1    6   10    1    1   28    1    1      2291   10   -7   -9   10   -5   -9  -19    2   14   10  -15   20   19   -3    8  -12   15   16
    1    6   11    1    1   30    1    1      4067   11   -7   -9   10    6  -10  -10   -7    6   16  -11   15   13    0    8  -13   21   19
    1    6   12    1    2   28    2    1       813   -1  -15   15  -15    4  -13    3    7   -1    5   -7   -9  -13    5    4   15   -4    6
    1    6   13    1    2   30    3    0      3495   -2  -14   14  -13   -4   -6   12   -4   -2    8   -7  -10  -17    2    6   13   -3    6
    1    6   14    1    3   29    3    1       855    7   13   11  -12   15  -13   13   14    9    8   -9   -3    9   15    0   -6    1  -17
    1    6   15    1    3   30    3    1      1327   10   21   12  -10   16  -14   24   17   10    6   -9   -3    5   11   -2   -9    1  -12
    1    7    1    1    2   34    2    1      3812    3  -23   15  -13    4  -15    6    5    0    4   -8  -10  -15   16   12    8   -3    7
    1    7    2    1    2   33    2    1      2438   -2  -15   14  -14   -3  -18    1    2   -1    6   -6   -8  -15    5    6   13   -5    6
    1    7    3    1    3   34    3    1      1213    0    5   11  -12   15  -13   14   13    7    3  -10   -3    8   16   -4   -1   12   -4
    1    7    4    1    1   33    1    1      1014    8   -9   -9    9   -3   -5  -12   -4    7   17  -11   15   13    0    9   -5   17   16
    1    7    5    1    3   31    2    0      7513    3   19    3  -21    8   -4   15   11   10    6   -9   -4    7   17   -6   -7   16  -23
    1    7    6    1    3   32    3    1       808    6   16   15   -7   12  -11   14   14    9    6   -7   -2    8   14   -6  -13   13  -14
    1    7    7    1    2   35    2    1      1202   -2  -14   10  -22    1  -11   -6    3    4    9   -4   -6  -17   11    0   12   -3    6
    1    7    8    1    1   35    1    1      1102    9   -7  -10    9   -2   -6  -19  -10    6   17   -8   17   14    1   17  -20   17   17
    1    7    9    1    1   32    1    1      2078   12   -9   -7   10    0   -4  -14    0    4   16  -10   17   14    2    8  -10   15   16
    1    7   10    1    1   34    1    1       871   12  -10   -9    9   -2   -8  -11   -6    6   16   -7   15   12    2    7  -12   13   11
    1    7   11    1    3   35    3    1       913    5   15   12  -11   14   -7   16   12    5   10   -9   -3    8   16   -4  -13   11  -18
    1    7   12    1    3   33    3    1      1447    5   15   13  -13   14  -16   13   15    8    5   -6   -6    8   12   -5  -10   10  -12
    1    7   13    1    2   32    2    1      2406   -4  -14   17  -13    5  -15   11    5   -1    7   -7   -7  -20    8   10   20   -2    9
    1    7   14    1    1   31    1    1      7266   12   -8   -5   10    3    1  -12   -3    4   17  -11   16   14   -1    4  -16   15   16
    1    7   15    1    2   31    2    1       872   -2  -15   17  -13    2  -13   -5   13   -1    8   -7   -9  -12    7    5   12    2    0
    1    8    1    1    1   40    1    1      1203   12   -8  -10   13   -2   -5  -12   -5    4   14    0   17    9    0    6  -15   15   13
    1    8    2    1    1   37    1    1       621    9   -7   -8    9   -2   -5  -10   -3   10   15   -8   14   13    0    7  -12   13   17
    1    8    3    1    1   39    1    1       431    6   -7   -9   12   -2   -6  -10   -3    8   14   -7   14   15    1    6  -11   15   16
    1    8    4    1    1   38    1    1       361    9   -8  -11   10   -1   -8   -3   -5    4   17   -7   14   13    1    8  -12   14   15
    1    8    5    1    3   36    1    0      1143    9    9   11  -11   13  -16   16   14   10    6   -9   -5    7   14   -6  -12   18  -11
    1    8    6    1    2   39    2    1      1493   -4  -14   10  -13    6  -14    6    5   -1    7   -8  -10  -15    7    5   12   -4    6
    1    8    7    1    2   38    2    1       581   -4  -13   19  -17    6  -13    3    4    2   10   -8  -10  -13    5    7   14   -9    5
    1    8    8    1    3   38    3    1      1368   -1   16   11  -12   13  -19   15   14    2    7   -8   -5    8   13   -4  -12   16  -13
    1    8    9    1    3   39    3    1       860    5   15   10  -12   11   -9   14   13   11    1   -4    0    8   16   -9  -18   12  -15
    1    8   10    1    3   40    3    1       615    5   15   13  -13    4  -13   15   12   10    3  -10   -2    6   13   -5  -10   12  -16
    1    8   11    1    3   37    3    1       506    6   16   13  -13   13  -16   15   12   12    6   -8   -5    7   14   -7  -11   21  -22
    1    8   12    1    2   36    2    1      1441   -5  -12   16  -15    6  -13   -4    6    1    4   -4   -5  -19   10    4   11   -2    8
    1    8   13    1    2   37    2    1      1508   -4  -14   13  -15    5  -21    4    4   -1    7   -8   -8  -14    7    2   13  -12    0
    1    8   14    1    1   36    1    1       786   12   -8  -10    3   -1   -5  -13   -5   15   23  -10   18   13    2   12  -16   14   13
    1    8   15    1    2   40    2    1       990   -2  -14   15  -16    6  -16    2    0   -4    1  -10  -11  -16    5    5   14    0    1
    1    9    1    1    3   42    1    0       643    5   16   14  -14   13  -16   16   18    9    4   -6   -1    8   12   -4  -12   11  -13
    1    9    2    1    3   45    3    1       740    5   15   11  -11   14  -15   14   12   10    4   -9   -4    7   14   -4  -10    9  -13
    1    9    3    1    2   44    2    1       800   -1  -14   17  -16    6  -13    8    8    1    7   -3   -6  -11    0    4   14   -2    2
    1    9    4    1    1   41    1    1      1307   17  -13  -10    9   -8   -6  -13   -5    5   14  -16   13   14    1    7  -14    9   20
    1    9    5    1    1   44    1    1       576    9   -9   -9   12    0   -6  -19  -10   10   12   -8   15   15    1    8  -16   15   17
    1    9    6    1    2   43    2    1       995   -1  -12   13  -13    4  -13    3    5    1    6   -9  -12  -15    5    7   11  -14    9
    1    9    7    1    3   44    3    1       949    6   14   12  -13    5  -10   13   14   11    7  -10   -3    8   15   -4   -9    9  -12
    1    9    8    1    2   42    2    1      5754    7  -24    9  -12    4  -12    4    3   -1    6   -8   -8  -13    5    4   14   -3    5
    1    9    9    1    3   41    3    1      2094    5   19    3  -13   15  -16   13   12   11    3   -7   -3    9   14   -4  -10   11  -15
    1    9   10    1    2   41    2    1       773   -4  -10   15  -15    5  -13    5    7    0    8   -7  -11  -13    5    5   11   -4    6
    1    9   11    1    2   45    2    1       705    0  -14   14  -12    4  -15    5    6    0    5   -8  -14  -16    5    6   12   -3    6
    1    9   12    1    1   43    1    1      1505    9   -7   -8   11   -1   -4  -10   -5    1   14  -11   19   16    0    7  -15   10    8
    1    9   13    1    3   43    3    1      3264    7    8   11  -11   15  -14   16   13   11    5   -9   -4    1   21   -1  -13    9  -12
    1    9   14    1    1   45    1    1      1015    8  -11   -7   12   -1   -8  -11   -3    2   14   -8   15   14   -1    4  -23   17   14
    1    9   15    1    1   42    1    1       570   10   -9  -11   13    0   -7   -9   -5    6   13   -8   16   11    5    5  -14   16   16
    1   10    1    1    2   47    2    1      1487    4  -10   13  -20    6  -14    6    5   -6   16   -9   -7  -12    8    3   12   -6    8
    1   10    2    1    2   48    2    1      2943   -4  -16   15  -15    2  -12    3    3   10    3   -7  -10  -15    7    2    9    6   11
    1   10    3    1    1   47    1    1      4342   12   -8   -9   10   -4   -4  -11   -4    7   17   -8   16    6    8    8  -12   24   17
    1   10    4    1    1   49    1    1      2596    9   -9   -9   13    4  -11  -10   -6    4   17   -7   14   14    1   14  -10   17    9
    1   10    5    1    3   50    1    0      1192    4   14   11  -12   14  -20   14   14   13   -2   -8   -2   17    9   -7  -12   10  -16
    1   10    6    1    2   46    2    1       819   -4  -16   13  -15    6  -13    6    4   -1    7   -8  -10  -11    8    3   11  -10   11
    1   10    7    1    3   48    3    1       895    5   11   11  -12   16  -14   20   11   12    5   -7   -5    7    7   -4  -12   13  -14
    1   10    8    1    1   46    1    1      3765   10   -9  -11   13   -5   -6  -10  -12   10   13   -9   15   15   -2    7  -14   18   21
    1   10    9    1    3   47    1    0      1803    4   18    8   -9   13  -14   17   14    8    4    1    4   10   11   -9   -7    9  -13
    1   10   10    1    2   50    3    0      1020   -4  -15    5   -5    6  -12    0    3    2    8  -10  -10  -18    6    5   14   -3    7
    1   10   11    1    3   49    2    0       831    4   12   20  -12   15   -7   14   13    9    3   -2    1    5   17   -5  -12   12  -14
    1   10   12    1    1   50    1    1      1145   10    1  -10    3    0  -15  -11   -6    7   17   -9   17   11   -1   13  -23   14   16
    1   10   13    1    3   46    3    1      1271    3   13   16   -9   14  -15   18   14   10   14   -8   -2   14   19   -6   -9   11  -13
    1   10   14    1    1   48    1    1      4127   16  -11  -10   11   -2   -6  -13   -3    5    6   -9   24   12    0    3  -18   17   10
    1   10   15    1    2   49    2    1       834   -2  -16   16  -15    6  -15    4    4    1    8   -8   -8  -13    4    6   12   -5    6
    1   11    1    1    1   51    1    1      4557   12  -11  -10   11   -3   -4   -1    3    6   16   -7   15   19    0    1   -9   14   13
    1   11    2    1    2   54    2    1      1954   -2  -15   15  -13    6  -19    3    5    5    7   -9   -8   -9    3    3   12   -4    6
    1   11    3    1    3   52    2    0       784    3   12   22  -21   15  -15   16   13   14   10    0   -2    8   13   -3  -13    9  -17
    1   11    4    1    1   53    1    1      1245    9   -8  -11   11   -2   -4  -11  -13    5   15  -11   17   12    1    8  -13   16   15
    1   11    5    1    2   51    2    1       999   -3  -12   15  -15    1  -13    5    5   -1    8  -10   -8  -16    6    6   12    0    3
    1   11    6    1    3   51    3    1      1051    9   18   17  -11   14  -12   14   15    9    6   -6   -6    8   15   -5  -12   10  -14
    1   11    7    1    2   53    2    1      6445   -5   -5   10   -9    4  -12    5   -3    2    7   -9   -9  -15    2   -5   18   -3    5
    1   11    8    1    2   52    2    1       599   -5  -13   11  -13    4  -15    2    6    5   15   -6   -9  -15    5    0    8    1   10
    1   11    9    1    2   55    2    1      3387   -4  -11   16  -14    6  -13    3    5    1    7   -7   -9   -8   12    6   11   -4    9
    1   11   10    1    1   52    1    1      2865   12  -11   -9   17   -1   -5  -12   -5    8    6  -11   16   21    4    6  -12   16   16
    1   11   11    1    1   55    2    0      2105   13   -7   -5    3   -1   -7  -13   -5   10    6   -9   17   15   10    8  -12   24   18
    1   11   12    1    1   54    1    1      1393   16   -1   -8   11    1   -7  -11   -7    8   15  -11   11   12    7    7  -14   17   16
    1   11   13    1    3   54    1    0       615   13   21   14  -13   17  -18   15   12   14    1  -10   -4    9   14   -6  -10    9  -15
    1   11   14    1    3   55    3    1       571    7   13   15   -5   14  -15    8   22   12    6   -9   -5    8   15   -5   -8   10  -13
    1   11   15    1    3   53    1    0      2672    7   11   15  -16   18  -13   16   14   15    6    2    2    7   14   -5  -10   11  -16
    1   12    1    1    1   57    1    1      2464   10   -9   -8   12    0   -4  -13   -3    8   16   -7   15   15    0    6  -15   11   20
    1   12    2    1    2   58    2    1       769   -1  -14   16  -12    0  -11    8    1    2    7   -9   -8  -15    5    6   11   -2    5
    1   12    3    1    3   59    3    1       799    4   14   11  -10   16   -5   16   14    8    5   -7   -5    9   14   -6  -11   13  -13
    1   12    4    1    3   57    3    1      1052    6   12   11   -4   13  -14   17    5   12    4   -8   -5    5   17   -6  -11    6  -11
    1   12    5    1    3   60    3    1       493    3   16   11  -11   15  -12   14   13   11    7   -9   -4    9   16   -6  -13   12  -16
    1   12    6    1    1   56    1    1      1220   11   -8   -8   13    0   -7  -12   -4    6   14  -10   15   15    0    8  -14   15   14
    1   12    7    1    2   60    2    1      1119   -4  -12   15  -16    3  -12    3    4    0   -2  -18   -1  -10    0    6   14    0    3
    1   12    8    1    3   58    1    0      2672    9   16   11  -12    5  -23   14   13    8    7   -9   -7    7   14   -6   -4   16  -15
    1   12    9    1    1   59    1    1       930   11   -8  -10    9    1   -6  -18   -3    8   14   -8   19   14   -1   12  -17   11   19
    1   12   10    1    3   56    3    1      5000   -2   21   14  -21   17  -12   17   11   12    3  -12   -9    6   15   -6  -11   14  -14
    1   12   11    1    2   59    2    1      1274   -1  -16   17  -12    5  -15    4    6   -2   11   -7   -8  -20    9    6   12  -14   -2
    1   12   12    1    1   58    1    1      6659   11   -8   -9    9    0   -6  -12   -4    4   16   -4   12   13   -2    7  -14   13   15
    1   12   13    1    2   56    2    1       852    0  -17   14  -13    3  -16    5    4    1    6   -9   -6  -14    7   -1    5   -3    6
    1   12   14    1    1   60    1    1      4701   11   -8   -4   12    0   -7  -12   -4    5   16   -7   14    7    3    2  -21   17   15
    1   12   15    1    2   57    2    1      1020    6   -9   14  -15    4  -19    5    4    1    7   -7  -10  -15    7   11    9   -5    7
    1   13    1    1    1   64    1    1      1137    6   -7   -8   13    1    0  -10   -3    8   17  -10   17   15   -1    8  -13   15    6
    1   13    2    1    3   65    3    1      1887    7   16    8  -11   14  -15   15   12    9    4  -12   -3    8   13   -5  -10   10  -13
    1   13    3    1    2   61    1    0       783   -4  -14   14  -14    5  -14    2    7    0    5   -7   -9  -14    7    6   14   -4    5
    1   13    4    1    3   64    3    1       844    3   14   11  -11   14  -15   15   12   11    5   -7   -4    6   15   -3  -10    5   -9
    1   13    5    1    3   62    3    1      5846   -4    6   11  -10   13  -14   20   17   11    4   -6   -2   14   17   -3  -13   10  -13
    1   13    6    1    2   63    2    1      1064   -2  -13   14  -13    3  -13    6    6    1    5   -6  -10  -13    6    3   13  -13   13
    1   13    7    1    2   64    2    1       650  -13  -12   19  -18    2  -14    6    7    0    5   -9   -9  -13    6    5   12   -6    9
    1   13    8    1    3   63    3    1       718    7   13   12  -20   14  -16   11    9   10    6   -6   -6    6   16   -2   -8   10  -14
    1   13    9    1    1   65    1    1      3596   10   -7   -9   12   -2  -13   -6   -6    5   15   -9   15   16    3    6  -13   14   15
    1   13   10    1    1   62    1    1       664   11  -10  -11    9   -2   -5  -11   -4    5   15   -9   17   14   -2    9  -12   15   14
    1   13   11    1    2   65    2    1       809   -2  -12   13  -12    3  -13   -6   -4   -1    6   -7   -9  -15    8    6   14   -7    6
    1   13   12    1    1   63    1    1      1013   11  -10   -9   12  -11  -10  -10   -6    7   14  -12   18   19    1    7  -14   22   18
    1   13   13    1    3   61    3    1       681    4   12   14  -12   15  -15   15   14   11    5   -9   -3    8   14   -7   -9   12  -16
    1   13   14    1    2   62    2    1       969   -5  -13   22  -21    4  -12    3    6    2   11   -5   -7  -12    8    4   14   -3    7
    1   13   15    1    1   61    1    1      4799    9    1   -4    8    0   -7  -12  -10    8   15  -11   15   16   -2    6  -14   16   14
    1   14    1    1    1   69    1    1       857   10  -10  -12   15   -2   -6   -9   -6    6   14   -7   14   14    1    6  -12   16   20
    1   14    2    1    3   70    1    0      6787    3   13   11   -8   12  -13   23   11    1   15   -9   -4   -3   24   -7  -11    8  -13
    1   14    3    1    1   70    1    1      1005    9  -11   -5   18   -1   -8  -13   -4   10   16  -11   15   14    1    3  -18   13   16
    1   14    4    1    3   67    1    0      3153    2   23    5  -20   12  -13   24   14    9    6  -10   -5   -2   14   -6  -11   13  -18
    1   14    5    1    2   66    2    1       890   -1  -16   13  -14    5  -21    8    9   -2    6   -4   -1  -15   13    3   12   -4    8
    1   14    6    1    1   66    1    1       995   10   -7   -7    9    3    3  -11   -4    6   16   -5   14   18   -4   10  -23   13   14
    1   14    7    1    1   67    1    1      2311    9   -9  -11   12   -3  -12  -13   -3    1   21  -10   17   14   -1   16  -18   12    9
    1   14    8    1    2   70    2    1       693   -3  -13   24  -18    5  -13    9    9   -8    8   -6  -11  -14    8    2   12   -5    7
    1   14    9    1    2   69    2    1       694   -3  -15   20   -4    4  -13    0    8    3    6   -4  -12  -13    4    2   17   -3   16
    1   14   10    1    1   68    1    1      1223    6   -1   -9   20   -1   -5   -8  -15   13   16  -13   16   13    0    6  -12   16   15
    1   14   11    1    3   69    3    1       835    3   15   10  -10    8  -24   10    4   11    7  -10   -5    7   17   -7  -12   12  -15
    1   14   12    1    3   68    3    1      1404    4   16   11  -11   12  -13   13   12    8    7   -6   -3   16   13   -3  -13   11  -16
    1   14   13    1    3   66    3    1       846    6   15   17   -6   11   -9   17   13   11    4   -7   -3    9   14   -7  -12   13  -13
    1   14   14    1    2   68    2    1       840   -5  -13   17  -13   -1  -16    5    5    0    5  -11   -7  -14    5    8   13    3   17
    1   14   15    1    2   67    2    1      1188   -4  -15   22  -12    2  -16    6    7    1    6   -8   -8  -14    7   14    8   -3    5
    1   15    1    1    2   74    2    1      6863   -3  -15   16  -14    4   -9    2    6   -2    8   -9   -9  -13    5    5   14   -5    8
    1   15    2    1    1   72    1    1      1159   11   -8   -7   15   -2   -7  -10   -3    8   14  -11   15   15    0    5  -11   15   13
    1   15    3    1    3   73    3    1      1012   -4   24   13   -9   21  -10   24   12    5    9  -12  -11    9   15   -4  -11   10  -15
    1   15    4    1    1   73    1    1      2005    9   -7   -8    9   -7   -2  -12   -4   12   13   -6   13   16    0   11  -15   15   16
    1   15    5    1    3   72    3    1      2062    5   15    9  -15   23  -11   15   12    9    4   -8   -3    8   16   -3  -10   13  -14
    1   15    6    1    2   71    2    1      3607   -3  -15   16  -12   -1  -14   10   -5    2    5  -10  -10  -14    4    4   15   -2    7
    1   15    7    1    1   71    1    1      1122   11   -8   -8   11   -8    2   -3    0    7   14   -8   15   12    2    7  -15   17   14
    1   15    8    1    3   71    3    1      1008    6   14   12  -10   15  -11   14   11   10    6   -8   -5    8   13   -4   -9   11  -13
    1   15    9    1    2   75    2    1       929   -2  -14   16  -14    3  -17    5    3   -1    8   -8   -8  -16    5    5    8   -4    6
    1   15   10    1    2   73    2    1       759   -2  -14   13  -12    6  -12    3    5   -2    5   -5   -6  -12    7    6   11   -5    6
    1   15   11    1    1   74    1    1      4597   10   -8    0   19   -5   -5  -11   -7    5   16   -8   15    9    2    5  -15   13   19
    1   15   12    1    3   75    3    1       919    5   13   13  -12   16  -16   17   11   18   -5   -6  -14    7   16   -3  -16   13  -15
    1   15   13    1    2   72    2    1       715   -3  -12   13  -15    4  -13    2    4    2   11   -9  -11  -15    5    6   13   -4    8
    1   15   14    1    3   74    3    1       634   15   14   10  -12   15  -15   20   11   19   -2   -8   -3    6   15    0  -15   10  -15
    1   15   15    1    1   75    1    1       649   11   -8   -9   12    0   -7   -5  -12    7   15   -6   12   15    2    5  -12   22   14
    2    1    1    2    1    0    1    1      1948   11   -9   -9   11   -1   -6  -11   -5    6   15   -9   16   14    0    7  -13   15   15
    2    1    2    3    1    5    1    1      1178   12   -9   -8   12   -1   -6  -18  -12   16   22   -9   17   14    0    8  -12   15   15
    2    1    3    3    3    4    3    1      2053    5   14   11  -11   15  -14   15   13   11    6   -1   -8    7   15   -5  -11   10  -14
    2    1    4    1    3    5    3    1       669    7   12   11  -11   17  -12   14   13    9   -5    0   -3    9   19   -5  -10   12  -14
    2    1    5    4    3    5    3    1       733    5   13   13  -13   19  -13   14   13   11    5  -12    1    9   15   -4   -9   10  -15
    2    1    6    3    2    5    2    1       761    2  -20   14  -14    3  -13    4    5    1    5   -8   -9  -14    7    5   13  -11   12
    2    1    7    1    2   67    2    1       902   -4  -15   22  -12    2  -16    6    7    1    6   -8   -8  -14    7   14    8   -3    5
    2    1    8    4    2    2    2    1      3884   -6  -13   14  -16    7  -11   -1   -5   -2   10   -3  -12  -13    6    5   15   -5    2
    2    1    9    3    2    1    3    0      1627   -3  -14   15  -14   10  -23    5    5   -1    8   -8   -8  -14    5    5   13   -4    7
    2    1   10    4    1    4    1    1       852   12  -10  -11   13   -1   -5  -12   -6    7   14  -13   23   14   -1    9  -11   15   16
    2    1   11    1    1   25    1    1      2556   10   -9   -8   12   -2   -6  -10    3    5   14   -9   17   13   -2    8  -13   15   14
    2    1   12    1    1   13    1    1       689   10   -9  -10    7    0   -6  -10   -4    4   16   -8   20   14    3    4  -15   14   17
    2    1   13    5    1    5    1    1      3711   12   -9  -13   15    9  -12  -10   -5    2   17   -6   19    9    8    8  -15   20   12
    2    1   14    3    3    1    3    1       884    6   11   12  -12   17  -16   15   13   10    4   -8   -4    7   16   -5  -10   11  -14
    2    1   15    4    1    2    1    1      2844   16   -7   -6   11    1   -7  -10   -5    5   13   -9   15   14    1    6  -14   15   16
    2    1   16    3    1    3    1    1       868   11  -10  -10    9   -1   -7  -11   -5    6   15   -9   16   14    0    7  -13   14   16
    2    1   17    4    1    1    1    1       971   12  -10   -7   11    1   -4  -10   -1    5   15  -11   16   15    2    2  -11   14   16
    2    1   18    4    3    3    3    1       813    5   11   11  -12   13  -15    8    3   13    4   -9   -6    6   15   -4  -12    8  -19
    2    1   19    3    2    3    2    1       727   -2  -15   15  -14    5  -15    4    5   -1    7   -9   -9  -14    6    5   12   -4    7
    2    1   20    3    2    2    2    1       901   -3  -14   14  -14    4  -14    5    5    0    6   -8   -9  -15    6    5   13  -11   13
    2    1   21    3    2    4    2    1      1850   -3  -14   16  -14   11  -18    4    5   -8   13   -7   -9  -14    6    9   16   -4    6
    2    1   22    1    1   44    1    1      3098    9   -9   -9   12    0   -6  -19  -10   10   12   -8   15   15    1    8  -16   15   17
    2    1   23    5    1    2    1    1      1863    9   -7   -8   10    1  -11   -2   -8    7   15   -4   20   14   -1   15  -21   19    5
    2    1   24    5    3    5    3    1       871   11   10   10  -13   17  -13   17   14   11    5   -9   -3   -1   21   -7   -9   15  -18
    2    1   25    4    2    4    2    1       669   -3  -13   15  -15    3  -14    6    4   10   -2   -7   -7  -15    4    7   15   -4    8
    2    1   26    5    1    1    1    1      1341   11  -10   -5   11   -2   -7  -10   -6    6   14  -10   14   14    1    6   -9   13    8
    2    1   27    4    2    1    2    1       835    1  -16   15  -13    3  -12    2    6   -1    6  -10   -9  -12    5    5   15   -5    7
    2    1   28    5    3    1    3    1      1868    0    9   13  -10   11  -19   13   13    9    5   -7   -4    2    7   -5   -9    8  -11
    2    1   29    1    2   50    3    0     12394   -4  -15    5   -5    6  -12    0    3    2    8  -10  -10  -18    6    5   14   -3    7
    2    1   30    4    1    3    1    1      1795   10   -7   -8   10   -3   -6  -10   -6    7   16   -8   17   14   -2   -2  -13   15    9
    2    1   31    4    3    4    3    1       853    4   17   14  -12   14  -15   22   11    9    6  -10   -5    9   17   -1  -13   10  -15
    2    1   32    3    1    4    1    1      1805   10   -9   -9   11   -1   -6  -10   -5    6   15  -10   17   14    0    8  -13   14   16
    2    1   33    3    1    1    1    1      1471    8   -8   -9   11   -1   -6  -12   -5    6   14   -8   15   13    1    8  -14   13   17
    2    1   34    4    3    2    3    1      3775   10   24    4  -18   13  -15   17   15   10    4   -5   -2    8   15   -6  -11   19  -14
    2    1   35    1    1   52    1    1      1043   12  -11   -9   17   -1   -5  -12   -5    8    6  -11   16   21    4    6  -12   16   16
    2    1   36    5    1    3    1    1      7621    4    1  -10   12   -3   -6   -9   -7    7   15  -10   16   10   -1    5  -14   12   12
    2    1   37    4    2    3    2    1       751   -3  -15   15  -13    5  -17    7    5   -5    3  -10  -10  -16    6    3   13   -2    7
    2    1   38    2    3    0    3    1       844    5   14   12  -12   14  -14   15   13   10    5   -8   -4    7   15   -5  -11   11  -14
    2    1   39    3    1    2    1    1      1127   13   -8   -9   11   -1   -7  -12   -4    6   16   -9   16   14    0    6  -12   14   15
    2    1   40    2    2    0    2    1       692   -3  -14   15  -14    4  -14    4    5    0    6   -8   -9  -14    6    5   13   -4    7
    2    1   41    1    2   73    2    1       659   -2  -14   13  -12    6  -12    3    5   -2    5   -5   -6  -12    7    6   11   -5    6
    2    1   42    3    3    5    3    1       612    5   14   12  -12   14  -13   15   13    9    5   -8   -4    7   15   -5  -11   11  -14
    2    1   43    3    3    2    3    1       454    5   16   11  -11   14  -14   14   12   11    4   -8   -3    7   14   -5  -11   11  -14
    2    1   44    1    3   62    3    1      2800   -4    6   11  -10   13  -14   20   17   11    4   -6   -2   14   17   -3  -13   10  -13
    2    1   45    1    3   34    3    1      5083    0    5   11  -12   15  -13   14   13    7    3  -10   -3    8   16   -4   -1   12   -4
    2    1   46    5    3    4    2    0      3739    5   12   13  -12   11  -19   14   13    9    5  -10   -5   -3   14   -5  -10    9  -15
    2    1   47    1    2   29    2    1       705   -4  -13   16  -15    5  -12    2    3    3    8   -8   -8  -13    6    7   17   -2    9
    2    1   48    5    2    5    2    1       655   -3  -13    5  -13   -1  -16    4    9   -5   10  -10    1  -15    6    7   14    0    5
    2    1   49    5    2    2    2    1       689    2  -10   17  -16    6  -17   12   12   -2   -2   -4   -6  -13    5    8   17   -9    1
    2    1   50    5    2    4    2    1       496   -5  -13   14  -13    5  -14    7   10   -1    8   -8   -8   -8   14    3   15    1    7
    2    1   51    5    2    1    2    1      1176   -2  -15    7   -6    3  -10    4    3    0    7   -9  -11  -16    8    5   14   -4    8
    2    1   52    4    3    1    3    1       739    1    9   12  -10   16  -16   15   12   11    3   -8   -6    3   23   -3  -12   11  -15
    2    1   53    4    1    5    1    1      1217   13  -11    1   15   -3   -5  -13   -9   -2   24  -10   14   15   -1    8  -12   14   15
    2    1   54    1    3    6    3    1      2028    5   13   16  -11   16  -15   16   10   10    6   -9   -1    6   16   -4  -12   11  -15
    2    1   55    1    1   36    1    1      1111   12   -8  -10    3   -1   -5  -13   -5   15   23  -10   18   13    2   12  -16   14   13
    2    1   56    1    2   56    2    1       724    0  -17   14  -13    3  -16    5    4    1    6   -9   -6  -14    7   -1    5   -3    6
    2    1   57    4    2    5    2    1       579   -3  -13   17  -10    2  -13    4    6    1    5   -7   -8  -13    5    5   11   -3    9
    2    1   58    5    3    3    3    1     15990    4   14   17  -11   15  -16    8   10    5    9  -13  -13   11   11  -10  -10    9  -12
    2    1   59    5    1    4    1    1      1968   11  -13  -12    9   -6   -2  -12  -15    6   10   -9   17   12    1   13  -15   21   21
    2    1   60    5    3    2    1    0       938   -1   10   11   -5    8  -23   12   14   12    4  -17    5    7   16  -13  -10   10  -19
    2    1   61    3    3    3    3    1       687    6   13   12  -12   13  -15   14   11    4    9   -7   -3    7   16   -5  -11   11  -14
    2    1   62    5    2    3    3    0      1007   -4  -15    8   -4    4  -16    1   10   -1    7   -8  -10  -10    3   -3   20   -2    5
    2    1   63    1    3   18    3    1       707   -5   16   13  -12   16  -14   12   13   12    6   -8   -5    6   13   -4  -10   13  -16
