    1    1    1    1    1    4    1    1      1545  -17   10   -7   12    7   -3   13   21   -5   -7   -2   14   16    0   12   13   -8  -17
    1    1    2    1    2    5    1    0      1356   14    0   -3   -2   10    1    8   -6   -7    6   17   -4   -2    6   11   17   -9  -14
    1    1    3    1    1    5    3    0       689  -12   12  -10   10    9   -5   13   12   -3  -10   -1   12   18    2    8   11    1   -8
    1    1    4    1    2    4    1    0      1123   15   -2   -5   -2    7    4   10   -5   -6    8   14   -4    4   11   10   16  -10  -12
    1    1    5    1    3    2    3    1       817   13    3   -8   -7   -7   11   -7    8   11  -12  -17   -9    2   -7   -3   20   -6   13
    1    1    6    1    2    2    1    0       780   12   -4   -2   -2    2    8   10   -7   -8    9   15   -6    8   10   11   18   -9   -7
    1    1    7    1    3    3    3    1      1368    9   -9   -5   -6   -8    9   -7    6   13   -9  -18  -10    2   -8    4   10    0   16
    1    1    8    1    1    3    3    0      1548  -10   15   -9   10    5   -5   13   12   -4   -8   -2   11   15    1   11    9   -1   -5
    1    1    9    1    1    1    2    0       939  -11   13  -13    6    9   -5   12   11   -3   -8    3   16   16    0    8   10   -1   -6
    1    1   10    1    2    3    1    0      1570   14    0   -2   -1    8    6   14   -4   -5    7   17   -4    8   14   10   17  -10  -13
    1    1   11    1    3    1    2    0      3631   17    1   -3   -4   -6   11   -9    5   22   -3   -6  -13    3   -6    6   11   -5   13
    1    1   12    1    1    2    3    0      1801  -14   14   -8   14    6   -5   13   13   -8   -4   -1   14   14    4    7   12   -8  -12
    1    1   13    1    3    4    2    0      1582   14   -2   -5   -7   -8    1   -9    4   11  -11  -15   -8    4   -8    3    9   -6   15
    1    1   14    1    3    5    1    0      2187    7   -1   -8   -5  -10   11   -6    7   14  -19  -15   -6    4   -7    4   10   -4   16
    1    1   15    1    2    1    1    0       895   13   -3   -8   -4    5    2    9   -3   -1   -2   15   -4    3    9   12   16  -13  -13
    1    2    1    1    1    1    1    1      1208  -11   13  -13    6    9   -5   12   11   -3   -8    3   16   16    0    8   10   -1   -6
    1    2    2    1    1    2    1    1      5158  -14   14   -8   14    6   -5   13   13   -8   -4   -1   14   14    4    7   12   -8  -12
    1    2    3    1    3    4    3    1      1204   14   -2   -5   -7   -8    1   -9    4   11  -11  -15   -8    4   -8    3    9   -6   15
    1    2    4    1    3    5    2    0      1008    7   -1   -8   -5  -10   11   -6    7   14  -19  -15   -6    4   -7    4   10   -4   16
    1    2    5    1    2    5    2    1      1027   14    0   -3   -2   10    1    8   -6   -7    6   17   -4   -2    6   11   17   -9  -14
    1    2    6    1    2    2    1    0       854   12   -4   -2   -2    2    8   10   -7   -8    9   15   -6    8   10   11   18   -9   -7
    1    2    7    1    2    4    1    0       879   15   -2   -5   -2    7    4   10   -5   -6    8   14   -4    4   11   10   16  -10  -12
    1    2    8    1    3    3    3    1      1977    9   -9   -5   -6   -8    9   -7    6   13   -9  -18  -10    2   -8    4   10    0   16
    1    2    9    1    1    4    1    1      4245  -17   10   -7   12    7   -3   13   21   -5   -7   -2   14   16    0   12   13   -8  -17
    1    2   10    1    1    5    3    0      1461  -12   12  -10   10    9   -5   13   12   -3  -10   -1   12   18    2    8   11    1   -8
    1    2   11    1    1    3    2    0      1636  -10   15   -9   10    5   -5   13   12   -4   -8   -2   11   15    1   11    9   -1   -5
    1    2   12    1    2    3    1    0       991   14    0   -2   -1    8    6   14   -4   -5    7   17   -4    8   14   10   17  -10  -13
    1    2   13    1    2    1    1    0       979   13   -3   -8   -4    5    2    9   -3   -1   -2   15   -4    3    9   12   16  -13  -13
    1    2   14    1    3    1    3    1      2680   17    1   -3   -4   -6   11   -9    5   22   -3   -6  -13    3   -6    6   11   -5   13
    1    2   15    1    3    2    3    1      1192   13    3   -8   -7   -7   11   -7    8   11  -12  -17   -9    2   -7   -3   20   -6   13
    1    3    1    1    2    1    2    1      1285   13   -3   -8   -4    5    2    9   -3   -1   -2   15   -4    3    9   12   16  -13  -13
    1    3    2    1    1    4    3    0      1308  -17   10   -7   12    7   -3   13   21   -5   -7   -2   14   16    0   12   13   -8  -17
    1    3    3    1    1    1    1    1      2628  -11   13  -13    6    9   -5   12   11   -3   -8    3   16   16    0    8   10   -1   -6
    1    3    4    1    3    5    3    1       806    7   -1   -8   -5  -10   11   -6    7   14  -19  -15   -6    4   -7    4   10   -4   16
    1    3    5    1    2    3    1    0      1008   14    0   -2   -1    8    6   14   -4   -5    7   17   -4    8   14   10   17  -10  -13
    1    3    6    1    2    4    2    1      1427   15   -2   -5   -2    7    4   10   -5   -6    8   14   -4    4   11   10   16  -10  -12
    1    3    7    1    2    5    2    1       822   14    0   -3   -2   10    1    8   -6   -7    6   17   -4   -2    6   11   17   -9  -14
    1    3    8    1    3    1    3    1      2546   17    1   -3   -4   -6   11   -9    5   22   -3   -6  -13    3   -6    6   11   -5   13
    1    3    9    1    2    2    2    1      1192   12   -4   -2   -2    2    8   10   -7   -8    9   15   -6    8   10   11   18   -9   -7
    1    3   10    1    1    2    1    1       805  -14   14   -8   14    6   -5   13   13   -8   -4   -1   14   14    4    7   12   -8  -12
    1    3   11    1    1    5    3    0      1600  -12   12  -10   10    9   -5   13   12   -3  -10   -1   12   18    2    8   11    1   -8
    1    3   12    1    3    3    3    1      1244    9   -9   -5   -6   -8    9   -7    6   13   -9  -18  -10    2   -8    4   10    0   16
    1    3   13    1    3    4    3    1       839   14   -2   -5   -7   -8    1   -9    4   11  -11  -15   -8    4   -8    3    9   -6   15
    1    3   14    1    1    3    2    0      1265  -10   15   -9   10    5   -5   13   12   -4   -8   -2   11   15    1   11    9   -1   -5
    1    3   15    1    3    2    3    1       874   13    3   -8   -7   -7   11   -7    8   11  -12  -17   -9    2   -7   -3   20   -6   13
    1    4    1    1    1    3    1    1      1714  -10   15   -9   10    5   -5   13   12   -4   -8   -2   11   15    1   11    9   -1   -5
    1    4    2    1    1    5    2    0      1448  -12   12  -10   10    9   -5   13   12   -3  -10   -1   12   18    2    8   11    1   -8
    1    4    3    1    3    5    3    1       907    7   -1   -8   -5  -10   11   -6    7   14  -19  -15   -6    4   -7    4   10   -4   16
    1    4    4    1    2    4    2    1      1666   15   -2   -5   -2    7    4   10   -5   -6    8   14   -4    4   11   10   16  -10  -12
    1    4    5    1    1    2    1    1      1019  -14   14   -8   14    6   -5   13   13   -8   -4   -1   14   14    4    7   12   -8  -12
    1    4    6    1    2    2    2    1       876   12   -4   -2   -2    2    8   10   -7   -8    9   15   -6    8   10   11   18   -9   -7
    1    4    7    1    2    3    2    1       949   14    0   -2   -1    8    6   14   -4   -5    7   17   -4    8   14   10   17  -10  -13
    1    4    8    1    3    4    3    1       667   14   -2   -5   -7   -8    1   -9    4   11  -11  -15   -8    4   -8    3    9   -6   15
    1    4    9    1    1    4    1    1      2267  -17   10   -7   12    7   -3   13   21   -5   -7   -2   14   16    0   12   13   -8  -17
    1    4   10    1    3    3    3    1       796    9   -9   -5   -6   -8    9   -7    6   13   -9  -18  -10    2   -8    4   10    0   16
    1    4   11    1    1    1    1    1      3447  -11   13  -13    6    9   -5   12   11   -3   -8    3   16   16    0    8   10   -1   -6
    1    4   12    1    3    2    3    1       632   13    3   -8   -7   -7   11   -7    8   11  -12  -17   -9    2   -7   -3   20   -6   13
    1    4   13    1    3    1    3    1       986   17    1   -3   -4   -6   11   -9    5   22   -3   -6  -13    3   -6    6   11   -5   13
    1    4   14    1    2    5    2    1      2766   14    0   -3   -2   10    1    8   -6   -7    6   17   -4   -2    6   11   17   -9  -14
    1    4   15    1    2    1    2    1       908   13   -3   -8   -4    5    2    9   -3   -1   -2   15   -4    3    9   12   16  -13  -13
    1    5    1    1    3    5    3    1       675    7   -1   -8   -5  -10   11   -6    7   14  -19  -15   -6    4   -7    4   10   -4   16
    1    5    2    1    2    2    2    1      1012   12   -4   -2   -2    2    8   10   -7   -8    9   15   -6    8   10   11   18   -9   -7
    1    5    3    1    2    4    2    1       790   15   -2   -5   -2    7    4   10   -5   -6    8   14   -4    4   11   10   16  -10  -12
    1    5    4    1    2    5    2    1       498   14    0   -3   -2   10    1    8   -6   -7    6   17   -4   -2    6   11   17   -9  -14
    1    5    5    1    1    1    1    1       827  -11   13  -13    6    9   -5   12   11   -3   -8    3   16   16    0    8   10   -1   -6
    1    5    6    1    1    3    1    1       789  -10   15   -9   10    5   -5   13   12   -4   -8   -2   11   15    1   11    9   -1   -5
    1    5    7    1    2    1    2    1       880   13   -3   -8   -4    5    2    9   -3   -1   -2   15   -4    3    9   12   16  -13  -13
    1    5    8    1    1    5    3    0      2234  -12   12  -10   10    9   -5   13   12   -3  -10   -1   12   18    2    8   11    1   -8
    1    5    9    1    3    3    3    1       636    9   -9   -5   -6   -8    9   -7    6   13   -9  -18  -10    2   -8    4   10    0   16
    1    5   10    1    2    3    2    1      1519   14    0   -2   -1    8    6   14   -4   -5    7   17   -4    8   14   10   17  -10  -13
    1    5   11    1    3    2    3    1       670   13    3   -8   -7   -7   11   -7    8   11  -12  -17   -9    2   -7   -3   20   -6   13
    1    5   12    1    1    2    1    1      1375  -14   14   -8   14    6   -5   13   13   -8   -4   -1   14   14    4    7   12   -8  -12
    1    5   13    1    3    1    3    1       899   17    1   -3   -4   -6   11   -9    5   22   -3   -6  -13    3   -6    6   11   -5   13
    1    5   14    1    3    4    3    1       635   14   -2   -5   -7   -8    1   -9    4   11  -11  -15   -8    4   -8    3    9   -6   15
    1    5   15    1    1    4    1    1      1933  -17   10   -7   12    7   -3   13   21   -5   -7   -2   14   16    0   12   13   -8  -17
    1    6    1    1    2    5    3    0      2700   14    0   -3   -2   10    1    8   -6   -7    6   17   -4   -2    6   11   17   -9  -14
    1    6    2    1    1    3    1    1      3275  -10   15   -9   10    5   -5   13   12   -4   -8   -2   11   15    1   11    9   -1   -5
    1    6    3    1    3    4    3    1       915   14   -2   -5   -7   -8    1   -9    4   11  -11  -15   -8    4   -8    3    9   -6   15
    1    6    4    1    2    4    2    1      2026   15   -2   -5   -2    7    4   10   -5   -6    8   14   -4    4   11   10   16  -10  -12
    1    6    5    1    2    1    2    1       789   13   -3   -8   -4    5    2    9   -3   -1   -2   15   -4    3    9   12   16  -13  -13
    1    6    6    1    3    1    3    1       785   17    1   -3   -4   -6   11   -9    5   22   -3   -6  -13    3   -6    6   11   -5   13
    1    6    7    1    1    2    1    1      1483  -14   14   -8   14    6   -5   13   13   -8   -4   -1   14   14    4    7   12   -8  -12
    1    6    8    1    3    3    3    1       747    9   -9   -5   -6   -8    9   -7    6   13   -9  -18  -10    2   -8    4   10    0   16
    1    6    9    1    1    1    1    1      4152  -11   13  -13    6    9   -5   12   11   -3   -8    3   16   16    0    8   10   -1   -6
    1    6   10    1    1    5    1    1      2013  -12   12  -10   10    9   -5   13   12   -3  -10   -1   12   18    2    8   11    1   -8
    1    6   11    1    2    2    2    1      2903   12   -4   -2   -2    2    8   10   -7   -8    9   15   -6    8   10   11   18   -9   -7
    1    6   12    1    2    3    2    1      1007   14    0   -2   -1    8    6   14   -4   -5    7   17   -4    8   14   10   17  -10  -13
    1    6   13    1    3    5    3    1      1266    7   -1   -8   -5  -10   11   -6    7   14  -19  -15   -6    4   -7    4   10   -4   16
    1    6   14    1    3    2    3    1       699   13    3   -8   -7   -7   11   -7    8   11  -12  -17   -9    2   -7   -3   20   -6   13
    1    6   15    1    1    4    1    1       875  -17   10   -7   12    7   -3   13   21   -5   -7   -2   14   16    0   12   13   -8  -17
    1    7    1    1    2    3    2    1      1123   14    0   -2   -1    8    6   14   -4   -5    7   17   -4    8   14   10   17  -10  -13
    1    7    2    1    1    4    1    1       672  -17   10   -7   12    7   -3   13   21   -5   -7   -2   14   16    0   12   13   -8  -17
    1    7    3    1    2    5    2    1       672   14    0   -3   -2   10    1    8   -6   -7    6   17   -4   -2    6   11   17   -9  -14
    1    7    4    1    2    4    2    1       770   15   -2   -5   -2    7    4   10   -5   -6    8   14   -4    4   11   10   16  -10  -12
    1    7    5    1    3    1    3    1       575   17    1   -3   -4   -6   11   -9    5   22   -3   -6  -13    3   -6    6   11   -5   13
    1    7    6    1    1    1    1    1      1476  -11   13  -13    6    9   -5   12   11   -3   -8    3   16   16    0    8   10   -1   -6
    1    7    7    1    1    2    1    1      1188  -14   14   -8   14    6   -5   13   13   -8   -4   -1   14   14    4    7   12   -8  -12
    1    7    8    1    3    2    3    1       784   13    3   -8   -7   -7   11   -7    8   11  -12  -17   -9    2   -7   -3   20   -6   13
    1    7    9    1    3    4    3    1       525   14   -2   -5   -7   -8    1   -9    4   11  -11  -15   -8    4   -8    3    9   -6   15
    1    7   10    1    1    3    1    1      2004  -10   15   -9   10    5   -5   13   12   -4   -8   -2   11   15    1   11    9   -1   -5
    1    7   11    1    1    5    1    1       895  -12   12  -10   10    9   -5   13   12   -3  -10   -1   12   18    2    8   11    1   -8
    1    7   12    1    2    2    2    1       918   12   -4   -2   -2    2    8   10   -7   -8    9   15   -6    8   10   11   18   -9   -7
    1    7   13    1    3    5    3    1       716    7   -1   -8   -5  -10   11   -6    7   14  -19  -15   -6    4   -7    4   10   -4   16
    1    7   14    1    3    3    3    1       924    9   -9   -5   -6   -8    9   -7    6   13   -9  -18  -10    2   -8    4   10    0   16
    1    7   15    1    2    1    2    1      2722   13   -3   -8   -4    5    2    9   -3   -1   -2   15   -4    3    9   12   16  -13  -13
    1    8    1    1    2    1    2    1       481   13   -3   -8   -4    5    2    9   -3   -1   -2   15   -4    3    9   12   16  -13  -13
    1    8    2    1    3    2    3    1       555   13    3   -8   -7   -7   11   -7    8   11  -12  -17   -9    2   -7   -3   20   -6   13
    1    8    3    1    3    4    3    1       352   14   -2   -5   -7   -8    1   -9    4   11  -11  -15   -8    4   -8    3    9   -6   15
    1    8    4    1    1    4    1    1       622  -17   10   -7   12    7   -3   13   21   -5   -7   -2   14   16    0   12   13   -8  -17
    1    8    5    1    1    5    1    1       960  -12   12  -10   10    9   -5   13   12   -3  -10   -1   12   18    2    8   11    1   -8
    1    8    6    1    2    5    2    1       900   14    0   -3   -2   10    1    8   -6   -7    6   17   -4   -2    6   11   17   -9  -14
    1    8    7    1    2    3    2    1       540   14    0   -2   -1    8    6   14   -4   -5    7   17   -4    8   14   10   17  -10  -13
    1    8    8    1    3    5    3    1       977    7   -1   -8   -5  -10   11   -6    7   14  -19  -15   -6    4   -7    4   10   -4   16
    1    8    9    1    3    1    3    1       773   17    1   -3   -4   -6   11   -9    5   22   -3   -6  -13    3   -6    6   11   -5   13
    1    8   10    1    1    2    1    1       945  -14   14   -8   14    6   -5   13   13   -8   -4   -1   14   14    4    7   12   -8  -12
    1    8   11    1    2    4    2    1       773   15   -2   -5   -2    7    4   10   -5   -6    8   14   -4    4   11   10   16  -10  -12
    1    8   12    1    3    3    3    1       578    9   -9   -5   -6   -8    9   -7    6   13   -9  -18  -10    2   -8    4   10    0   16
    1    8   13    1    2    2    2    1       790   12   -4   -2   -2    2    8   10   -7   -8    9   15   -6    8   10   11   18   -9   -7
    1    8   14    1    1    1    1    1      1137  -11   13  -13    6    9   -5   12   11   -3   -8    3   16   16    0    8   10   -1   -6
    1    8   15    1    1    3    1    1       767  -10   15   -9   10    5   -5   13   12   -4   -8   -2   11   15    1   11    9   -1   -5
    1    9    1    1    3    5    3    1      1051    7   -1   -8   -5  -10   11   -6    7   14  -19  -15   -6    4   -7    4   10   -4   16
    1    9    2    1    1    3    1    1      1005  -10   15   -9   10    5   -5   13   12   -4   -8   -2   11   15    1   11    9   -1   -5
    1    9    3    1    1    4    1    1       705  -17   10   -7   12    7   -3   13   21   -5   -7   -2   14   16    0   12   13   -8  -17
    1    9    4    1    1    5    1    1      1153  -12   12  -10   10    9   -5   13   12   -3  -10   -1   12   18    2    8   11    1   -8
    1    9    5    1    2    1    2    1       605   13   -3   -8   -4    5    2    9   -3   -1   -2   15   -4    3    9   12   16  -13  -13
    1    9    6    1    3    4    3    1       592   14   -2   -5   -7   -8    1   -9    4   11  -11  -15   -8    4   -8    3    9   -6   15
    1    9    7    1    3    1    3    1       564   17    1   -3   -4   -6   11   -9    5   22   -3   -6  -13    3   -6    6   11   -5   13
    1    9    8    1    2    3    1    0      1064   14    0   -2   -1    8    6   14   -4   -5    7   17   -4    8   14   10   17  -10  -13
    1    9    9    1    2    4    2    1       745   15   -2   -5   -2    7    4   10   -5   -6    8   14   -4    4   11   10   16  -10  -12
    1    9   10    1    2    5    2    1       551   14    0   -3   -2   10    1    8   -6   -7    6   17   -4   -2    6   11   17   -9  -14
    1    9   11    1    1    1    1    1      2382  -11   13  -13    6    9   -5   12   11   -3   -8    3   16   16    0    8   10   -1   -6
    1    9   12    1    2    2    2    1       937   12   -4   -2   -2    2    8   10   -7   -8    9   15   -6    8   10   11   18   -9   -7
    1    9   13    1    1    2    1    1       847  -14   14   -8   14    6   -5   13   13   -8   -4   -1   14   14    4    7   12   -8  -12
    1    9   14    1    3    3    3    1       682    9   -9   -5   -6   -8    9   -7    6   13   -9  -18  -10    2   -8    4   10    0   16
    1    9   15    1    3    2    3    1       570   13    3   -8   -7   -7   11   -7    8   11  -12  -17   -9    2   -7   -3   20   -6   13
    1   10    1    1    1    4    1    1       816  -17   10   -7   12    7   -3   13   21   -5   -7   -2   14   16    0   12   13   -8  -17
    1   10    2    1    2    1    2    1       682   13   -3   -8   -4    5    2    9   -3   -1   -2   15   -4    3    9   12   16  -13  -13
    1   10    3    1    1    5    3    0       907  -12   12  -10   10    9   -5   13   12   -3  -10   -1   12   18    2    8   11    1   -8
    1   10    4    1    2    4    2    1       801   15   -2   -5   -2    7    4   10   -5   -6    8   14   -4    4   11   10   16  -10  -12
    1   10    5    1    3    1    3    1       637   17    1   -3   -4   -6   11   -9    5   22   -3   -6  -13    3   -6    6   11   -5   13
    1   10    6    1    3    2    3    1       575   13    3   -8   -7   -7   11   -7    8   11  -12  -17   -9    2   -7   -3   20   -6   13
    1   10    7    1    3    3    3    1       755    9   -9   -5   -6   -8    9   -7    6   13   -9  -18  -10    2   -8    4   10    0   16
    1   10    8    1    2    3    2    1       720   14    0   -2   -1    8    6   14   -4   -5    7   17   -4    8   14   10   17  -10  -13
    1   10    9    1    2    2    2    1       494   12   -4   -2   -2    2    8   10   -7   -8    9   15   -6    8   10   11   18   -9   -7
    1   10   10    1    3    5    3    1      1382    7   -1   -8   -5  -10   11   -6    7   14  -19  -15   -6    4   -7    4   10   -4   16
    1   10   11    1    1    3    1    1       843  -10   15   -9   10    5   -5   13   12   -4   -8   -2   11   15    1   11    9   -1   -5
    1   10   12    1    3    4    3    1       740   14   -2   -5   -7   -8    1   -9    4   11  -11  -15   -8    4   -8    3    9   -6   15
    1   10   13    1    1    2    1    1      2240  -14   14   -8   14    6   -5   13   13   -8   -4   -1   14   14    4    7   12   -8  -12
    1   10   14    1    2    5    2    1       689   14    0   -3   -2   10    1    8   -6   -7    6   17   -4   -2    6   11   17   -9  -14
    1   10   15    1    1    1    1    1       769  -11   13  -13    6    9   -5   12   11   -3   -8    3   16   16    0    8   10   -1   -6
    1   11    1    1    3    5    3    1       590    7   -1   -8   -5  -10   11   -6    7   14  -19  -15   -6    4   -7    4   10   -4   16
    1   11    2    1    2    5    1    0       882   14    0   -3   -2   10    1    8   -6   -7    6   17   -4   -2    6   11   17   -9  -14
    1   11    3    1    1    1    1    1      1082  -11   13  -13    6    9   -5   12   11   -3   -8    3   16   16    0    8   10   -1   -6
    1   11    4    1    2    4    2    1       652   15   -2   -5   -2    7    4   10   -5   -6    8   14   -4    4   11   10   16  -10  -12
    1   11    5    1    2    3    2    1       477   14    0   -2   -1    8    6   14   -4   -5    7   17   -4    8   14   10   17  -10  -13
    1   11    6    1    3    3    3    1       534    9   -9   -5   -6   -8    9   -7    6   13   -9  -18  -10    2   -8    4   10    0   16
    1   11    7    1    1    2    1    1       780  -14   14   -8   14    6   -5   13   13   -8   -4   -1   14   14    4    7   12   -8  -12
    1   11    8    1    1    3    1    1      1720  -10   15   -9   10    5   -5   13   12   -4   -8   -2   11   15    1   11    9   -1   -5
    1   11    9    1    2    1    2    1       718   13   -3   -8   -4    5    2    9   -3   -1   -2   15   -4    3    9   12   16  -13  -13
    1   11   10    1    3    1    3    1       651   17    1   -3   -4   -6   11   -9    5   22   -3   -6  -13    3   -6    6   11   -5   13
    1   11   11    1    3    4    3    1       795   14   -2   -5   -7   -8    1   -9    4   11  -11  -15   -8    4   -8    3    9   -6   15
    1   11   12    1    3    2    3    1       679   13    3   -8   -7   -7   11   -7    8   11  -12  -17   -9    2   -7   -3   20   -6   13
    1   11   13    1    2    2    2    1       775   12   -4   -2   -2    2    8   10   -7   -8    9   15   -6    8   10   11   18   -9   -7
    1   11   14    1    1    5    1    1       707  -12   12  -10   10    9   -5   13   12   -3  -10   -1   12   18    2    8   11    1   -8
    1   11   15    1    1    4    1    1       674  -17   10   -7   12    7   -3   13   21   -5   -7   -2   14   16    0   12   13   -8  -17
    1   12    1    1    1    5    1    1      1395  -12   12  -10   10    9   -5   13   12   -3  -10   -1   12   18    2    8   11    1   -8
    1   12    2    1    1    4    1    1       808  -17   10   -7   12    7   -3   13   21   -5   -7   -2   14   16    0   12   13   -8  -17
    1   12    3    1    1    1    1    1       754  -11   13  -13    6    9   -5   12   11   -3   -8    3   16   16    0    8   10   -1   -6
    1   12    4    1    3    3    3    1      1390    9   -9   -5   -6   -8    9   -7    6   13   -9  -18  -10    2   -8    4   10    0   16
    1   12    5    1    1    3    1    1      1618  -10   15   -9   10    5   -5   13   12   -4   -8   -2   11   15    1   11    9   -1   -5
    1   12    6    1    2    4    2    1      1021   15   -2   -5   -2    7    4   10   -5   -6    8   14   -4    4   11   10   16  -10  -12
    1   12    7    1    2    5    2    1       592   14    0   -3   -2   10    1    8   -6   -7    6   17   -4   -2    6   11   17   -9  -14
    1   12    8    1    1    2    1    1       771  -14   14   -8   14    6   -5   13   13   -8   -4   -1   14   14    4    7   12   -8  -12
    1   12    9    1    3    4    3    1       767   14   -2   -5   -7   -8    1   -9    4   11  -11  -15   -8    4   -8    3    9   -6   15
    1   12   10    1    3    2    3    1       765   13    3   -8   -7   -7   11   -7    8   11  -12  -17   -9    2   -7   -3   20   -6   13
    1   12   11    1    3    1    3    1       698   17    1   -3   -4   -6   11   -9    5   22   -3   -6  -13    3   -6    6   11   -5   13
    1   12   12    1    2    2    2    1       825   12   -4   -2   -2    2    8   10   -7   -8    9   15   -6    8   10   11   18   -9   -7
    1   12   13    1    3    5    3    1      1156    7   -1   -8   -5  -10   11   -6    7   14  -19  -15   -6    4   -7    4   10   -4   16
    1   12   14    1    2    3    2    1       832   14    0   -2   -1    8    6   14   -4   -5    7   17   -4    8   14   10   17  -10  -13
    1   12   15    1    2    1    2    1      1049   13   -3   -8   -4    5    2    9   -3   -1   -2   15   -4    3    9   12   16  -13  -13
    1   13    1    1    2    2    2    1       603   12   -4   -2   -2    2    8   10   -7   -8    9   15   -6    8   10   11   18   -9   -7
    1   13    2    1    2    1    2    1       574   13   -3   -8   -4    5    2    9   -3   -1   -2   15   -4    3    9   12   16  -13  -13
    1   13    3    1    1    4    1    1       899  -17   10   -7   12    7   -3   13   21   -5   -7   -2   14   16    0   12   13   -8  -17
    1   13    4    1    1    1    1    1       699  -11   13  -13    6    9   -5   12   11   -3   -8    3   16   16    0    8   10   -1   -6
    1   13    5    1    2    3    2    1      1291   14    0   -2   -1    8    6   14   -4   -5    7   17   -4    8   14   10   17  -10  -13
    1   13    6    1    2    5    2    1       596   14    0   -3   -2   10    1    8   -6   -7    6   17   -4   -2    6   11   17   -9  -14
    1   13    7    1    3    1    3    1       616   17    1   -3   -4   -6   11   -9    5   22   -3   -6  -13    3   -6    6   11   -5   13
    1   13    8    1    3    4    3    1       555   14   -2   -5   -7   -8    1   -9    4   11  -11  -15   -8    4   -8    3    9   -6   15
    1   13    9    1    3    2    3    1       497   13    3   -8   -7   -7   11   -7    8   11  -12  -17   -9    2   -7   -3   20   -6   13
    1   13   10    1    2    4    2    1       728   15   -2   -5   -2    7    4   10   -5   -6    8   14   -4    4   11   10   16  -10  -12
    1   13   11    1    1    3    1    1       822  -10   15   -9   10    5   -5   13   12   -4   -8   -2   11   15    1   11    9   -1   -5
    1   13   12    1    1    2    1    1       785  -14   14   -8   14    6   -5   13   13   -8   -4   -1   14   14    4    7   12   -8  -12
    1   13   13    1    3    3    3    1       956    9   -9   -5   -6   -8    9   -7    6   13   -9  -18  -10    2   -8    4   10    0   16
    1   13   14    1    1    5    1    1       704  -12   12  -10   10    9   -5   13   12   -3  -10   -1   12   18    2    8   11    1   -8
    1   13   15    1    3    5    3    1      1006    7   -1   -8   -5  -10   11   -6    7   14  -19  -15   -6    4   -7    4   10   -4   16
    1   14    1    1    3    5    3    1       450    7   -1   -8   -5  -10   11   -6    7   14  -19  -15   -6    4   -7    4   10   -4   16
    1   14    2    1    2    3    2    1       715   14    0   -2   -1    8    6   14   -4   -5    7   17   -4    8   14   10   17  -10  -13
    1   14    3    1    1    3    1    1       651  -10   15   -9   10    5   -5   13   12   -4   -8   -2   11   15    1   11    9   -1   -5
    1   14    4    1    1    1    1    1      1740  -11   13  -13    6    9   -5   12   11   -3   -8    3   16   16    0    8   10   -1   -6
    1   14    5    1    3    1    3    1       721   17    1   -3   -4   -6   11   -9    5   22   -3   -6  -13    3   -6    6   11   -5   13
    1   14    6    1    1    2    1    1       752  -14   14   -8   14    6   -5   13   13   -8   -4   -1   14   14    4    7   12   -8  -12
    1   14    7    1    1    5    1    1       667  -12   12  -10   10    9   -5   13   12   -3  -10   -1   12   18    2    8   11    1   -8
    1   14    8    1    3    3    3    1       669    9   -9   -5   -6   -8    9   -7    6   13   -9  -18  -10    2   -8    4   10    0   16
    1   14    9    1    2    1    2    1       958   13   -3   -8   -4    5    2    9   -3   -1   -2   15   -4    3    9   12   16  -13  -13
    1   14   10    1    3    2    3    1       578   13    3   -8   -7   -7   11   -7    8   11  -12  -17   -9    2   -7   -3   20   -6   13
    1   14   11    1    2    4    2    1      1446   15   -2   -5   -2    7    4   10   -5   -6    8   14   -4    4   11   10   16  -10  -12
    1   14   12    1    3    4    3    1      1368   14   -2   -5   -7   -8    1   -9    4   11  -11  -15   -8    4   -8    3    9   -6   15
    1   14   13    1    1    4    1    1       572  -17   10   -7   12    7   -3   13   21   -5   -7   -2   14   16    0   12   13   -8  -17
    1   14   14    1    2    2    2    1       704   12   -4   -2   -2    2    8   10   -7   -8    9   15   -6    8   10   11   18   -9   -7
    1   14   15    1    2    5    2    1       479   14    0   -3   -2   10    1    8   -6   -7    6   17   -4   -2    6   11   17   -9  -14
    1   15    1    1    1    4    1    1       681  -17   10   -7   12    7   -3   13   21   -5   -7   -2   14   16    0   12   13   -8  -17
    1   15    2    1    2    3    2    1       986   14    0   -2   -1    8    6   14   -4   -5    7   17   -4    8   14   10   17  -10  -13
    1   15    3    1    3    1    3    1       687   17    1   -3   -4   -6   11   -9    5   22   -3   -6  -13    3   -6    6   11   -5   13
    1   15    4    1    2    1    2    1      1487   13   -3   -8   -4    5    2    9   -3   -1   -2   15   -4    3    9   12   16  -13  -13
    1   15    5    1    3    5    3    1       783    7   -1   -8   -5  -10   11   -6    7   14  -19  -15   -6    4   -7    4   10   -4   16
    1   15    6    1    3    2    3    1       843   13    3   -8   -7   -7   11   -7    8   11  -12  -17   -9    2   -7   -3   20   -6   13
    1   15    7    1    2    5    2    1      2405   14    0   -3   -2   10    1    8   -6   -7    6   17   -4   -2    6   11   17   -9  -14
    1   15    8    1    1    2    1    1       734  -14   14   -8   14    6   -5   13   13   -8   -4   -1   14   14    4    7   12   -8  -12
    1   15    9    1    2    2    2    1       635   12   -4   -2   -2    2    8   10   -7   -8    9   15   -6    8   10   11   18   -9   -7
    1   15   10    1    3    3    3    1       846    9   -9   -5   -6   -8    9   -7    6   13   -9  -18  -10    2   -8    4   10    0   16
    1   15   11    1    1    5    1    1       727  -12   12  -10   10    9   -5   13   12   -3  -10   -1   12   18    2    8   11    1   -8
    1   15   12    1    1    3    1    1       501  -10   15   -9   10    5   -5   13   12   -4   -8   -2   11   15    1   11    9   -1   -5
    1   15   13    1    3    4    3    1       668   14   -2   -5   -7   -8    1   -9    4   11  -11  -15   -8    4   -8    3    9   -6   15
    1   15   14    1    1    1    1    1      1292  -11   13  -13    6    9   -5   12   11   -3   -8    3   16   16    0    8   10   -1   -6
    1   15   15    1    2    4    2    1       597   15   -2   -5   -2    7    4   10   -5   -6    8   14   -4    4   11   10   16  -10  -12
    2    1    1    4    2    2    2    1      1321   13    0   -1    0    4    4    8   -5   -6    9   16   -5    4   11    7   16  -10  -12
    2    1    2    4    2    5    2    1      1779   12    7   -4    0    4    5    8   -4   -9   16    7   -6    5    9    9   15  -11   -5
    2    1    3    3    2    2    2    1       617   15    1   -3   -1    5    2    9   -5   -6    7   16   -6    4   11   11   16  -11  -12
    2    1    4    2    3    0    3    1      1260   12    0   -6   -6   -7   10   -7    5   12  -11  -15   -7    3   -7    5   10   -4   15
    2    1    5    5    2    5    2    1      1079   11   -3    1   -1    5    5   11  -10   -4    8   15   -6   14   15   14   20   -8   -9
    2    1    6    1    3    4    3    1      1098   14   -2   -5   -7   -8    1   -9    4   11  -11  -15   -8    4   -8    3    9   -6   15
    2    1    7    5    2    4    2    1      2411    9   -2  -11   -8   12   -2   14   -5   -7    3   16   -7   12    3   11   14   -7   -8
    2    1    8    3    1    3    1    1       888  -12   13  -10   10    9   -5   13   11   -5   -8    0   13   16    1    7    7    0   -7
    2    1    9    5    2    2    3    0      3793   19  -11   -2    5    4    4   10    0  -14   -3    8   -8    4    9   16   17  -10  -12
    2    1   10    3    3    1    3    1      1031   13    1   -7   -6   -7   10   -8    6   13  -10  -15   -7    1   -8    6   11   -4   16
    2    1   11    4    1    1    1    1       988  -11   12  -10   10    5  -10   11   13   -6   -8   -8    5   14    2    4   10   -2   -8
    2    1   12    1    2    4    2    1      1362   15   -2   -5   -2    7    4   10   -5   -6    8   14   -4    4   11   10   16  -10  -12
    2    1   13    1    2    5    2    1       537   14    0   -3   -2   10    1    8   -6   -7    6   17   -4   -2    6   11   17   -9  -14
    2    1   14    5    1    2    1    1      1585  -14   17  -11   13   10    0   17   10   -6   -8   -2   11   17    1    1    1    4   -9
    2    1   15    1    3    5    3    1      1087    7   -1   -8   -5  -10   11   -6    7   14  -19  -15   -6    4   -7    4   10   -4   16
    2    1   16    5    1    3    1    1      1344  -10   15  -10    9   13   -4   11   13    4  -14   -5    8   11   -8   13   12   -1   -5
    2    1   17    5    2    1    2    1      2134    7    3    1    3    1    7    7   -3    3   17   21   -9    7   10   10   17  -21   -7
    2    1   18    3    3    2    3    1      1311   12    0   -7   -6   -7   19   -7    5   12  -11  -15   -8    4   -8    5   10   -5   15
    2    1   19    1    1    3    1    1      1735  -10   15   -9   10    5   -5   13   12   -4   -8   -2   11   15    1   11    9   -1   -5
    2    1   20    1    2    2    2    1      1023   12   -4   -2   -2    2    8   10   -7   -8    9   15   -6    8   10   11   18   -9   -7
    2    1   21    5    1    4    3    0      5185  -13   11  -10   12   14  -14    9   14   -2   -9    0   12   13    2   12    5   -1   -6
    2    1   22    3    1    2    1    1       990  -13   14  -13    9    5  -11   11   13   -5   -8   -3   14   16    1    9   10   -1   -7
    2    1   23    4    1    5    1    1       772  -12   12   -9   10    5   -4   11   11   -7   -7   -3   11   18    0    9    8    4   -9
    2    1   24    4    1    2    1    1       659  -10   14   -8   11    0  -11    9   12   -4   -7    0   13   12    3    1    9    0   -5
    2    1   25    5    3    4    3    1      2439   17   -2    1   -1  -10   11  -12    5   13  -13  -24  -15   -1   -4    7    5   -4    5
    2    1   26    3    2    5    2    1      1810   11    2   -3   -2    6    3   10   -5  -11    0   16   -6    5   10   10   15  -10  -12
    2    1   27    4    3    2    3    1      1479   12    2   -7   -6   -4   12   -7    7   10  -15  -13  -11    3   -5    4    9  -10   15
    2    1   28    3    2    4    2    1       920   14   -1   -2   -1    5    4    9   -5   -5    6   16   -7    5   10   11   17  -11  -12
    2    1   29    3    2    3    2    1       591   12   -2   -3   -1    1    8    9   -5   -6    7   16   -5    5   10   11   16  -12  -13
    2    1   30    3    1    4    1    1       773  -11   14  -13    8    8   -5   12   12   -6   -7   -1   13   16    1    8    9   -2   -6
    2    1   31    1    2    1    2    1       899   13   -3   -8   -4    5    2    9   -3   -1   -2   15   -4    3    9   12   16  -13  -13
    2    1   32    1    1    1    1    1       987  -11   13  -13    6    9   -5   12   11   -3   -8    3   16   16    0    8   10   -1   -6
    2    1   33    4    2    1    2    1      1232   13    1  -13    4    7    5   11   -6   -7    8   17   -8    3   11   12   16  -12  -12
    2    1   34    4    1    4    1    1      1996  -10   12  -17   11    6   -5   11   13   -7  -18    0    5   18   -1    9    8   -1   -9
    2    1   35    4    2    4    2    1       970   13   -3  -12   -4    4    3   13    5   -6    9   15   -5    6   10   11   17  -13  -13
    2    1   36    3    1    5    1    1       910  -12   13  -11   10    7   -7   12   13   -4   -9    0   13   17    1   10   11   -1   -9
    2    1   37    3    2    1    2    1      1207   13   -1   -3   -2    5    3    9   -5   -7    8   16   -5    6   11   11   16  -13  -13
    2    1   38    1    1    4    1    1      1092  -17   10   -7   12    7   -3   13   21   -5   -7   -2   14   16    0   12   13   -8  -17
    2    1   39    5    3    5    3    1      1765   17   -8   -8   -8  -12   15   -6    3   11   -4  -16  -12    2   -7    5   12  -11   22
    2    1   40    5    2    3    3    0      1787   14   -7   -4   -1    2    8   10   -4   -7   -1   20  -10    4    5    9   11  -12   -8
    2    1   41    5    3    1    3    1       784   13   -2   -6   -9   -9    8   -6    4   13  -12  -22  -10    2   -6   15    6   -5   14
    2    1   42    3    3    3    3    1       589   13    1   -7   -6   -7   10   -7    5   13  -12  -16   -7    3   -7    5   10   -4   15
    2    1   43    1    3    1    3    1      1282   17    1   -3   -4   -6   11   -9    5   22   -3   -6  -13    3   -6    6   11   -5   13
    2    1   44    4    1    3    1    1       987  -11   12  -13   11    5   -6   13   10   -7  -10    1   13   15    5    9   11   -3   -7
    2    1   45    5    1    5    1    1      1792   -3   22  -10    9    6   -5   10   12   -2  -15    2   14   15   -1    9   16    0   -3
    2    1   46    4    3    4    3    1      1350   12   -4   -5  -10   -6    9   -5    3    9  -16  -16   -7    2   -6    3    1   -2   16
    2    1   47    5    3    2    3    1       686   12   -3   -3    1    1   11   -6    6   16  -17  -17   -5    0   -9    7   11   -3   17
    2    1   48    2    2    0    2    1       878   14   -1   -3   -1    5    3    9   -5   -6    7   16   -6    5   10   11   16  -11  -12
    2    1   49    4    3    1    3    1       968   11    1   -4   -4   -7    8   -7    3   12  -10  -17   -5    1   -7   15    9   -5   17
    2    1   50    5    3    3    3    1       701   17    9   -5   -6   -8   11   -8    6   16   -6  -10  -12    6   -5    7    8   -3   13
    2    1   51    1    3    2    3    1       558   13    3   -8   -7   -7   11   -7    8   11  -12  -17   -9    2   -7   -3   20   -6   13
    2    1   52    1    1    2    1    1       902  -14   14   -8   14    6   -5   13   13   -8   -4   -1   14   14    4    7   12   -8  -12
    2    1   53    3    1    1    1    1       734  -10   14  -11   11    6   -4   12   12   -6   -8   -1   12   17    0    9   10   -1   -7
    2    1   54    5    1    1    1    1      4381  -14   10   -6   15   16  -13   11    4   -5   -9    1    9    8    9   19   11    2    1
    2    1   55    3    3    4    3    1      1227   12    0   -6   -7   -7    9   -7    5   14  -10  -14   -8    2   -6    5   10   -3   14
    2    1   56    4    3    3    3    1       568   13    0   -1   -3   -5    9   -5    6   12  -10  -14   -7    2   -6    4   10    0   20
    2    1   57    2    1    0    1    1      1021  -12   13  -11   11    7   -5   12   12   -5   -8   -1   13   16    1    9   10   -1   -7
    2    1   58    1    1    5    1    1       722  -12   12  -10   10    9   -5   13   12   -3  -10   -1   12   18    2    8   11    1   -8
    2    1   59    1    3    3    3    1      1826    9   -9   -5   -6   -8    9   -7    6   13   -9  -18  -10    2   -8    4   10    0   16
    2    1   60    4    2    3    2    1       870   13    0   -4   -1    4    4    1   -6   -7    6   16   -4    6   10    8   19  -12  -14
    2    1   61    4    3    5    3    1       880    7   -4   -7   -4   -4   11   -5    6   12  -12  -15   -6    3   -6    7    9   -2   13
    2    1   62    1    2    3    2    1       890   14    0   -2   -1    8    6   14   -4   -5    7   17   -4    8   14   10   17  -10  -13
    2    1   63    3    3    5    3    1       900   11    0   -8    0   -7   10   -7    5   12  -11  -13  -10    4   -7    5   10   -5   15
