    1    1    1    1    3    1    2    0     11904  -11    6  -16   -5   -2   10   15  -10    7  -11   12  -13    6    5  -10  -15    4   13
    1    1    2    1    1    2    1    1      4502    4   -3   -2   11  -20  -20  -13  -16   -7    7    6    6   -5    1  -20    2  -15  -12
    1    1    3    1    2    1    3    0      5308    3    2  -15   -3   14   -9    1   -2   -2    8   -7   15   10    8    0   14   14    1
    1    1    4    1    3    4    1    0     12721  -15   12  -17  -12    4   -1   16   -8    5  -11   10  -10    5    3  -12  -16    3    6
    1    1    5    1    1    3    2    0      4781    1   -1    0    9  -13  -10  -16  -19   -7    4    3   12   -5    0  -15   -1  -15   -9
    1    1    6    1    2    5    3    0      2293    2    3  -11   -6    5  -14    1   -1   -2    9   -8   14    4   -1    6   12   15   -1
    1    1    7    1    2    4    1    0      2385    4    2  -10   -4   11   -6    9   -4   -2    9   -9   18    5   -3    5    9   14    2
    1    1    8    1    3    3    3    1      6140  -10    3  -13   -9    2   -7   16  -10    4   -9    6  -11    4    5   -9  -15    5   15
    1    1    9    1    1    1    2    0      1200    2   -3    1    9  -10  -14  -22  -23   -8    4    7   13   -4    1   -4    9  -14  -10
    1    1   10    1    2    3    1    0      4746    5    5  -10   -3   10   -8    1    1    1    9   -6   14    6   -2    4   14   13   -1
    1    1   11    1    3    2    2    0      2329  -10    3  -17  -10   -2    6   14   -9    6  -11   10  -10    5    1   -9  -14    6   15
    1    1   12    1    3    5    3    1      2067  -13    3  -18  -14    5    3   21   -2    7  -11   10  -13    7    4  -12   -9    5   15
    1    1   13    1    2    2    1    0      4378    8    1  -10   -3   11  -12   -1   -3   -2    8   -8   17    5   -9    5   15   20   -1
    1    1   14    1    1    5    1    1      3030    4    0    1   10  -21   -7  -15  -14   -7    4    5    9   -6   -4  -12    2  -16  -11
    1    1   15    1    1    4    1    1      1912    1    0   -1    9  -11  -10  -12  -17   -9    6    4   10   -6   -3  -13    1  -16  -11
    1    2    1    1    2    3    2    1      1844    5    5  -10   -3   10   -8    1    1    1    9   -6   14    6   -2    4   14   13   -1
    1    2    2    1    3    3    3    1      1668  -10    3  -13   -9    2   -7   16  -10    4   -9    6  -11    4    5   -9  -15    5   15
    1    2    3    1    1    2    1    1      1610    4   -3   -2   11  -20  -20  -13  -16   -7    7    6    6   -5    1  -20    2  -15  -12
    1    2    4    1    1    5    1    1      3429    4    0    1   10  -21   -7  -15  -14   -7    4    5    9   -6   -4  -12    2  -16  -11
    1    2    5    1    1    1    1    1      2103    2   -3    1    9  -10  -14  -22  -23   -8    4    7   13   -4    1   -4    9  -14  -10
    1    2    6    1    2    1    3    0      4349    3    2  -15   -3   14   -9    1   -2   -2    8   -7   15   10    8    0   14   14    1
    1    2    7    1    2    4    2    1      5271    4    2  -10   -4   11   -6    9   -4   -2    9   -9   18    5   -3    5    9   14    2
    1    2    8    1    3    4    3    1      1261  -15   12  -17  -12    4   -1   16   -8    5  -11   10  -10    5    3  -12  -16    3    6
    1    2    9    1    3    5    3    1      1189  -13    3  -18  -14    5    3   21   -2    7  -11   10  -13    7    4  -12   -9    5   15
    1    2   10    1    1    4    2    0      3726    1    0   -1    9  -11  -10  -12  -17   -9    6    4   10   -6   -3  -13    1  -16  -11
    1    2   11    1    2    5    2    1      2979    2    3  -11   -6    5  -14    1   -1   -2    9   -8   14    4   -1    6   12   15   -1
    1    2   12    1    3    1    3    1      4149  -11    6  -16   -5   -2   10   15  -10    7  -11   12  -13    6    5  -10  -15    4   13
    1    2   13    1    2    2    2    1      3594    8    1  -10   -3   11  -12   -1   -3   -2    8   -8   17    5   -9    5   15   20   -1
    1    2   14    1    1    3    1    1       820    1   -1    0    9  -13  -10  -16  -19   -7    4    3   12   -5    0  -15   -1  -15   -9
    1    2   15    1    3    2    3    1      1260  -10    3  -17  -10   -2    6   14   -9    6  -11   10  -10    5    1   -9  -14    6   15
    1    3    1    1    1    2    1    1      2323    4   -3   -2   11  -20  -20  -13  -16   -7    7    6    6   -5    1  -20    2  -15  -12
    1    3    2    1    1    5    1    1      1168    4    0    1   10  -21   -7  -15  -14   -7    4    5    9   -6   -4  -12    2  -16  -11
    1    3    3    1    3    1    3    1      1291  -11    6  -16   -5   -2   10   15  -10    7  -11   12  -13    6    5  -10  -15    4   13
    1    3    4    1    2    4    2    1      3058    4    2  -10   -4   11   -6    9   -4   -2    9   -9   18    5   -3    5    9   14    2
    1    3    5    1    1    3    1    1       928    1   -1    0    9  -13  -10  -16  -19   -7    4    3   12   -5    0  -15   -1  -15   -9
    1    3    6    1    2    2    2    1      2102    8    1  -10   -3   11  -12   -1   -3   -2    8   -8   17    5   -9    5   15   20   -1
    1    3    7    1    2    1    2    1      1515    3    2  -15   -3   14   -9    1   -2   -2    8   -7   15   10    8    0   14   14    1
    1    3    8    1    1    1    1    1       921    2   -3    1    9  -10  -14  -22  -23   -8    4    7   13   -4    1   -4    9  -14  -10
    1    3    9    1    2    3    3    0      1408    5    5  -10   -3   10   -8    1    1    1    9   -6   14    6   -2    4   14   13   -1
    1    3   10    1    3    5    3    1      1076  -13    3  -18  -14    5    3   21   -2    7  -11   10  -13    7    4  -12   -9    5   15
    1    3   11    1    3    2    3    1      1060  -10    3  -17  -10   -2    6   14   -9    6  -11   10  -10    5    1   -9  -14    6   15
    1    3   12    1    1    4    1    1       870    1    0   -1    9  -11  -10  -12  -17   -9    6    4   10   -6   -3  -13    1  -16  -11
    1    3   13    1    2    5    2    1      1484    2    3  -11   -6    5  -14    1   -1   -2    9   -8   14    4   -1    6   12   15   -1
    1    3   14    1    3    3    3    1      1116  -10    3  -13   -9    2   -7   16  -10    4   -9    6  -11    4    5   -9  -15    5   15
    1    3   15    1    3    4    3    1       956  -15   12  -17  -12    4   -1   16   -8    5  -11   10  -10    5    3  -12  -16    3    6
    1    4    1    1    2    4    2    1      2608    4    2  -10   -4   11   -6    9   -4   -2    9   -9   18    5   -3    5    9   14    2
    1    4    2    1    2    2    2    1      6514    8    1  -10   -3   11  -12   -1   -3   -2    8   -8   17    5   -9    5   15   20   -1
    1    4    3    1    1    1    1    1       553    2   -3    1    9  -10  -14  -22  -23   -8    4    7   13   -4    1   -4    9  -14  -10
    1    4    4    1    1    4    1    1       621    1    0   -1    9  -11  -10  -12  -17   -9    6    4   10   -6   -3  -13    1  -16  -11
    1    4    5    1    1    3    1    1       767    1   -1    0    9  -13  -10  -16  -19   -7    4    3   12   -5    0  -15   -1  -15   -9
    1    4    6    1    3    3    3    1      4540  -10    3  -13   -9    2   -7   16  -10    4   -9    6  -11    4    5   -9  -15    5   15
    1    4    7    1    3    4    3    1      1232  -15   12  -17  -12    4   -1   16   -8    5  -11   10  -10    5    3  -12  -16    3    6
    1    4    8    1    3    1    3    1      1049  -11    6  -16   -5   -2   10   15  -10    7  -11   12  -13    6    5  -10  -15    4   13
    1    4    9    1    3    5    3    1      1626  -13    3  -18  -14    5    3   21   -2    7  -11   10  -13    7    4  -12   -9    5   15
    1    4   10    1    2    1    2    1      1076    3    2  -15   -3   14   -9    1   -2   -2    8   -7   15   10    8    0   14   14    1
    1    4   11    1    1    2    1    1       884    4   -3   -2   11  -20  -20  -13  -16   -7    7    6    6   -5    1  -20    2  -15  -12
    1    4   12    1    1    5    1    1       828    4    0    1   10  -21   -7  -15  -14   -7    4    5    9   -6   -4  -12    2  -16  -11
    1    4   13    1    2    5    2    1      1767    2    3  -11   -6    5  -14    1   -1   -2    9   -8   14    4   -1    6   12   15   -1
    1    4   14    1    3    2    3    1       716  -10    3  -17  -10   -2    6   14   -9    6  -11   10  -10    5    1   -9  -14    6   15
    1    4   15    1    2    3    2    1      1356    5    5  -10   -3   10   -8    1    1    1    9   -6   14    6   -2    4   14   13   -1
    1    5    1    1    2    2    2    1       992    8    1  -10   -3   11  -12   -1   -3   -2    8   -8   17    5   -9    5   15   20   -1
    1    5    2    1    3    2    3    1      1717  -10    3  -17  -10   -2    6   14   -9    6  -11   10  -10    5    1   -9  -14    6   15
    1    5    3    1    1    2    1    1      2476    4   -3   -2   11  -20  -20  -13  -16   -7    7    6    6   -5    1  -20    2  -15  -12
    1    5    4    1    2    1    2    1       788    3    2  -15   -3   14   -9    1   -2   -2    8   -7   15   10    8    0   14   14    1
    1    5    5    1    2    4    2    1      1471    4    2  -10   -4   11   -6    9   -4   -2    9   -9   18    5   -3    5    9   14    2
    1    5    6    1    3    3    2    0      9423  -10    3  -13   -9    2   -7   16  -10    4   -9    6  -11    4    5   -9  -15    5   15
    1    5    7    1    1    1    1    1       754    2   -3    1    9  -10  -14  -22  -23   -8    4    7   13   -4    1   -4    9  -14  -10
    1    5    8    1    1    5    1    1       799    4    0    1   10  -21   -7  -15  -14   -7    4    5    9   -6   -4  -12    2  -16  -11
    1    5    9    1    3    5    3    1      1387  -13    3  -18  -14    5    3   21   -2    7  -11   10  -13    7    4  -12   -9    5   15
    1    5   10    1    1    4    1    1       799    1    0   -1    9  -11  -10  -12  -17   -9    6    4   10   -6   -3  -13    1  -16  -11
    1    5   11    1    1    3    1    1       681    1   -1    0    9  -13  -10  -16  -19   -7    4    3   12   -5    0  -15   -1  -15   -9
    1    5   12    1    3    4    3    1      3113  -15   12  -17  -12    4   -1   16   -8    5  -11   10  -10    5    3  -12  -16    3    6
    1    5   13    1    2    3    2    1      1879    5    5  -10   -3   10   -8    1    1    1    9   -6   14    6   -2    4   14   13   -1
    1    5   14    1    3    1    3    1      1223  -11    6  -16   -5   -2   10   15  -10    7  -11   12  -13    6    5  -10  -15    4   13
    1    5   15    1    2    5    2    1      1263    2    3  -11   -6    5  -14    1   -1   -2    9   -8   14    4   -1    6   12   15   -1
    1    6    1    1    1    2    1    1       600    4   -3   -2   11  -20  -20  -13  -16   -7    7    6    6   -5    1  -20    2  -15  -12
    1    6    2    1    2    3    2    1      2010    5    5  -10   -3   10   -8    1    1    1    9   -6   14    6   -2    4   14   13   -1
    1    6    3    1    1    4    1    1       709    1    0   -1    9  -11  -10  -12  -17   -9    6    4   10   -6   -3  -13    1  -16  -11
    1    6    4    1    2    5    2    1      2451    2    3  -11   -6    5  -14    1   -1   -2    9   -8   14    4   -1    6   12   15   -1
    1    6    5    1    1    5    1    1       715    4    0    1   10  -21   -7  -15  -14   -7    4    5    9   -6   -4  -12    2  -16  -11
    1    6    6    1    2    4    2    1      1079    4    2  -10   -4   11   -6    9   -4   -2    9   -9   18    5   -3    5    9   14    2
    1    6    7    1    1    3    1    1       967    1   -1    0    9  -13  -10  -16  -19   -7    4    3   12   -5    0  -15   -1  -15   -9
    1    6    8    1    3    1    3    1      1244  -11    6  -16   -5   -2   10   15  -10    7  -11   12  -13    6    5  -10  -15    4   13
    1    6    9    1    3    3    3    1      5860  -10    3  -13   -9    2   -7   16  -10    4   -9    6  -11    4    5   -9  -15    5   15
    1    6   10    1    3    5    3    1       885  -13    3  -18  -14    5    3   21   -2    7  -11   10  -13    7    4  -12   -9    5   15
    1    6   11    1    3    4    3    1       828  -15   12  -17  -12    4   -1   16   -8    5  -11   10  -10    5    3  -12  -16    3    6
    1    6   12    1    2    1    2    1      1382    3    2  -15   -3   14   -9    1   -2   -2    8   -7   15   10    8    0   14   14    1
    1    6   13    1    2    2    2    1      2313    8    1  -10   -3   11  -12   -1   -3   -2    8   -8   17    5   -9    5   15   20   -1
    1    6   14    1    1    1    1    1       680    2   -3    1    9  -10  -14  -22  -23   -8    4    7   13   -4    1   -4    9  -14  -10
    1    6   15    1    3    2    2    0      3289  -10    3  -17  -10   -2    6   14   -9    6  -11   10  -10    5    1   -9  -14    6   15
    1    7    1    1    2    1    2    1      2689    3    2  -15   -3   14   -9    1   -2   -2    8   -7   15   10    8    0   14   14    1
    1    7    2    1    2    5    2    1      1617    2    3  -11   -6    5  -14    1   -1   -2    9   -8   14    4   -1    6   12   15   -1
    1    7    3    1    3    5    3    1      1259  -13    3  -18  -14    5    3   21   -2    7  -11   10  -13    7    4  -12   -9    5   15
    1    7    4    1    1    2    1    1      1696    4   -3   -2   11  -20  -20  -13  -16   -7    7    6    6   -5    1  -20    2  -15  -12
    1    7    5    1    1    5    1    1       775    4    0    1   10  -21   -7  -15  -14   -7    4    5    9   -6   -4  -12    2  -16  -11
    1    7    6    1    3    4    3    1       979  -15   12  -17  -12    4   -1   16   -8    5  -11   10  -10    5    3  -12  -16    3    6
    1    7    7    1    2    2    2    1      1939    8    1  -10   -3   11  -12   -1   -3   -2    8   -8   17    5   -9    5   15   20   -1
    1    7    8    1    3    2    3    1      3664  -10    3  -17  -10   -2    6   14   -9    6  -11   10  -10    5    1   -9  -14    6   15
    1    7    9    1    3    3    3    1      5812  -10    3  -13   -9    2   -7   16  -10    4   -9    6  -11    4    5   -9  -15    5   15
    1    7   10    1    1    3    1    1       726    1   -1    0    9  -13  -10  -16  -19   -7    4    3   12   -5    0  -15   -1  -15   -9
    1    7   11    1    2    4    2    1      4869    4    2  -10   -4   11   -6    9   -4   -2    9   -9   18    5   -3    5    9   14    2
    1    7   12    1    3    1    3    1      1069  -11    6  -16   -5   -2   10   15  -10    7  -11   12  -13    6    5  -10  -15    4   13
    1    7   13    1    1    4    1    1       891    1    0   -1    9  -11  -10  -12  -17   -9    6    4   10   -6   -3  -13    1  -16  -11
    1    7   14    1    2    3    2    1       803    5    5  -10   -3   10   -8    1    1    1    9   -6   14    6   -2    4   14   13   -1
    1    7   15    1    1    1    1    1       638    2   -3    1    9  -10  -14  -22  -23   -8    4    7   13   -4    1   -4    9  -14  -10
    1    8    1    1    1    5    1    1       928    4    0    1   10  -21   -7  -15  -14   -7    4    5    9   -6   -4  -12    2  -16  -11
    1    8    2    1    2    2    2    1      2998    8    1  -10   -3   11  -12   -1   -3   -2    8   -8   17    5   -9    5   15   20   -1
    1    8    3    1    2    5    2    1      1130    2    3  -11   -6    5  -14    1   -1   -2    9   -8   14    4   -1    6   12   15   -1
    1    8    4    1    3    2    3    1      1768  -10    3  -17  -10   -2    6   14   -9    6  -11   10  -10    5    1   -9  -14    6   15
    1    8    5    1    1    3    1    1       720    1   -1    0    9  -13  -10  -16  -19   -7    4    3   12   -5    0  -15   -1  -15   -9
    1    8    6    1    2    3    2    1       896    5    5  -10   -3   10   -8    1    1    1    9   -6   14    6   -2    4   14   13   -1
    1    8    7    1    1    2    1    1      1031    4   -3   -2   11  -20  -20  -13  -16   -7    7    6    6   -5    1  -20    2  -15  -12
    1    8    8    1    3    3    2    0      1177  -10    3  -13   -9    2   -7   16  -10    4   -9    6  -11    4    5   -9  -15    5   15
    1    8    9    1    3    4    3    1      1013  -15   12  -17  -12    4   -1   16   -8    5  -11   10  -10    5    3  -12  -16    3    6
    1    8   10    1    3    5    3    1       837  -13    3  -18  -14    5    3   21   -2    7  -11   10  -13    7    4  -12   -9    5   15
    1    8   11    1    1    4    1    1      1519    1    0   -1    9  -11  -10  -12  -17   -9    6    4   10   -6   -3  -13    1  -16  -11
    1    8   12    1    3    1    3    1       734  -11    6  -16   -5   -2   10   15  -10    7  -11   12  -13    6    5  -10  -15    4   13
    1    8   13    1    2    4    2    1       682    4    2  -10   -4   11   -6    9   -4   -2    9   -9   18    5   -3    5    9   14    2
    1    8   14    1    1    1    1    1       698    2   -3    1    9  -10  -14  -22  -23   -8    4    7   13   -4    1   -4    9  -14  -10
    1    8   15    1    2    1    2    1      2410    3    2  -15   -3   14   -9    1   -2   -2    8   -7   15   10    8    0   14   14    1
    1    9    1    1    2    5    2    1      2501    2    3  -11   -6    5  -14    1   -1   -2    9   -8   14    4   -1    6   12   15   -1
    1    9    2    1    2    3    2    1       715    5    5  -10   -3   10   -8    1    1    1    9   -6   14    6   -2    4   14   13   -1
    1    9    3    1    2    2    2    1      1577    8    1  -10   -3   11  -12   -1   -3   -2    8   -8   17    5   -9    5   15   20   -1
    1    9    4    1    1    4    1    1       724    1    0   -1    9  -11  -10  -12  -17   -9    6    4   10   -6   -3  -13    1  -16  -11
    1    9    5    1    1    5    1    1       596    4    0    1   10  -21   -7  -15  -14   -7    4    5    9   -6   -4  -12    2  -16  -11
    1    9    6    1    1    3    1    1       664    1   -1    0    9  -13  -10  -16  -19   -7    4    3   12   -5    0  -15   -1  -15   -9
    1    9    7    1    2    4    2    1       744    4    2  -10   -4   11   -6    9   -4   -2    9   -9   18    5   -3    5    9   14    2
    1    9    8    1    3    5    3    1       758  -13    3  -18  -14    5    3   21   -2    7  -11   10  -13    7    4  -12   -9    5   15
    1    9    9    1    1    1    1    1       738    2   -3    1    9  -10  -14  -22  -23   -8    4    7   13   -4    1   -4    9  -14  -10
    1    9   10    1    3    4    3    1      3615  -15   12  -17  -12    4   -1   16   -8    5  -11   10  -10    5    3  -12  -16    3    6
    1    9   11    1    2    1    2    1       712    3    2  -15   -3   14   -9    1   -2   -2    8   -7   15   10    8    0   14   14    1
    1    9   12    1    3    3    2    0      2952  -10    3  -13   -9    2   -7   16  -10    4   -9    6  -11    4    5   -9  -15    5   15
    1    9   13    1    3    1    3    1       829  -11    6  -16   -5   -2   10   15  -10    7  -11   12  -13    6    5  -10  -15    4   13
    1    9   14    1    1    2    1    1       694    4   -3   -2   11  -20  -20  -13  -16   -7    7    6    6   -5    1  -20    2  -15  -12
    1    9   15    1    3    2    3    1      1157  -10    3  -17  -10   -2    6   14   -9    6  -11   10  -10    5    1   -9  -14    6   15
    1   10    1    1    1    3    1    1       672    1   -1    0    9  -13  -10  -16  -19   -7    4    3   12   -5    0  -15   -1  -15   -9
    1   10    2    1    1    2    1    1       609    4   -3   -2   11  -20  -20  -13  -16   -7    7    6    6   -5    1  -20    2  -15  -12
    1   10    3    1    1    5    1    1       692    4    0    1   10  -21   -7  -15  -14   -7    4    5    9   -6   -4  -12    2  -16  -11
    1   10    4    1    2    4    2    1       852    4    2  -10   -4   11   -6    9   -4   -2    9   -9   18    5   -3    5    9   14    2
    1   10    5    1    3    2    3    1       830  -10    3  -17  -10   -2    6   14   -9    6  -11   10  -10    5    1   -9  -14    6   15
    1   10    6    1    3    4    3    1      1125  -15   12  -17  -12    4   -1   16   -8    5  -11   10  -10    5    3  -12  -16    3    6
    1   10    7    1    1    4    1    1       673    1    0   -1    9  -11  -10  -12  -17   -9    6    4   10   -6   -3  -13    1  -16  -11
    1   10    8    1    1    1    1    1       578    2   -3    1    9  -10  -14  -22  -23   -8    4    7   13   -4    1   -4    9  -14  -10
    1   10    9    1    2    5    2    1      1129    2    3  -11   -6    5  -14    1   -1   -2    9   -8   14    4   -1    6   12   15   -1
    1   10   10    1    3    3    3    1      2166  -10    3  -13   -9    2   -7   16  -10    4   -9    6  -11    4    5   -9  -15    5   15
    1   10   11    1    3    1    3    1       856  -11    6  -16   -5   -2   10   15  -10    7  -11   12  -13    6    5  -10  -15    4   13
    1   10   12    1    3    5    3    1       639  -13    3  -18  -14    5    3   21   -2    7  -11   10  -13    7    4  -12   -9    5   15
    1   10   13    1    2    3    2    1       544    5    5  -10   -3   10   -8    1    1    1    9   -6   14    6   -2    4   14   13   -1
    1   10   14    1    2    2    2    1       853    8    1  -10   -3   11  -12   -1   -3   -2    8   -8   17    5   -9    5   15   20   -1
    1   10   15    1    2    1    2    1       750    3    2  -15   -3   14   -9    1   -2   -2    8   -7   15   10    8    0   14   14    1
    1   11    1    1    1    5    1    1       764    4    0    1   10  -21   -7  -15  -14   -7    4    5    9   -6   -4  -12    2  -16  -11
    1   11    2    1    3    1    3    1      1001  -11    6  -16   -5   -2   10   15  -10    7  -11   12  -13    6    5  -10  -15    4   13
    1   11    3    1    3    4    3    1      1019  -15   12  -17  -12    4   -1   16   -8    5  -11   10  -10    5    3  -12  -16    3    6
    1   11    4    1    3    2    3    1       699  -10    3  -17  -10   -2    6   14   -9    6  -11   10  -10    5    1   -9  -14    6   15
    1   11    5    1    2    1    2    1      1209    3    2  -15   -3   14   -9    1   -2   -2    8   -7   15   10    8    0   14   14    1
    1   11    6    1    1    2    1    1       564    4   -3   -2   11  -20  -20  -13  -16   -7    7    6    6   -5    1  -20    2  -15  -12
    1   11    7    1    2    2    2    1      1225    8    1  -10   -3   11  -12   -1   -3   -2    8   -8   17    5   -9    5   15   20   -1
    1   11    8    1    1    1    1    1       899    2   -3    1    9  -10  -14  -22  -23   -8    4    7   13   -4    1   -4    9  -14  -10
    1   11    9    1    1    3    1    1       729    1   -1    0    9  -13  -10  -16  -19   -7    4    3   12   -5    0  -15   -1  -15   -9
    1   11   10    1    3    5    3    1       870  -13    3  -18  -14    5    3   21   -2    7  -11   10  -13    7    4  -12   -9    5   15
    1   11   11    1    1    4    1    1       829    1    0   -1    9  -11  -10  -12  -17   -9    6    4   10   -6   -3  -13    1  -16  -11
    1   11   12    1    2    5    2    1      1028    2    3  -11   -6    5  -14    1   -1   -2    9   -8   14    4   -1    6   12   15   -1
    1   11   13    1    3    3    2    0      1590  -10    3  -13   -9    2   -7   16  -10    4   -9    6  -11    4    5   -9  -15    5   15
    1   11   14    1    2    3    2    1       770    5    5  -10   -3   10   -8    1    1    1    9   -6   14    6   -2    4   14   13   -1
    1   11   15    1    2    4    2    1       893    4    2  -10   -4   11   -6    9   -4   -2    9   -9   18    5   -3    5    9   14    2
    1   12    1    1    1    5    1    1      1012    4    0    1   10  -21   -7  -15  -14   -7    4    5    9   -6   -4  -12    2  -16  -11
    1   12    2    1    2    1    2    1       723    3    2  -15   -3   14   -9    1   -2   -2    8   -7   15   10    8    0   14   14    1
    1   12    3    1    1    3    1    1       592    1   -1    0    9  -13  -10  -16  -19   -7    4    3   12   -5    0  -15   -1  -15   -9
    1   12    4    1    2    5    2    1      3778    2    3  -11   -6    5  -14    1   -1   -2    9   -8   14    4   -1    6   12   15   -1
    1   12    5    1    1    4    1    1       581    1    0   -1    9  -11  -10  -12  -17   -9    6    4   10   -6   -3  -13    1  -16  -11
    1   12    6    1    3    2    3    1      1031  -10    3  -17  -10   -2    6   14   -9    6  -11   10  -10    5    1   -9  -14    6   15
    1   12    7    1    1    1    1    1       680    2   -3    1    9  -10  -14  -22  -23   -8    4    7   13   -4    1   -4    9  -14  -10
    1   12    8    1    2    2    2    1       996    8    1  -10   -3   11  -12   -1   -3   -2    8   -8   17    5   -9    5   15   20   -1
    1   12    9    1    3    1    3    1       840  -11    6  -16   -5   -2   10   15  -10    7  -11   12  -13    6    5  -10  -15    4   13
    1   12   10    1    3    3    3    1      1472  -10    3  -13   -9    2   -7   16  -10    4   -9    6  -11    4    5   -9  -15    5   15
    1   12   11    1    2    3    2    1       814    5    5  -10   -3   10   -8    1    1    1    9   -6   14    6   -2    4   14   13   -1
    1   12   12    1    3    5    3    1       871  -13    3  -18  -14    5    3   21   -2    7  -11   10  -13    7    4  -12   -9    5   15
    1   12   13    1    1    2    1    1       765    4   -3   -2   11  -20  -20  -13  -16   -7    7    6    6   -5    1  -20    2  -15  -12
    1   12   14    1    3    4    3    1      1210  -15   12  -17  -12    4   -1   16   -8    5  -11   10  -10    5    3  -12  -16    3    6
    1   12   15    1    2    4    2    1      2883    4    2  -10   -4   11   -6    9   -4   -2    9   -9   18    5   -3    5    9   14    2
    1   13    1    1    2    5    2    1       634    2    3  -11   -6    5  -14    1   -1   -2    9   -8   14    4   -1    6   12   15   -1
    1   13    2    1    2    4    2    1      1435    4    2  -10   -4   11   -6    9   -4   -2    9   -9   18    5   -3    5    9   14    2
    1   13    3    1    3    3    3    1      1003  -10    3  -13   -9    2   -7   16  -10    4   -9    6  -11    4    5   -9  -15    5   15
    1   13    4    1    1    4    1    1       667    1    0   -1    9  -11  -10  -12  -17   -9    6    4   10   -6   -3  -13    1  -16  -11
    1   13    5    1    1    2    1    1      1308    4   -3   -2   11  -20  -20  -13  -16   -7    7    6    6   -5    1  -20    2  -15  -12
    1   13    6    1    3    5    3    1       976  -13    3  -18  -14    5    3   21   -2    7  -11   10  -13    7    4  -12   -9    5   15
    1   13    7    1    1    5    1    1      1251    4    0    1   10  -21   -7  -15  -14   -7    4    5    9   -6   -4  -12    2  -16  -11
    1   13    8    1    1    1    1    1       587    2   -3    1    9  -10  -14  -22  -23   -8    4    7   13   -4    1   -4    9  -14  -10
    1   13    9    1    3    2    3    1       685  -10    3  -17  -10   -2    6   14   -9    6  -11   10  -10    5    1   -9  -14    6   15
    1   13   10    1    2    2    2    1      1324    8    1  -10   -3   11  -12   -1   -3   -2    8   -8   17    5   -9    5   15   20   -1
    1   13   11    1    2    3    2    1      1058    5    5  -10   -3   10   -8    1    1    1    9   -6   14    6   -2    4   14   13   -1
    1   13   12    1    1    3    1    1       561    1   -1    0    9  -13  -10  -16  -19   -7    4    3   12   -5    0  -15   -1  -15   -9
    1   13   13    1    2    1    2    1       694    3    2  -15   -3   14   -9    1   -2   -2    8   -7   15   10    8    0   14   14    1
    1   13   14    1    3    4    3    1       804  -15   12  -17  -12    4   -1   16   -8    5  -11   10  -10    5    3  -12  -16    3    6
    1   13   15    1    3    1    3    1       700  -11    6  -16   -5   -2   10   15  -10    7  -11   12  -13    6    5  -10  -15    4   13
    1   14    1    1    1    1    1    1       602    2   -3    1    9  -10  -14  -22  -23   -8    4    7   13   -4    1   -4    9  -14  -10
    1   14    2    1    3    3    3    1      1467  -10    3  -13   -9    2   -7   16  -10    4   -9    6  -11    4    5   -9  -15    5   15
    1   14    3    1    2    5    2    1       699    2    3  -11   -6    5  -14    1   -1   -2    9   -8   14    4   -1    6   12   15   -1
    1   14    4    1    3    2    3    1      1224  -10    3  -17  -10   -2    6   14   -9    6  -11   10  -10    5    1   -9  -14    6   15
    1   14    5    1    2    1    2    1       720    3    2  -15   -3   14   -9    1   -2   -2    8   -7   15   10    8    0   14   14    1
    1   14    6    1    3    5    3    1       845  -13    3  -18  -14    5    3   21   -2    7  -11   10  -13    7    4  -12   -9    5   15
    1   14    7    1    2    4    2    1       646    4    2  -10   -4   11   -6    9   -4   -2    9   -9   18    5   -3    5    9   14    2
    1   14    8    1    1    5    1    1       645    4    0    1   10  -21   -7  -15  -14   -7    4    5    9   -6   -4  -12    2  -16  -11
    1   14    9    1    1    3    1    1       758    1   -1    0    9  -13  -10  -16  -19   -7    4    3   12   -5    0  -15   -1  -15   -9
    1   14   10    1    1    4    1    1       543    1    0   -1    9  -11  -10  -12  -17   -9    6    4   10   -6   -3  -13    1  -16  -11
    1   14   11    1    3    4    3    1       948  -15   12  -17  -12    4   -1   16   -8    5  -11   10  -10    5    3  -12  -16    3    6
    1   14   12    1    3    1    3    1       730  -11    6  -16   -5   -2   10   15  -10    7  -11   12  -13    6    5  -10  -15    4   13
    1   14   13    1    2    3    2    1       789    5    5  -10   -3   10   -8    1    1    1    9   -6   14    6   -2    4   14   13   -1
    1   14   14    1    1    2    1    1      1311    4   -3   -2   11  -20  -20  -13  -16   -7    7    6    6   -5    1  -20    2  -15  -12
    1   14   15    1    2    2    2    1      3973    8    1  -10   -3   11  -12   -1   -3   -2    8   -8   17    5   -9    5   15   20   -1
    1   15    1    1    3    5    3    1      1359  -13    3  -18  -14    5    3   21   -2    7  -11   10  -13    7    4  -12   -9    5   15
    1   15    2    1    1    4    1    1       737    1    0   -1    9  -11  -10  -12  -17   -9    6    4   10   -6   -3  -13    1  -16  -11
    1   15    3    1    3    3    3    1      1821  -10    3  -13   -9    2   -7   16  -10    4   -9    6  -11    4    5   -9  -15    5   15
    1   15    4    1    2    1    2    1       703    3    2  -15   -3   14   -9    1   -2   -2    8   -7   15   10    8    0   14   14    1
    1   15    5    1    1    1    1    1       733    2   -3    1    9  -10  -14  -22  -23   -8    4    7   13   -4    1   -4    9  -14  -10
    1   15    6    1    2    2    2    1      1034    8    1  -10   -3   11  -12   -1   -3   -2    8   -8   17    5   -9    5   15   20   -1
    1   15    7    1    2    4    2    1       682    4    2  -10   -4   11   -6    9   -4   -2    9   -9   18    5   -3    5    9   14    2
    1   15    8    1    1    5    1    1       648    4    0    1   10  -21   -7  -15  -14   -7    4    5    9   -6   -4  -12    2  -16  -11
    1   15    9    1    2    3    2    1       888    5    5  -10   -3   10   -8    1    1    1    9   -6   14    6   -2    4   14   13   -1
    1   15   10    1    3    2    3    1       927  -10    3  -17  -10   -2    6   14   -9    6  -11   10  -10    5    1   -9  -14    6   15
    1   15   11    1    1    2    1    1       579    4   -3   -2   11  -20  -20  -13  -16   -7    7    6    6   -5    1  -20    2  -15  -12
    1   15   12    1    3    4    3    1      2069  -15   12  -17  -12    4   -1   16   -8    5  -11   10  -10    5    3  -12  -16    3    6
    1   15   13    1    2    5    2    1      1419    2    3  -11   -6    5  -14    1   -1   -2    9   -8   14    4   -1    6   12   15   -1
    1   15   14    1    3    1    3    1       905  -11    6  -16   -5   -2   10   15  -10    7  -11   12  -13    6    5  -10  -15    4   13
    1   15   15    1    1    3    1    1       797    1   -1    0    9  -13  -10  -16  -19   -7    4    3   12   -5    0  -15   -1  -15   -9
    2    1    1    4    1    4    1    1      1738    2   -2    8   20  -10  -12  -12  -14   -6    3   12    6   -4   -3  -13    0  -15  -12
    2    1    2    5    1    5    1    1       881    1   -1    7    6  -11  -11  -12  -20   -9    4    1    6   -2    0  -14   -1  -14   -9
    2    1    3    1    2    2    2    1       840    8    1  -10   -3   11  -12   -1   -3   -2    8   -8   17    5   -9    5   15   20   -1
    2    1    4    5    1    2    2    0      8735    3   -3   -1    9   -5  -10   -5   -6   -9    7    4   10   -6   -4  -14    1   -8  -21
    2    1    5    1    3    5    3    1      1020  -13    3  -18  -14    5    3   21   -2    7  -11   10  -13    7    4  -12   -9    5   15
    2    1    6    4    2    5    2    1      3948    5    2  -13   -6   11  -12   -9   -6   -1    8   -7   15    6   -1    3   15   12    1
    2    1    7    3    3    4    3    1      1355  -11    5  -14   -8    5    1   15   -9    5  -10   12  -13    6    3  -11  -19    6   14
    2    1    8    1    1    3    1    1       880    1   -1    0    9  -13  -10  -16  -19   -7    4    3   12   -5    0  -15   -1  -15   -9
    2    1    9    3    3    2    3    1      2680  -11    5  -14   -9    5    1   14   -9    5  -10   10  -11    5    4  -10  -14    6   14
    2    1   10    4    2    3    2    1      5143    5    2  -13   -7    9  -12    2   -1    1   13   -7   18    0   -5    4   13   12   -4
    2    1   11    4    1    2    1    1       756    3   -2   -1   11  -15   -8   -9  -20   -7    7    5   13   -8   -1  -14    0   -6   -9
    2    1   12    3    1    2    1    1       642    2   -1   -1   11  -12   -9  -13  -15   -8    5    5   10   -5   -1  -12    0  -16  -10
    2    1   13    4    1    3    1    1      4339    9   -8    1   14  -11   -9  -13  -14    0   -5    6   12   -4    1   -3   -7  -14  -12
    2    1   14    5    3    3    3    1       914  -11    4  -18  -11    5    2   20   -6    7   -2    8  -16    9   -1   -6  -20    6   13
    2    1   15    1    1    4    1    1      2408    1    0   -1    9  -11  -10  -12  -17   -9    6    4   10   -6   -3  -13    1  -16  -11
    2    1   16    1    2    4    2    1      1171    4    2  -10   -4   11   -6    9   -4   -2    9   -9   18    5   -3    5    9   14    2
    2    1   17    4    3    4    3    1       959  -14   12  -14  -10    7   -1   14   -8    3  -18    9  -19    6    4   -8  -13    3   11
    2    1   18    3    1    1    1    1       915    2   -2   -1   10  -11  -10  -14  -15   -7    6    5   12   -5   -1  -13    1  -14  -10
    2    1   19    4    3    5    3    1      1960  -13    5  -15   -9   -5   -4   14   -9    6   -9   12  -14    6    2  -10  -15    5   14
    2    1   20    1    2    5    2    1       980    2    3  -11   -6    5  -14    1   -1   -2    9   -8   14    4   -1    6   12   15   -1
    2    1   21    5    3    1    2    0     24200  -12    6  -13    0   -4   -1   16  -12    9   -9   11   -8    7    6  -17  -24    2    5
    2    1   22    1    1    2    1    1       729    4   -3   -2   11  -20  -20  -13  -16   -7    7    6    6   -5    1  -20    2  -15  -12
    2    1   23    3    3    3    3    1      1255  -19   -3  -14   -9    5    1   15   -9    5  -11   12  -13    6    3  -10  -13    7   14
    2    1   24    1    3    4    3    1       828  -15   12  -17  -12    4   -1   16   -8    5  -11   10  -10    5    3  -12  -16    3    6
    2    1   25    3    1    4    1    1       680    1   -1   -2   11  -11  -11  -14  -15   -8    5    5   10   -4   -1  -13    1  -16  -10
    2    1   26    5    2    3    3    0      3703    4   -4  -16    2    6  -16    0   -5   -6    2  -11   13   -3    1    6   16   21   -1
    2    1   27    1    2    3    2    1      1034    5    5  -10   -3   10   -8    1    1    1    9   -6   14    6   -2    4   14   13   -1
    2    1   28    3    3    1    3    1       844  -13    4  -14   -9    6   -1   15   -9    5   -9   11  -12    5    8  -10  -14    6   15
    2    1   29    3    2    3    2    1      1203    3    3  -14   -6   10  -13    0   -1    1    9   -8   16    5   -2    5   13   16   -1
    2    1   30    1    3    3    3    1       941  -10    3  -13   -9    2   -7   16  -10    4   -9    6  -11    4    5   -9  -15    5   15
    2    1   31    4    1    5    1    1       912    2    0   -2   12   -7   -8  -13  -16   -9    6    6   10   -4   -3  -12   -4  -15   -9
    2    1   32    5    1    3    1    1      1110    6   -3    4    2  -13  -11  -19  -23   -3    9   12   12   -5   -2  -19   -9  -17  -10
    2    1   33    4    2    4    2    1      1107    2    1   -5  -14    7  -11   -1   -1   -3    7   -6   14    4   -2    4   12   13    0
    2    1   34    5    2    4    2    1      1105    3    4  -10   -5   10  -14    3   -1   -5    8  -11   16   -2  -10    4   18   13   -1
    2    1   35    3    1    3    1    1       817    2   -1   -1   10  -12  -11  -15  -16   -7    4    3   11  -11   -6  -12    1  -13  -13
    2    1   36    1    2    1    2    1       779    3    2  -15   -3   14   -9    1   -2   -2    8   -7   15   10    8    0   14   14    1
    2    1   37    5    2    1    2    1      2215    6   -2  -14   -3    2  -20   -2   -1   -4    8   -4   20    2   -3    1   17    4    6
    2    1   38    4    1    1    1    1      1803    1   -1   -1   11  -13   -7  -14  -14   -8    4    4   10   -6   -2  -15    5  -15  -12
    2    1   39    5    3    5    3    1      5245   -8   12  -10  -10    4    5   14  -10    4   -1   14   -7   -3    2   -9  -13   13    6
    2    1   40    4    2    1    2    1       722    4    1  -13   -7    7  -11   -2   -1   -3   10   -3   15    6   -3    4   14   15    9
    2    1   41    1    3    1    3    1       799  -11    6  -16   -5   -2   10   15  -10    7  -11   12  -13    6    5  -10  -15    4   13
    2    1   42    3    1    5    1    1       601    4    1   -7    9  -11  -10  -14  -15   -9    5    4   11   -5   -1  -12    1  -16  -11
    2    1   43    2    1    0    1    1       650    2   -1   -1   10  -12  -10  -14  -15   -8    5    4   11   -5   -1  -12    1  -15  -11
    2    1   44    5    1    1    1    1       682    0    2    8   16  -12   -9   -8  -22   -8    9    4   10   -9    4  -11    0  -16  -11
    2    1   45    5    3    4    3    1      2297   -8    7  -18  -14    9   10   15  -10   -5   -4   12  -12    1    3   -9  -14    5   14
    2    1   46    5    2    2    3    0      3623   12   -2  -21    5   10  -18    2    4    5    2  -11   19    5   -1    6   14   22    3
    2    1   47    5    1    4    1    1       607    0    0    1   19   -7  -15   -9  -11   -9    4    5   20   -2   -2   -6    2  -13   -9
    2    1   48    4    3    1    2    0       913  -17    3  -12  -10    4    0   16   -9    6   -9    2  -22    6    5   -9  -15    4   14
    2    1   49    3    2    2    2    1       824   -4   -3  -12   -5    9  -13    0   -1   -3    8   -9   17    5   -1    6   14    9    0
    2    1   50    3    2    5    2    1       962    3    3  -12   -5    9  -13    0   -1   -2    9   -8   16    6   -3    5   14   14    0
    2    1   51    1    3    2    3    1       950  -10    3  -17  -10   -2    6   14   -9    6  -11   10  -10    5    1   -9  -14    6   15
    2    1   52    5    3    2    3    1      1049  -14    1  -15  -10    4    2   15   -8    6   -7   11  -13    7    0  -10  -11    5   15
    2    1   53    1    1    1    1    1       728    2   -3    1    9  -10  -14  -22  -23   -8    4    7   13   -4    1   -4    9  -14  -10
    2    1   54    2    3    0    3    1      1478  -12    5  -14   -9    5    1   15   -9    5  -10   11  -12    6    3  -10  -14    6   14
    2    1   55    3    2    1    2    1      1619    3    3   -6  -13    8  -13    0   -1  -12   17   -8   16    5   -3    6   14   14    0
    2    1   56    5    2    5    2    1      1439    8    4   -8   -5   11   -8   -1   -2   -2    8   -9   18    4    0   14   21   11    0
    2    1   57    2    2    0    2    1       929    3    3  -12   -5    9  -13    0   -1   -3    8   -8   16    5   -2    5   13   14    0
    2    1   58    3    2    4    2    1       743    0    2  -13   -5    9  -13    0   -1   -4    7   -9   17    5   -2    5   13   15   -1
    2    1   59    1    1    5    1    1       581    4    0    1   10  -21   -7  -15  -14   -7    4    5    9   -6   -4  -12    2  -16  -11
    2    1   60    4    2    2    2    1      1306    1    3  -13   -4    5  -15    1   -2   -7   11   -8   14    4   -1    4   12   16   -2
    2    1   61    4    3    3    3    1       641  -11   -5  -13  -10    4   -3   15  -14    3   -9   10  -14    4    5   -6  -11    7   14
    2    1   62    4    3    2    3    1      1138  -11    5   -4  -15    3    0   17   -8   -3   -6   10  -10    5    4  -12  -12   10   14
    2    1   63    3    3    5    3    1      1119  -12    5  -14   -9    4    1   15  -10    5  -11   11  -12    5    3   -9  -14    6   14
