    1    1    1    1    2    1    1    0      3415   -7    6  -14    7  -12    4    7  -16    7    3   -9   -9    7   14  -10   17    0   10
    1    1    2    1    2    5    2    1      1088   -8   -1  -17   10  -15    6   17  -25    5    2   -9  -14    2   12  -11   14   12   -2
    1    1    3    1    1    1    1    1       977  -10   16   -5   -3   15   -2  -14   11   -7    2    6    9    2    5  -10   -8   12    3
    1    1    4    1    1    5    3    0       889   -5   10   -7   -8   16   -3  -18   13   -9    1    2    7    6    2   -3    5   11    2
    1    1    5    1    3    2    1    0      1042    8    5  -18   -2   -2  -10    9    3    8   11   16   -2  -17  -12   -3   14    2   -6
    1    1    6    1    1    4    2    0      2086   -3   16   -3   -5   14    0  -14   13  -11    2    9    7    5    4   -6   -4   11   -1
    1    1    7    1    2    4    2    1       718   -4    2  -16    9  -12    5    9  -16    7    3   -2  -15    0   11   -8   15    2    7
    1    1    8    1    2    3    2    1       619   -4    0  -14   10  -14    5   10  -17    5    3   -8   -9   -2   14   -8   16    5    8
    1    1    9    1    3    4    2    0       926    8    6  -11   -1    0  -14    6   -1    8   13   20    7   -8   -9    2   16    0   -3
    1    1   10    1    3    1    3    1      1525    3    8  -12   -1   -3  -16   10    3    3   17   18   -2   -7  -11    1   16   -2  -12
    1    1   11    1    2    2    2    1       900   -6    4  -17    4  -13    5    7  -15    7    4   -6   -8   -3   10   -8   14    4    8
    1    1   12    1    1    2    1    1      1100   -9   16   -5   -6   23   -5  -11    8   -7    3    3    6    6    5  -16    9   13    3
    1    1   13    1    3    3    3    1      1260   10    9  -12   -1    0  -13    7    4    6   13   19    1   -6  -10   -3   13    0   -5
    1    1   14    1    1    3    1    1      2759  -10   14   -5   -5   13    1  -14   16  -14   -8    5    6    5    2  -15   -2   15    4
    1    1   15    1    3    5    3    1       870    9    5  -11   -2   -3  -14    3    8    6   13   20    1   -7   -8   -2   11    1   -2
    1    2    1    1    3    3    3    1      1201   10    9  -12   -1    0  -13    7    4    6   13   19    1   -6  -10   -3   13    0   -5
    1    2    2    1    2    3    2    1       590   -4    0  -14   10  -14    5   10  -17    5    3   -8   -9   -2   14   -8   16    5    8
    1    2    3    1    3    1    3    1       995    3    8  -12   -1   -3  -16   10    3    3   17   18   -2   -7  -11    1   16   -2  -12
    1    2    4    1    2    2    2    1       776   -6    4  -17    4  -13    5    7  -15    7    4   -6   -8   -3   10   -8   14    4    8
    1    2    5    1    2    4    2    1       981   -4    2  -16    9  -12    5    9  -16    7    3   -2  -15    0   11   -8   15    2    7
    1    2    6    1    1    4    1    1      1098   -3   16   -3   -5   14    0  -14   13  -11    2    9    7    5    4   -6   -4   11   -1
    1    2    7    1    1    2    1    1      1915   -9   16   -5   -6   23   -5  -11    8   -7    3    3    6    6    5  -16    9   13    3
    1    2    8    1    1    5    2    0      2155   -5   10   -7   -8   16   -3  -18   13   -9    1    2    7    6    2   -3    5   11    2
    1    2    9    1    2    1    2    1       705   -7    6  -14    7  -12    4    7  -16    7    3   -9   -9    7   14  -10   17    0   10
    1    2   10    1    3    2    3    1      1169    8    5  -18   -2   -2  -10    9    3    8   11   16   -2  -17  -12   -3   14    2   -6
    1    2   11    1    3    4    3    1      1197    8    6  -11   -1    0  -14    6   -1    8   13   20    7   -8   -9    2   16    0   -3
    1    2   12    1    3    5    3    1      1610    9    5  -11   -2   -3  -14    3    8    6   13   20    1   -7   -8   -2   11    1   -2
    1    2   13    1    1    1    2    0      1126  -10   16   -5   -3   15   -2  -14   11   -7    2    6    9    2    5  -10   -8   12    3
    1    2   14    1    1    3    1    1       917  -10   14   -5   -5   13    1  -14   16  -14   -8    5    6    5    2  -15   -2   15    4
    1    2   15    1    2    5    2    1       524   -8   -1  -17   10  -15    6   17  -25    5    2   -9  -14    2   12  -11   14   12   -2
    1    3    1    1    2    1    2    1       738   -7    6  -14    7  -12    4    7  -16    7    3   -9   -9    7   14  -10   17    0   10
    1    3    2    1    1    2    1    1      1728   -9   16   -5   -6   23   -5  -11    8   -7    3    3    6    6    5  -16    9   13    3
    1    3    3    1    1    5    1    1      1160   -5   10   -7   -8   16   -3  -18   13   -9    1    2    7    6    2   -3    5   11    2
    1    3    4    1    2    4    2    1       743   -4    2  -16    9  -12    5    9  -16    7    3   -2  -15    0   11   -8   15    2    7
    1    3    5    1    2    3    2    1       917   -4    0  -14   10  -14    5   10  -17    5    3   -8   -9   -2   14   -8   16    5    8
    1    3    6    1    3    4    3    1      1835    8    6  -11   -1    0  -14    6   -1    8   13   20    7   -8   -9    2   16    0   -3
    1    3    7    1    3    1    1    0      1519    3    8  -12   -1   -3  -16   10    3    3   17   18   -2   -7  -11    1   16   -2  -12
    1    3    8    1    2    2    2    1      1279   -6    4  -17    4  -13    5    7  -15    7    4   -6   -8   -3   10   -8   14    4    8
    1    3    9    1    3    5    3    1       664    9    5  -11   -2   -3  -14    3    8    6   13   20    1   -7   -8   -2   11    1   -2
    1    3   10    1    1    1    2    0       570  -10   16   -5   -3   15   -2  -14   11   -7    2    6    9    2    5  -10   -8   12    3
    1    3   11    1    3    3    1    0       724   10    9  -12   -1    0  -13    7    4    6   13   19    1   -6  -10   -3   13    0   -5
    1    3   12    1    1    3    1    1       996  -10   14   -5   -5   13    1  -14   16  -14   -8    5    6    5    2  -15   -2   15    4
    1    3   13    1    3    2    3    1      1497    8    5  -18   -2   -2  -10    9    3    8   11   16   -2  -17  -12   -3   14    2   -6
    1    3   14    1    1    4    1    1      1161   -3   16   -3   -5   14    0  -14   13  -11    2    9    7    5    4   -6   -4   11   -1
    1    3   15    1    2    5    2    1       615   -8   -1  -17   10  -15    6   17  -25    5    2   -9  -14    2   12  -11   14   12   -2
    1    4    1    1    2    3    2    1       746   -4    0  -14   10  -14    5   10  -17    5    3   -8   -9   -2   14   -8   16    5    8
    1    4    2    1    3    4    3    1       697    8    6  -11   -1    0  -14    6   -1    8   13   20    7   -8   -9    2   16    0   -3
    1    4    3    1    3    1    3    1       794    3    8  -12   -1   -3  -16   10    3    3   17   18   -2   -7  -11    1   16   -2  -12
    1    4    4    1    2    5    2    1       615   -8   -1  -17   10  -15    6   17  -25    5    2   -9  -14    2   12  -11   14   12   -2
    1    4    5    1    3    3    3    1       650   10    9  -12   -1    0  -13    7    4    6   13   19    1   -6  -10   -3   13    0   -5
    1    4    6    1    3    5    3    1      2111    9    5  -11   -2   -3  -14    3    8    6   13   20    1   -7   -8   -2   11    1   -2
    1    4    7    1    3    2    3    1      1751    8    5  -18   -2   -2  -10    9    3    8   11   16   -2  -17  -12   -3   14    2   -6
    1    4    8    1    1    3    1    1      5598  -10   14   -5   -5   13    1  -14   16  -14   -8    5    6    5    2  -15   -2   15    4
    1    4    9    1    2    2    2    1       649   -6    4  -17    4  -13    5    7  -15    7    4   -6   -8   -3   10   -8   14    4    8
    1    4   10    1    2    4    2    1       476   -4    2  -16    9  -12    5    9  -16    7    3   -2  -15    0   11   -8   15    2    7
    1    4   11    1    1    2    1    1      2036   -9   16   -5   -6   23   -5  -11    8   -7    3    3    6    6    5  -16    9   13    3
    1    4   12    1    1    4    1    1      2111   -3   16   -3   -5   14    0  -14   13  -11    2    9    7    5    4   -6   -4   11   -1
    1    4   13    1    1    5    1    1      1240   -5   10   -7   -8   16   -3  -18   13   -9    1    2    7    6    2   -3    5   11    2
    1    4   14    1    2    1    2    1       994   -7    6  -14    7  -12    4    7  -16    7    3   -9   -9    7   14  -10   17    0   10
    1    4   15    1    1    1    1    1      1669  -10   16   -5   -3   15   -2  -14   11   -7    2    6    9    2    5  -10   -8   12    3
    1    5    1    1    1    5    1    1       974   -5   10   -7   -8   16   -3  -18   13   -9    1    2    7    6    2   -3    5   11    2
    1    5    2    1    3    2    2    0       498    8    5  -18   -2   -2  -10    9    3    8   11   16   -2  -17  -12   -3   14    2   -6
    1    5    3    1    2    4    2    1       555   -4    2  -16    9  -12    5    9  -16    7    3   -2  -15    0   11   -8   15    2    7
    1    5    4    1    2    1    2    1       609   -7    6  -14    7  -12    4    7  -16    7    3   -9   -9    7   14  -10   17    0   10
    1    5    5    1    2    2    2    1       710   -6    4  -17    4  -13    5    7  -15    7    4   -6   -8   -3   10   -8   14    4    8
    1    5    6    1    3    4    3    1      1110    8    6  -11   -1    0  -14    6   -1    8   13   20    7   -8   -9    2   16    0   -3
    1    5    7    1    3    1    3    1      1301    3    8  -12   -1   -3  -16   10    3    3   17   18   -2   -7  -11    1   16   -2  -12
    1    5    8    1    1    1    1    1       862  -10   16   -5   -3   15   -2  -14   11   -7    2    6    9    2    5  -10   -8   12    3
    1    5    9    1    1    4    1    1      9480   -3   16   -3   -5   14    0  -14   13  -11    2    9    7    5    4   -6   -4   11   -1
    1    5   10    1    2    3    2    1      3465   -4    0  -14   10  -14    5   10  -17    5    3   -8   -9   -2   14   -8   16    5    8
    1    5   11    1    1    3    1    1       875  -10   14   -5   -5   13    1  -14   16  -14   -8    5    6    5    2  -15   -2   15    4
    1    5   12    1    3    3    3    1      3300   10    9  -12   -1    0  -13    7    4    6   13   19    1   -6  -10   -3   13    0   -5
    1    5   13    1    1    2    1    1       893   -9   16   -5   -6   23   -5  -11    8   -7    3    3    6    6    5  -16    9   13    3
    1    5   14    1    2    5    2    1       581   -8   -1  -17   10  -15    6   17  -25    5    2   -9  -14    2   12  -11   14   12   -2
    1    5   15    1    3    5    1    0      1272    9    5  -11   -2   -3  -14    3    8    6   13   20    1   -7   -8   -2   11    1   -2
    1    6    1    1    1    5    1    1       388   -5   10   -7   -8   16   -3  -18   13   -9    1    2    7    6    2   -3    5   11    2
    1    6    2    1    3    3    3    1       768   10    9  -12   -1    0  -13    7    4    6   13   19    1   -6  -10   -3   13    0   -5
    1    6    3    1    3    5    3    1      1294    9    5  -11   -2   -3  -14    3    8    6   13   20    1   -7   -8   -2   11    1   -2
    1    6    4    1    3    2    3    1      1144    8    5  -18   -2   -2  -10    9    3    8   11   16   -2  -17  -12   -3   14    2   -6
    1    6    5    1    2    4    2    1       550   -4    2  -16    9  -12    5    9  -16    7    3   -2  -15    0   11   -8   15    2    7
    1    6    6    1    2    5    2    1       475   -8   -1  -17   10  -15    6   17  -25    5    2   -9  -14    2   12  -11   14   12   -2
    1    6    7    1    3    1    3    1       610    3    8  -12   -1   -3  -16   10    3    3   17   18   -2   -7  -11    1   16   -2  -12
    1    6    8    1    1    3    1    1       597  -10   14   -5   -5   13    1  -14   16  -14   -8    5    6    5    2  -15   -2   15    4
    1    6    9    1    2    3    2    1       506   -4    0  -14   10  -14    5   10  -17    5    3   -8   -9   -2   14   -8   16    5    8
    1    6   10    1    1    4    1    1       737   -3   16   -3   -5   14    0  -14   13  -11    2    9    7    5    4   -6   -4   11   -1
    1    6   11    1    2    2    2    1       590   -6    4  -17    4  -13    5    7  -15    7    4   -6   -8   -3   10   -8   14    4    8
    1    6   12    1    1    1    1    1      1315  -10   16   -5   -3   15   -2  -14   11   -7    2    6    9    2    5  -10   -8   12    3
    1    6   13    1    2    1    2    1       652   -7    6  -14    7  -12    4    7  -16    7    3   -9   -9    7   14  -10   17    0   10
    1    6   14    1    3    4    3    1      1181    8    6  -11   -1    0  -14    6   -1    8   13   20    7   -8   -9    2   16    0   -3
    1    6   15    1    1    2    1    1       762   -9   16   -5   -6   23   -5  -11    8   -7    3    3    6    6    5  -16    9   13    3
    1    7    1    1    2    1    2    1       568   -7    6  -14    7  -12    4    7  -16    7    3   -9   -9    7   14  -10   17    0   10
    1    7    2    1    3    1    3    1       683    3    8  -12   -1   -3  -16   10    3    3   17   18   -2   -7  -11    1   16   -2  -12
    1    7    3    1    1    4    1    1       746   -3   16   -3   -5   14    0  -14   13  -11    2    9    7    5    4   -6   -4   11   -1
    1    7    4    1    2    4    2    1       758   -4    2  -16    9  -12    5    9  -16    7    3   -2  -15    0   11   -8   15    2    7
    1    7    5    1    3    2    3    1       962    8    5  -18   -2   -2  -10    9    3    8   11   16   -2  -17  -12   -3   14    2   -6
    1    7    6    1    1    5    1    1      1030   -5   10   -7   -8   16   -3  -18   13   -9    1    2    7    6    2   -3    5   11    2
    1    7    7    1    2    5    2    1       536   -8   -1  -17   10  -15    6   17  -25    5    2   -9  -14    2   12  -11   14   12   -2
    1    7    8    1    1    2    1    1       765   -9   16   -5   -6   23   -5  -11    8   -7    3    3    6    6    5  -16    9   13    3
    1    7    9    1    3    4    3    1       715    8    6  -11   -1    0  -14    6   -1    8   13   20    7   -8   -9    2   16    0   -3
    1    7   10    1    1    1    1    1       714  -10   16   -5   -3   15   -2  -14   11   -7    2    6    9    2    5  -10   -8   12    3
    1    7   11    1    1    3    1    1       762  -10   14   -5   -5   13    1  -14   16  -14   -8    5    6    5    2  -15   -2   15    4
    1    7   12    1    3    5    3    1      1175    9    5  -11   -2   -3  -14    3    8    6   13   20    1   -7   -8   -2   11    1   -2
    1    7   13    1    2    3    2    1       549   -4    0  -14   10  -14    5   10  -17    5    3   -8   -9   -2   14   -8   16    5    8
    1    7   14    1    2    2    2    1       713   -6    4  -17    4  -13    5    7  -15    7    4   -6   -8   -3   10   -8   14    4    8
    1    7   15    1    3    3    3    1       649   10    9  -12   -1    0  -13    7    4    6   13   19    1   -6  -10   -3   13    0   -5
    1    8    1    1    1    4    1    1       747   -3   16   -3   -5   14    0  -14   13  -11    2    9    7    5    4   -6   -4   11   -1
    1    8    2    1    3    3    3    1       697   10    9  -12   -1    0  -13    7    4    6   13   19    1   -6  -10   -3   13    0   -5
    1    8    3    1    2    3    2    1       394   -4    0  -14   10  -14    5   10  -17    5    3   -8   -9   -2   14   -8   16    5    8
    1    8    4    1    1    3    1    1       647  -10   14   -5   -5   13    1  -14   16  -14   -8    5    6    5    2  -15   -2   15    4
    1    8    5    1    3    1    1    0       842    3    8  -12   -1   -3  -16   10    3    3   17   18   -2   -7  -11    1   16   -2  -12
    1    8    6    1    1    5    1    1      3238   -5   10   -7   -8   16   -3  -18   13   -9    1    2    7    6    2   -3    5   11    2
    1    8    7    1    2    1    2    1       672   -7    6  -14    7  -12    4    7  -16    7    3   -9   -9    7   14  -10   17    0   10
    1    8    8    1    3    2    3    1      1504    8    5  -18   -2   -2  -10    9    3    8   11   16   -2  -17  -12   -3   14    2   -6
    1    8    9    1    2    2    2    1       430   -6    4  -17    4  -13    5    7  -15    7    4   -6   -8   -3   10   -8   14    4    8
    1    8   10    1    3    5    1    0       985    9    5  -11   -2   -3  -14    3    8    6   13   20    1   -7   -8   -2   11    1   -2
    1    8   11    1    1    1    1    1       797  -10   16   -5   -3   15   -2  -14   11   -7    2    6    9    2    5  -10   -8   12    3
    1    8   12    1    2    5    2    1       407   -8   -1  -17   10  -15    6   17  -25    5    2   -9  -14    2   12  -11   14   12   -2
    1    8   13    1    1    2    1    1      1026   -9   16   -5   -6   23   -5  -11    8   -7    3    3    6    6    5  -16    9   13    3
    1    8   14    1    2    4    2    1       452   -4    2  -16    9  -12    5    9  -16    7    3   -2  -15    0   11   -8   15    2    7
    1    8   15    1    3    4    3    1       607    8    6  -11   -1    0  -14    6   -1    8   13   20    7   -8   -9    2   16    0   -3
    1    9    1    1    2    2    2    1       896   -6    4  -17    4  -13    5    7  -15    7    4   -6   -8   -3   10   -8   14    4    8
    1    9    2    1    3    3    3    1       761   10    9  -12   -1    0  -13    7    4    6   13   19    1   -6  -10   -3   13    0   -5
    1    9    3    1    2    3    2    1       564   -4    0  -14   10  -14    5   10  -17    5    3   -8   -9   -2   14   -8   16    5    8
    1    9    4    1    3    2    3    1      1194    8    5  -18   -2   -2  -10    9    3    8   11   16   -2  -17  -12   -3   14    2   -6
    1    9    5    1    2    5    2    1       501   -8   -1  -17   10  -15    6   17  -25    5    2   -9  -14    2   12  -11   14   12   -2
    1    9    6    1    2    1    2    1       570   -7    6  -14    7  -12    4    7  -16    7    3   -9   -9    7   14  -10   17    0   10
    1    9    7    1    1    1    1    1      1535  -10   16   -5   -3   15   -2  -14   11   -7    2    6    9    2    5  -10   -8   12    3
    1    9    8    1    1    2    1    1       830   -9   16   -5   -6   23   -5  -11    8   -7    3    3    6    6    5  -16    9   13    3
    1    9    9    1    3    1    3    1       712    3    8  -12   -1   -3  -16   10    3    3   17   18   -2   -7  -11    1   16   -2  -12
    1    9   10    1    1    3    1    1       823  -10   14   -5   -5   13    1  -14   16  -14   -8    5    6    5    2  -15   -2   15    4
    1    9   11    1    1    5    1    1       898   -5   10   -7   -8   16   -3  -18   13   -9    1    2    7    6    2   -3    5   11    2
    1    9   12    1    3    4    2    0       506    8    6  -11   -1    0  -14    6   -1    8   13   20    7   -8   -9    2   16    0   -3
    1    9   13    1    2    4    2    1       419   -4    2  -16    9  -12    5    9  -16    7    3   -2  -15    0   11   -8   15    2    7
    1    9   14    1    3    5    3    1       605    9    5  -11   -2   -3  -14    3    8    6   13   20    1   -7   -8   -2   11    1   -2
    1    9   15    1    1    4    1    1      3185   -3   16   -3   -5   14    0  -14   13  -11    2    9    7    5    4   -6   -4   11   -1
    1   10    1    1    1    5    1    1      3101   -5   10   -7   -8   16   -3  -18   13   -9    1    2    7    6    2   -3    5   11    2
    1   10    2    1    3    5    3    1      1053    9    5  -11   -2   -3  -14    3    8    6   13   20    1   -7   -8   -2   11    1   -2
    1   10    3    1    3    4    3    1       750    8    6  -11   -1    0  -14    6   -1    8   13   20    7   -8   -9    2   16    0   -3
    1   10    4    1    2    5    2    1       492   -8   -1  -17   10  -15    6   17  -25    5    2   -9  -14    2   12  -11   14   12   -2
    1   10    5    1    1    4    1    1       994   -3   16   -3   -5   14    0  -14   13  -11    2    9    7    5    4   -6   -4   11   -1
    1   10    6    1    3    1    3    1      1333    3    8  -12   -1   -3  -16   10    3    3   17   18   -2   -7  -11    1   16   -2  -12
    1   10    7    1    1    1    1    1      1113  -10   16   -5   -3   15   -2  -14   11   -7    2    6    9    2    5  -10   -8   12    3
    1   10    8    1    2    1    1    0      1063   -7    6  -14    7  -12    4    7  -16    7    3   -9   -9    7   14  -10   17    0   10
    1   10    9    1    1    2    1    1      2072   -9   16   -5   -6   23   -5  -11    8   -7    3    3    6    6    5  -16    9   13    3
    1   10   10    1    3    3    3    1       705   10    9  -12   -1    0  -13    7    4    6   13   19    1   -6  -10   -3   13    0   -5
    1   10   11    1    2    3    2    1       547   -4    0  -14   10  -14    5   10  -17    5    3   -8   -9   -2   14   -8   16    5    8
    1   10   12    1    2    2    2    1       537   -6    4  -17    4  -13    5    7  -15    7    4   -6   -8   -3   10   -8   14    4    8
    1   10   13    1    3    2    3    1       800    8    5  -18   -2   -2  -10    9    3    8   11   16   -2  -17  -12   -3   14    2   -6
    1   10   14    1    2    4    2    1       623   -4    2  -16    9  -12    5    9  -16    7    3   -2  -15    0   11   -8   15    2    7
    1   10   15    1    1    3    1    1       690  -10   14   -5   -5   13    1  -14   16  -14   -8    5    6    5    2  -15   -2   15    4
    1   11    1    1    3    4    3    1       995    8    6  -11   -1    0  -14    6   -1    8   13   20    7   -8   -9    2   16    0   -3
    1   11    2    1    1    1    1    1       984  -10   16   -5   -3   15   -2  -14   11   -7    2    6    9    2    5  -10   -8   12    3
    1   11    3    1    3    5    3    1      2890    9    5  -11   -2   -3  -14    3    8    6   13   20    1   -7   -8   -2   11    1   -2
    1   11    4    1    2    2    2    1       723   -6    4  -17    4  -13    5    7  -15    7    4   -6   -8   -3   10   -8   14    4    8
    1   11    5    1    2    5    2    1       546   -8   -1  -17   10  -15    6   17  -25    5    2   -9  -14    2   12  -11   14   12   -2
    1   11    6    1    1    2    1    1       648   -9   16   -5   -6   23   -5  -11    8   -7    3    3    6    6    5  -16    9   13    3
    1   11    7    1    1    5    1    1       458   -5   10   -7   -8   16   -3  -18   13   -9    1    2    7    6    2   -3    5   11    2
    1   11    8    1    2    1    2    1       564   -7    6  -14    7  -12    4    7  -16    7    3   -9   -9    7   14  -10   17    0   10
    1   11    9    1    1    4    1    1      1321   -3   16   -3   -5   14    0  -14   13  -11    2    9    7    5    4   -6   -4   11   -1
    1   11   10    1    1    3    3    0       481  -10   14   -5   -5   13    1  -14   16  -14   -8    5    6    5    2  -15   -2   15    4
    1   11   11    1    2    4    2    1       474   -4    2  -16    9  -12    5    9  -16    7    3   -2  -15    0   11   -8   15    2    7
    1   11   12    1    2    3    2    1       401   -4    0  -14   10  -14    5   10  -17    5    3   -8   -9   -2   14   -8   16    5    8
    1   11   13    1    3    1    3    1       700    3    8  -12   -1   -3  -16   10    3    3   17   18   -2   -7  -11    1   16   -2  -12
    1   11   14    1    3    3    3    1      1194   10    9  -12   -1    0  -13    7    4    6   13   19    1   -6  -10   -3   13    0   -5
    1   11   15    1    3    2    3    1       726    8    5  -18   -2   -2  -10    9    3    8   11   16   -2  -17  -12   -3   14    2   -6
    1   12    1    1    3    3    3    1       452   10    9  -12   -1    0  -13    7    4    6   13   19    1   -6  -10   -3   13    0   -5
    1   12    2    1    1    3    1    1      1405  -10   14   -5   -5   13    1  -14   16  -14   -8    5    6    5    2  -15   -2   15    4
    1   12    3    1    1    1    1    1      1089  -10   16   -5   -3   15   -2  -14   11   -7    2    6    9    2    5  -10   -8   12    3
    1   12    4    1    1    2    1    1      2338   -9   16   -5   -6   23   -5  -11    8   -7    3    3    6    6    5  -16    9   13    3
    1   12    5    1    3    4    3    1      3627    8    6  -11   -1    0  -14    6   -1    8   13   20    7   -8   -9    2   16    0   -3
    1   12    6    1    3    5    3    1      1444    9    5  -11   -2   -3  -14    3    8    6   13   20    1   -7   -8   -2   11    1   -2
    1   12    7    1    2    4    2    1       598   -4    2  -16    9  -12    5    9  -16    7    3   -2  -15    0   11   -8   15    2    7
    1   12    8    1    1    5    3    0       666   -5   10   -7   -8   16   -3  -18   13   -9    1    2    7    6    2   -3    5   11    2
    1   12    9    1    2    2    2    1       702   -6    4  -17    4  -13    5    7  -15    7    4   -6   -8   -3   10   -8   14    4    8
    1   12   10    1    1    4    1    1      1884   -3   16   -3   -5   14    0  -14   13  -11    2    9    7    5    4   -6   -4   11   -1
    1   12   11    1    2    1    2    1       525   -7    6  -14    7  -12    4    7  -16    7    3   -9   -9    7   14  -10   17    0   10
    1   12   12    1    3    2    1    0       740    8    5  -18   -2   -2  -10    9    3    8   11   16   -2  -17  -12   -3   14    2   -6
    1   12   13    1    3    1    3    1      2965    3    8  -12   -1   -3  -16   10    3    3   17   18   -2   -7  -11    1   16   -2  -12
    1   12   14    1    2    5    2    1       555   -8   -1  -17   10  -15    6   17  -25    5    2   -9  -14    2   12  -11   14   12   -2
    1   12   15    1    2    3    2    1       529   -4    0  -14   10  -14    5   10  -17    5    3   -8   -9   -2   14   -8   16    5    8
    1   13    1    1    2    3    2    1       439   -4    0  -14   10  -14    5   10  -17    5    3   -8   -9   -2   14   -8   16    5    8
    1   13    2    1    1    2    1    1       818   -9   16   -5   -6   23   -5  -11    8   -7    3    3    6    6    5  -16    9   13    3
    1   13    3    1    2    2    2    1       492   -6    4  -17    4  -13    5    7  -15    7    4   -6   -8   -3   10   -8   14    4    8
    1   13    4    1    1    1    1    1      1092  -10   16   -5   -3   15   -2  -14   11   -7    2    6    9    2    5  -10   -8   12    3
    1   13    5    1    1    4    1    1       789   -3   16   -3   -5   14    0  -14   13  -11    2    9    7    5    4   -6   -4   11   -1
    1   13    6    1    2    1    2    1       545   -7    6  -14    7  -12    4    7  -16    7    3   -9   -9    7   14  -10   17    0   10
    1   13    7    1    3    5    1    0       743    9    5  -11   -2   -3  -14    3    8    6   13   20    1   -7   -8   -2   11    1   -2
    1   13    8    1    3    3    3    1      1463   10    9  -12   -1    0  -13    7    4    6   13   19    1   -6  -10   -3   13    0   -5
    1   13    9    1    3    2    3    1      1237    8    5  -18   -2   -2  -10    9    3    8   11   16   -2  -17  -12   -3   14    2   -6
    1   13   10    1    3    4    3    1       733    8    6  -11   -1    0  -14    6   -1    8   13   20    7   -8   -9    2   16    0   -3
    1   13   11    1    2    4    2    1       572   -4    2  -16    9  -12    5    9  -16    7    3   -2  -15    0   11   -8   15    2    7
    1   13   12    1    3    1    3    1       737    3    8  -12   -1   -3  -16   10    3    3   17   18   -2   -7  -11    1   16   -2  -12
    1   13   13    1    2    5    2    1       561   -8   -1  -17   10  -15    6   17  -25    5    2   -9  -14    2   12  -11   14   12   -2
    1   13   14    1    1    5    1    1       740   -5   10   -7   -8   16   -3  -18   13   -9    1    2    7    6    2   -3    5   11    2
    1   13   15    1    1    3    3    0       867  -10   14   -5   -5   13    1  -14   16  -14   -8    5    6    5    2  -15   -2   15    4
    1   14    1    1    2    1    2    1       525   -7    6  -14    7  -12    4    7  -16    7    3   -9   -9    7   14  -10   17    0   10
    1   14    2    1    2    2    2    1       723   -6    4  -17    4  -13    5    7  -15    7    4   -6   -8   -3   10   -8   14    4    8
    1   14    3    1    3    2    3    1      1490    8    5  -18   -2   -2  -10    9    3    8   11   16   -2  -17  -12   -3   14    2   -6
    1   14    4    1    3    5    3    1      1217    9    5  -11   -2   -3  -14    3    8    6   13   20    1   -7   -8   -2   11    1   -2
    1   14    5    1    1    1    1    1       780  -10   16   -5   -3   15   -2  -14   11   -7    2    6    9    2    5  -10   -8   12    3
    1   14    6    1    1    2    1    1       633   -9   16   -5   -6   23   -5  -11    8   -7    3    3    6    6    5  -16    9   13    3
    1   14    7    1    2    3    2    1       461   -4    0  -14   10  -14    5   10  -17    5    3   -8   -9   -2   14   -8   16    5    8
    1   14    8    1    1    3    1    1       613  -10   14   -5   -5   13    1  -14   16  -14   -8    5    6    5    2  -15   -2   15    4
    1   14    9    1    2    4    2    1       442   -4    2  -16    9  -12    5    9  -16    7    3   -2  -15    0   11   -8   15    2    7
    1   14   10    1    3    4    3    1       420    8    6  -11   -1    0  -14    6   -1    8   13   20    7   -8   -9    2   16    0   -3
    1   14   11    1    2    5    2    1       589   -8   -1  -17   10  -15    6   17  -25    5    2   -9  -14    2   12  -11   14   12   -2
    1   14   12    1    1    5    1    1       688   -5   10   -7   -8   16   -3  -18   13   -9    1    2    7    6    2   -3    5   11    2
    1   14   13    1    3    1    3    1       706    3    8  -12   -1   -3  -16   10    3    3   17   18   -2   -7  -11    1   16   -2  -12
    1   14   14    1    3    3    3    1      1041   10    9  -12   -1    0  -13    7    4    6   13   19    1   -6  -10   -3   13    0   -5
    1   14   15    1    1    4    1    1      1395   -3   16   -3   -5   14    0  -14   13  -11    2    9    7    5    4   -6   -4   11   -1
    1   15    1    1    1    2    1    1      3209   -9   16   -5   -6   23   -5  -11    8   -7    3    3    6    6    5  -16    9   13    3
    1   15    2    1    2    2    2    1       518   -6    4  -17    4  -13    5    7  -15    7    4   -6   -8   -3   10   -8   14    4    8
    1   15    3    1    2    4    2    1       460   -4    2  -16    9  -12    5    9  -16    7    3   -2  -15    0   11   -8   15    2    7
    1   15    4    1    3    4    3    1       565    8    6  -11   -1    0  -14    6   -1    8   13   20    7   -8   -9    2   16    0   -3
    1   15    5    1    3    1    3    1       908    3    8  -12   -1   -3  -16   10    3    3   17   18   -2   -7  -11    1   16   -2  -12
    1   15    6    1    3    3    3    1      1281   10    9  -12   -1    0  -13    7    4    6   13   19    1   -6  -10   -3   13    0   -5
    1   15    7    1    1    1    3    0       872  -10   16   -5   -3   15   -2  -14   11   -7    2    6    9    2    5  -10   -8   12    3
    1   15    8    1    1    3    1    1      1647  -10   14   -5   -5   13    1  -14   16  -14   -8    5    6    5    2  -15   -2   15    4
    1   15    9    1    3    5    3    1       539    9    5  -11   -2   -3  -14    3    8    6   13   20    1   -7   -8   -2   11    1   -2
    1   15   10    1    2    3    2    1       497   -4    0  -14   10  -14    5   10  -17    5    3   -8   -9   -2   14   -8   16    5    8
    1   15   11    1    2    5    2    1       618   -8   -1  -17   10  -15    6   17  -25    5    2   -9  -14    2   12  -11   14   12   -2
    1   15   12    1    1    5    1    1       763   -5   10   -7   -8   16   -3  -18   13   -9    1    2    7    6    2   -3    5   11    2
    1   15   13    1    2    1    2    1       649   -7    6  -14    7  -12    4    7  -16    7    3   -9   -9    7   14  -10   17    0   10
    1   15   14    1    1    4    1    1      1899   -3   16   -3   -5   14    0  -14   13  -11    2    9    7    5    4   -6   -4   11   -1
    1   15   15    1    3    2    3    1       732    8    5  -18   -2   -2  -10    9    3    8   11   16   -2  -17  -12   -3   14    2   -6
    2    1    1    4    3    1    3    1      5325    8    5  -14   -1   -7  -24    5    0    6   13   15   -2   -1  -17    3    9    4   -3
    2    1    2    2    3    0    3    1      1829    9    7  -13   -1   -2  -15    8    3    7   12   16   -3   -7  -10   -3   12    0   -4
    2    1    3    2    2    0    2    1       601   -6    0  -15    9  -14    6    8  -15    6    2   -7   -9    0   12   -9   15    3    8
    2    1    4    5    2    2    2    1      1005   -6    5  -18    0  -12    7    6  -16    7    1   -7  -14    4   21   -9   16    5    2
    2    1    5    2    1    0    1    1      1265   -9   15   -5   -4   15   -1  -14   14   -9    2    4    8    4    3  -11    1   13    1
    2    1    6    3    1    3    1    1       699   -8   14   -4   -3   15   -2  -13   14   -9    2    3    9    7    8  -11    1   15    3
    2    1    7    5    2    4    2    1       795   -6    1  -17    9  -13    6    4  -23    6   10   -5   -8    0   13  -17   21    6    6
    2    1    8    1    2    1    2    1       648   -7    6  -14    7  -12    4    7  -16    7    3   -9   -9    7   14  -10   17    0   10
    2    1    9    5    2    5    2    1       666   -8   -3  -14    5  -16   11    7  -17    4    3   -6   -6    0   10  -18   23    3    9
    2    1   10    5    3    2    1    0      6683    1   16  -11    0   -6  -13   12    1    6   11   17   -1   -7   -8   -5   14   -3   -8
    2    1   11    4    2    2    2    1       811   -8    0  -16   10  -10    8    7  -17    5    1   -8   -8   -2   10  -10   16   -2   17
    2    1   12    5    2    3    2    1      1672    3    6  -16   10  -18    5    9  -10    7    0   -4  -10   -2    2   -3   24    1    7
    2    1   13    5    1    3    1    1      1777  -17   23   -1    1    9   -6  -19    4  -18   -5    3    7   -1    7  -11    3   11    1
    2    1   14    3    2    3    2    1       838   -6    0  -15    9  -14    7    8  -24    8    2   -8   -8    0   12   -9   16    4    7
    2    1   15    3    3    4    3    1       848    9    7  -12    0   -3  -15    7    4    7   12   16   -3   -7  -10   -3   12    0   -4
    2    1   16    4    3    4    3    1      4200    7    7  -13   -6    8   -8    8    5    8   13   15   -1   -8  -10   -3   14    6   -4
    2    1   17    5    3    5    3    1      1357    8   -1  -14   -3   -2  -14    8    2    8   13   22    2   -5  -12   -5    7    0   -3
    2    1   18    3    2    4    2    1       802    3   -8  -15    9  -15    6    9  -15    7    1   -8   -9   -1   13   -8   14    3    8
    2    1   19    1    3    4    3    1      1198    8    6  -11   -1    0  -14    6   -1    8   13   20    7   -8   -9    2   16    0   -3
    2    1   20    3    3    2    1    0      2153    9    7   -3    7   -2  -15    7    4    6   13   15   -2  -15   -7   -2   10    0   -4
    2    1   21    3    1    2    1    1       977   -8   14   -4   -4   16    4  -12   13  -12    7    4    8    4    3  -10    1   12    1
    2    1   22    1    1    5    1    1      1255   -5   10   -7   -8   16   -3  -18   13   -9    1    2    7    6    2   -3    5   11    2
    2    1   23    3    1    1    1    1       912   -9   16   -5   -5   15   -1  -15   15   -9    2    4    8   11    4  -11    0   13    1
    2    1   24    4    1    2    1    1      1851  -16    6   -4   -5   10    5  -17   14  -10    3    8    6    4    5   -6    6   21   -1
    2    1   25    3    2    1    2    1       719   -6   -1  -15    9  -13    5    8  -15    7    1   -6  -10    0   12  -10   17    4    8
    2    1   26    4    1    5    1    1      1820   -8   16   -5   -2   18   -4  -12   15  -10    1    5    9    2   -2   -8   -1   14    1
    2    1   27    3    3    3    3    1       736   10    6  -14   -1   -1  -14    7    4    7   12   17    2   -8  -10   -3   12    0   -3
    2    1   28    3    3    1    3    1       908    9    8  -11    1   -2  -15    9    3    7   12   16   -2   -8  -10   -2   11    0   -4
    2    1   29    1    2    3    2    1       628   -4    0  -14   10  -14    5   10  -17    5    3   -8   -9   -2   14   -8   16    5    8
    2    1   30    1    2    2    2    1       521   -6    4  -17    4  -13    5    7  -15    7    4   -6   -8   -3   10   -8   14    4    8
    2    1   31    4    3    3    3    1      1794    2    9   -8   -3    0  -15   11    7    8   11   17    0   -5  -10   -1    3    1   -5
    2    1   32    5    1    1    1    1       853  -17   24   -7   -2   16    1  -16   12   -6    1    3    9    9    2   -5   10   22   -6
    2    1   33    1    3    5    3    1       913    9    5  -11   -2   -3  -14    3    8    6   13   20    1   -7   -8   -2   11    1   -2
    2    1   34    4    3    2    3    1      1257    8    7  -14    0   -3  -17    9    3    6   13   15   -3   -8   -9   -5   11   -2   -5
    2    1   35    4    2    1    2    1       593   -7    0  -10    5  -15    4    8  -17    7    1   -1  -15    1   13   -8   14    3    6
    2    1   36    1    2    4    2    1       503   -4    2  -16    9  -12    5    9  -16    7    3   -2  -15    0   11   -8   15    2    7
    2    1   37    1    3    2    3    1      2529    8    5  -18   -2   -2  -10    9    3    8   11   16   -2  -17  -12   -3   14    2   -6
    2    1   38    3    3    5    1    0      7800    8    6  -14   -2   -2  -15   11   -2    7   13   17   -3    3  -14   -4   10    0   -3
    2    1   39    3    2    5    2    1       876   -6    0  -15    9  -15    6    8  -14   10   -3   -7   -9    1   11   -9   15    3    8
    2    1   40    4    2    5    2    1      3382   -7   -1  -15    8  -18   16   10  -16   10   -8   -9   -7   -1   13   -9   11    4    7
    2    1   41    3    1    4    1    1      1275   -9   15   -6   -6   15   -2  -13   13   -9    2    3    8    5    3  -11    1    8   -9
    2    1   42    1    3    1    3    1      2117    3    8  -12   -1   -3  -16   10    3    3   17   18   -2   -7  -11    1   16   -2  -12
    2    1   43    4    1    4    1    1       844  -10   15   -3    0   16   -2  -19   15   -4    7    4   10    4    1  -10    1   11    0
    2    1   44    5    1    4    1    1      1575  -15   18    0   -9    9    0  -23   12   -5    7    6    7    1   -2  -11    2   12    4
    2    1   45    5    1    2    1    1      1254   -9   16   -6   -1   16    1  -13   15  -17   -3    6    8    5    4  -21    7   12    3
    2    1   46    1    1    4    1    1      2995   -3   16   -3   -5   14    0  -14   13  -11    2    9    7    5    4   -6   -4   11   -1
    2    1   47    3    1    5    1    1       661  -18   15   -6   -5   16    0  -14   14   -9    2    2   10    4    3  -11    1   13    1
    2    1   48    5    3    1    3    1      1080   13   11  -13   -2   -3  -15    6    2   17    9   17   -4   -9  -12   -2   12   -9    2
    2    1   49    1    1    2    1    1       919   -9   16   -5   -6   23   -5  -11    8   -7    3    3    6    6    5  -16    9   13    3
    2    1   50    5    3    3    3    1       988   16   12  -15   -2    1  -15    9    2    8   12   14   -1   -6  -13   -8    7   -4   -7
    2    1   51    3    2    2    2    1       722   -6    0  -16   10  -15    6    8  -16    4   -7   -7   -9    0   12   -9   15   11    0
    2    1   52    4    2    3    2    1       530   -7    1  -15    0  -12    5    8  -20    7    4   -5  -10    2   12   -9   16    3    6
    2    1   53    1    1    3    1    1      2794  -10   14   -5   -5   13    1  -14   16  -14   -8    5    6    5    2  -15   -2   15    4
    2    1   54    4    2    4    2    1       728   -5    1  -16   10  -13    4   10  -16    6    3   -6  -10   -2   12   -8   12    2    9
    2    1   55    1    3    3    3    1       984   10    9  -12   -1    0  -13    7    4    6   13   19    1   -6  -10   -3   13    0   -5
    2    1   56    5    1    5    1    1       829   -4   19   -7  -14   19   -4  -13   12  -12    1    9   17    5    2   -6   10   13    0
    2    1   57    4    3    5    3    1      1861   10    9  -12   -1   -2  -16    6    3    5   14   12    0   -8  -10   -5   12   -2   -2
    2    1   58    1    2    5    2    1       487   -8   -1  -17   10  -15    6   17  -25    5    2   -9  -14    2   12  -11   14   12   -2
    2    1   59    5    2    1    2    1       768   -8   -1  -14    8  -11    2   12  -15    1    4   -5   -6    2   10   -9   14   -3    8
    2    1   60    1    1    1    1    1       893  -10   16   -5   -3   15   -2  -14   11   -7    2    6    9    2    5  -10   -8   12    3
    2    1   61    4    1    3    1    1      1509  -10   15   -4   -6    8    4  -14   12   -8    2    4    7    5    3  -10   -1   13    0
    2    1   62    5    3    4    3    1      1475   10    6  -15   -2   -4  -12    6   -2    9   12   20    2   -6   -7    0    7    3  -13
    2    1   63    4    1    1    1    1      1620   -9   14   -7   -5   19    2  -12    9   -9    1    4   10    3    2  -12    3   15   -1
