    1    1    1    1    1    3    1    1      5517   -8    9   -9  -14   18   11   13  -10    1   10    8    2    7    6    6   12    5    8
    1    1    2    1    2    2    2    1      5154  -12    1    2    5   13  -10   -5   -2  -12  -10  -13   -6    3   15   -6   -5    1  -13
    1    1    3    1    2    3    1    0      3019   -3   13   -1   11   15   -5   -4    0  -13  -13  -13   -5    2   14  -10   -6    4   -9
    1    1    4    1    2    4    3    0      3090  -18    9   -2    7   20   -2   -9    0  -13  -10  -12   -7    4   13  -10   -5   -5  -17
    1    1    5    1    2    1    1    0      5700   -9   -2   -8    2   12    0  -11   -8  -10  -12  -13   -6    0   12  -13   -3    1  -14
    1    1    6    1    1    4    2    0      2150  -10   12  -12  -11   18   11   16  -12   -2   10    9   -1    7    3    1   13    2    7
    1    1    7    1    1    5    1    1      6941   -9   11  -12  -14   17   13   17  -13    0   12   14    0    4    0   15   23   12   11
    1    1    8    1    3    4    3    1      2100    3   11   12    0    9    5    2    2  -12   -8  -13    0  -19   -7    5    6    2   13
    1    1    9    1    3    5    3    1      2364    4   12   14   -3   10    4   -3   -5   -3  -16  -18    4  -13   -7    8    3    2   13
    1    1   10    1    3    2    3    1      5906    1   12   12   -2    7    3    0    3   -9  -12   -9    4  -13   -8    2    6    0   16
    1    1   11    1    2    5    2    1      2427   -8    5   -2   11   12    4   -4    0   -8  -16  -12   -6    4   13  -14    0   -5  -18
    1    1   12    1    1    1    1    1      2575   -8    8  -17   -7   18   11   14  -12   -9   10   10   -2    7    6    7   12    2    6
    1    1   13    1    1    2    1    1      4942   -8   11  -12  -12   17   13   17   -8   -1   13   12   -4   15    0    5   13    2   13
    1    1   14    1    3    3    2    0      3932    2   10   16    1    2   13    5    2   -8  -11  -13    1  -10   -8   -7    5    4   14
    1    1   15    1    3    1    3    1      1644    3   10   13   -3   -2    5    1    1   -9  -12  -12    2  -14  -14   -1   14    2   14
    1    2    1    1    1    7    2    0      4456   -8   11  -11  -11   20    5   18  -15    0   12   14   -3    9   -5    8   14    4   10
    1    2    2    1    1    8    2    0      3899   -7    9  -20  -19    7    6   19   -8    1   13   15   -9   17   10    5   12    5    8
    1    2    3    1    2    9    2    1      1772  -14    0   -2   14   23    3   -5    0  -13  -10  -13   -7    4   13  -12   -2    4  -13
    1    2    4    1    3    7    3    1      1458    4   15   13   -1    7    5    0    0   -8  -13  -11   12  -14  -10    0    7    6   12
    1    2    5    1    2    6    1    0       877  -15   -5   -1    8   15   -5   -6    9  -12  -10  -13  -16    2   12  -13   -1   -3  -16
    1    2    6    1    3    8    1    0      1247    3   10   13   -3    8    9    2    4   -2  -12  -15    1  -16   -2   -4    2    6   18
    1    2    7    1    3   10    3    1      2522    5   13   13   -3    8    7    8   -7   -7  -13  -15    0  -12   -8   -2    5   -8    6
    1    2    8    1    3    6    3    1      5555   -1    6   13   -1   13   10    4    4   -3  -14  -22   -3  -11   -8    0    8    1   15
    1    2    9    1    2    7    1    0      2922  -14    0   -2   13   15   -5   -4    0   -6   -4  -13   -8    0   12  -12   -2    6  -22
    1    2   10    1    1   10    2    0      2170   -9    8   -9  -12   16   12   12  -12    1   11   18    6   14   -2    5   13    1    6
    1    2   11    1    2    8    1    0      1207  -14    3    8   17   16   -6   -4    0  -15   -8  -14   -5    4   12  -17   -7    4  -16
    1    2   12    1    1    6    3    0      5989   -9    9  -13  -14   16   14   16   -9    1   11    7    2    7    6    4   12   12   12
    1    2   13    1    3    9    3    1       899    4   12   14   -2    8    4    5   -2  -17  -12  -14    1  -11   -9    0    8    0   16
    1    2   14    1    2   10    1    0      1396  -12    5   -5    9   18   -4    0    1  -12  -12  -15   -5    3   11  -12   -2    3  -15
    1    2   15    1    1    9    2    0       873   -9   11  -12  -10   17   15   14  -11  -10    3   10    1    6    3    6   14    7   12
    1    3    1    1    2   12    1    0      1211  -12    2   -1   12   17   -6    4    7  -13   -5   -9   -5    1   15  -14   -2    1  -14
    1    3    2    1    1   12    1    1      1384   -7   10  -10  -13   14    8   15  -11   -1   12   11    1    5    3    5   13   -1    6
    1    3    3    1    2   13    2    1      3830  -13    2    2   13   15   -5   -3   -1  -11  -12  -15   -7    6   16  -15    1    0  -15
    1    3    4    1    1   14    1    1      1491  -10   10  -12  -12   14   13   16  -12   -1   12    4    3    8    4    6   15    4    6
    1    3    5    1    3   15    3    1      1148    5   13   15   -1    7    4    1    0   -6  -13  -13    8  -12   -8    5    2    1   16
    1    3    6    1    3   13    3    1       965    3   20   12   -1    8    4   -1   -1   -6  -13  -13    2  -10  -11    0    9   -2   20
    1    3    7    1    3   12    1    0      1949    4   11   20  -11   18   -1    2    3  -15   -5  -12    3  -11  -10    0    6    1   16
    1    3    8    1    1   11    1    1      3660   -6   11  -15  -16   14   15   13  -10   -1   13   10   -1    2    4    7   12    1    8
    1    3    9    1    3   11    3    1      1454    2   12   12   -1    7    6   -3   -3   -7  -11  -16    4  -11   -9    2    9    3   16
    1    3   10    1    2   15    2    1      1394  -13    5    5    9   23    2   -3   -1   -9  -20  -15   -5    2   11  -14   -2    4  -14
    1    3   11    1    1   13    1    1      1598  -10    8  -19  -19   18   13   14   -9    0   11    7   -1    5    6    3   16    6    9
    1    3   12    1    2   11    3    0      1948  -15    5   -1   12   15   -5   -5    1  -10  -11  -15   -6    2    8  -13    2    7   -9
    1    3   13    1    2   14    3    0      1204  -11    2   -1   10   24    3   -2    0  -10  -13  -13   -8    5   17   -9  -10    1  -16
    1    3   14    1    3   14    3    1       865    2   11   12   -3    8    9    1    3   -8  -11  -16    4  -13   -7    3    8    2   16
    1    3   15    1    1   15    2    0      2692   -8   11  -11  -14   18   12   13   -8   -2   11    9   -1    8    5    4   11    2    8
    1    4    1    1    1   19    1    1      2022   -9   10   -7  -19   18   13   15  -12    4    2   10    0    6    4    7   11    3    8
    1    4    2    1    1   17    1    1      1168  -18    5   -8  -11   14   13   20  -15   -1   13    7    0    7    6    8   14    4    5
    1    4    3    1    2   16    2    1      4061  -13    1    4    5   15   -6   -6    1  -13  -10  -15   -8    4   13  -11    0    0  -19
    1    4    4    1    3   19    3    1      1440   -2   13   13   -4    8    6    0    3   -8  -13  -11    1  -13  -10   -1    7    3   13
    1    4    5    1    1   20    2    0      1868  -10   10  -12  -12   15    9   15   -9    1    9   10   -1    5    0    7   15   14   -2
    1    4    6    1    1   16    2    0     12462   -9   11  -21  -21   11   11   15  -12   -2   13    7   -2   12    3    7   13    6    7
    1    4    7    1    2   18    2    1      1228  -13    6    0   10   16   -6   -5   -2  -10   -8  -13   -6    2   14  -13   -1    1  -15
    1    4    8    1    3   17    3    1      1024    4   11    9    1    8    6    0    2   -6  -13  -14    3  -14  -10   -7   15    6   20
    1    4    9    1    3   16    3    1      1802    3   18   15   -4    7    5    0    2   -6  -12  -15    3  -11   -7    0    7    6   18
    1    4   10    1    2   17    1    0       831  -13    4    1   14   17    0   -5   -3  -14  -13  -12   -7    3   12  -12   -3    3  -14
    1    4   11    1    2   19    1    0       801  -14    4   -4   12   17   -5   -2   -2  -11  -13  -13   -7    0   12  -14    0    4  -15
    1    4   12    1    3   20    3    1      1702    2    7   20   -7    9    5    0    0   -8  -12  -13    3  -11   -9   -1    8    2   16
    1    4   13    1    1   18    2    0      1481   -9   10  -11  -13   17   12   14   -9   -1   12    8   -1    7    6   12   21   -1   -2
    1    4   14    1    3   18    3    1      1002    7   15   11   -3    7    5   -5    2   -7  -11  -12    2  -12  -10   -3    8    9   24
    1    4   15    1    2   20    1    0      1335  -15    2    4    8   17   -9    1    8  -10  -10  -21    0    3   13  -12   -4    0  -15
    1    5    1    1    2   21    1    0      1919  -16    0    1   12   18   -4   -3   -2  -11  -12  -13   -7    6   18  -13   -3    2  -15
    1    5    2    1    2   23    2    1       775  -15    5   -4    7   16   -6   -5    0  -14  -11  -19   -1   12   11  -11   -2   -3  -24
    1    5    3    1    3   23    3    1       658    2   11   15   -3    8    6   10   -8   -7  -14  -16    0  -13   -7    2   16    0   17
    1    5    4    1    3   21    3    1       940    3   13   12   -2    7    5    2    2  -10  -14  -13    4  -13   -8    0    5   -3   19
    1    5    5    1    2   22    1    0      1130  -13    4    1    7   16   -6   -1   -1  -12  -12   -5   -4    3   14  -12    7    3  -12
    1    5    6    1    1   21    3    0      2481   -6    9  -21  -19   15   12   16  -10    5   19    9    2   16   14    6   15    2    7
    1    5    7    1    3   22    3    1       714    4   11   15   -2    7    6    1    3   -9  -12  -13    0  -12   -8    2    6    6   19
    1    5    8    1    1   25    1    1      1561   -9   10   -9   -7   17   15   16  -12    0   14    4   -1    3   11   15   19    5    8
    1    5    9    1    3   25    3    1      1673   -6    5   11    1    8    7    2    2   -6  -11  -13    2  -11   -8    0    8    2   16
    1    5   10    1    1   22    1    1     10931   -9    9   -7   -9   10    4   16   -5   -1   10    9   -2    5    5    6   14    6    9
    1    5   11    1    1   23    1    1      1835   -7    9  -15  -13   16   14   17   -9    1   12   12   -1    7    7   -3   14    3    8
    1    5   12    1    3   24    3    1      1487    4   10   12    0    7    6    1    3   -8  -10  -15    3  -11  -10   10   13    2   14
    1    5   13    1    1   24    2    0      8079    2   16  -12  -12   15   13    6  -20   -4   12    8  -10    8    7    5   12    5    8
    1    5   14    1    2   24    1    0      4936  -12    2   -1   10   18   -2   -2   -1  -11   -9   -7   -2    9   10  -13   -1    3  -15
    1    5   15    1    2   25    3    0      2511  -14    4    2   10   14   -6   -2    0  -11  -12  -15   -4   -1   18  -12   -4    2  -15
    1    6    1    1    3   30    3    1      1614    4   11   13   -1    6    7   -4   -1   -6  -13  -15    1  -11  -10    2    8    0   17
    1    6    2    1    1   27    1    1      5490   -9   11  -13  -11   18   15   15  -11   -3   10    8    2    8    6    1    3    0    9
    1    6    3    1    2   26    2    1      1052  -16    0   -1   13   15   -5   -4    0  -14  -10  -12   -4    3   11  -17    5    0  -14
    1    6    4    1    1   28    3    0      1264   -4    7  -11  -13   15    3   15  -12   -2   11    1    7   11    2   12    5   -5   15
    1    6    5    1    1   30    1    1       954   -8   11  -12  -12   16   14   17  -10   -9    5    8    2   -3   -3    7    8    3    7
    1    6    6    1    1   26    2    0       608   -7   14   -9  -11   15   14   16   -9    0   11    8    2   12    3    4    8    6    9
    1    6    7    1    2   27    1    0      1125  -13    1   -3   16   14   -3   -6    1  -19   -1  -14   -8    0   15  -12   -3    4  -14
    1    6    8    1    3   27    3    1       733    0   16   14   -3    9    4    6    0   -5  -14  -16    1  -12  -10    3    7   -2   19
    1    6    9    1    3   28    3    1      3596    5   13   11   -1   10    7    1    0   -5   -9  -13    0  -11   -9    1    5    2   16
    1    6   10    1    1   29    1    1      1768   -9   10  -10  -11   14   14   16  -10   -5    8    9    1    6    7    6   12   -2    5
    1    6   11    1    2   28    2    1      1006  -14    1   -1   13   16   -6   -7    9  -12   -6  -15   -6    6   16   -7    1   -3  -16
    1    6   12    1    2   29    1    0       795   -6   -5    2   12   17   -8   -5    6  -13  -11  -14   -5    8    9  -14   -2   -5  -12
    1    6   13    1    3   29    3    1      1856   -1   11   15    0    8    4    0    1   -8  -11  -18   -8   -4   -2    2    7    1   15
    1    6   14    1    3   26    3    1      2290    4   13   12   -4    7    3    2    4   -7  -11  -13    3   -9  -13   -2   11    5   20
    1    6   15    1    2   30    1    0      1379  -13    9   -2   13   15   -5   -5   -3   -6   -7  -17   -7   -1    7  -12   -3   -3  -13
    1    7    1    1    3   31    3    1      3200    3   14   17    3    9    9    5    1   -8  -14  -10   -4  -14   -8   -4    9    4   16
    1    7    2    1    1   33    1    1      1741   -9   10  -10  -13   17   12   16   -8    0   12   10   -2    7    6    6   12    4    7
    1    7    3    1    3   34    1    0      1036   13    8   12   -1   10    3    3    2    2  -15  -16    8  -16  -17    2    6    4   15
    1    7    4    1    2   32    3    0      6304  -11    4    5   10   16   -4   -5    0  -10  -13  -13   -4   -3   16  -14   -7    2  -16
    1    7    5    1    1   34    2    0      1192   -8   12   -2   -5   17   13   15  -11   -2   11    8    1    8    7    8   11    5    7
    1    7    6    1    1   32    1    1       838  -10    9  -12  -10    6    4    9   -5   -3   11   10   -2    9    5    8   14    2    8
    1    7    7    1    2   33    3    0      3497  -14    4    0   14   11   -7    5    8  -11  -12  -12   -7    4   11   -5   -2    0  -13
    1    7    8    1    2   35    1    0      1905  -12    2    4   22   17   -6   -3   -1   -8  -18  -15   -5    1   13  -13   -1   -6  -19
    1    7    9    1    3   32    3    1      1970    4   10   14    0   10   -4    1    1   -9  -12  -11    7  -15  -13    4    7    7   16
    1    7   10    1    3   33    3    1      1128    8   11    4   -4   17   -4    4   -7   -4   -6  -12    1  -11   -7    3    6    7   13
    1    7   11    1    2   31    2    1       822  -18    1    1   11   14   -3   -6    4  -14   -8   -9  -13   -1   15  -12   -2    2  -13
    1    7   12    1    3   35    2    0       458    4   12   13   -5    7    2    1    1   -8  -11  -14    3  -13   -8   -8   11   -1   10
    1    7   13    1    1   31    1    1      1404   -8    8  -11  -13   12   10   19  -13   -3   16   11    8    6    5    4   12    1    9
    1    7   14    1    1   35    1    1      4824   -2    0  -12  -15   10    5   16  -12   -3    9   10    2   17   -1   10   15    0    9
    1    7   15    1    2   34    2    1      3436  -14    4    0   13   17   -6   -5   -1  -13  -11   -8   -1    4   11  -16   -5    3  -15
    1    8    1    1    2   36    3    0      1237  -13    2    1   11   18   -5    0   -6  -11  -11  -23   -8    1   14  -12   -1    1  -15
    1    8    2    1    3   39    3    1       852   -4   10   12   -1    7    6    5    3   -4  -22  -12    0  -13   -8    0    7    1   13
    1    8    3    1    3   40    3    1      1237    8   17   14   -1    4    7    1    4   -8  -12  -13   -1  -10  -10    1    8    3   13
    1    8    4    1    2   40    2    1       950  -14    3   -1   13   15   -4    6    7  -11  -10  -17    2    4   11  -14   -2    2  -15
    1    8    5    1    3   38    1    0       908    5   13   16    1   15    7    2    2   -6  -12  -13   12  -11  -10    1    6    1   15
    1    8    6    1    1   36    2    0       981   -9    3   -9   -4   20    8   11  -13    0   13    4    2    9    5    8   13    4    6
    1    8    7    1    1   40    1    1       776   -9   12  -13  -11   15   13   16  -10    0   13    1  -10    5    3    5   15    4    7
    1    8    8    1    2   38    2    1      1885  -14    4    9   10   14   -3   -3   -1  -13   -9  -13   -6   -7    6  -13   -3   -7  -17
    1    8    9    1    3   37    3    1       957   -1    9   12   -4   12    9    1    3   -4   -6  -12    1  -11   -8    0    1    3   15
    1    8   10    1    3   36    1    0       913    1   13   13   -1    9    4    1    1   -9  -10  -16    4  -13   -9   -1    7    1   16
    1    8   11    1    1   37    1    1     26592  -18    7  -13  -12   14   15   15   -9   -1   10    8    1    6    4    1    5    3    9
    1    8   12    1    2   37    2    1      2074  -12    1    2   11   18  -11   -3   -3  -13  -10   -9   -2    1   16  -12   -3    0  -15
    1    8   13    1    2   39    1    0      1234  -12    1    1   10   10   -3   -5   -2  -10  -13  -13   -6    1   14  -15    0    2  -16
    1    8   14    1    1   39    2    0       821   -4    5  -11  -14   16   14   16  -11   -3   12   18    5    8    5    2   17   12    0
    1    8   15    1    1   38    1    1       422   -9   10  -15  -10   18   19   14  -10    8   12   10    2    8    6    6   14   -2   12
    1    9    1    1    2   42    3    0       794  -12    2   -1   11   16   -6   -8   -8  -10  -11  -14   -7    7   11   -9   -1    7   -5
    1    9    2    1    3   42    2    0       245    3   11   14   -4   15   14    2    1   -7  -14  -13    2  -10  -10    2    9    3   17
    1    9    3    1    2   43    3    0       337  -23   -2    2   10   15   -6   -5   -3  -13  -11  -22    4    3   12  -14   -1   11   -5
    1    9    4    1    1   42    3    0      6511  -10    9  -12  -11    9    6   16  -11    0   10    8    0    5    4    5   14    3    7
    1    9    5    1    3   43    1    0       966    4   12   12   -1    9    4    1    1   -6  -10  -14    3  -15  -17    0    9   -6    6
    1    9    6    1    1   45    1    1      1749  -10   10  -11  -14   15    8   16  -11    1   12   10    0    8    5    5   14    1    3
    1    9    7    1    2   41    2    1       740  -15    3   -1   13   14   -6   -6    0  -11   -9  -15   -7    1   15  -13    0    3  -14
    1    9    8    1    2   44    1    0      1179  -12    2    0   13    8   -3   -8   -4  -16  -18  -16   -7    3   13  -13    0    0  -15
    1    9    9    1    3   44    1    0       733    3   11   13   -4    7    4   -6   -5  -15  -21  -15    2  -11   -8    1    9   -3   13
    1    9   10    1    3   45    3    1       728    4   11   11    0    7    5    1    1   -7  -10   -9    0  -13    0    1    6    3   17
    1    9   11    1    1   44    2    0       816   -6   10  -16  -14   16   11   16  -10    0   11    8    0    6    3    4   15    4    9
    1    9   12    1    2   45    1    0       627  -15    4    2   11   17   -6   -3    3  -14  -12  -13   -7    6   18  -13    0    0  -12
    1    9   13    1    3   41    3    1       750    2   12   13   -3    8    6    0    3  -13  -11  -15    2   -4   -5   -4    3    5   16
    1    9   14    1    1   43    1    1      1313  -10    6  -12  -12   18   14   13   -9    1   13    9    2    9    7    9   15    6   10
    1    9   15    1    1   41    1    1      1025   -7   10  -12  -11   15   11   16  -10    3   21   10   -2    8    5    7   11    4   14
    1   10    1    1    1   47    1    1       910   -6    9  -11  -10   15   14   16   -9   -2   12    8    1    8   12    5   14    6    9
    1   10    2    1    1   49    2    0       757  -10   10   -8  -14   13   18   14  -10   -2   10    9    4    5    7    5   14    8    9
    1   10    3    1    2   50    2    1       522  -15    5   -1   12   16   -4   -4    0  -13  -11  -17   -1    5    9  -14   -7    3  -15
    1   10    4    1    3   49    3    1       834   13    6   13   -1   15    9    6    7   -7  -11  -13    2  -10   -9    0    9    2   16
    1   10    5    1    2   48    2    1      2642  -12    5    2   11   16   -4   -6    0  -11  -11  -15   -4    4   15  -11    0    3  -12
    1   10    6    1    1   46    1    1      1388   -8    9  -10  -13   18   12   24  -20  -10   12   14   -2    6    5    7   12    2   -1
    1   10    7    1    1   50    1    1       744  -17    9  -11  -11   16   12   13   -8   -1   13    8   -2    2    4    7   13    3    9
    1   10    8    1    3   48    3    1       717    4   13   12   -3    7    6    0    3   -9  -11  -15    2  -14   -7   -7   16    0   16
    1   10    9    1    2   49    2    1      1787  -14    4   -9   22   18   -5   -6    1   -6   -3  -18  -13    0   12  -15   -3   -1  -14
    1   10   10    1    2   46    1    0       664  -23   -1    2    2   18   -7   -5   -2   -8   -5  -15   -5    1   12  -18   -2    3  -15
    1   10   11    1    3   46    1    0       682    1   13   13   -1    9    5    1   -1   -5  -11  -15    3  -22   -6    1    8   -2   16
    1   10   12    1    1   48    1    1       635   -8    5  -21  -16   15   13   16  -10    0   12   10   -3    7    6    6   15    2    3
    1   10   13    1    3   47    2    0       886    2   13   13   -3   15    8   -1    2   -7  -13   -4    7  -13  -10    1    5    0   15
    1   10   14    1    2   47    1    0       733  -15    4   -1   13   17   -6   -4    4  -13  -11  -12   -5    2   12  -12   -2    1  -16
    1   10   15    1    3   50    1    0       716    2   10   12   -4    6    4   -1    2   -5  -12  -15    2  -12   -8   -3   11    3   13
    1   11    1    1    1   55    1    1       945   -9   11   -9  -22   18   14   14   -9   -1   10   11   -2    7    4    5   13   -3    0
    1   11    2    1    3   53    2    0       705    4   11   12   -1   10    7    1    1   -6  -14  -14    3  -13   -9   -3    5    3   15
    1   11    3    1    1   54    1    1      1792  -10   11  -12  -12   14   11   16   -6    0   10    8    0    6    3    2   16    1    6
    1   11    4    1    3   54    2    0       732    0   12   15   -2    8    4    1    4   -9  -11  -14    1  -12   -8    0    8    0   15
    1   11    5    1    2   52    1    0       795  -14    3    0   11   16  -14   -4    0   -3  -21  -15   -8    3   13  -14   -1    1  -13
    1   11    6    1    1   52    1    1       935   -8    9   -9  -17   16   14   14   -9   -2   10    7    1    9    3    7   13    8    8
    1   11    7    1    2   53    2    1      2024  -22   11    1   12   14   -6   -5   -2  -12  -10  -12   -7   -1   14  -14   -1   -1  -10
    1   11    8    1    2   55    1    0       732  -11    1    1   11   22  -10   -7   -4  -14  -10  -15   -7    1   14  -14    0    5  -10
    1   11    9    1    2   51    3    0       924  -14    4   -9    3   20   -3   -8    1  -10   -7  -15   -8    3   11  -12   -3    0  -12
    1   11   10    1    3   51    1    0      3718    2   13   13   -3    9    6    2    0   -7  -13  -13   11  -14   -9    1    8   12   20
    1   11   11    1    1   53    2    0       608  -10    8  -11  -10   15   14   10   -5   -3   12   10    0    3    2    8   11    1    4
    1   11   12    1    1   51    1    1       606   -2    0  -12  -11   16   12   15   -9   -9    1    8   -2    9   10    7   12    6    7
    1   11   13    1    2   54    2    1      1833  -13    1    1   11   11   -6    1   -2  -13  -13  -15   -5    2   18  -12   -2   12  -13
    1   11   14    1    3   55    3    1      1052    2   12   14   -1    8    6   10    3   -7  -10  -12    0  -13   -8    6    5    2   16
    1   11   15    1    3   52    1    0       916    3   10   12   -4   10    5    2    0   -6  -12  -14    3  -12  -10    2    7    3   13
    1   12    1    1    1   58    1    1       762   -7    9  -12  -11   15   14   21  -18   -1   10   11    1   11    4    5   14   -1    4
    1   12    2    1    3   58    2    0      2832    2   12   12   -1    7    3    2    1  -17   -8  -14    3  -10  -10    0    8    3   15
    1   12    3    1    2   57    1    0       500  -14    8    0   11   16   -6    5    7  -11  -12  -15   -6   11   18  -15   -2    3  -15
    1   12    4    1    1   56    1    1       654   -8    9   -9  -14   15   15   16  -12   -3    6    8    0    6    6   -1   20    1   18
    1   12    5    1    2   59    2    1       679  -11    1   -2    7   15   -6   -4   -3  -13  -12  -18  -11    4   14   -9    3    3  -12
    1   12    6    1    2   58    1    0       520   -8   10   -2   13   15   -6    2    4  -10  -11  -14  -10    1   15  -12   -2   -2  -15
    1   12    7    1    1   57    1    1       903  -13    5  -13  -14   16   12   14  -10    8    8    0   -9    1   12    4   14    3    8
    1   12    8    1    2   60    2    1      2288   -6    0    1   11   17   -3   -4   -2  -12  -13  -13   -4    3   13  -14   -1   -2   -5
    1   12    9    1    3   60    3    1       554    2   13   12    0    9    5    2    4   -6  -13   -4    1  -11   -8    4    7    4   14
    1   12   10    1    3   59    1    0       685    4   11   12   -4    6    4    3   -3   -9  -12  -12    9   -8  -15    2    7    3   13
    1   12   11    1    3   56    1    0       605    3   13   15    0    5   15    3    1   -5  -12  -13    4  -11   -9    2    7    1   14
    1   12   12    1    2   56    2    1       818  -15    4   -2   14   17   -7  -11    5  -10  -10  -19   -3    2   14  -11   -2    1  -12
    1   12   13    1    3   57    1    0       692    7    5    9   -5    9    4    0    2   -7  -10  -15    2   -4  -15   -3   11    0   14
    1   12   14    1    1   59    2    0      2517  -11   14  -11  -11   19   14   15   -9   -3   12   10   -1    6    3    5   13    5    7
    1   12   15    1    1   60    1    1       500   -7   10  -11  -13    8    9   15   -9    0   10    8    1   16   10    7   12    4   10
    1   13    1    1    3   62    2    0       861    3   11   14   -2    7   -2    2    1   -6  -10  -14    3  -14  -10    1   -1    4   14
    1   13    2    1    3   65    1    0       543    2   22   15   -4    6    7   -1    1   -4  -21  -16    2  -12   -8    2    7    1   15
    1   13    3    1    1   64    2    0       805   -8   12  -10   -9   15   12   16  -12   -3   13   10   -2    5    6    6   11    6    8
    1   13    4    1    3   61    1    0      1987    2   12   12    0    7    6   -1    3   -5  -10  -14    3  -14  -16    0    8    1   17
    1   13    5    1    1   62    2    0       592   -9    9   -9  -11   18   13   24  -16    1   12   10    0    5    3   10    5    6    6
    1   13    6    1    1   63    1    1       461  -18    4  -11  -11   15   15   16   -8    1    9   -1   -6   10    9    5   17    6    6
    1   13    7    1    2   61    2    1       655  -11    8    0   11   15   -7   -5    1  -12  -12  -15   -7    4   13  -14   -2   -2  -24
    1   13    8    1    1   65    1    1       515   -7    9  -12  -11   17   12   16  -10   -1   10   11    2    8    5    7   14    3    9
    1   13    9    1    2   64    3    0       715  -11    3    0   13   10    5   -4   -6  -10  -11  -14   -3    2   15  -17   -2   11  -22
    1   13   10    1    3   64    3    1       771    3   11   11   -2    6    4    0    0  -11   -3  -11    7  -11   -9    0    5    1   15
    1   13   11    1    3   63    2    0       615    3   14   11    0    9    3    1    4   -8  -11  -14    0  -11  -10   -1    6   -7   10
    1   13   12    1    2   63    1    0       420  -15    3    2   12   15   -4   -2    0  -12  -12   -4    1    4   13  -12    0    3  -14
    1   13   13    1    2   65    2    1       654  -13    2   -1   13   11    1   -4    0   -9  -11  -12   -6   -3   15  -15   -1    1  -16
    1   13   14    1    1   61    1    1       657   -7   11  -13  -14   18   14   13  -12    0   11   10    0    5    7    5   12    4    9
    1   13   15    1    2   62    1    0       834  -11    2    1   13   16   -7   -2   -3  -14  -11  -13   -6   12   13  -14   -1    4  -14
    1   14    1    1    2   69    1    0       413  -12    5    0   11   14   -5   -2   -3  -12  -13  -14   -4    4   11  -15    0    3  -13
    1   14    2    1    3   68    3    1      1001    3   13    8    1    9    4    1    1   -8  -10  -18    8  -14   -9    1    9    3   16
    1   14    3    1    2   67    2    1      1213  -12    4    1   11   17   -4    3    2  -10  -13  -14   -8    3   13  -13   -5    1  -13
    1   14    4    1    3   67    1    0      1218    3   10   12   -2    7    6    0    3   -9   -9   -4    7  -13   -8    2    6   -4   24
    1   14    5    1    2   68    2    1      1878   -5    8   -1   12   16   -3   -3   -2  -10  -11  -13   -4    1   13  -11    0    0  -16
    1   14    6    1    1   66    1    1      1080   -9   10  -13  -13   16   11   17   -9   -2   11    9    2    8    6    7   12    2    6
    1   14    7    1    3   66    3    1       738    4   21   12   -2    7    5   -1    1   -9  -12  -14    1  -12  -10   -4    5    3   15
    1   14    8    1    2   66    1    0      1368   -9   11    1   11   20   -8   -3   -4  -17  -10  -14   -5    9   23  -12   -4    2  -12
    1   14    9    1    3   69    1    0       765    4   12   15   -4    9    4    3    2   -6  -13  -20    1  -20  -11   -1    7    3   17
    1   14   10    1    2   70    1    0      1252  -14    3    3   21   18   -4    5    7   -6   -2  -16   -4    0   12   -8   -5    3  -12
    1   14   11    1    1   68    2    0       549   -8    8   -7  -12   15   14   15  -11   -2   11   11    1    8    5    6   12    3    6
    1   14   12    1    1   67    1    1       691  -13   10  -13  -10   17   14   20  -15   -8    9   -1    9   14    3    5   14    5    8
    1   14   13    1    3   70    2    0       956    4   10   12   -1    9    7    3    1   -7  -11  -14    3  -10   -9    1    6   -8    9
    1   14   14    1    1   70    1    1      2154  -12    5   -9  -12   18   11   15   -9  -10   12   11    0    6    6    9   12    2    8
    1   14   15    1    1   69    2    0      1032  -16    9  -13  -11   12   11   24   -2   -1   10    7   -1    6    4    5   12    2    8
    1   15    1    1    1   75    1    1       530   -8   12  -21  -20   19   11   14  -10    1   12   10    1    0   -3    6   20    6    9
    1   15    2    1    2   74    1    0       810  -12    3   -1   11   16   -6   -5    0  -13  -12  -12   -8   -1    3  -10   -7    1  -15
    1   15    3    1    1   72    2    0       566   -7    9  -12  -11   18   18   16  -14   -1   13   10    2   12   -3    7   12    3    8
    1   15    4    1    3   71    1    0       804   11   10   12   -2    7    6    3    1   -8  -10   -9   -1  -10  -11    0    7    3   17
    1   15    5    1    2   73    1    0       584  -12    4   -1   10   16   -1   -4    4   -6   -1  -14   -4    1   15  -15    1    2  -16
    1   15    6    1    1   73    2    0       573   -6   11  -10  -13   16   11   17  -15   -2   12   14    2   11   10    6   14   11    7
    1   15    7    1    2   71    1    0       658  -12    2    1   11   18   -7   -2   -1  -13  -13  -11   -6    3   12  -15   -3    2  -16
    1   15    8    1    1   71    1    1       603   -6    9  -13  -13   21   12   15  -11   -1   10   10   -1    5    4    4   12    8    3
    1   15    9    1    2   75    2    1       600   -9    9    0   11   17   -5   -4   -2  -13  -12  -14   -7    2   12  -21    7   -2   -9
    1   15   10    1    1   74    1    1      1164   -8   11  -10  -12   18   14   13   -8   -3   12    1    7    7    6    8   14    3    8
    1   15   11    1    3   74    3    1       818    3   11   11   -1    5    5    0    0    2  -17  -15    3  -13   -8    1    8    5   16
    1   15   12    1    3   73    2    0      1158    4   11   14   -3    8    6    1    1   -6  -12  -15    2  -11   -9    3    6    0   13
    1   15   13    1    3   72    3    1      1068    4   10    9    6    7    5    1    3   -8  -11  -15   -1  -12  -10    6   11    4   16
    1   15   14    1    2   72    2    1      1420  -21   11   -2   11   18   -6   -5   -1  -22  -15  -16   -7   -1   16  -15    1    0  -13
    1   15   15    1    3   75    3    1      1055    3   10   15    0   10    3    0    1   -7  -14  -13    1  -11   -9    1    4   -1   23
    2    1    1    5    1    3    3    0      3818   -6   10  -10  -13   17   12   13  -11   -2    8   11    3    9    1    1   15   13   18
    2    1    2    4    3    5    3    1      1734    4   13   12   -2    8    4    0    2   -6  -12  -14    3  -13  -10   -2    6    7   16
    2    1    3    4    2    1    2    1      1166  -14    3   -2   14   18  -11   -6    8  -10  -10  -24   -5    2   15  -11    0    0  -12
    2    1    4    5    1    4    1    1      1845   -7    8   -9  -11   16   14   15   -8   -3   16    1    1   15   -3   10   18   -5    5
    2    1    5    1    3    1    3    1       881    3   10   13   -3   -2    5    1    1   -9  -12  -12    2  -14  -14   -1   14    2   14
    2    1    6    5    3    5    3    1      1035    0    5   14   -2    2   -4    0    0   -9   -9  -20   -8  -14  -14   -7    2   -4   18
    2    1    7    3    1    1    1    1      2830   -8    9  -11  -12   15   12   16  -10   -1   10    9    0    6    5    6    9    4    8
    2    1    8    1    3   15    2    0      2850    5   13   15   -1    7    4    1    0   -6  -13  -13    8  -12   -8    5    2    1   16
    2    1    9    5    3    4    3    1      1844   -2   13   13   -6    8    6    2    1   -6  -12   -4    9   -4  -11   -2    2    1   15
    2    1   10    4    3    2    3    1       737    2   12   14   -1    8    4    0    2   -9  -11  -15    3  -17   -4    2    8    4   17
    2    1   11    4    2    2    1    0      1321  -12    4   -2    3   15   -5    0   -4   -5  -19  -13   -6    1   13  -12   -4   -5   -9
    2    1   12    3    1    4    2    0      1161   -8    9  -10  -13   17   11   17   -8   -2   12   10   -1    6    3    5   13    3    7
    2    1   13    4    2    4    1    0      1352  -12    2    0   11   15   -4   -5   -1  -10   -9  -22    4   11    9  -14   -4    5  -15
    2    1   14    3    3    5    3    1      2541   -3    3   13   -2    8    6   -1    4   -7  -12  -12    3  -13   -8    1    7    3   15
    2    1   15    1    1   47    1    1      1861   -6    9  -11  -10   15   14   16   -9   -2   12    8    1    8   12    5   14    6    9
    2    1   16    4    2    3    2    1       816  -12    3   -2   12   17   -6   -3   -1  -11  -11   -8   -3    1   14  -11   -1    2  -16
    2    1   17    3    3    2    3    1       802    2   14   13   -2    8    5    0    2   -7  -12  -14    2  -13   -9    1    7    4   16
    2    1   18    1    3   44    3    1      1054    3   11   13   -4    7    4   -6   -5  -15  -21  -15    2  -11   -8    1    9   -3   13
    2    1   19    1    1   31    2    0      1414   -8    8  -11  -13   12   10   19  -13   -3   16   11    8    6    5    4   12    1    9
    2    1   20    4    3    1    3    1      1161    5   14   19    3   13    2   -2   -3   -7  -14  -10    0  -10   -8    2    7    1   16
    2    1   21    1    2   40    1    0      1472  -14    3   -1   13   15   -4    6    7  -11  -10  -17    2    4   11  -14   -2    2  -15
    2    1   22    1    2   51    2    1       929  -14    4   -9    3   20   -3   -8    1  -10   -7  -15   -8    3   11  -12   -3    0  -12
    2    1   23    1    1   69    1    1      4041  -16    9  -13  -11   12   11   24   -2   -1   10    7   -1    6    4    5   12    2    8
    2    1   24    4    1    5    2    0       900   -7    9   -9  -12   15   11   14   -6   -1   10    3    3    9    6    5   13    2   10
    2    1   25    1    1   58    1    1       828   -7    9  -12  -11   15   14   21  -18   -1   10   11    1   11    4    5   14   -1    4
    2    1   26    5    1    2    2    0       933   -5    5  -12  -13   11   16   10  -14    0   10    8   -1   12    4    7   18    1    1
    2    1   27    3    2    1    1    0       774  -13    3    0   12   16   -4   -3   -1  -12  -10  -23  -13    2   13  -14   -2    1  -13
    2    1   28    1    2    9    1    0       669  -14    0   -2   14   23    3   -5    0  -13  -10  -13   -7    4   13  -12   -2    4  -13
    2    1   29    4    1    4    2    0      1190   -7    9  -16  -11   24    7   14   -9   -9   19    1   -5   12    6    6   12    3   10
    2    1   30    3    1    5    1    1       731   -9   11  -11  -11   17   15   15  -10    0   10    9    0    7    4    4   13    3    8
    2    1   31    3    2    5    2    1      1299  -13    3    0   12   13   -7   -3   -2  -12  -11  -14   -7    2   13  -14   -1    9   -4
    2    1   32    5    2    5    1    0       923  -12    0    0    9    8  -14   -8   -8  -22  -21  -22   -5   -5   17  -18   -3   12  -18
    2    1   33    5    3    1    3    1       754    6   21   12   -1   11    6    0    2   -4  -18  -16   -3  -12   -4    6    9    1   15
    2    1   34    1    3   28    3    1       951    5   13   11   -1   10    7    1    0   -5   -9  -13    0  -11   -9    1    5    2   16
    2    1   35    4    1    3    2    0      1236   -3    6   -9  -12   18   13   21  -20   -3   10    9   -1    6    5    2   19   -1    5
    2    1   36    1    1   25    1    1       776   -9   10   -9   -7   17   15   16  -12    0   14    4   -1    3   11   15   19    5    8
    2    1   37    3    1    2    2    0       837   -8   10   -7  -13   16   13   15  -10   -2   12    8    1    7    5    6   13    3    7
    2    1   38    5    2    3    1    0       865  -11    7    2    8   24   -2   -4    1  -10  -13  -17   -1   10   12   -6    2    3  -14
    2    1   39    4    3    3    3    1       970    2   13   15   -4    7    5   11   -4   -2  -17  -15    4  -13  -10    2    6    3   15
    2    1   40    5    2    2    2    1      1455  -10    2    4   22   16   -4   -4   -3  -10   -9  -11  -11    7   13   -6   -2    4  -11
    2    1   41    2    2    0    1    0       786  -13    3    0   12   16   -5   -4   -1  -12  -11  -14   -6    2   13  -13   -2    2  -14
    2    1   42    4    2    5    2    1      1015  -15    5   -2   11   15   -5  -12    2   -2   -2  -16   -7    0   13  -13   -3    0  -13
    2    1   43    3    1    3    1    1      4389  -10   10  -11  -12   18   11   15  -10   -2   11    5   -3    7    5    7   13    4    8
    2    1   44    3    2    3    2    1       876  -13    2   -1   11   16   -5   -4   -1  -14   -9  -14   -5    2   13  -13   -2   -1  -19
    2    1   45    5    3    2    3    1      1039   10    8   18   -6    8    4    0    4   -1  -20  -21    9  -12  -10    5    0    2   14
    2    1   46    3    2    4    1    0      1264  -13    2    0   14   15   -4   -4   -1  -12  -11  -14   -6    2   13  -13   -2    2  -14
    2    1   47    3    3    1    3    1       745    2   12   13   -3    6    6    0    2   -7  -13  -14    0  -12  -10    0    5    2   15
    2    1   48    5    1    1    2    0       847   -1   13  -11  -10   16    8   24   -2    0   11   10    2    9    0   10   17   14    4
    2    1   49    3    3    4    3    1       739    3   12   14   -3    9    4    0    2   -7  -12  -13    2  -12  -11    1    7    3   16
    2    1   50    2    3    0    3    1       728    3   12   13   -2    8    5    1    2   -7  -12  -14    2  -12   -9    1    7    2   15
    2    1   51    5    1    5    2    0       895  -10   10   -7  -12   22   14   19   -7    0   11   11   -4   11   10    7   12    0    8
    2    1   52    2    1    0    1    1       840   -8   10  -11  -12   16   13   15  -10   -1   11    9    0    7    5    6   13    4    8
    2    1   53    5    2    1    1    0      2234  -13    4    3    3    9  -15   -6    1  -13  -11  -23  -14    3   14   -7    7   -1   -4
    2    1   54    5    2    4    1    0      1053  -18   -4   -1   11   16   -3   -3    8   -8  -19  -13   -8   -1   19  -16   -3    2  -13
    2    1   55    1    3   72    3    1       785    4   10    9    6    7    5    1    3   -8  -11  -15   -1  -12  -10    6   11    4   16
    2    1   56    1    2   17    2    1       899  -13    4    1   14   17    0   -5   -3  -14  -13  -12   -7    3   12  -12   -3    3  -14
    2    1   57    4    1    2    2    0      4804   -9   10  -13  -11   15   12   16  -10   -1   12    9   -1    5    3    7   13    4    9
    2    1   58    4    3    4    3    1       693    3   13   16    8   15   14    2   -4   -8  -11  -14    7  -12  -10    0    7    0   22
    2    1   59    1    2   63    1    0       933  -15    3    2   12   15   -4   -2    0  -12  -12   -4    1    4   13  -12    0    3  -14
    2    1   60    3    3    3    3    1      1067    4   12   12   -2    6    7    1    2   -8  -13  -15    2  -12   -8   -6   12    1   16
    2    1   61    5    3    3    2    0       914   -7   21   14   -3    7    3    1    3   -7  -11  -13   12  -13   -7    2    9    0   13
    2    1   62    4    1    1    1    1       778   -9    9  -13  -12   16   15   15   -8   -3   11    5   -3    6    4    8   14    4    7
    2    1   63    3    2    2    2    1      1046  -12    4   -1   11   17   -5   -3   -2  -13  -11  -13   -7    3   14  -14   -3    2  -14
