    1    1    1    1    1    4    3    0      3046   13   -4   20    9   16  -11    5   13   15   -5   -2   14   -8   13   12  -11   -6    8
    1    1    2    1    2    5    2    1      3266  -15   12   -3    2   16   18    4   -5  -13   -7   21    0   15  -12    7   -7    2    7
    1    1    3    1    3    4    2    0      2289    4   -1    3    6  -11   13    6  -13    6   13    4    9   -8  -10   -1    6   -3   16
    1    1    4    1    3    3    2    0      3527    7   -1    9   10   -7   14   13  -12    1   23   -7    6  -11  -12   -1    6   -2   16
    1    1    5    1    1    2    2    0      2811    8   -2   12    2   17  -10   16   13   13   -7    5   10   -5   10    8  -10  -11    6
    1    1    6    1    2    2    3    0      5085  -15   15   -7    2    9   17    4   -6  -13  -13   18   -9    6   -9    3   -4    2   11
    1    1    7    1    2    3    3    0      1394  -15   15   -4    1    3   18   13   -1  -13   -9   17   -8   12   -9   -4  -11    1   11
    1    1    8    1    1    5    1    1      1772   12   -3   13    2   16   -9   16   12   14   -5    3   13   -7   13   11   -9   -8   11
    1    1    9    1    2    1    2    1      1255  -15   16  -15   -7   11   18    2   -4  -15  -12   17   -7   10   -8   -6    7    1   12
    1    1   10    1    3    2    2    0      2614    4    2    6   10   -9   14   14  -13    7   16    2    8   -9   -9    0    5   -5   16
    1    1   11    1    1    3    3    0      1519    9   -3   12    5   14   -9   11   11    3    4    2   13   -7   13   17   -1   -8    3
    1    1   12    1    3    1    2    0      1811    4    2    7   10   -8   14   12  -10    9   13   10    1   -7  -11    0    5   -5   16
    1    1   13    1    3    5    3    1      1949    4    0    8   10  -16   20   14  -12    8   16    2    8  -13  -19    1    5   -6   17
    1    1   14    1    2    4    2    1      1472  -13   12   -3    0   13   17    2   -3  -15  -11   14   -5   16   -6    3   -1    3   10
    1    1   15    1    1    1    1    1      1239   11   -4   12    4   14  -10   11   13   12   -6    7    3   -6   13   10  -10  -13   14
    1    2    1    1    3    7    3    1      2582    1   -2    8    7  -11   16    5  -16    9   16   11   13   -6   -9    2    7   -4   17
    1    2    2    1    2    9    2    1      2369  -13   13   -6    0   12   18   -5  -12   -8  -13   16   -8   12   -8    2   -1    1   13
    1    2    3    1    1    7    3    0      2515   10    0    9    4   16  -11   16   10    4   -1    5   13   -7   14    9  -10   -5   11
    1    2    4    1    2    6    2    1      1232  -15   15   -7    3   12   15    6   -6  -12   -7   14   -7   12  -12    1   -3    5    8
    1    2    5    1    2    8    2    1      1104  -12   18  -15    4   13   16    4    1  -14   -9   17   -8   12   -9    2   -4    4   10
    1    2    6    1    2   10    2    1      4357  -22   15   -4    2   12   17    5   -3  -11  -15   14   -2   12  -11   -1   -5    6   17
    1    2    7    1    3    6    3    1       920    5    1    9   10  -14   14   22   -9    5   17    3   12   -9  -11    1    7   -9   13
    1    2    8    1    1    9    1    1      1429    9   -2   14    7   16  -12   15   11   14   -6    2   12   -6   14   12   -5  -11   11
    1    2    9    1    3   10    3    1      4317    6    2    6   10  -11   14   14  -12    7   13    3    8   -9  -13    9   11   -4   16
    1    2   10    1    3    8    3    1       850    5    1    6    9  -11   13   11  -12    6   15    3   12   -8  -12    0    8   -8    5
    1    2   11    1    3    9    3    1       705    3    0   -2   11  -11   13   15   -9   -2    6    3    9   -8  -12    1    6   -7   14
    1    2   12    1    1   10    2    0      2198   12   -1   12    6   16   -9   23   12   12   -4    4   14   -8   14   11   -9  -14    6
    1    2   13    1    2    7    2    1      1760  -16   15  -10    3   10   17    2   -7  -13  -11   14   -7   10   -9   -1    0    3   11
    1    2   14    1    1    6    3    0      1563    9    6   10    3   15   -8   20    4   14   -6    2   14   -4   14    9  -14   -8    9
    1    2   15    1    1    8    3    0      5901   14  -10   13    6   16   -9   14   14   12   -6    3   11   -6   11   11   -4   -7    8
    1    3    1    1    3   13    3    1      1603    4    1    7    7   -8   14   14  -11    8   14    3    8   -8  -16    8    0   -5   14
    1    3    2    1    3   15    3    1       916    7    1    8   10  -12   16   11  -10    7   17   -3    8   -8  -19    2    6   -5   12
    1    3    3    1    3   12    3    1       881    6    0    6    8   -9   14   15  -13    6   15    3    8   -5  -14    1    7   -6   13
    1    3    4    1    2   14    2    1      2207  -14   14   -5    3    9   16    3   -6  -14  -10   14  -10   12  -11    1   -2    4    9
    1    3    5    1    1   15    3    0      2744   12   -4   10    4   15   -9    6    5   16   -1    2   13   -8   12   19  -16  -10    8
    1    3    6    1    3   14    3    1       796    4    0   -1    4  -11   14   15  -13    7   16    3   11   -7  -13    1    6   -6   16
    1    3    7    1    1   11    3    0      1390   11  -11   10    6   15   -9   23   19   11   -6    4   11   -5   10    2   -4   -8    9
    1    3    8    1    1   14    2    0      1208   12   -1   11    2   14  -10   15   11    4   -3    3   11   -5   11   19   -7   -6    5
    1    3    9    1    2   13    2    1      1625  -14   16   -5    1   12   15    7    0  -13   -9   16   -6    6  -13   -6  -10    2   11
    1    3   10    1    3   11    3    1      1066    6    2    8    9   -9   15   14  -12    5   17   -3   13   -8  -10    0    4   -7   17
    1    3   11    1    1   13    3    0       960   13   -3   12    9   15  -10   13   13   15   -5    2   10   -7   12   13  -12   -9   10
    1    3   12    1    1   12    3    0      2828   12   -2   16    6    6  -17   13   11   15   -5    4   12  -10   18   19  -15   -7   10
    1    3   13    1    2   12    2    1       892  -13   12   -6    1   13   16    5   -1  -14   -9   14   -9   15   -2    1   -2    2   11
    1    3   14    1    2   15    1    0      2298  -16   15   -4    3    8   15    3   -6  -17  -10   17   -8    1  -20    5    2    4   11
    1    3   15    1    2   11    2    1      6543  -16   12   -3    2   11   17    3   -7  -15  -10   14   -7   11  -11    1   -3    2   13
    1    4    1    1    3   20    3    1      1179    5   -1    9   10  -10   13   10  -11    6   15    2    9   -8  -13    0    7   -6   16
    1    4    2    1    2   19    2    1      5422  -15   15   -6    1   10   16    5   -4  -15  -11    6    1   12   -6    2   -1   -2   10
    1    4    3    1    3   18    3    1       951    3    2    8   19   -9   16   14  -16    7    9    4   10  -10  -11    1    6   -4   14
    1    4    4    1    1   20    3    0      2242    7    7   12    4   17  -10   14   13   19   -3    2   12   -5   11   10   -9   -7   12
    1    4    5    1    2   20    1    0      3034  -12   10   -6    2   10   17    2   -4   -4  -15   16   -8   10  -10    3   -1    6    2
    1    4    6    1    2   17    2    1      1058  -15   13   -5   -1    4    7    5   -7  -15   -9   17   -8   13   -9    4   -2    1   14
    1    4    7    1    1   16    3    0       809   11   -4    6    9   15   -9    7   11   14   -6    1   15   -7   10    8   -8   -9   11
    1    4    8    1    3   16    3    1      1674    8   -2   10    7  -10    5    6  -16    7   17    4    2  -10   -8   -6   11   -6   15
    1    4    9    1    2   16    2    1      1017  -19    5   -9    2   12   16    2   -7  -14   -9   16   -8   13  -12    4   -1    1   13
    1    4   10    1    2   18    2    1      1154  -18   11   -6    3   10   18    5   -3  -12  -10   17   -9   11  -11    3   -4    4    9
    1    4   11    1    1   19    1    1      3893   11  -11   13    2   16   -9   16   12   11   -5    3   13  -11   10    4   -3   -7   11
    1    4   12    1    1   17    1    1      1867    3    6   15    0   17   -9   21   14   14   -6    1    9   -8   13   11   -9   -9   10
    1    4   13    1    3   19    3    1      2193   -2   -7    6    7   -5   24   12  -13    7   14    2    9   -7  -12   10    1   -4   16
    1    4   14    1    1   18    3    0      1083   10   -3   13    4   14  -12   15   16   12   -4    5   11   -9   15   11   -6   -4    5
    1    4   15    1    3   17    3    1       929    5    1    8    9  -10   13    4  -17    7   14   -8   19   -7  -11   -1    4   -5   14
    1    5    1    1    1   22    1    1      1102   12   -2   12    4   15  -10   14   13    7   -9    4   12   -7   13   11   -6   -6   11
    1    5    2    1    1   24    1    1       787    8   -6   10    3   16  -12    6    8    9  -10    2   13   -7   13   15   -7  -10    8
    1    5    3    1    2   24    2    1      1589  -15    4   -4    1   11   14    2   -7  -12  -10   11   -5   20   -7    0   -2   -1   10
    1    5    4    1    3   24    3    1       599    4   -1    7   10   -8   15   11  -12    8   16    4   11   -7  -11    1    2   -6   16
    1    5    5    1    3   25    2    0      1696    3    2    8   10  -15    5   13   -6    8   14    2    9   -8  -13   -1    4   -6   16
    1    5    6    1    2   23    2    1      3949  -14   14   -5    4   12   15    2   -4  -10  -14   15   -6   16  -10    1   -2    3   14
    1    5    7    1    2   21    2    1      1185  -16   13   -6    2   10   16   -1   -1  -12  -11   16   -8   12  -10    3   -3    1   12
    1    5    8    1    3   23    3    1       883    3    1    8   13  -10   13   12  -11    9   15   -8   18   -6  -12    0    2   -4   16
    1    5    9    1    3   22    3    1      1536    6   -1    7   10   -2    6   14  -12    9   13    3   10   -6  -12   -6   -1   -4   14
    1    5   10    1    3   21    3    1      1701    3   -1    6   11  -20    9   19  -20    6   14    1   12  -10   -7   -7    0   -6   15
    1    5   11    1    1   21    1    1      1602    7   -1   12    4   15  -10   14   12   14   -6    3   13   -2   17    9   -7   -9   11
    1    5   12    1    1   23    1    1      2323    4    3   21    0   16  -11   17    3   16   -4    5   11   -3   12   13  -11   -9   10
    1    5   13    1    2   25    2    1       968   -5    9   -6    3   11   17    1   -3  -14   -9   15   -6   12   -8    0   -1   -5   16
    1    5   14    1    1   25    3    0       899   12   -6   13    3   18   -9   14   14   11   -2    4   12   -7   13    5  -14   -8   11
    1    5   15    1    2   22    2    1       816  -15    5   -5    6   16   17    4   -7  -15  -11   14   -7   10   -6    4   -2    3    4
    1    6    1    1    1   27    1    1      1808   12   -4   13   10   21  -11   17    7   14   -6    2   11   -5   10   10   -9   -9    4
    1    6    2    1    1   28    1    1      1225   15    0   12    3   15   -9   15   11   22   -3    2   12   -6    3   15  -13   -9   10
    1    6    3    1    1   30    1    1      2410    8   -6    8    4   18  -10   17    7   13   -6   -7    4   -5   19   10   -5   -9   11
    1    6    4    1    3   27    3    1      1916    6    0    6    7   -9   14   12  -10    5   19    3    8   -7  -12   -1    7    0   17
    1    6    5    1    3   29    3    1      1280    6    0    5    8   -9   13   11  -13    6   17   -6    8   -8  -14    1    7   -6   15
    1    6    6    1    2   27    2    1      1966  -15   15   -5    1   12   16    4   -4  -13   -9    7   -8    1  -15    1   -4    1   13
    1    6    7    1    2   30    2    1      1361  -24   22   -4    1   10   15    1   -3  -13  -11   17   -6   11   -9   -3   -6    7    9
    1    6    8    1    3   28    3    1      5740    6   -1    7   10  -10   15   12  -10    8   14    0    9  -10  -12    2    7  -14   18
    1    6    9    1    1   26    1    1      2296   21    2   10    3   16   -5   20   12   13   -6    0   22   -8   12   14   -9   -6    6
    1    6   10    1    2   29    2    1      1550  -16   13   -3    2   11   15    3   -4  -10   -6   17   -8   15  -14    1   -2    1    8
    1    6   11    1    1   29    1    1      4289   12   -2    9    4   15   -8   15   11   13  -10    4   13   -3   16    9   -8  -10   10
    1    6   12    1    2   26    2    1       727  -14   14   -4    1    9   17    5   -4   -9  -14   16   -8   11  -11    0   -3    2   13
    1    6   13    1    3   26    3    1       732    0   -3    0    8   -9   14   14  -13    5   17   -2   13   -6  -13   -1    6   -4   14
    1    6   14    1    2   28    2    1      1920  -16   15   -3    1   21   15    2   -4  -14  -10   15   -8    9   -8    0   -3   12   21
    1    6   15    1    3   30    3    1      2420    6   -6    0    0  -12   15   17   -8    8   13    3    9  -15   -9    2   11   -3   24
    1    7    1    1    1   32    1    1       997   12   -4   12    6   17   -8   14   12   14   -6    1   14    4   17    9   -9   -1    1
    1    7    2    1    3   33    3    1       974    7    0    5    4   -9   14   11  -11    7   14    3   10   -7  -12   -1    6   -5   16
    1    7    3    1    2   32    2    1       729  -18   19   -5    0   12   11    4   -6  -15   -8   15  -13   15   -2    2   -5   11   16
    1    7    4    1    2   33    2    1       925  -13   14   -5    1   19    7    2   -5  -17   -7   11    3    9  -10    5   -8    4   12
    1    7    5    1    1   31    1    1       890   13   -4   12    6   14  -11   14   13   14   -6    3   13   -8   16   11   -7   -1   14
    1    7    6    1    1   33    1    1       936    6   -2   10    2   17   -9   13   10   14   -3   -1   16   -8   14    9   -8   -9    9
    1    7    7    1    2   34    2    1       756  -13   12   -7    1    7   14    1   -4  -14  -10   15   -6   11  -11    3   -1   -3   15
    1    7    8    1    3   35    3    1       775    3    0    5   11  -10   13   11  -11    5   14   -8   17   -9   -9    1    5   -5   14
    1    7    9    1    3   32    3    1      1034    6   -1    7    8   -7   18   11  -12    8   14    1    9   -8  -12    0    7   -5   14
    1    7   10    1    1   35    1    1      3490   13   -2    9    8   15   -8   15   13   12   -4    1   13   -7   11    9   -8  -13   10
    1    7   11    1    2   31    2    1       632   -5   14   -4    3    9   17    2   -8  -14   -9   10   -7   12  -10   11    3    3   10
    1    7   12    1    3   31    3    1       879    5   -1    6   10  -11   14   12   -9    8   17    4    9   -8  -10   -2    7   -5   16
    1    7   13    1    3   34    3    1      1582    6    0   -1    9  -10   13   13  -12    5   16    1   11   -7  -10    1    6   -6   16
    1    7   14    1    1   34    1    1       911    9   -1   10    4   17  -12   17   13    9   -6    4   11   -4   10   11   -9   -7   11
    1    7   15    1    2   35    2    1       589  -16   16   -4    4   10   16    4   -5  -12  -10   16  -15   15   -5    1   -2    0   10
    1    8    1    1    1   39    1    1      2391    9  -12   12   -2   15   -3   16   12   12   -5    1   10   -7    9    9   -7  -13    2
    1    8    2    1    2   36    2    1      1049  -15   13   -6    3   13   17   -1  -10  -10   -6   16   -7   10   -9    6   -5    2   11
    1    8    3    1    1   37    1    1       896    1   -7   12    2   14  -10   17   13   14   -6    3   10   -4   12    9   -8   -6   10
    1    8    4    1    3   36    1    0      2862    4    1   15    4  -12   16   12  -11    7   16    4    9   -4   -3   -1    4   -6   15
    1    8    5    1    1   40    3    0      1405   13   -2   18    4   17  -10   16   11   18   -1    2   12   -7   13    9   -7   -6    8
    1    8    6    1    2   38    2    1      1127  -17   15   -4    2   12   14    2   -3  -13  -11   15   -6   11  -12    1    1    1   13
    1    8    7    1    3   38    3    1       571    4    2    8   10   -5    9   13   -9    6   15    2   11   -8  -13   -2    8   -7   20
    1    8    8    1    1   38    1    1       774    8   -4   16    9   14  -10   14   12   12   -5    2   11   -6   13   11   -9   -9   10
    1    8    9    1    1   36    1    1       792   13   -2   10    4   17  -10   14   13   15   -5    6   14  -13   18    8   -4   -7    9
    1    8   10    1    3   37    1    0      2602    1   -9    8   11  -10   12   12  -11    8   16    5    5   -9   -9    0    7  -10   17
    1    8   11    1    2   40    2    1       819  -16   10   -7    3   12   16    2   -7  -13   -9   15   -5   19  -13    0   -1    2   13
    1    8   12    1    3   39    3    1       804   14    7    9   10  -11   16   14  -12    7   13   -3   13   -8  -13   -2    6   -7   17
    1    8   13    1    3   40    3    1      1701    0   -4    6   10  -11   15   14  -12   13   20    0   11   -8  -12    2    6   -6   15
    1    8   14    1    2   37    2    1      2387  -13   12   -9   -2   10   16   13   -3  -11   -9   15   -8    4   -4    2   -5    1   12
    1    8   15    1    2   39    2    1       796  -16   15   -7    4   12   16   -3   -1  -12   -8   14   -7    9   -9   -3   -9   -1   11
    1    9    1    1    3   42    3    1      1126    5   -2    8   10  -10   12   11   -9   10   15    1   10  -10  -10    4    6   -6   13
    1    9    2    1    2   43    2    1       667  -14   15   -6    2   10   16    3   -7  -21  -14    6   -5   13  -10    2   -2    1   12
    1    9    3    1    1   43    1    1       657   11   -4   12    5   17  -11   15   13   10  -10    2   14   -7   13   10   -7  -11   10
    1    9    4    1    3   44    1    0      2601    7   -1    7   10   -9   15    5  -10    7   16   -1    0   -7  -11    1    8   -7   16
    1    9    5    1    1   42    1    1       690    9   -3   13    3   14  -11   15   10   19    0    4   11   -7   12   10   -6    1   14
    1    9    6    1    2   44    2    1       935  -16   14  -10    1   13   16    3   -3  -10  -14   12    1   10   -8   -8  -12    9    3
    1    9    7    1    1   45    1    1       771   12   -3    9    3   16  -20   14   12    6  -15    2   13   -8   12   10  -13   -5   13
    1    9    8    1    2   41    2    1       677  -13   12    1    1   12   13   12   -8  -14  -10   15   -5   13  -10   12  -13    3   11
    1    9    9    1    1   44    1    1       940   11  -10   14    6   18  -10   14   10   15   -7    2   12   -4   12    9   -6   -8    9
    1    9   10    1    3   41    3    1       856    6   -1    5    7   -9   14   12  -11    7   13    1   12   -8  -12    3   -3   -3   14
    1    9   11    1    3   43    3    1       583    0    4    7    8   -9   14   12  -12    6   17    2   11   -7  -12    0    8   -5   14
    1    9   12    1    2   42    2    1       721  -13   15   -6    3   10   15   -4   -5  -11  -11   17   -7   12  -11    1   -3    5   17
    1    9   13    1    1   41    1    1       726   11   -4   10    6   18   -8   15   14   13   -6    2   14   -7   12   10  -10   -8    8
    1    9   14    1    3   45    1    0      1051   -4   -4    8    9  -10   15   14   -2    8   13    4   11   -9  -11   -1    7   -2   18
    1    9   15    1    2   45    2    1       562  -23    6   -3    4   11   18    5   -4  -11   -9   15   -6    9  -10   -2   -5    0   11
    1   10    1    1    3   48    3    1       781    4    0   12   15   -8   13   13  -10    2    7    4   11   -9  -10    0    4   -7   20
    1   10    2    1    1   49    1    1      1135   10   -5   10    5   14   -9   14   13   17   -4    1   12   -5   10    9   -7   -8   11
    1   10    3    1    1   46    1    1       787    2  -12   12    3   16  -11   12    9   20   -7    1   13   -5   17   11  -10   -8   14
    1   10    4    1    1   48    2    0      1157    9   -4   11    5   20  -13   14   14   12   -5    5   12   -4   12   12   -9  -16    4
    1   10    5    1    2   46    2    1      1177  -15   13   -7    3   11   20   -6    5   -8  -13   14   -6   11  -14   -2   -7    1   10
    1   10    6    1    2   50    2    1      1627  -14   14   -4    1   12   18    5   -3  -11  -11   14   -6   11   -9    4   -5    2   14
    1   10    7    1    1   47    1    1      1452    9   -1   11    5   18  -10   11    8   12  -10    6   10   -7   11   11   -2   -4    4
    1   10    8    1    3   49    3    1      3282    6    0    7    8  -11   13   12  -13    6   14    4   11   -5  -10   -2    6   -6   15
    1   10    9    1    3   50    3    1       848   10    2    7   10  -10   13   12  -13    8   14    1    2   -7  -13    1    5   -3   15
    1   10   10    1    1   50    1    1      1439    2   -6   10    6   15  -10   16   11   14   -4   -4    5   -3   15    9   -6   -9   12
    1   10   11    1    3   46    3    1       935    4    2    9   10   -9   14   13  -12    9   17    0   12   -5   -9   -4    7   -7   17
    1   10   12    1    3   47    3    1       707    4    0    6   11  -15   16   11   -9    7   16    3    9   -8  -12    6   14   -4   17
    1   10   13    1    2   48    2    1       745  -16   12   -5    0   11   15    4   -7  -14   -9   14   -8   14   -2    7   -2    8    6
    1   10   14    1    2   49    2    1       813  -16   15   -4    3   13   14    4   -5  -13  -11   16   -7    8   -9    0   -4    3   10
    1   10   15    1    2   47    2    1       749  -17   15   -4    4   15   11    3   -6  -13   -8   15  -11   10  -11    1   -3    1   13
    1   11    1    1    2   53    2    1       673  -14   13   -3    7   10   16    4   -4  -13  -11   15   -6   12  -10    1   -2    3   11
    1   11    2    1    1   55    1    1       967   10   -2   13    2   18  -10   10   21   16   -8    0   13   -5   12    9   -8   -7    8
    1   11    3    1    2   54    2    1      2818  -11   14   -6    5    5   18    1   -6  -11   -8   13   -9   11   -6    1   -2   -2   15
    1   11    4    1    1   54    1    1       690    1   -8    1    8   17   -8    7   22   12   -6    4   12   -8   14   12  -10  -10   11
    1   11    5    1    1   52    1    1      2120   14   -1    9    6   14  -12   16   14   13   -6    6    9   -6   11    5   -5  -10   11
    1   11    6    1    2   55    2    1       789  -16   15   -5    3   12   16   -2   -8  -18   -7   14   -9   12  -11    1   -1    0   10
    1   11    7    1    3   51    3    1       839    6    3    9   11  -13   19   11  -10    9   14    4   10   -9  -11    0    5   -4   16
    1   11    8    1    2   52    2    1       759  -17   14   -5    3   12   16    2   -8  -18   -9   13   -5   10   -9    3   -4    3   10
    1   11    9    1    1   51    1    1       730   10   -3   12    4   13  -12   15   13   14   -6    3   16   -6   11    6   -5  -11   15
    1   11   10    1    3   55    3    1       766    7    2   13    0   -9   13   15   -7    5   10   -1   13   -9  -10    0    8   -6   16
    1   11   11    1    2   51    2    1       769  -15   16   -5    3    4   12    2  -12  -13  -11   19   -2   11  -15    2   -4    1    6
    1   11   12    1    3   53    3    1       708    3    2    7   10  -12   15   11  -12    8   15    1   12   -8   -8    1    7   -1   17
    1   11   13    1    3   52    3    1      1544    4    0    1   16   -9    6   10  -12   12    5   -3   11  -10  -13    2    6   -2   20
    1   11   14    1    3   54    3    1       829   -5    5    8    9   -8   14    7  -12    8   16    4   10   -7  -12   -1    8   -6   16
    1   11   15    1    1   53    1    1      2349   13   -4   12    3   22  -13   17   12   12   -9    8    9   -7   14    9   -8   -9   11
    1   12    1    1    3   59    3    1       688    5   -1    5   11  -11   15   14  -11    9   12    3    8  -10  -12    4    1   -6   15
    1   12    2    1    1   60    3    0      1542   11   -2   12    2   15  -17   10   16   12   -5    6   15   -4    4    7  -13  -13   14
    1   12    3    1    2   59    2    1      1354  -15   15   -6    3   12   15    2   -7  -13   -9   13   -8    9   -8   -2    2    3   12
    1   12    4    1    2   56    2    1       694  -17   13   -3    2   11   15    4   -6  -14  -11   14   -6   11   -9    1   -3    2    7
    1   12    5    1    3   60    3    1       747   13   10    6    8  -10   13   19   -2   -2    8    3   10  -10  -10    2    6   -5   16
    1   12    6    1    2   58    2    1      1343  -14   13   -4    4   11   15    3   -6  -12  -11   15   -5   11   -9    3   -1    1   13
    1   12    7    1    1   59    1    1      1003   11   -1    9    2   16   -9   19    7   12   -5    1   13   -3   17    8   -9  -10   10
    1   12    8    1    3   58    3    1       708   13   -8   14   18   -9   16   14  -11    3   19    1   11   -9  -10   -2    8   -5   14
    1   12    9    1    1   58    1    1       954    9   -5   19   -1   16  -12   15   10    3  -11    4   10   -2   16    9  -10  -12    1
    1   12   10    1    1   57    1    1      1061    9   -4   13    4   16   -9   15   11   13   -6    4   11   -5   11    9   -9  -12   13
    1   12   11    1    3   56    3    1       684    5    7    4    1   -8   13   14  -11    7   14    2    9  -10   -9   -4    7   -5   16
    1   12   12    1    1   56    1    1       658    1    6    9    1   15   -9   15   13    7   -5    3   14   -4   13   10   -9  -10    8
    1   12   13    1    2   60    2    1       569  -19   16   -5   -1   16   18    3   -4  -13   -9   19  -17   10   -8    4    1    1   14
    1   12   14    1    3   57    3    1       612    6    2    6    8  -10   15   18  -12    5   16    0   11   -8  -10    0    7   -5   14
    1   12   15    1    2   57    1    0      1517  -16   12   -7    1    9   15    2   -5  -18   -1   13   -5    3  -11    4   -2    2   11
    1   13    1    1    1   61    1    1       786   10   -3    9    4   11   -8   16   11   13   -3    3   13   -4   10    9  -10  -15   18
    1   13    2    1    1   65    3    0      6276    8   -1   10    7   18  -20   19    2   18    4    1   11   -6   11   12   -7   -9   10
    1   13    3    1    2   61    2    1       650  -14   13   -6    3   12   14    9   -1  -12  -10   14   -7   10   -9    2   -5    0   16
    1   13    4    1    2   62    2    1      1170  -16   13   -6   -2   11   18    1   -3  -12   -8   16   -5    8   -7    3   -2    4   11
    1   13    5    1    1   63    3    0      1268   13    2   13    5   14  -11   14   12   15   -7    3   11  -10   16   11  -10   -7    9
    1   13    6    1    3   62    3    1       579   -1    3    5    8   -9   15   12  -10    7   14    0   12   -8  -12   -9    4   -6   15
    1   13    7    1    2   65    2    1       781  -17   16   -4    1    9   12   -6    5  -13  -12   13   -6    7   -8    3   -3    1   13
    1   13    8    1    2   63    2    1      1535   -6   22   -5    3   12   16    2   -5  -15   -8   16   -8   10  -10   -1    0    4    6
    1   13    9    1    3   63    3    1       900    3    0    7   10   -5   16    5  -21    8   20    0    9  -11  -14    1    5   -8   22
    1   13   10    1    1   62    1    1      2145    7   -4   11    3   15   -9   16   11   20   -8    2   14   -7   12    9   -8  -10    9
    1   13   11    1    3   61    3    1       813    4    1   11   17  -11   14   11  -11    9   14    0   12   -4  -11   -3    4    0   17
    1   13   12    1    3   64    3    1      3374    4   -1    6   11   -9   14   16   -9    9   16    9   11  -17  -16    2    4   -1   11
    1   13   13    1    2   64    2    1       840  -13   16   -6    1   11   14    4   -7  -12  -14   16   -7   13  -12    3   -2    2   11
    1   13   14    1    3   65    3    1      6969   -1    3    7   10  -10   15   13  -10    8   14    1   11   -8  -12    3    4   -3   15
    1   13   15    1    1   64    1    1      2851   12   -9    1   12   14   -3   16   13    5   -6    3   11  -14    6    8   -9   -9   10
    1   14    1    1    1   66    1    1      3138   14    0   12    3   16   -9   15   11   21    4    2   14   -5   10   10   -6  -10    9
    1   14    2    1    1   69    1    1       822   12   -1    4   -3   17  -10   18   22   14   -6    4   10   -5   13   11   -9  -10   12
    1   14    3    1    1   68    1    1       759   13   -2   12    5   17   -8   14   10   13   -6    3   11  -16    5    9   -6   -4    4
    1   14    4    1    3   67    3    1       714    6   -1    7    8  -10   13   15  -11    8   16    1    9   -9  -17    1    5   -5   16
    1   14    5    1    2   70    1    0      1439   -6   13   -3    6   11   17    2   -8  -12  -11   13   -6   11  -11    1   -3    1   12
    1   14    6    1    3   68    3    1       950    7    0    5    9   -9   13   12  -11    7   16    2   11   -8  -10    1    7  -12   16
    1   14    7    1    3   70    1    0      4546    6   -1   12    5  -10   15   12  -10    6   15    1   10    2   -4    1    6   -4   14
    1   14    8    1    2   67    2    1       798  -17   16   -7    0   10   17   -1   -7  -14   -9   13   -7    9  -11    3   -4   -2    9
    1   14    9    1    1   67    1    1       863   15    0    9    4   16  -11   14   13   13   -7    3   13   -4   11   11   -9   -6    9
    1   14   10    1    2   66    2    1       766  -15   13   -6    3   13   14    8   -4  -13  -11   14   -5   12  -11    2   -7    3   12
    1   14   11    1    3   69    3    1       832   14   -9    7   10  -10   15   18   -2    7   16    4   12   -8  -12    0    5   -3   15
    1   14   12    1    1   70    1    1      1264   10   -1   11    3   16  -11   16   12   14   -6    2   12   -5   12   18   -7   -6    8
    1   14   13    1    2   68    2    1       671  -13   14   -6    4    6   21    5   -3  -13  -14   15  -14   15   -7    1   -3   10   10
    1   14   14    1    2   69    2    1       726  -15   16   -4    2   11   15    4   -5  -14   -9   15   -8   12  -10    0   -4    3   13
    1   14   15    1    3   66    3    1      1162   10   -1    2    2  -11   15   11   -9   11    6    1   10  -11   -9    1    5   -4   15
    1   15    1    1    3   71    3    1       653    7   -2    8    8  -11   15   13  -12    8   16    1   10  -10  -12    0    5   -4   15
    1   15    2    1    2   75    2    1      1029  -16   14   -5    3   15   13    1   -3  -11  -10    5   -6    9  -11   -2   -2   11    3
    1   15    3    1    1   72    2    0      6717   13   -3    1   -4   16   -9   14   12   11    2    4   12   -7   12    4   -9  -15    7
    1   15    4    1    2   73    2    1      1026  -16   14   -4    2   10   17    2   -5  -11  -11   14   -6   13  -12    2   -2    6   14
    1   15    5    1    3   74    3    1       858    4   -2    6    9  -11   23    9  -12    6   16    1   11   -6   -9    0    7   -6   14
    1   15    6    1    2   74    2    1      1482  -13   15   -3    1   11   11    1   -6  -12   -8   15   -8   16  -13    2   -4    4   13
    1   15    7    1    3   73    3    1       832    5    4    8   10  -11   14   13  -12    6   14    0    9   -7  -12    1    7   -4   14
    1   15    8    1    1   73    1    1      1808   10   -4   13    2   17  -10   15   13   14   -7    4   14   -1    8   10   -7   -7   11
    1   15    9    1    2   72    2    1      1561  -14    7   -5    1    7   15    8   -2  -12  -10   17   -2   13  -10    0   -3   -2   14
    1   15   10    1    3   75    3    1       620    0   -1   12    7   -9   15   11   -9    9   15    3    9   -8  -12    1    7   -6   15
    1   15   11    1    2   71    2    1      1637  -15   13   -5    4   12   15    3  -10   -7  -18   13   -5    7  -15    1   -5    2   14
    1   15   12    1    1   74    1    1      1397   11   -2    3    3   16  -12   16   14   15   -3    2   12   -5   13    9   -9   -8    9
    1   15   13    1    1   75    1    1       558   11   -1    6    2   16  -12   20   12   12   -4    3   14  -16   20   12   -8   -7    8
    1   15   14    1    3   72    3    1      1145    4    2    7   19  -11   14   13  -15    9   15    9   11   -6   -4   -1    5   -7   16
    1   15   15    1    1   71    1    1       653   10   -2    9    6   17  -11   14   12    4   -7    1   14   -5   13    9   -8   -9    9
    2    1    1    4    3    3    1    0      5356    5    1    5   11  -11   12   14   -9    9   17    3    9    1  -21   -6    2   -3   13
    2    1    2    1    3   23    1    1       935    3    1    8   13  -10   13   12  -11    9   15   -8   18   -6  -12    0    2   -4   16
    2    1    3    2    1    0    1    0      1171   11   -3   11    4   16  -10   15   12   13   -5    3   12   -6   12   10   -8   -8   10
    2    1    4    1    1   62    1    1       853    7   -4   11    3   15   -9   16   11   20   -8    2   14   -7   12    9   -8  -10    9
    2    1    5    1    3    9    1    1      2405    3    0   -2   11  -11   13   15   -9   -2    6    3    9   -8  -12    1    6   -7   14
    2    1    6    4    2    1    1    0      2598  -20   18   -6    2    9   18    6   -4  -14  -10   15   -6   18   -6    0    2    3   12
    2    1    7    1    2   56    1    1      1967  -17   13   -3    2   11   15    4   -6  -14  -11   14   -6   11   -9    1   -3    2    7
    2    1    8    6    0    0    2    1      6722   10   -5   12    2    3   10   12   16   -4  -16   -1    2    5   -2  -13   10  -19   11
    2    1    9    4    3    4    1    0       743    4    2    5    8   -9   14   12  -10    9   14   -4   18   -9  -11    0    7   -3   15
    2    1   10    1    3   47    1    1       907    4    0    6   11  -15   16   11   -9    7   16    3    9   -8  -12    6   14   -4   17
    2    1   11    4    1    1    1    0      1512    3   -2   10    5   15  -10   17   12   13   -3    5    8   -5   14   10   -7   -9    9
    2    1   12    6    0    0    2    1      5917    8   -2   10    4    5    8    4   22    0  -15    1    4   13    4  -12    7  -14    3
    2    1   13    6    0    0    2    1      4673   20   13  -10   -5  -16   -4    9    2    3   13   13  -14   19   16   11   15   -1   14
    2    1   14    2    3    0    1    0      1912    5    0    7    9  -10   14   13  -11    7   15    2   10   -8  -11    0    6   -5   15
    2    1   15    1    1   54    1    1      4749    1   -8    1    8   17   -8    7   22   12   -6    4   12   -8   14   12  -10  -10   11
    2    1   16    4    1    2    1    0      1457   12   -3   12    3   15   -9   12   10   17  -15    4   13  -16    2    9   -8   -8    8
    2    1   17    4    2    3    1    0      5400  -19   10   -4    1   11   15    4   -5   -8  -18   16   -7    9  -10    2   -2    1   14
    2    1   18    4    2    5    1    0      1777  -14   14   -8    5   16   16    0  -10  -12   -8   14   -7    1   -7    3   -2   -2   14
    2    1   19    4    3    2    1    0      1004    1    3    7   10  -11   16   21  -11    6   16   12    8   -8  -10   -1    7   -3   13
    2    1   20    1    1   15    1    1      2405   12   -4   10    4   15   -9    6    5   16   -1    2   13   -8   12   19  -16  -10    8
    2    1   21    1    1   28    1    1      1286   15    0   12    3   15   -9   15   11   22   -3    2   12   -6    3   15  -13   -9   10
    2    1   22    4    2    4    1    0      2052  -16   13   -7    4    7    9    3   -4  -12   -9   24  -10   15   -5    1   -3    3   11
    2    1   23    4    1    4    1    0      1475   14    0   11    3   15   -8   13   10   12   -4    4   11   -5   13    8  -10   -7   10
    2    1   24    1    2   19    1    1      1961  -15   15   -6    1   10   16    5   -4  -15  -11    6    1   12   -6    2   -1   -2   10
    2    1   25    1    1   41    1    1       875   11   -4   10    6   18   -8   15   14   13   -6    2   14   -7   12   10  -10   -8    8
    2    1   26    4    1    5    1    0       885   16   -8   11    3   18  -11   15   10   14   -5    1   11   -7   13    9   -8   -9   10
    2    1   27    4    3    1    1    0      5337    5   -4    9    9  -13   17   15   -9    6   16    0   11   -6  -11   -1    6   -4   14
    2    1   28    1    2    3    1    1      1429  -15   15   -4    1    3   18   13   -1  -13   -9   17   -8   12   -9   -4  -11    1   11
    2    1   29    2    2    0    1    0      1133  -15   14   -5    2   11   16    3   -5  -13  -10   15   -7   11  -10    2   -3    2   12
    2    1   30    6    0    0    2    1      3633   12    6   10   -8    3    0    4   -8   13   -7  -14   -3   17   -9   -8  -11   -4   16
    2    1   31    4    2    2    1    0      1537  -12   10   -7    1   12   16   -4   -3  -12  -11   19   -6   13  -15    7   -7    4   13
    2    1   32    1    3   66    1    1       789   10   -1    2    2  -11   15   11   -9   11    6    1   10  -11   -9    1    5   -4   15
    2    1   33    4    1    3    1    0       791   19    4   13    4   15  -12   14   12   12   -5    5   11   -3   12   14   -9   -8    9
    2    1   34    6    0    0    1    0      1065   14   -6   -6   -6  -12    2   24   -3    3   12   14  -13    9   14   13   13  -11   21
    2    1   35    6    0    0    2    1      4719   11    8    7  -10    2    0    5    1   14   -6  -11    0   15  -15   -9   -5   -1   13
    2    1   36    1    3   40    1    1      1444    0   -4    6   10  -11   15   14  -12   13   20    0   11   -8  -12    2    6   -6   15
    2    1   37    4    3    5    1    0       940    7   -1    6    8   -8   13   13   -9    7   13    2    9   -8   -9   -1    6   -4   14
    2    1   38    1    2   75    1    1      7992  -16   14   -5    3   15   13    1   -3  -11  -10    5   -6    9  -11   -2   -2   11    3
    2    1   39    1    2   32    1    1      2138  -18   19   -5    0   12   11    4   -6  -15   -8   15  -13   15   -2    2   -5   11   16
