    1    1    1    1    1    1    1    1      3861    8   -2   -1    4   -8    2    5   -2    7   -6   13    8   -2   13   19   17    2    1
    1    1    2    1    1    3    1    1      2754    8    4   -6    7   -7    4   11   -4    5   -3    8   -2   -5   12   10   14    2   -2
    1    1    3    1    1    4    2    0      1654    9    1    7    3   -7   -3   14   -2    4   -4    8   -2   -2   15   11   15    4   -1
    1    1    4    1    3    2    3    1      2645   -8   10  -13  -14  -11   -8   -4   14   -3   -9    4   -6    3    8   -2  -22    8   -7
    1    1    5    1    1    5    2    0      2269    8    2    0    2   -4    2   13   -2    4   -3    6   -1   -7   10   12   14    2    0
    1    1    6    1    1    2    2    0      2052    7    4    2   12   -7    6   14   -4    6   -6    4    1   -2   13   12   16    2    0
    1    1    7    1    3    5    3    1      1635   -6   13  -12  -11  -11   -8   -3   14    1   -4    0   -9    3    7    8  -12    5   -7
    1    1    8    1    3    4    2    0      1667   -9   13  -12  -18  -12   -6   -1   15   -4   -7    2   -9    7   14    6  -15    9   -8
    1    1    9    1    2    5    1    0      1714    7    5    5  -18   -3    6   -8    9   -7   17    2    5   18   18  -12    5  -15   -8
    1    1   10    1    2    3    3    0      3503   12    3   10  -15   -3    6   -7    5   -9   13    1    4   14   14  -12    7  -13   -9
    1    1   11    1    2    4    2    1      4085    8    2   11  -13   -5    6   -6    8  -10   15    5    6   15   14  -13    4  -10  -10
    1    1   12    1    3    3    3    1      1139   -5   11   -9  -10  -10   -7   -4   13   -2   -8    3  -10   -2   11    7  -12    7   -5
    1    1   13    1    2    2    2    1      4215   14   -3    9  -13   -2    6   -4    3  -14   23    5    6   14   14  -13    7  -16   -8
    1    1   14    1    3    1    3    1      3520  -11   14   -4  -14  -12   -6   -2   13   -3   -8    3   -8    6   12    8  -14    8   -7
    1    1   15    1    2    1    2    1      3588    7    1    8  -13   -4    8    1    0  -11   16   -7   15   11    9  -12    5  -14   -9
    1    2    1    1    1    6    1    1      2295    1    8   -1    6    0   -1   15   -7    5   -3   -3   -6   -5   15    9   16    3   -1
    1    2    2    1    2    6    3    0      2893    5    0    9  -14   -1    5   -7    7   -8   15    3    7   13   17  -17    9  -15   -8
    1    2    3    1    3    6    3    1      4491   -8   12  -18   -9  -11   -6   -4   14   -3   -7    4   -7    1    8    6  -13   10   -4
    1    2    4    1    1    9    2    0      1417   16    2   -1    4   -2    2   12   -1    4   -3    9    4   -2   13   10   13    4    1
    1    2    5    1    1    7    2    0      1410    8    5   -2    5  -10    6   10   -4    5   -3   10    2   -4   14    9   16    0   -2
    1    2    6    1    2    9    2    1      1419    7    2   12  -14   -2    9   -7    7   -8   14    5   -4   13   16  -14    5  -14  -10
    1    2    7    1    1   10    1    1      1172    7    1    0    6   -6    5   14   -2    4   -4    6   -1   -4   14   11   15    3    0
    1    2    8    1    2   10    3    0      4855    5    3   11  -15   -4    8   -7    7  -11   16    4    6   21   24  -11    9  -15   -7
    1    2    9    1    1    8    3    0      2902    9    4   -1    5   -6    3   14   -2   -3   -5    7   -1   -4   15    9   15    3    0
    1    2   10    1    3    7    2    0      2660   -6   12  -12  -15  -16   -8   -2   12   -4   -7   12  -11    2    8    2  -10    7   -2
    1    2   11    1    2    8    1    0      1947   -3   -5   10  -15    1    5   -5    9  -10   15    3    1   12   17  -13    6  -15   -8
    1    2   12    1    2    7    3    0      7967    6    2   19  -20   -1    8   -6    9   -6   20    1    5   12   16  -14    7  -14  -12
    1    2   13    1    3    8    3    1      3074   -5   11  -21   -6   -9   -9   -2   12   -3   -9    3   -7    3    8    6  -14   11   -4
    1    2   14    1    3   10    3    1      1481    4    4  -12  -14  -12   -7   -5   13   -5  -10    0  -10    3    7    6  -15   11   -6
    1    2   15    1    3    9    2    0      2240   -5   11  -13  -11  -10   -6   -5   18   -4   -6    4   -7   -2    5    7  -12    8   -4
    1    3    1    1    1   13    3    0      1704    9    8   -3    4   -6    8   19    0    4   -5    5   -1   -4   16   10   13    3   -2
    1    3    2    1    2   14    2    1      2197    8    5   10  -12   -3    6   -9    8   -9   14    2    6   13   24  -16   12  -19   -5
    1    3    3    1    2   13    2    1      1327    3   11    8  -12   -6   15   -6    9   -5   12    1    6   14   14  -22   15  -14   -9
    1    3    4    1    3   13    3    1      1900   -4   10  -14  -12  -10   -6   -1   19   -3   -9    3   -8    0    4    5  -15    6   -5
    1    3    5    1    1   15    1    1       642    8    1   -3    3   -7    5   17  -10    6    6    7   -1   -4   15   11   15   -4   -8
    1    3    6    1    3   12    1    0      1610   -4   10   -8  -15   -9   -9   -3   14    6  -11    5   -8    3    6    8  -16    6   -6
    1    3    7    1    3   14    3    1       747   -6   12   -9   -4  -12   -6   -5   14   -4   -9    0  -18    1    7    9  -13    7   -7
    1    3    8    1    2   12    2    1       703    9    2   10  -15   -5    5   -7    7   -8   15    4   14   13   17   -3    7  -13   -8
    1    3    9    1    1   11    1    1       565    1   -5    0    3   -8    0   13   -2    6   -4   16   -7   -4   14   10   16   -2    2
    1    3   10    1    1   14    3    0       559    8    2   -1    2   -6    3   13   -2    7   -2    4    1   -3   13    8   13    0   -2
    1    3   11    1    1   12    1    1       891    8    1   -2    6   -5    4   13   -5    6   -4    6   -1  -12   13   17   17    1   -2
    1    3   12    1    3   11    2    0      1145   -4   11  -12  -14  -11   -5   -2   12   -3  -11    3   -7    1    8    9  -12    8   -7
    1    3   13    1    2   11    2    1       637    5    5    9  -13   -2    6   -7    7   -7   17    2    7   14   15  -15    8  -15   -6
    1    3   14    1    3   15    3    1      1284   -6   10  -18   -7  -12   -6   -1   14   -3   -8    2  -10    4    8    6  -13    9   -5
    1    3   15    1    2   15    3    0      1011    8    4    8  -15   -3    8   -8    6   -8   12    1    7   14   13  -12    7  -22   -7
    1    4    1    1    3   17    2    0      1900  -10    8  -15  -12  -17  -17    3   19   -9   -6    3   -9    4   17    7  -13    7   -7
    1    4    2    1    2   19    2    1      4002   14    9    8  -17   -3    9   -6    8  -13   19    3    5   11   21  -12    7  -12   -6
    1    4    3    1    2   20    2    1       867    8    2   11  -12   -2    6   -6   11   -9   14    2    7   13   24  -11    7  -15   -7
    1    4    4    1    2   18    2    1       834    6    2   11  -16   -3    2   -8    7   -8   15    1    4    5   20  -15    6  -12   -9
    1    4    5    1    1   18    1    1       402    8    2   -2    5   -7    5   15   -2    4   -8    5    3   -5   12    9   16    2   -3
    1    4    6    1    2   16    3    0      1123   10    5   15  -12   -3    5   -2    8  -15   13    6    8   14   13  -11    7  -15   -8
    1    4    7    1    2   17    2    1       664    8    5   12  -16   -4    5   -7    9  -11   16    3   11   12   17  -12    7  -12   -8
    1    4    8    1    1   16    1    1       655    6    3    0    2   -4    6   18   -5    8    1    5    1   -4   13   15   17    2   -2
    1    4    9    1    3   20    3    1       903    2   11   -3  -10  -11   -8   -2   12   -4   -7    3   -8    3    6    5  -14    9   -5
    1    4   10    1    3   19    2    0      2340   -4   12  -23   -7  -10   -5  -13   19   -6   -8    5    1    0    9    8  -14    6   -6
    1    4   11    1    3   18    1    0       792   -6   12  -12  -12  -12   -5   -2   13   -3   -8    8  -10    1    8   14  -19    7   -7
    1    4   12    1    1   19    1    1       522    5    5   -3    7   -6    3   11   -5    4   -2    8    1   -2   13    8   17    1  -11
    1    4   13    1    3   16    3    1      2727   -8    6  -13  -14   -9   -9  -12    9   -2   -7    5   -8   -8    9    8  -14    8   -6
    1    4   14    1    1   20    1    1       780   -1    1   -4    5   -5    3   13   -1    4   -5   10   -2   -5   14    9   15    1   -1
    1    4   15    1    1   17    1    1       559    8    1   -1    3   -1    0   14   -3    5   -6   10  -10   -3   13    8   15    3   -1
    1    5    1    1    1   23    2    0       810    6    4    0    8  -15   -2   13   -2    5   -5    4   -1    0   17    9   13    2    0
    1    5    2    1    2   22    2    1      2155    9    1   15  -16   -5   12   -8    9   -5   20    0    8   14   15  -12    9  -11   -5
    1    5    3    1    1   25    1    1      2471    8    3   -1    6  -15    2   12   -1    5   -5    6    2    5   15   12   15    1    4
    1    5    4    1    2   21    3    0       661    6    5   14   -9   -2    7   -6    7   -9   13    1   16   18   14  -11    7  -15   -7
    1    5    5    1    1   21    3    0      1997    6    8   -3    2    4   14   13   -5    1   -6   11    4   -4   13   14   16    0   -1
    1    5    6    1    3   21    3    1       831   -6   10  -18  -15  -10   -6   -2   11   -6   -6    5   -9    2   12    8  -14   10   -1
    1    5    7    1    3   23    3    1       975   -5   10  -14  -12  -12   -8   -1   13   -5  -10    2   -8    0    8    5  -12    7   -7
    1    5    8    1    2   25    2    1       666   11    8   10  -13   -4    8   -8    9   -1    5    5    7   12   15  -14    6  -11   -8
    1    5    9    1    2   24    1    0      1745    9    4   11  -13    0   -3   -5    7  -11   15    4    6   12    6   -2    3  -13   -7
    1    5   10    1    1   24    2    0       749   11    2   -1    4   -3    6   14   -5    4   -3    7   -2    0   16    3    5    1   -1
    1    5   11    1    1   22    1    1       480    7    4   -3    5  -14    0   12   -3    4   -3    7    0   -4   16    9   15    0   -2
    1    5   12    1    3   24    3    1      3295   -7   12  -14  -14  -13   -7   -1   13   -3  -10    0   -9    2    6    9  -16    7   -4
    1    5   13    1    2   23    2    1      1421    8    2    7   -9   -3    6   -5    7  -10   13   12    4   12   15  -14    6  -16   -9
    1    5   14    1    3   22    1    0       646   -7   11  -11  -17  -10   -9   -5   12   -2   -8    3   -9    3    5   11  -16    5   -4
    1    5   15    1    3   25    3    1       654   -8   11  -17  -14  -16   -8   -3   12   -5   -7    1  -10    2    6    8  -14    8   -8
    1    6    1    1    1   29    1    1       853    9    2   -3    4   -5    3   17   -6    6   -3    4    2   -6    8   11   13    3   -2
    1    6    2    1    2   29    2    1      1108    8    2    8  -12   -1    8   -8    8   -7   19   -5   -3   15   16   -6    2  -16   -9
    1    6    3    1    2   30    2    1      1178    8    2   11  -13   -4    9   -7    9   -8   15    2    8   15   16  -14    5  -13   -8
    1    6    4    1    1   27    1    1       573    8   -1   -1    4   -7    4   12   -5   -5   -9    5   -1   -4   16   11   14    1   -2
    1    6    5    1    3   26    3    1       855   -4    9  -15  -13  -10   -8   -4   13    3  -15   -4  -12    1    8    9  -13    6   -6
    1    6    6    1    2   27    2    1       455    5    1    8  -12   -3    8   -6    7  -14   11    4    7   12   15  -14    8  -15   -7
    1    6    7    1    2   28    2    1      1238    7    5    6  -10   -4    7   -7    2  -10   15    5    6   15   15  -10    4  -15   -8
    1    6    8    1    1   30    1    1       454    7    1   -2    6   -5    4    7    6    5   -3    6   -1   -4   13   11   16    2    1
    1    6    9    1    3   30    3    1       693   -8    7  -14  -13  -10   -8   -2   11   -5   -7    3  -12    4    5    7  -15    5   -5
    1    6   10    1    1   28    1    1       604   13    4   -2    3   -2    6   14   -2    6   -5    5    2   -5   14   10   14    3   -3
    1    6   11    1    3   27    3    1      2101   -4   12  -13  -12  -11   -8  -12   23    3  -10    2   -7    6    7    6  -13   -3  -10
    1    6   12    1    3   28    3    1       930   -6   10  -12  -14  -17   -5   -1   12   -3   -3    4   -9    3    2    7  -13    6    1
    1    6   13    1    3   29    3    1       959    4   20  -11  -15  -11   -6   -2   13   -2   -7   14   -4    1    8    8  -15    7   -5
    1    6   14    1    1   26    1    1       442    7    5   -4    5   -4    9   11   -3    3   -4    6    1   -3   12   12   14    1    0
    1    6   15    1    2   26    2    1       474    8    2    8  -12    2    2   -7    9  -10   14    4    6   15   14  -12    5  -13   -8
    1    7    1    1    3   31    2    0      1177   -6   13  -13   -3   -1   -2   -3   12   -6   -8    6  -10    1    7    7  -16    9   -5
    1    7    2    1    3   34    3    1      1004   -8   13  -12  -13   -8    0   -1   13   -3   -9    1  -14    3    8    9  -12    4   -8
    1    7    3    1    1   32    1    1       550    8    5   -1    4   -6    5   12   -4    4   -2    7   -1   -3   15   20   15    1    0
    1    7    4    1    2   31    2    1      2113    7    2   10  -15   -5    7  -11    6  -11   13    2    6   15   15  -10    8  -10   -8
    1    7    5    1    1   33    1    1       542    6    5   -3    4   -7    2   12   -3    4   -6    6    1   -2   13   14   13    3    1
    1    7    6    1    3   35    3    1      1546   -8   13  -12  -14   -7   -6    1   13   -5  -10    2   -8    3    6   17   -7    9   -7
    1    7    7    1    2   35    2    1       670    8    2    8  -14   -4    7   -8    4   -7   14    2    7   15   13  -14   10  -14   -7
    1    7    8    1    2   32    2    1      2053    7    2   11  -11   -2    7   -8   10  -18   24    2    7   11   16   -7    2  -13   -7
    1    7    9    1    2   34    2    1       661   11    5    8  -16   -5    5   -9    7   -8   10    2    7   13   13  -14    6  -16   -8
    1    7   10    1    1   31    1    1       588    8    2   -3    2   -3    7   13   -2    3   -4    5    1   -3   12    6   15    0   -1
    1    7   11    1    2   33    3    0      1334    7    1   12  -13    2    6   -7    6    0   14    5    5    8   19  -15   16  -15  -10
    1    7   12    1    3   32    3    1      1538   -5    9   -9  -16  -10   -9    1   17   -5   -8    3   -8    0    5    5  -14    8    3
    1    7   13    1    3   33    3    1      1286   -5   11  -13  -14  -14   -2    2   15   -4   -6   14  -16    1   11    5  -15   12   -6
    1    7   14    1    1   34    1    1      1572    5    3   -4    4   -6    5   14   -4    4   -4    7    0    0   17    9   15    6  -11
    1    7   15    1    1   35    1    1       999    8    2    6    9   -5    4   12   -5    5   -5    7   -1   -5   19   10   16    0    1
    1    8    1    1    2   36    2    1      1376    7    4   11  -13   -2    6   -8    9  -10   17    2    7   12   13  -14    5  -13  -10
    1    8    2    1    2   37    2    1       795    8    4   12  -12   -4    7   -7   10   -9   14    1    6   12   15  -10    6  -21   -6
    1    8    3    1    1   40    1    1       605    5    4   -6   11   -7    3   14   -1   10    0    5    0   -4   15    9   19    3   -1
    1    8    4    1    1   39    1    1       695    8    2   -1    6   -5    3   15   -5    4   -5    9   -3   -3   13   14   12    5    3
    1    8    5    1    3   37    3    1      1069  -10    5  -17  -18  -11   -3   -2   13   -4  -10    4   -9    0    7    6  -12    6   -6
    1    8    6    1    2   40    2    1      1571    6    4    9  -13   -1   10  -12    1   -9   16    5    6   15   15  -13    9  -19  -17
    1    8    7    1    3   38    3    1       726   -5    9  -11  -14  -10   -7   -4   11   -5   -7    2   -9   -1   11    2  -17    7   -7
    1    8    8    1    3   40    3    1       635   -6   13  -11  -13  -12   -7    6   23   -3  -13    4   -7    4    9    7  -13    7   -4
    1    8    9    1    2   39    2    1      1875    5    4   11  -15   -3    6   -8   10  -19    9    2    8   14   16  -10    5  -11  -15
    1    8   10    1    1   36    1    1       666    8    4    0   -6   -5    5   22    2   -1    4    7   -1   -3   16   11   14    3   -1
    1    8   11    1    1   38    2    0      1136    9    5    7   14   -7    5   18   -3   -1   -5    8    0   -6   18   12   13    1   -1
    1    8   12    1    2   38    3    0      2757    8    2   17  -10   -3    8   -6    9   -8   13    5    4   15   15   -7    2  -15   -7
    1    8   13    1    3   36    3    1      1336  -11    9   -8   -9  -12   -6    2    8   -3   -8   12  -11   -6    9    8  -15    6   -5
    1    8   14    1    1   37    1    1       548    9    6    0   -4   -6    5    8    2    6   -5    5    0   -1   18    8   17    1   -2
    1    8   15    1    3   39    3    1       687   -9   13  -14  -14  -17  -15   -5   15   -4   -9   -1  -13    3    6    7  -15    8   -3
    1    9    1    1    2   43    2    1       981    7    4    9  -15   -4    9   -7    9   -6   15    6    7   14   14  -14    7  -20   -1
    1    9    2    1    3   44    3    1       767   -4    7  -13  -15  -14  -12   -4   11   -3   -9    6   -9   -2    8    6  -14    6   -6
    1    9    3    1    3   41    3    1       754   -7    7  -12  -13  -17   -9   -2   13   -3   -8    5   -6    6   10    7  -12    7   -5
    1    9    4    1    2   45    2    1      2726    8    4    9  -16   -4    6   -6    7   -9   16    4    5   15   16  -10    7  -14   -9
    1    9    5    1    3   42    3    1       794   -5   12  -12  -15  -10   -6   -1   13   -5   -8    4  -15   -1    6    7  -15    8   -5
    1    9    6    1    1   45    2    0      2828    8    3   -1    6   -8    0   19  -13    1    1   15   -5  -10    6   13   23    1   -2
    1    9    7    1    1   41    2    0       925    6    3   -7    0  -10    5   15   -4    3   -6    6   -1   -2   13   14   19   -3   -3
    1    9    8    1    1   43    2    0       730    7    7   -1    4   -6    5   21    0    6   -5    6   -1   -3   13    2   22    9    8
    1    9    9    1    2   44    1    0       590    8    2   10  -13   -5    2   -7    6  -10   13    6    3   14   15  -13    6  -15   -9
    1    9   10    1    1   44    1    1       553    7    2   -1    4   -5    7   13   -2    6   -4    8   -5   -2   15    6   16    0   -1
    1    9   11    1    2   41    2    1      2324    6    4    8  -15   -2    6   -7    7  -10   15    2    6   15   13  -14    6  -16   -8
    1    9   12    1    3   43    2    0      1433   -6   10  -12  -15  -15  -14   -4   13   -9   -3    5   -8    0    4   13   -9   16    1
    1    9   13    1    2   42    1    0      1457    6    4    6  -17  -11   13   -4   13  -10   16    2    5   15   17  -14    7  -14   -6
    1    9   14    1    3   45    3    1       696   -5   11  -14  -13  -11   -8   -1   13   -7   -3    5  -12    3    6    9  -16    5   -4
    1    9   15    1    1   42    1    1       718    8    3  -10    7   -7    3   11   -4    4   -3   10   -7   -2   13    4   12    2    1
    1   10    1    1    1   47    1    1       659    7    2   -2    3   -6    6    5    7   -4   -2    5    0   -4   14    5   19    4   -7
    1   10    2    1    3   47    3    1       682  -15    5  -14  -13  -16  -11   -4    8   -9   -4    7   -4    1    7    5  -14    7   -7
    1   10    3    1    3   49    3    1       689   -4   12  -13  -12  -11   -8    2   16   -6   -8    3   -2    6    3    9  -15    6   -5
    1   10    4    1    1   50    1    1       519   13   -7    3    6   -3    2    5   -5   10  -12    6   -2   -4   14   12   13    4   -7
    1   10    5    1    3   50    3    1      1651   -8    9  -20   -4  -13   -9   -4   13   -4  -10    2   -7    1    8   -3  -13   11  -11
    1   10    6    1    1   49    1    1       611    8    2   -1    5   -4    3   12   -2    6   -5    5    2   -2   16   11   13    1    0
    1   10    7    1    2   49    3    0      2764    1    2   16  -12   -2    5   -7    7   -7   14   11    9   15   16  -11    5  -13   -7
    1   10    8    1    3   46    3    1      1328   -8   11  -15  -13  -16   -3   -4   14   -3  -10    2   -8    3    6    9  -16    6   -7
    1   10    9    1    2   48    1    0       636    4   -6   11  -14   -6    6   -2    8  -13   10    0    1   11   16   -7    4  -17  -12
    1   10   10    1    1   46    1    1       596    6    4   -7    2   -6    5   14   -1    7   -2    6    1   -4   12    9   18    2   -2
    1   10   11    1    2   47    2    1      1071    9    3    9  -12   -3    8   -7    7  -11   14    2    8   14   17  -14    5  -13   -8
    1   10   12    1    3   48    3    1      1397   -7   12  -22   -4   -9   -3  -11   14   -8  -15    2  -10    1    5    8  -15   -1   -3
    1   10   13    1    2   46    1    0       719    7    5   12  -15   -2    6   -8    8  -10   17    5    8    9   18  -11    6  -15   -9
    1   10   14    1    1   48    1    1       356    9    5   -1    3   -5    4   14   -5    5   -2   13   -9   -4   16    9   16    0    1
    1   10   15    1    2   50    2    1       839    6    4   16   -7   -4    6   -6    8   -9   16    2    5   13   14   -3   15  -14   -9
    1   11    1    1    2   52    2    1      1015    1    1    9  -14   -4    6   -6    8   -3   21    3    5   14   16  -13    6  -15   -8
    1   11    2    1    1   54    2    0      1312   11    5   -7    8    4    5   12   -3    5   -5    7   -2    6   23   12   16    0    6
    1   11    3    1    3   55    3    1       797   -5   12  -14   -9  -11   -8  -13   12  -12   -3    6   -8    5    4    7  -13   -2   -5
    1   11    4    1    3   51    3    1       640   -9   16  -18  -12  -12   -7   -2   12   -7  -11    5   -7    3    6    0  -23    8   -7
    1   11    5    1    1   51    1    1       504    7    2   -3    4   -2   -5   13   -4    4  -11    5   -2   -3   13    8   16    2   -2
    1   11    6    1    2   53    2    1       533   10    1   11  -10   -3    6   -4    9   -9   14    6    8   12   15  -13    7   -8   -7
    1   11    7    1    1   55    1    1       609    6    5   -2   -2   -9    5   11   -2    6   -5    5   -1  -11    9    8   15   10   -8
    1   11    8    1    1   53    1    1       730    5    8   -1    3  -10   -1   18   -3    9   -9    6    1   -2   14    9   14    1   -3
    1   11    9    1    1   52    1    1       479    6    5   -1   10   -8    5   13   -2    3   -2   14  -10   -1   15    9   14    1    0
    1   11   10    1    2   54    2    1      1278    6    3    9  -14    6   10    2   11   -8   14    2    6   15   14  -13    7  -12   -6
    1   11   11    1    3   52    3    1      1036   -6   12  -15  -14  -12   -8    5   19   -4   -9    0    2    4    9    8  -15    4   -1
    1   11   12    1    3   53    3    1      1173   -4    9  -12  -12   -6  -11   -3   15   -4   -6    5   -8    4    7    6  -14   16  -13
    1   11   13    1    2   51    2    1      1623    7    2   12  -16   -5   -2   -7    6   -8   13    3    7   12   21  -13    4  -13   -9
    1   11   14    1    2   55    2    1      1752    9    4   10  -15   -8   11   -5    6  -11   15   -7   -2   11   15  -11    5  -15   -7
    1   11   15    1    3   54    3    1      1235   -6   12  -13  -12  -12   -8   -3   12   -4   -7    5   -8    0    8    9  -14    8   -5
    1   12    1    1    3   56    2    0      3236   -8   11  -15  -15  -10   -7   -2   12    6   -2    3   -6    1    7    5  -13    3  -10
    1   12    2    1    1   58    1    1       676    8   10    0    1   -8   -1   19    1    4   -2    5    1   -3   13   10   13    0   -5
    1   12    3    1    1   59    2    0      1642   10    2   -2    1   -4    3   13   -6    6   -5    6    1    4   24   12   16    3   -2
    1   12    4    1    2   58    2    1      1130    8    2   10  -16   -7    1   -2    1   -7    8    5    7   13   14  -21    6  -11  -12
    1   12    5    1    3   57    3    1       655   -5   11  -13  -12  -11   -5   -4   14   -5  -12    2   -8    1    7    6  -15    9   -6
    1   12    6    1    2   57    3    0       743    8    1   10  -15   -3    8   -6    8  -17   16   -5    2   13   13  -15   -3  -15   -7
    1   12    7    1    2   60    2    1      1243    9    2    9  -13   -2    6   -9    9   -8   14    3    5   12   16  -11    7  -16  -10
    1   12    8    1    1   57    2    0       811    7    2   -1    8   -7    7    4   -4   13    2    1    9   -3   22   12   13    3    1
    1   12    9    1    3   60    3    1       668   -4   12   -3  -11   -9   -9   -6   13   -5  -10    1   -3    0    7    7  -19   13   -6
    1   12   10    1    1   56    1    1       771    7    4   -2    8   -4    2   12   -2    7   -3    3    0   -5   16   12   16    2   -3
    1   12   11    1    2   59    2    1       742    9    0   19  -12   -4    5   -5   10  -13   14    5    6   14   15  -16    3  -15   -7
    1   12   12    1    2   56    2    1       618    5    2    9  -13   -3    6   -8    9   -9   16    2    5   17   17  -15   10  -17   -3
    1   12   13    1    1   60    1    1       467    8    4  -11   12   -5    5   12   -3   -1  -14    7   -9   -2   14    8   17    2   -2
    1   12   14    1    3   58    3    1       465   -4   10  -11  -17  -10  -11   -5   13   -5   -7    2  -10    3    6    9  -13    8   -7
    1   12   15    1    3   59    3    1      1376   -5    2  -11   -4  -15   -6    1   18   -1   -4    6   -9    7    1   16  -15    9   -5
    1   13    1    1    3   64    3    1       667   -6   12  -12  -14   -9   -1   -1    8    1  -17   -4   -3    0    6    5  -13    7  -11
    1   13    2    1    1   64    1    1       481    8    3   -3    5   -8    5   16    3    6   -5    6    1   -2   14   10   13    2    0
    1   13    3    1    2   62    2    1      1599    5   -2   12  -15   -3    8   -7   10  -10   15    7    1   15   16   -2    3  -19  -13
    1   13    4    1    1   63    1    1      1425    2   -7   -1    3   -7    5   14   -5    4   -3    5    0   -3   15    8   16    3    1
    1   13    5    1    1   62    1    1      1610    9   12    0    2  -10    2    8   -6    7   -4    5    0   -4   12   12   16    3   -3
    1   13    6    1    3   65    3    1       715   -5   11  -14  -13  -11   -6   -2   15   -2  -10    6   -8    4    7    5  -15    8   -5
    1   13    7    1    2   61    3    0      2272    5    3   19  -14   -3    8   -6    7   -8   11    3    7   23    7  -14    5  -16  -10
    1   13    8    1    3   61    3    1      1174   -4   12  -11  -12  -12   -5   -3   15   -7   -7    2   -7    1    9    6  -13   14    1
    1   13    9    1    2   63    2    1       841    9    3   10  -12   -1    5   -2    7    1   24    5    7   12   13  -10    6  -15  -10
    1   13   10    1    1   61    1    1      1257    9    4   -2    3   -6    5   13   -4    8   -9    7   -1   -2   23    8   15    4   -2
    1   13   11    1    2   64    2    1      2840    8    3   11  -14  -10   -3   -7    7   -8   19    1    8    5    8  -13    7  -18    0
    1   13   12    1    3   62    3    1       633   -5   11  -13  -12  -11   -6   -1   14   -6   -8    2   -7    1    8    5  -20    5   -4
    1   13   13    1    3   63    3    1       993   -5   11  -14   -4  -11   -9   -1   12   -4   -7    3   -9    1    4    8  -14    7   -4
    1   13   14    1    1   65    2    0      1035    5    7   -1    4  -11    3   11   -3    5    1   -4    5   -2   14    7   10    3    0
    1   13   15    1    2   65    2    1      1843    6    3    8  -17   -2    6   -8    8  -12   10    3    7   14   16  -14    5  -15   -7
    1   14    1    1    2   70    1    0      1019   11    5   10  -13   -4    6   -9    9   -8   15    3   -3   11   16  -13    7  -13   -7
    1   14    2    1    3   69    3    1       516   -1   10  -14  -15   -9   -7   -3   11   -5   -7    4   -7    0    3   16  -24    3  -11
    1   14    3    1    3   68    3    1       464  -10    5  -12  -11  -10   -7    0   13   -7   -9    6   -9    1    8   11  -17    7   -4
    1   14    4    1    2   67    2    1       752    5    3    9  -14   -5   14   -7    9   -8   15    2    7   13   17  -11    5   -5   -5
    1   14    5    1    3   66    3    1       835   -6   10   -9  -22  -10   -7   -3   14   -4   -9    3   -7   -2   -3    7  -10    6   -6
    1   14    6    1    3   70    3    1       563   -7    9  -12  -13   -9   -9   -4   12   -2   -4    2  -12    3    6    6  -16   10    4
    1   14    7    1    3   67    3    1       543   -5   10   -6  -17  -10   -7   -3   12    1    0   12   -5   10    9    7  -15    7   -2
    1   14    8    1    1   66    1    1       571    8    4   -2    3   -4   -1   15   -5    4   -5    6   -1   -4   14   11   16    2   -2
    1   14    9    1    1   68    2    0      1062    6    2   -2    2   -6    5   13   -2    6   -3   -2    8   -1   12   10   16    2   -2
    1   14   10    1    1   67    1    1      1165    8    4    0    2   -7    3   14   -3    4   -5    5    0    0    6    9   16    0   -3
    1   14   11    1    1   70    1    1       768    9    7   -3    5   -5    6   13   -5    6   -5    6    1   -1    9   12   13    2    1
    1   14   12    1    2   68    2    1       850    8    2    8  -15   -2    7   -9   11   -1   11    4    7   12   16  -13    6  -13   -9
    1   14   13    1    1   69    1    1       866    6    4   -1    4   -8    6   14   -3    5   -5    8    0   -3   15   10   14    0    0
    1   14   14    1    2   69    2    1       752    8    3   11  -15   -4    7   -8    7  -14   18    3    5    4   23  -22    7  -13   -9
    1   14   15    1    2   66    2    1      1236    7    4   10  -15   -2    9   -5    8   -7   17    0    7   13   16  -13    8  -12   -7
    1   15    1    1    2   72    2    1       548   16    5    8  -14   -2    6   -5    8  -11   13    1    5   14   23  -13    6  -14   -9
    1   15    2    1    2   71    1    0      1615    9    4   11  -15   -1    7  -12   11   -7    9   11   -3   11   13  -15   -3  -13   -9
    1   15    3    1    1   71    1    1      1232    6    4   -2    5  -16   -5   14   -3    7   -4    4   -1   -3   12   10   14    2    0
    1   15    4    1    3   71    3    1       608   -7   11  -13  -12  -10   -8   -5   14   -5   -8    3   -7    4    9    7  -15    8   -7
    1   15    5    1    2   75    2    1       858    7    4   12  -15   -3   14   -6    8  -11   15   -3    7   12   13   -6   -2  -20  -16
    1   15    6    1    1   74    1    1       521    8    2   -3    5   -8    4   13   -4    4  -14    6    1   -4   14    9   16    4    0
    1   15    7    1    3   74    3    1       646   -5   13  -12  -13  -11   -5   -1   14  -10    0    5   -8    0    5   10  -19    9   -8
    1   15    8    1    3   72    3    1       766   -6   12  -14  -15  -10   -8   -2   15    6    2    3   -8    3    7    5  -13    9   -8
    1   15    9    1    2   73    2    1       560   16   -5   10  -12   -4    5    3   12   -8    9   11    0    9   14  -11   15  -13   -9
    1   15   10    1    1   75    1    1       460    8    3   -3    5   -8   13   12   -2    5   -6    7    1   -2   12   10   13   -8   -3
    1   15   11    1    1   72    1    1      1275    9    4   -6   -5   -6    5   13   -4    6   -5    7    0   -3   16    9   15    2    0
    1   15   12    1    3   75    3    1       714   -4   10  -11  -14  -13   -5   -1   15   -2   -8    6   -9    4    7    6  -15    6   -6
    1   15   13    1    1   73    1    1      1391   11   -2    0    4   -6    5    5    3   -4   -9    6    1   -3   16   11   13    2    0
    1   15   14    1    3   73    3    1       729   -7   10  -11  -15  -11   -6   -4   13   -4  -11    6   -9    6    2    5  -15   -3   -2
    1   15   15    1    2   74    2    1       622    8    1   13  -22   -5    7   -5   10   -6   12    3    5   14   16  -13    7  -13   -9
    2    1    1    6    0    0    1    0      3218    6   -8   -9   -2   16  -10   14    6  -16   -7   -1   14   -4    8   -4   -2  -10    7
    2    1    2    1    3   37    1    1      1619  -10    5  -17  -18  -11   -3   -2   13   -4  -10    4   -9    0    7    6  -12    6   -6
    2    1    3    1    3   73    2    0       739   -7   10  -11  -15  -11   -6   -4   13   -4  -11    6   -9    6    2    5  -15   -3   -2
    2    1    4    1    2    9    2    0      3175    7    2   12  -14   -2    9   -7    7   -8   14    5   -4   13   16  -14    5  -14  -10
    2    1    5    4    3    5    1    0      1322   -6   13  -14  -13  -10   -8   -3   11   -4  -10    3  -15   11    2    5   -9    6   -5
    2    1    6    4    1    5    2    1      2055    5    2   -3    5   -7    4   14   -3    6   -3    7    0   -6   11   11   15   11   -4
    2    1    7    1    1   30    1    1      1126    7    1   -2    6   -5    4    7    6    5   -3    6   -1   -4   13   11   16    2    1
    2    1    8    4    3    1    1    0       747   -8   12  -14  -13   -9   -8   -2   12   -2   -8    5   -6    4    3    5  -13    7   -4
    2    1    9    1    1   33    2    0       830    6    5   -3    4   -7    2   12   -3    4   -6    6    1   -2   13   14   13    3    1
    2    1   10    4    2    1    1    0      1054   12    6    9  -14   -4   12   -8    8   -8   15    4    4   12   16  -13    7  -15   -8
    2    1   11    1    1   64    1    1      1142    8    3   -3    5   -8    5   16    3    6   -5    6    1   -2   14   10   13    2    0
    2    1   12    6    0    0    2    1      1130    9   11   -4   -9  -15   14   -2    4  -17    6  -15    1    8   -3    7   -7   12    6
    2    1   13    6    0    0    2    1      4622   -3   -8  -12    4   -1   -4    7    5   -9    9   -9   12   -5   -2   -5  -12    4   14
    2    1   14    6    0    0    1    0      2391    5   -5  -14  -12   12   -8    3   15  -13   -8   -5   12   -6   10   -1   -5  -11   13
    2    1   15    1    2   50    1    1       937    6    4   16   -7   -4    6   -6    8   -9   16    2    5   13   14   -3   15  -14   -9
    2    1   16    1    1   66    1    1      2021    8    4   -2    3   -4   -1   15   -5    4   -5    6   -1   -4   14   11   16    2   -2
    2    1   17    1    1   57    2    0       806    7    2   -1    8   -7    7    4   -4   13    2    1    9   -3   22   12   13    3    1
    2    1   18    1    3   20    1    1      1431    2   11   -3  -10  -11   -8   -2   12   -4   -7    3   -8    3    6    5  -14    9   -5
    2    1   19    1    3    1    1    1      1103  -11   14   -4  -14  -12   -6   -2   13   -3   -8    3   -8    6   12    8  -14    8   -7
    2    1   20    6    0    0    2    1       661   -6   -5  -12    0   -1   -2   16   10   -7    9   -9   13   -8   -1   -5  -12   13   14
    2    1   21    1    2   52    2    0      1628    1    1    9  -14   -4    6   -6    8   -3   21    3    5   14   16  -13    6  -15   -8
    2    1   22    4    1    4    1    0      2301    5    6   -3    3   -9    3   13   -2   14    0    8    2   -4   15   11   15    3   -1
    2    1   23    4    3    3    1    0       978   -6   12  -15  -11  -12   -8   -6   17   -4  -10    6   -9    5   16    7  -13    9   -7
    2    1   24    4    1    2    2    1      2269    5    2   -3    5   -7    4   17    2    5   -5    8   -2   -5   16   11   13    0   -2
    2    1   25    4    2    5    2    1      5620    6    2    9  -12   -5    9   -7    6   -9   17    4    6   11   14  -14    5  -13   -6
    2    1   26    4    1    1    1    0      1636    9   -2   -3    3   -7    4   15   -1    7  -13    7    0   -2   12    9   16    2   -2
    2    1   27    4    3    4    1    0      1445  -14    5  -16   -9  -10   -7   -3   11   -5   -8    6   -9    1    8    7  -16    8   -4
    2    1   28    2    1    0    2    1      1549    7    3   -2    4   -6    4   13   -3    5   -4    6    0   -3   14   10   15    2   -1
    2    1   29    4    1    3    2    1      2512    8    5   -2    3   -6    2   14   -1    5   -6    6    1   -4   11   15   18   -3   -1
    2    1   30    4    2    4    1    0       990    6    2    9  -13   -2    9  -11   10  -10   15    2    6    7    8  -10    5  -14  -10
    2    1   31    6    0    0    2    1      1799   11   11   -1  -15  -14   13    1    0  -13    4  -14   -2    6    2   17    3   19   -4
    2    1   32    1    2   41    1    1      1809    6    4    8  -15   -2    6   -7    7  -10   15    2    6   15   13  -14    6  -16   -8
    2    1   33    1    2   13    2    0       970    3   11    8  -12   -6   15   -6    9   -5   12    1    6   14   14  -22   15  -14   -9
    2    1   34    4    3    2    1    0       965   -6   12  -11  -11  -13   -6   -2   12   -4   -7    4   -9   -8    8    5  -13    9   -6
    2    1   35    2    2    0    1    0      1136    7    3   10  -14   -3    7   -7    8   -9   15    3    6   13   15  -12    6  -14   -8
    2    1   36    2    3    0    1    0       836   -6   11  -13  -13  -11   -7   -3   13   -4   -8    4   -8    2    7    7  -14    7   -6
    2    1   37    4    2    2    2    1      1284    8    2    5   -8   -4   12   -8    8  -11   17    3    4   12   15  -11    7  -16  -15
    2    1   38    1    3   24    1    1       786   -7   12  -14  -14  -13   -7   -1   13   -3  -10    0   -9    2    6    9  -16    7   -4
    2    1   39    4    2    3    2    1      1156    8    6   12  -16   -7    5   -6    7   -5   16    5    7   14   14  -14    5  -16   -8
