    1    1    1    1    2    1    1    0      4033    2   -5  -14  -12   13    1   -1  -16   12  -16   -1   -6    9  -14   15   12    1   -2
    1    1    2    1    2    5    1    0      9910    1   -4  -15   -9   14    0    4  -14   15  -17   -1   -3    7   -5   14   12   -3   -6
    1    1    3    1    3    1    1    0      5723  -12   -9   13  -13   -2    7   10   15   13    1   -4  -18    1   13   14   10   10    9
    1    1    4    1    3    4    3    1      3272  -10   -5   13  -13    1   10   11   14   14    0  -13   -7   -3   11   14   16    9   11
    1    1    5    1    1    5    3    0      4871  -13    7   -5    6    7   13   -9   15    0   -1  -12   -1   -7    2   -8    0    0   -7
    1    1    6    1    1    3    1    1      3510  -16    7   -4    7    5   12   -8   15   -3   -6   -9    7  -13    0   -5    0    2   -2
    1    1    7    1    3    3    3    1      2363  -12   -6   15  -15    0    4    8   14   11    1   -9   -8    0   10   14    7   11    9
    1    1    8    1    1    4    1    1      2333  -12    6   -3    9    3   11   -5   18   -6   -4  -10   10  -10    5   -6    0    2   -4
    1    1    9    1    3    2    3    1      1522  -13   -6   10  -20    1   10    5   13   12    0  -12   -8   -2    5   15    8   10    8
    1    1   10    1    1    1    1    1      3942   -9    9   -4    5    4   12  -10   14   -9   -6  -14   10  -10    5   -6    1    2   -1
    1    1   11    1    3    5    2    0      5242  -14   -5   15  -14    1    5    8   15   12   -1  -13   -7   -1   12   15   10    7   11
    1    1   12    1    2    2    2    1      2570   12    4  -10   -3   16    0    7  -13   15  -15    1   -7   11  -15   15   10   -4   -8
    1    1   13    1    2    4    3    0     10725    1   -7  -20  -12   16    1    8  -14   17  -12    4   -2    0  -16   15   10   -2   -8
    1    1   14    1    2    3    2    1      1961    1   -2  -15  -10   14   -1   12  -18   15  -14   -3   -3   12  -12   13   12   -1   -8
    1    1   15    1    1    2    1    1      3133  -13    6   -7    6    4   13  -10   13   -4   -4  -11   11   -8    4   -5    3    3   -3
    1    2    1    1    3    9    3    1      2673  -13    1   15  -13    6   -1   16   17   10    2   -8  -14    0   11   14    6   11   11
    1    2    2    1    2    6    3    0     11207    7   -8  -13  -12   14   -1    7  -15   13  -15    4   -9   11  -18   12    9    0   -8
    1    2    3    1    2    9    1    0      4393    9  -12  -15  -11   14    3    7  -13   18  -24   -7  -15   15  -13   15    9   -2   -9
    1    2    4    1    2    7    2    1      1403    5   -5  -16   -9   17   -3    5  -16   13  -14   -1   -6    5  -13   24    3   -3   -5
    1    2    5    1    3   10    1    0      4820  -14   -6   13  -14    1   11   10   14   14    0  -11   -7   -2   12   12    9    9    9
    1    2    6    1    1    7    2    0      2293  -16    7   -7    5    3   10  -11   15   -7   -6  -10   11  -17   10   -6    3    4   -2
    1    2    7    1    3    8    1    0     17882  -10   -9   18   -8    0    7   11   15   14    2  -14  -11    8   14   13   11    9    8
    1    2    8    1    3    7    3    1      5440  -13   -7   16  -13    2    9    6   18   12    0  -12  -10   -2   10   13    8    8   12
    1    2    9    1    1    8    3    0      6648  -13    8   -7    7    7   21  -12   15   -6   -6  -12    0   -9    5   -8    3    4   -3
    1    2   10    1    1    6    1    1      8267  -14    9   -5    5    5   10   -8   14   -6   -6   -9    7   -9    1  -14   -4    3   -2
    1    2   11    1    2    8    2    1     16950    1   -4  -13  -12   16    0    8  -14   13  -24   -3   -5   10  -13   24    2   -1   -9
    1    2   12    1    3    6    3    1      9921   -4  -10   12  -11    0    8    7   16    8    1  -12   -8   -1   13   15    8    7   10
    1    2   13    1    1    9    1    1     10278  -12    7   -7    7    5   12  -11   16   -4   -6  -10   11  -14   -4   -4    2    3   -3
    1    2   14    1    1   10    2    0     13708  -13   13   -1   -2   15   16  -10   16   -6   -5  -10    8   -9    4   -6    3    5   -8
    1    2   15    1    2   10    2    1      5194    2    4  -13  -10   13   -1    9  -13   18  -10   -1   -4    9   -5   16    6    1  -14
    1    3    1    1    2   12    3    0      4828   -1    2  -15  -10   12   -1    8  -12   12  -13    0   -7   11  -15    6    5    2   -2
    1    3    2    1    2   11    2    1      8829    3   -2  -12  -11   14    2    7  -14   15  -15   -6  -10   18  -21   16   10   -5   -5
    1    3    3    1    2   13    1    0      3149    7   -7  -15  -12   18    3    8  -14   14  -14   -1   -4   11  -14   14   13    0   -6
    1    3    4    1    1   11    1    1      6001  -14    7  -10    2    4   13   -9   15   -4   -6  -11    5   -4    7   -5    0   -1   -1
    1    3    5    1    3   12    1    0      3202  -13   -6   14  -14    0   11    8   15   12    2  -13   -9   -5    6   16    7    6   20
    1    3    6    1    2   15    2    1     16147    5   -2  -21  -21   15    0    6  -12   15  -16    0   -5    5  -14   13   12  -10   -7
    1    3    7    1    3   14    3    1      2767  -11   -6   11   -8    1    7   10   13   14    1  -13   -9   -3   11   15    9    6    7
    1    3    8    1    1   15    1    1     10161  -15    9   -6    4   11   13  -11   15   -5   -7  -11   11   -9    4   -5    1    1   -5
    1    3    9    1    3   15    2    0      2570  -14   -7   13  -11    2   10    7    8   14   -2  -11   -7   -3   13    7   -2   10   10
    1    3   10    1    1   14    1    1      6519   -6   13   -8    8   -4   14   -8   15   -7   -6  -11   11   -8    4   -1   -2    1   -5
    1    3   11    1    1   12    3    0      3892  -15   12   -6    7    7   11   -9   13   -5   -7  -12    8   -8    4   -4    3    1   -2
    1    3   12    1    2   14    2    1      4586   -4    2   -9  -13   13   -4    7  -16   13  -14   -5   -5    9  -12   14   12   -4  -11
    1    3   13    1    3   11    3    1     10227  -11   -6   14  -17   -1    8    9   13   12   -1  -10  -10   -4    6   20    3    7    8
    1    3   14    1    3   13    2    0     13772  -12   -6   15  -15    1   10    8   13   11    0  -10   -7   -1   11   14    9   11   11
    1    3   15    1    1   13    1    1      6983  -16    7   -5    6    6    9  -11   13   -5   -5   -5   11   -5   -1   -8    4    1   -4
    1    4    1    1    2   19    1    0      4360    2   -2  -13  -13   16    3    7  -12   15  -16   -2   -7   10  -13   15   12    2   -6
    1    4    2    1    3   16    3    1      1972   -6   -9    9  -15    3    7   11   15   13    1  -12   -9   -4    9   13    6   10    9
    1    4    3    1    3   17    3    1      3014   -9   -2   12  -13    1    9   14   16   13   -2  -10   -8   -1   10   15    6   10   11
    1    4    4    1    1   17    3    0      6703  -14   16   -6    7    3   10  -10   14   -7   -7  -12    9   -6    3   -8    0    0   -2
    1    4    5    1    2   16    3    0      7540    4   -2  -13  -11   19   -4    8   -4   14  -16    0   -6   13  -12   15   10  -10  -12
    1    4    6    1    1   18    3    0      4424  -15    7   -8    7    5    9   -2   15   -6   -6  -13   13  -10    1    3    7    2   -4
    1    4    7    1    3   20    2    0     17416  -10   -5   10  -10   -1    8    6   10   12    2   -9  -11   -4   10   16   13    8    9
    1    4    8    1    3   19    3    1      3617  -12   -6   12  -11    1    9    7   13   13   -1  -11   -8   -1   11   15    9    8    9
    1    4    9    1    2   20    1    0      4882    5   -2  -14  -12   16   -1    5  -14   15  -15   -1   -6    9  -14   15   12    0   -9
    1    4   10    1    2   18    2    1      2320    5   -1  -14   -7   15    0    7  -11   13  -16    1  -14    8  -15   17   12   -1   -6
    1    4   11    1    1   19    2    0      6436  -15   10   -4    6    6   10   -9   16   -7   -8  -20    6   -6    1   -6    4    0   -1
    1    4   12    1    1   20    1    1      1428  -15    9   -6    7    4   12  -10   16   -6   -5   -9    9   -6    4   -6    1    0   -4
    1    4   13    1    2   17    2    1      3453    5   -7  -12   -7   15    3    4   -9    7  -19   -1   -8   18  -15   20   15   -5  -10
    1    4   14    1    1   16    1    1      3252   -5   13   -6    7    4   12   -8   13    2   -9   -9    9   -6    1   -6    4   -2   -7
    1    4   15    1    3   18    2    0      2468  -10   -7   14  -12   -9    2   10   14   14    0  -17  -10   -2   13    8    1    0    8
    1    5    1    1    1   24    2    0      8210  -16    9   -6    7    2    8   -3   12   -6   -6  -13   11   -8    2  -11   -2   -2    2
    1    5    2    1    3   24    3    1     10779  -12   -2   16  -15    3   12   11   13   11    1  -12   -7    0   12   16    8    8   12
    1    5    3    1    2   23    1    0      8877    2   -7  -15  -12   15    5    9  -10   14  -19    0   -3   11  -15   13    8   -8  -17
    1    5    4    1    2   24    2    1      2028    3    2  -15  -12   15    1    2   -3   18  -22    1   -6    8  -14   20   13   -4   -2
    1    5    5    1    1   22    1    1      1245  -16    8   -1    4    5   12   -6   16   -4   -6   -6    9   -9    5   -7    1    0   -4
    1    5    6    1    2   25    2    1      2317    4   -4   -6  -14   13    1   10  -15   15  -13   -1   -6   11  -13   22    8   -7   -8
    1    5    7    1    3   23    3    1      1186  -17  -11   14  -14    0    8   11   15   12    1  -10   -8   -3   12   10   10    7   11
    1    5    8    1    3   22    2    0      6468  -11   -5   12  -11    5    6    9   13   11   -1  -10  -10   -3    9   12    9   13   11
    1    5    9    1    2   21    1    0      2306   -1    0  -11  -13   16    2    7  -15   13  -16    9   -2    9  -16   15   12   -9  -12
    1    5   10    1    1   23    1    1      2392  -15    8   -7    8   -1   11   -8   13   -3  -11  -13    4   -9    4   -7    2   -3   -5
    1    5   11    1    3   25    1    0      5738   -5    1   16  -14    2    9   11   13   13   -1  -13  -10   -1   12   14    9    4    3
    1    5   12    1    3   21    2    0       566  -12   -5   15  -12   -2   11    7   12   15   -2   -9  -11    0   19   16    8    8    9
    1    5   13    1    2   22    1    0      2080   -2   -3  -19   -9   11    0    9   -9   14  -16    1   -6    8  -13   16    8   -4   -6
    1    5   14    1    1   25    3    0     10382  -14    6   -6    5   13   15   -7   13   -6   -5  -10    9   -9    1   -5    1    7    7
    1    5   15    1    1   21    2    0      1136  -13    4   -6    7    3   11  -13   11   -6   -6   -6   13  -10    3   -5    4    3   -3
    1    6    1    1    3   27    3    1      1156  -16  -17   18   -3   -1   14    6   16   12    0   -9   -5   -4   13   24    0    8    9
    1    6    2    1    1   27    1    1      1016  -14    7   -4    5    5   13  -10   12   -6   -7  -12    9  -11    0   -5    3    0   -1
    1    6    3    1    2   30    3    0      1920   12    6  -15  -12   22   -8    8  -12   15  -16    4  -10   11  -13   14   13   -7  -12
    1    6    4    1    3   30    3    1      1349  -11   -8   15  -12    0    8   10   15   12   -2   -4   -6   -3   12   22    9   10    8
    1    6    5    1    3   26    2    0      3536  -18  -11   14  -14    2   11    7   13   14   -1  -13   -7   -3    9   15    7    9   12
    1    6    6    1    3   28    3    1      2228  -13   -9   24  -19    0   10    8   15   16    3  -12  -11   -3   11   13    6   10   10
    1    6    7    1    2   26    2    1      2637   11    3  -13  -15   12    1   10  -12   14  -14   -1   -4    8  -14   15   10   -4   -5
    1    6    8    1    2   27    1    0      2725    6   -3  -19   -6   13    2    9  -14   15  -15   -9   -1    4  -18   16    9   -1   -8
    1    6    9    1    1   28    3    0      3129   -7   -2  -14   15    5   10   -4   10   -7   -5  -10    7   -9    4   -6    3    0   -5
    1    6   10    1    2   28    3    0      6460    5   -2  -16   -9   17   -2    8  -15   16  -13    1   -7   11  -15   15   12   -2   -9
    1    6   11    1    1   26    2    0     11468  -14    4   -4    7    0   15   -5    9   -3   -7  -16    5   -7    3   -5    2    1   -2
    1    6   12    1    1   30    2    0      1427  -12    7   -7    5    1   15   -7   13   -7   -5   -4    4  -10    3   -8    1    7   -7
    1    6   13    1    1   29    2    0      4652  -13    8   -8    2    4   11   -7   16   -7   -6  -12   11   -9    5  -10   -4   -1   -3
    1    6   14    1    2   29    2    1      2867    0   -3  -15  -11   22   -6    7  -14   15  -15   -3   -4   11  -13   16   10   -1   -6
    1    6   15    1    3   29    3    1       738  -12   -6    4  -13  -10    2   14   18   12    0  -15  -18   -1   11   12   10   16    7
    1    7    1    1    3   33    3    1       870  -14   -8   20  -20   -2   10    9   15   14   -1   -9  -10   -4    9   11    8    8   11
    1    7    2    1    1   33    2    0      1877  -15    6   -4    8    6   11   -8   13   -5   -7  -11    8   -9    3   -9    0    5   -9
    1    7    3    1    3   34    3    1      1355  -20  -10   20   -7   -5   14    8   13   12    1   -9  -10   -6    6   16    8    7   10
    1    7    4    1    3   32    3    1       823  -13   -7   12  -14    0   10    8   15    4   -1  -12   -9   -9   20   12    9    8   10
    1    7    5    1    1   35    1    1      1735  -13   10   -4    7    4   10   -9   10   -4   -7  -10    8  -10    4   -6    0   10  -10
    1    7    6    1    2   32    1    0       899    2   -2  -20  -21   16    6    9  -15   15  -16   -1   -7   10  -13   15   10    7    2
    1    7    7    1    3   31    3    1       993  -11   -7   14  -15    3   11    9   15   12    0  -13   -9   -4   13   16    8    7   12
    1    7    8    1    3   35    3    1       811  -11    3   12  -13   -1    8    9   15    5   -7   -9   -8   -7   15   16   12   11    8
    1    7    9    1    1   32    2    0      3964  -17    7   -1    8    1    6   -8   21   -4   -7  -13    8  -10    6   -5    4    2   -3
    1    7   10    1    2   34    3    0      2622    3   -2  -12  -12   15    2    7  -12   15  -14    0   -5    9  -15   13   12   -3   -5
    1    7   11    1    2   35    1    0      7271    2   -4  -15  -13    7   -6    4  -10   14  -14   -4    0   11  -15   17   16   -4   -5
    1    7   12    1    2   33    2    1      2774    1   -1  -12  -15    9    1   12  -16   10  -11    0   -7    9  -13   16   10   -2   -8
    1    7   13    1    1   34    1    1      3288  -14    9  -15    1    4    9  -11   14   -6   -6  -11   10   -9   -1   -7    2    2   -3
    1    7   14    1    1   31    1    1      1526  -15    8   -7    8    7   14  -10   14   -5   -7  -11    7   -9    3   -6    1    1   -4
    1    7   15    1    2   31    1    0      1963    3   -7  -15  -11   16    0    9  -13   16  -15    1   -1   10  -15    8   17   -3   -8
    1    8    1    1    3   38    3    1      1038  -13   -9   12  -21   -2   10    8   12   11   -1  -11  -10   -4   12   13    8   11   11
    1    8    2    1    1   38    2    0      5062  -16   11  -14    6    4   11   -9   13   -6   -4  -16    8   -7    2   -7   -1    2   -4
    1    8    3    1    3   39    3    1       909  -11   -7   10  -19   -5    3    2   11   13    1   -9  -10    0   12   15    8   10    9
    1    8    4    1    2   37    2    1      1098    4   -4  -12  -13   12    2    7  -12   13  -17    0   -3    2  -19   14   12   -3   -9
    1    8    5    1    3   36    3    1      1262  -12   -8   10  -15    9   18   13   13   13    2   -9   -8   -4   12   11   16    8    9
    1    8    6    1    2   38    2    1      1198    3   -2  -15   -9   16    7    9  -17   13  -15   -1   -4    6  -11   13   12   -4   -5
    1    8    7    1    2   40    2    1       640    1   -2  -13  -11   13    1    8  -11   17  -17   -3   -6    7  -17   16   11    0   -6
    1    8    8    1    3   37    3    1      1047  -12   -8   16  -13    1    8   11   15   11    7   -9   -9   -2   10   13    9    7   10
    1    8    9    1    3   40    1    0      1023   -7  -12   14  -12    0    8   10   13   14   -1  -19   -5    0   12   15    8   10    9
    1    8   10    1    2   39    2    1      1176   -7    5  -13  -12   14    0    7  -13   14  -17    3    4    8  -15   15   13   -4   -7
    1    8   11    1    1   36    1    1      8570  -13   10   -6    5   -2    9   -7   15   -4   -6  -11    8   -7   -1   -8   -3    0   -3
    1    8   12    1    1   40    3    0      5445  -14   10   -7    6    9    3   -8   15  -15   -9  -11    8   -8    4    2    0   -1   -2
    1    8   13    1    1   39    2    0     14508   -8    1   -2    1    4   11   -8   13   -3   -6   -9    8   -2    8   -5    3    0   -3
    1    8   14    1    2   36    2    1      4522   -2   -3  -14  -10   16    3    7  -11   22  -21    0   -5    9  -16   15   12   -6   -5
    1    8   15    1    1   37    2    0      2583  -16   10   -7    8    6    6   -9   13   -6   -5  -13   11   -8    4   -5    4   -1   -4
    1    9    1    1    3   43    1    0     11696  -12   -5   13  -13   -2    8    8   13   12    1  -11  -10   -3   11   11   16    7   18
    1    9    2    1    2   41    2    1      1102    2   -3  -14   -9   12    0    8  -11   12  -18   -3   -4   11  -14   17   10    0   -8
    1    9    3    1    1   41    3    0      2291  -12    7   -8    7    6   11   -4   21   -6   -6  -11   10  -12   -4   -5    2    2   -4
    1    9    4    1    3   45    3    1       473  -12   -6   16  -15   -3    2    4   14   11    2   -7  -11    0    9   13    9    7   10
    1    9    5    1    2   43    2    1      2558    2   -3  -13  -12   13    1    8  -12   13  -15   -9  -15    9  -16    8    9   -2   -6
    1    9    6    1    1   42    1    1      3409  -10   12  -11    4    3    9   -8   13   -7   -6   -9    7   -2   -5   -7    3    1   -1
    1    9    7    1    2   42    2    1       988    5   -3  -16   -9   15    1    6  -13   15  -17   -3   -7    9  -13   14   12   -1   -9
    1    9    8    1    1   45    1    1       918  -14    6   -6    8    4   11   -9   12   -7   -8  -13    8  -10    1   -7    1    0   -4
    1    9    9    1    2   44    2    1      3091    3    0  -12  -10   14    0    9  -11   15  -16   -2   -3    5  -18   14   11  -12  -13
    1    9   10    1    3   44    3    1      1001  -13   -8    4   -3   -2    7    9   15   14    0   -5   -8   -3   11    6   10    9   11
    1    9   11    1    1   43    1    1       546  -15    7   -7    7    2    9    0   12   -5   -5  -11   10   -9    3   -4    1   -1   -4
    1    9   12    1    3   42    2    0      1869  -14   -6   15  -15   -2    9    8   14   15    0  -12   -9   -5   13   13   10    9    9
    1    9   13    1    1   44    1    1      1092  -17    3  -13   12    4   10  -10   12   -3   -6  -12   10   -7    2   -8    4    1   -5
    1    9   14    1    3   41    3    1       954  -12   -8   12  -13   -4   12   11   16   12    1  -10   -6   -2   10   14    9   16   14
    1    9   15    1    2   45    2    1      2309    8    5  -14  -12   20   11    1  -10   14  -17    8  -13    9  -16   17   13   -9   -6
    1   10    1    1    2   49    2    1      1179    0    0  -16   -9   17    4   10  -11   14  -13   -2   -4   11  -14   14    9   -5   -7
    1   10    2    1    3   47    3    1      1789   -2    0    5   -6    3    7    5   17    9    2  -10   -9   -2   10   13    8   10    9
    1   10    3    1    2   47    2    1       903    1   -1  -15   -9   15    2    9  -15   12  -16   -2   -7    1  -16   12   10  -10  -12
    1   10    4    1    2   46    2    1      3252    2   -3  -15  -10   13   -1    7  -13   16  -16   -1   -7   11  -15   20    9   -3   -8
    1   10    5    1    2   50    2    1      1412    5   -5  -15  -10   14    2    7  -12   15  -16   -3    5   12  -13   15   13   -1   -8
    1   10    6    1    3   49    3    1       653  -11   -9   16  -13   -2    7    7   15   11   -2  -13  -18   -3   11   12    9   11   11
    1   10    7    1    1   48    1    1       420   -7    9   -7    6    5   12  -10   16   -3   -7   -9    7    0    2  -16   11    4   -8
    1   10    8    1    2   48    2    1      2245    5   -4  -12   -2   13    2    9  -17   15  -10   -1   -3    8   -7   21    7   -2   -9
    1   10    9    1    3   50    3    1       733  -19  -13   14  -12    0    3    5   19   12    1  -13  -11   -1   11   14   12    8    9
    1   10   10    1    1   47    1    1       465  -13    8   -7    6    4   11   -9   16   -7   -7   -9   11   -8    2   -6    3    0   -3
    1   10   11    1    1   46    1    1       592  -17   13   -7    6    5   13  -12   16   -5   -5   -9   12   -8    1   -5    4    1   -2
    1   10   12    1    3   48    3    1       682  -12   -6   15  -13    0    7    8   14   15    0  -10  -11   -4   11   13    9    8   10
    1   10   13    1    1   50    1    1       992  -16    9   -3    9    0   13  -10   13    4  -11   -9    7   -9    4   -7    0    9   -9
    1   10   14    1    3   46    3    1       858  -11   -7   15  -14   -8   17    1    9   12    0  -20  -10   -3   11   16    6    7   18
    1   10   15    1    1   49    1    1      1209  -12    4   -5    5    7   16   -7   13   -6   -6  -12    9   -8    2   -4    1    2  -10
    1   11    1    1    2   53    2    1      1098   -1    0  -15  -13   19   -3    6  -12   16  -17   -4   -4   10  -15   13   13   -1   -7
    1   11    2    1    1   52    1    1       784  -13    8   -6    7    3    6   -6   16   -3   -3   -9    9  -12   10  -12   -2    9    7
    1   11    3    1    1   53    3    0      2705  -14    9   -6    3   -3    4  -10   13    3  -12  -10    9   -9    1   -2   -3    7   -5
    1   11    4    1    2   51    2    1      1255    4   -4  -15  -11   15   -3    9  -18   15  -15   -1   -4    5  -14   11   11    0   -6
    1   11    5    1    1   51    1    1      3062  -15    4    4    1    6   12   -8   14   -5   -5  -13   12   -9    5   -6    3    2   -2
    1   11    6    1    3   55    3    1       830  -13   -5   14  -12   -1    9    8   13   12   -2  -12  -10  -11   11    6   14   10    8
    1   11    7    1    1   54    1    1       734  -15    7   -5    6    4   12  -10   15   -7   -4  -11   10   -3    7   -6   -2    0   -3
    1   11    8    1    1   55    1    1       738  -16   18  -15    7    2   14   -9   13   -6   -4  -12    9   -6    1   -7    3    1   -4
    1   11    9    1    3   54    3    1       886  -11   -6   13  -11  -10    6    9   13   13   -1  -13   -7   -1    9   14    7    0   11
    1   11   10    1    3   51    3    1       772  -14   -5   13  -11   -9   14   10   13   13    1   -7  -14   -2   12   15    7   10    5
    1   11   11    1    2   54    2    1      1158   13  -11  -15   -9   23    8    8  -11    9  -18    0   -6    6   -9   13   12   -6   -9
    1   11   12    1    2   52    2    1       809    3   -5  -13  -11   16    2    9  -13   13  -14   -3   -6   11  -12   15   10   -2   -4
    1   11   13    1    3   52    3    1       715   -7  -10   14  -14   -3    6    8   15   12    4  -11   -8   -3   12   13    8   10    8
    1   11   14    1    3   53    3    1       944  -13   -5   16  -12    1   10    8   15   12    2   -9  -10    3    7   10   14    5    4
    1   11   15    1    2   55    2    1       892   -6   -3  -14   -9   12   -1   10  -14   13  -15   -2   -6    3  -16   16   10    1   -7
    1   12    1    1    3   59    3    1       618  -22    1    4  -12    2    8   10   12   11   -1   -1  -12   -3   12   11    7    6   18
    1   12    2    1    1   59    1    1      1106  -15    9  -13    0    6   10   -9   12   -6   -6   -8    7   -1   -2   -4   -3   -3    1
    1   12    3    1    3   58    3    1       696  -13   -6   16  -14    1    9    9   13   13   -1  -12   -9   -3   12   14    5   11    8
    1   12    4    1    3   56    3    1       509  -13   -8   14  -14   -2    7   10   11   14   -1  -13  -13   -3   13   12    7    8   10
    1   12    5    1    1   58    1    1       763  -15   11   -8    8    7   10  -10   15   -5   -7  -20    7   -6    3   -6    7    1   -2
    1   12    6    1    1   57    1    1       718  -24   14   -4    6    6   10   -8   13   -3   -5  -13   10   -6    2   -3    1    0   -2
    1   12    7    1    2   57    2    1      2578    4   -5  -14   -9    9   11    4   -9   18  -18   -1   -4    8  -23   14   11   -7   -5
    1   12    8    1    1   56    1    1       541  -15    9   -5    4    6   10  -12    9    4   -7  -13   13   -8    5   -5   12    9    6
    1   12    9    1    2   59    2    1       713    4   -1  -13  -10   19   -9   16  -20   13  -15    0   -3    9  -14   23    1   -3   -7
    1   12   10    1    3   60    3    1       507  -13   -9   15  -14    4    9   11   15   12    0  -12   -7    1   11   16    7    9   12
    1   12   11    1    1   60    1    1       779  -15    9   -5    6    6   13  -10   14   -4   -6   -1    6   -1    9   -7    3   -1   -1
    1   12   12    1    2   58    2    1      2637    3   -2  -13  -13   16    1    7  -12   13   -9   -3   -3    9  -13   13   10   -7   -9
    1   12   13    1    2   56    2    1       709    4   -2  -16  -10   20   -8    8  -11   15  -13    0   -5   12  -16   18   15   -1   -9
    1   12   14    1    3   57    3    1       539  -11   -7   13  -15   -3    9   10   13   15    1  -12   -9   -1   10   16    8    8   10
    1   12   15    1    2   60    2    1       871    2   -2  -14  -16   12    0    6  -14   15  -15   -2   -4   10  -13   13   12  -10   -6
    1   13    1    1    2   63    2    1       997    2   -3  -12   -9   12   -4    7  -12   13  -16   -5   -5   11  -15   15   12    0   -7
    1   13    2    1    2   64    2    1       623    3   -5  -10   -7   14    0    6  -14   16  -15   -2   -4   20  -12   16   12   -1   -8
    1   13    3    1    3   65    3    1       791  -10   -8   15  -14   -2    8   10   16   13    1  -12   -9   -1   12   16    8    9    8
    1   13    4    1    1   64    1    1       553  -13    7   -4    7    5   12  -11   15   -6   -4  -12   19   -7    4  -15   -3    1   -5
    1   13    5    1    1   62    1    1       533  -15    9   -4    5    6    9   -8   16  -15   -4  -13   11  -11   -2   -5    0    2   -2
    1   13    6    1    3   61    3    1       977  -11   -8   16   -6    4    7    8   16   19   -6  -13  -13   -2   12   15    8    7   10
    1   13    7    1    2   65    1    0       859   12   -1  -16  -12   16   -1    5  -12   14  -13   -3   -4   12  -16   13   19   -1   -9
    1   13    8    1    1   61    1    1       699   -7   18   -6    7    3   18   -8   13   -4   -7  -12   10  -10    6   -5    2    1   -4
    1   13    9    1    3   62    3    1       608  -12   -6   15  -14    0    8   10   14   13   -2  -10  -10   -1   11   12    7   10    5
    1   13   10    1    1   63    1    1       633  -15    9   -6    5    5   12  -11   13   -5   -5  -15   16   -7    2   -5    0    0   -4
    1   13   11    1    3   63    3    1       769  -13   -7   16  -15   -8    3    8   15   11   -1  -10   -8    0   13   23    2   11   11
    1   13   12    1    2   62    3    0      2612    8   -3  -15  -11   12    1    7  -12    9  -25    1   -6   10  -13   11   21   -1   -8
    1   13   13    1    1   65    1    1       781  -14    9   -4    6    7   11   -8   14   -4   -7  -11   10  -10    5   -6    1   -7   -6
    1   13   14    1    2   61    2    1       895    3   -4  -14  -10   19   -3    7  -13   23  -21    0   -5   11  -12   16   10    6  -16
    1   13   15    1    3   64    3    1       477  -13   -5   15  -14   -4   18    9   12   12   -1  -11   -8    0   12   12    9   10   10
    1   14    1    1    2   68    2    1      1100   -6  -13  -13  -11   15    0    6  -13   13  -14    4   -8    9  -15   16   10   -3  -12
    1   14    2    1    2   66    2    1       752    2   -2  -13  -12   14    2    5  -15   15  -10    1   -4   12  -18   16   11   -3   -6
    1   14    3    1    2   67    2    1      1077    5   -5  -19  -14    8   -7    7  -13   13  -14   -2   -5   20   -5   14   11   -4   -7
    1   14    4    1    1   67    1    1       859  -13    8   -6    4    6    9   -8   13   -6   -6  -12   11   -7    2   -5    0    2   -3
    1   14    5    1    3   67    3    1       523  -12   -5   14  -14    0    8   10   13    7  -10   -9  -11   -1   11   16    9    8   10
    1   14    6    1    1   66    1    1       887  -16    8   -8    4    8   10   -9   13   -6   -6   -4   15  -11    9   -5    1    1   -4
    1   14    7    1    2   70    2    1      1733    2   -2  -12   -9   14    3    6   -9   15  -16    1   -5    8  -13   16   11    0   -7
    1   14    8    1    1   69    1    1       737  -16    7   -6    8    5   12  -10   16    2  -12  -12    9    0   -5   -5    2    2   -3
    1   14    9    1    1   68    1    1       693  -15    9   -8    5    4   12   -8   13   -4   -6   -9    8   -9    1   -5    2    0   -1
    1   14   10    1    3   69    3    1       699  -21  -11   16  -15    1    9    7   16   14    0  -14  -12   -3   13   20    3    8    6
    1   14   11    1    2   69    2    1      1344    2   -5  -16  -10   15    0    6  -11   14  -14   -1   -3   10  -13   15   12   -2   -8
    1   14   12    1    1   70    1    1       652  -13    7   -8    5    5   12  -13   13   -5   -5   -9   12   -7    3    3   -5   -1   -2
    1   14   13    1    3   66    3    1       739  -11   -8   15  -13    2    9    1    4   10   -5  -12  -13   -3   13   22    6    4   13
    1   14   14    1    3   70    3    1       615  -12   -6   16  -15    1    8   14   15   12    2  -10  -10   -5    9   14    7   11    8
    1   14   15    1    3   68    3    1       576  -13   -6   18  -23    2    7    8   16   13   -1   -9   -9  -12    9   15    8    9    6
    1   15    1    1    1   74    1    1       666  -16    7   -5    9    6   13   -8   16   -1   -7   -9   12  -13    0   -1    8   -1   -4
    1   15    2    1    2   75    2    1       785    4   -1  -12   -6   14    2   10  -15    7  -25   -1   -6   14   -6   14   13   -4   -7
    1   15    3    1    2   74    2    1      1363    5   -2  -18   -1   16   -1    4  -11   13  -14   -1   -4    8  -13   15   13   -8  -15
    1   15    4    1    3   75    3    1       494  -12   -6   21   -5   -4    9    6   18   13   -1  -12  -10   -3   13   13   10    8   11
    1   15    5    1    1   73    1    1       588  -13    7   -6   16    6    9   -9   13   -4   -4  -16   17   -7    4   -5    1    2   -4
    1   15    6    1    2   73    2    1      1030    4   -3  -13  -11   12    0   12  -14   16  -12   -5  -10    9  -15   13   13   -2   -5
    1   15    7    1    2   72    2    1       910    2   -4  -15   -8   13    2    1  -10   13  -14   -2   -5   11  -16    9    6    6  -17
    1   15    8    1    3   71    3    1       443  -13   -6   12   -5   -1    9   15   23    8   -1  -13   -9    0    7   13    8   10    9
    1   15    9    1    1   75    1    1       731  -14    9   -4    7    5   12  -10   15   -7   -6  -12    8   -8    2   -5    2   -6  -11
    1   15   10    1    2   71    2    1       959    2   -8  -16  -11   12    4    9  -11   15  -15   -5   -8    9  -15   13    9    3  -14
    1   15   11    1    3   72    3    1       938  -14   -7   14  -14   -1    9   10   14   11    0   -9   -9    7   10   14    7    9   11
    1   15   12    1    3   73    3    1       550  -14   -9   15  -12   -1   10   10   18   12    0  -12   -8   -4   12   14    7    1    5
    1   15   13    1    3   74    3    1       481  -14   -5   12  -18    1    8   16   12   15   -1  -10   -9    0   10   13    8   10    9
    1   15   14    1    1   72    1    1       623  -14    7   -5    7    8    9   -8   13   -3   -4  -13    9   -7    2   -4    2    1   -4
    1   15   15    1    1   71    1    1       952  -14    7   -4    4    4    5   -3   17  -14  -15   -9    9   -9    4   -5    1    1   -4
    2    1    1    2    3    0    1    0      1939  -12   -7   14  -13    0    9    9   14   13    0  -11   -9   -2   11   14    8    9   10
    2    1    2    4    2    3    1    0      1959    5  -11  -15  -13   15    1    8  -14   18  -25   -3   -4   12  -15   22   14   -3   -7
    2    1    3    4    1    3    2    1      5339  -23   -1   -7    7    6   10  -10   14   -3   -7  -13   11   -6    4   -4    0    1   -4
    2    1    4    6    0    0    2    1      2695    2    5    7   14   -6    8    5  -21  -11  -11    9  -11   -6  -12  -22    2   10    5
    2    1    5    1    1   10    1    1      9468  -13   13   -1   -2   15   16  -10   16   -6   -5  -10    8   -9    4   -6    3    5   -8
    2    1    6    1    3   45    1    1      3219  -12   -6   16  -15   -3    2    4   14   11    2   -7  -11    0    9   13    9    7   10
    2    1    7    6    0    0    2    1      1588    2  -13  -14  -11    5   -9   -1    7    9   -9    8   15    7    8   -4    8   10    9
    2    1    8    1    2   24    1    1      3254    3    2  -15  -12   15    1    2   -3   18  -22    1   -6    8  -14   20   13   -4   -2
    2    1    9    4    2    4    1    0      2789    5    1  -13  -11   16    0    6  -15   14  -17    2   -4    9  -14   10    8   -3   -6
    2    1   10    1    2   71    2    0      5175    2   -8  -16  -11   12    4    9  -11   15  -15   -5   -8    9  -15   13    9    3  -14
    2    1   11    1    2   40    1    1      2458    1   -2  -13  -11   13    1    8  -11   17  -17   -3   -6    7  -17   16   11    0   -6
    2    1   12    4    3    3    2    1      5273   -4  -15   14  -11  -10    5   13   14   14   -1  -13   -7   -7   16   14   10   10   10
    2    1   13    4    3    4    1    0      2935  -16   -6   13  -12    0    8    8   13   12    1   -9  -11   -1   10   15    8   12   10
    2    1   14    4    1    2    1    0      3876  -13    6   -6    5    0   10   -7   14   -7   -7  -11   10  -10    2  -16   -5   -2  -13
    2    1   15    1    1   61    2    0      7226   -7   18   -6    7    3   18   -8   13   -4   -7  -12   10  -10    6   -5    2    1   -4
    2    1   16    1    1    2    1    1      2459  -13    6   -7    6    4   13  -10   13   -4   -4  -11   11   -8    4   -5    3    3   -3
    2    1   17    1    3   18    1    1      1770  -10   -7   14  -12   -9    2   10   14   14    0  -17  -10   -2   13    8    1    0    8
    2    1   18    1    3   29    2    0      2261  -12   -6    4  -13  -10    2   14   18   12    0  -15  -18   -1   11   12   10   16    7
    2    1   19    6    0    0    2    1      2204   13   -2  -16   -1    6   14   11  -17    2   10   16    7   14    9   -9   12   10  -12
    2    1   20    4    1    5    1    0      5525  -16    7   -4    4    5   13   -9   13  -10   -2  -12    7   -8    4   -3   -3    2   -5
    2    1   21    1    3   12    1    1      7034  -13   -6   14  -14    0   11    8   15   12    2  -13   -9   -5    6   16    7    6   20
    2    1   22    4    3    5    1    0      8194  -14   -3   12  -13    1    9   10   14   13    1  -10   -9   -2   13   14    6   10   10
    2    1   23    1    3   46    1    1      3068  -11   -7   15  -14   -8   17    1    9   12    0  -20  -10   -3   11   16    6    7   18
    2    1   24    4    2    2    2    1      3747    4   -2  -15   -9   14    3    7  -12   16  -13   -3   -3   10  -15   17   10    0   -7
    2    1   25    4    3    1    1    0      3262  -12   -8   14  -14    1   13    9   15   13   -3  -10   -9   -3   11   12    9    7   11
    2    1   26    4    2    1    2    1      3101    1   -1  -15  -10   13    4    7  -12   12  -16    2    5    9  -11   14   19   -4   -6
    2    1   27    2    2    0    2    1      2147    3   -3  -14  -11   14    1    8  -13   14  -15   -1   -5   10  -14   15   11   -2   -7
    2    1   28    1    1   53    2    0      1406  -14    9   -6    3   -3    4  -10   13    3  -12  -10    9   -9    1   -2   -3    7   -5
    2    1   29    4    3    2    2    1      2342  -12   -6   14  -14    6    9   12   12   14   -1  -12  -10   -3    9   17    9   17    3
    2    1   30    4    1    1    1    0      2934  -14   13   -6    3    6   10   -7   12   -6   -8  -10   11   -9    3   -5    1    1   -4
    2    1   31    4    1    4    1    0      6279  -17    4   -2    1    7   11  -10   14   -4   -5   -9    7   -3    3   -7    4    4    6
    2    1   32    4    2    5    2    1      3741    4   -8  -14  -10   16    3    7  -15   13  -14    0   -4   10  -12   14   11   -3   -6
    2    1   33    1    1   59    2    0      2313  -15    9  -13    0    6   10   -9   12   -6   -6   -8    7   -1   -2   -4   -3   -3    1
    2    1   34    1    2   67    2    0      2206    5   -5  -19  -14    8   -7    7  -13   13  -14   -2   -5   20   -5   14   11   -4   -7
    2    1   35    6    0    0    2    1      1415   16   -2   -7  -11    5   15   13  -12    1    9    1   -3   15   10  -12   14    8  -12
    2    1   36    2    1    0    1    0      1568  -14    8   -6    6    5   11   -9   14   -5   -6  -11    9   -8    3   -6    2    1   -3
    2    1   37    6    0    0    2    1      1203    0    3    5   14  -12   10   -6   -5   -3    6    1  -11   -6  -10  -15    7    9    4
    2    1   38    6    0    0    2    1      1012   -1   -9   -7   -9    7   -9    0    7   15   -1    6    9   11    3    2   18   14    7
    2    1   39    1    2   33    1    1      1581    1   -1  -12  -15    9    1   12  -16   10  -11    0   -7    9  -13   16   10   -2   -8
