    1    1    1    1    2    2    1    0      5693   15   -4   -1  -11    6    1    5   -9   -7   10  -16  -11  -14  -24   17    0  -14    1
    1    1    2    1    1    2    2    0      1888   -7   -1   -8  -13   10   14   -6  -16  -10   -7    6   -6  -23    6    7    1    4   12
    1    1    3    1    3    5    2    0      2118    3   -5    0   -4  -15    5   15   -1   -8    5   16   -9    4  -10  -11   15  -13    7
    1    1    4    1    2    5    1    0      1044   10    7    1   -9   15    4    6   -8   -5   11  -12  -15   -2  -13   16    8  -11   10
    1    1    5    1    2    1    2    1      1211    6   -1    3  -10   14    4    7  -10   -8   11  -15  -10   -6  -17   16   16   -9    9
    1    1    6    1    1    5    3    0       989  -11   -7   -8  -10   11   10    0  -14   -3   -4    2   -3  -13   -5    6    2    6   12
    1    1    7    1    2    3    2    1      1447   14   -3    2  -10   12    3    8   -9   -4   11  -12  -15   -5  -14   16    8   -9    8
    1    1    8    1    2    4    2    1       543    8   -2   -4  -21   13    2    4  -12   -5   11  -18  -17   -5  -15   17   10  -10    9
    1    1    9    1    3    1    3    1      1451   -3   -1   -2   -5  -16   -2   17    2  -12    4    8   -8    1  -10  -14   18   -9    7
    1    1   10    1    1    1    1    1       466  -10   -5  -13  -15   11    8   -6  -14   -9   -9    6   -6  -15   -4    7    2    6    9
    1    1   11    1    3    4    3    1      1137    3   -5   -2  -11  -20   -3   15    0   -7    5   16   -9   -6   -7  -13   17  -13    3
    1    1   12    1    3    3    3    1      2069    4   -2   -1   -7  -14   -1   15    0   -9    4    6   -9    3   -9  -14   11  -23    8
    1    1   13    1    1    4    1    1       660  -10   -3   -7  -10    6   15   -3  -15  -15   -8    4   -7  -15   -5    6    2    9   17
    1    1   14    1    1    3    3    0      1499  -10   -3   -7  -10   12   11   -5  -12  -13   -7    6   -6  -15   -3    6    8    5   10
    1    1   15    1    3    2    1    0      3201   -3   -8   -1   -7  -16    0   16    0   -8    9    9   -6    9   -1  -11   15  -12    7
    1    2    1    1    1    9    2    0       626  -11   -4   -7   -9   15    4   -3  -15   -6   -1    5   -6   -5    6    6    0    5   13
    1    2    2    1    1    7    1    1      1515  -11   -5   -9  -10   12    8   -4  -13  -13   -8    7   -8  -15   -4    4    0    5    9
    1    2    3    1    1    6    1    1       671   -9   -4   -8  -12   10    9   -2  -14  -12   -8    7   -7  -18   -6    6    0    5    9
    1    2    4    1    3    9    3    1       694   12    1   -3   -5  -10    3   16    0   -6    9    6   -7    2   -9  -12   16  -14    4
    1    2    5    1    2    9    2    1       732   12   -2    9   -9   13    1    6  -15   -5   11  -11  -19   -2  -17   18   10  -12   10
    1    2    6    1    2   10    2    1       384   13   -4    0   -9   14    2   16  -16   -4   11  -13  -13   -4  -17   16   10  -10   11
    1    2    7    1    2    7    2    1       338   13   -3    1  -10   13    2    5  -12   -5   11  -20  -14   -6  -13   17    7  -11    7
    1    2    8    1    1   10    1    1      1094   -9   -5  -10  -10   10   10   -3  -12  -11   -8    9   -2  -13   -4    6    3    5   11
    1    2    9    1    2    6    2    1       956   13   -3    2  -10   14    4    7  -12   -6   10  -16  -15    3  -13   15    9  -11    8
    1    2   10    1    3    7    3    1      1592    3   -2   -2   -6  -13    0   13    2    0   13    8   -9    2  -12  -12   16   -8    8
    1    2   11    1    2    8    2    1       634   14   -3   -4  -18   16    3    5  -11   -5   10  -22   -9   -3  -16   18   10  -10    9
    1    2   12    1    1    8    3    0      1490  -10   -6   -9  -13   12    8   -2  -16   -3    1    2   -9  -18   -8    5    1    5   11
    1    2   13    1    3    8    1    0      1880    5    1   -1   -7  -15   -1   14    1   -9    6    9   -9    1   -9  -12   17  -12    5
    1    2   14    1    3    6    1    0      3007    0    0   -5   -9  -15   -1   19   -1  -17    1    9   -8    3  -14  -12   15  -14    6
    1    2   15    1    3   10    3    1       984   10   -6   -3   -8  -14    0   14    0  -14    8    6  -10   -5   -9  -12   16  -11    3
    1    3    1    1    3   14    1    0      1810    3   -5    0   -5  -13    0   15    2   -7    6    7   -9    2  -13  -12   16  -12    4
    1    3    2    1    2   14    2    1       636   14   -2   -4  -21   15    3    8  -10   -8   10  -13  -16    1  -19   17    7  -11    8
    1    3    3    1    3   11    3    1      1108    3   -5    1   -6  -14   -1   17    0   -9    6   -3   -6    1  -10   -9   17  -14    6
    1    3    4    1    1   15    1    1      1017  -12   -3   -7   -9   11    8   -4  -13  -10   -6    3   -8  -12    1    8    0    4   12
    1    3    5    1    1   12    1    1      1250  -11   -5  -18   -8   13   11   -3  -14  -10   -9    5   -6  -16   -5    6   -1    3   12
    1    3    6    1    1   14    1    1       993  -10   -3   -9  -11   13    8   -4  -12  -18   -6    5   -7  -14   -5    7    2    8   10
    1    3    7    1    3   12    3    1      1708    1   -3   -3   -1  -16    4   13   -1  -10    9    4   -4   11   -4  -14   17   -7   -4
    1    3    8    1    2   12    2    1       745    6  -11    3  -10   15    3    5   -9   -5   12  -13  -15   -5  -14   18    8  -12    9
    1    3    9    1    1   11    1    1      3133  -11   -3   -9  -12   10   13   -4  -13  -13   -9    5   -7   -7    2    5   -3    3   11
    1    3   10    1    3   13    3    1      1457    2   -3   -3   -7  -13   -2   11   -2   -4   10    8   -8    1   -8  -14   14  -12    5
    1    3   11    1    2   13    2    1       600   12    0    3  -10   13    3    8   -9  -14    5  -14  -15   -3  -16   15   10  -11   10
    1    3   12    1    2   11    2    1       626   18   -1   -2   -9   14    4    5  -11   -7   21  -12  -11   -4  -13   16    8  -11    8
    1    3   13    1    3   15    1    0      1242    4   -4   -3   -5  -18    5   10    2   -9    7    5   -9    1  -11  -13   15  -12    6
    1    3   14    1    2   15    2    1      1531   13   -1    1  -10   16    4    7  -11   -5   12  -13  -16   -6  -11   17    7  -10    8
    1    3   15    1    1   13    1    1      5151  -16  -10   -9  -14   10    7    0  -15  -12   -5    5   -6  -15   -6    5    0    4   10
    1    4    1    1    1   17    1    1      1619   -8   -5   -6  -13   11   11   -3   -9  -12   -5    5   -5  -15   -4    4   -1    2   11
    1    4    2    1    3   17    3    1      2020    3   -2   -1   -7  -16    1   16    0  -10    8    5  -14    3   -9  -12   16  -13    3
    1    4    3    1    1   18    3    0      2597   -9   -4  -16   -7    6   14  -10  -23  -12   -6    4   -5  -15   -4   -3   -6   -1   11
    1    4    4    1    2   16    2    1       670   13   -3    3  -12   14    4   16   -2   -6   10  -13  -13   -6  -16   18    7  -11    8
    1    4    5    1    3   18    3    1      1701    0   -2   -1   -5  -20    3   16   -1  -10    9    9   -7    1  -10  -20    9  -13    6
    1    4    6    1    2   19    2    1       611   13   -3    5  -18   13    3    7  -11   -7   16  -13  -13   -2  -19   18   10  -11    8
    1    4    7    1    3   16    3    1      2828    1   -6    6  -14  -14    0   14    2  -10    5   16   -7    1   -9  -11   19  -12    4
    1    4    8    1    1   19    1    1      1357   -5    1   -9  -14    9   10   -3  -14   -9   -7    8   -9  -16   -6    7    3    3    3
    1    4    9    1    2   18    2    1       552   10   -4   -3  -12   14    2    6   -9   -7   12  -11  -13   -5  -19   14    7   -9    9
    1    4   10    1    2   20    2    1       724   11   -1    1  -10   12    5    5   -9   -4   10  -23  -12   -3  -13   16   10  -16    2
    1    4   11    1    1   16    3    0      3272  -18  -10   -7  -13   11   10   -3  -15  -10   -7    7   -5  -19  -12    7   -1    5   10
    1    4   12    1    2   17    2    1       551   13   -3   -5  -13   15    3    4  -11   -4   10  -12  -15   -3  -15   22   15  -10    8
    1    4   13    1    3   20    3    1      1346   -2  -14   -3   -5  -20    0   22   -2   -7    4   -1   -1    2  -11  -20   12  -14    3
    1    4   14    1    1   20    1    1      1983  -10   -3   -9  -11   13    9   -6  -13  -10   -6    4   -7  -15   -5    6    0    2   11
    1    4   15    1    3   19    3    1      2593    2   -7    7   -8  -18    0   13   -1   -8    8    6   -6    1  -10  -13   17  -14    5
    1    5    1    1    1   24    1    1      2747   -8   -3  -15  -20   21   -1   -6  -14  -10   -7   15  -11  -13   -3    8    3   -4   12
    1    5    2    1    3   24    3    1       655   -6    2    5  -13  -16    0   13   -8   -7    7    6   -8    4   -2   -6   17  -21   15
    1    5    3    1    2   21    2    1       582   13   -3    7  -16   15    2    7  -11   -7   12  -12  -14   -2  -15   17    8   -2   10
    1    5    4    1    1   23    1    1      1280  -14  -14   -6  -10   11    8   -5  -14  -12   -9   15   -8  -15   -4   -2    6   -1   14
    1    5    5    1    3   22    3    1       431    1   -4    0   -6  -16    0   17    1   -9   10    8   -6    5  -14  -18   16  -12    3
    1    5    6    1    2   23    3    0      1151   14   -3    2  -13   16    1    6  -11   -5    9   -4  -24  -13  -21   14    9  -13    8
    1    5    7    1    3   23    3    1       787    4   -4    7    1  -14   -5   13    1   -8    2    6   -7   -2   -1   -9    6   -3    4
    1    5    8    1    3   25    3    1       805    0   -3    8   -7  -13    3   17   -1   -6    6    5   -7    0  -11  -15   20  -11    4
    1    5    9    1    3   21    3    1       758    0  -12    4    0  -15   -1   16    1   -7    5    7   -1   -3  -12  -15   18  -14    6
    1    5   10    1    2   22    2    1      1625   12   -4    7  -16    6   -4    7   -9   -2    8  -18  -23   -5  -14   16    8   -9   11
    1    5   11    1    2   25    2    1       778   11    0    4  -14   14    4    5   -9   -5    9  -18  -16   -3  -15   17   11   -9    6
    1    5   12    1    1   21    3    0      2749  -12   -2   -8  -12   12   12   -5  -15  -11   -9    7   -8  -16  -10    5   -5    2    1
    1    5   13    1    2   24    2    1       832   12   -4    3  -11   14    2    5   -8   -8   12  -18  -14   -5  -15   16    8  -10    9
    1    5   14    1    1   25    1    1      2832  -10   -5   -9  -11   10    9   -4  -13   -6   -4    7   -6   -8   -7    6    0    6   12
    1    5   15    1    1   22    3    0      1456   -7  -14   -7  -10   10    7   -9  -11  -11    3    6   -6  -14   -2    5    1   10   21
    1    6    1    1    2   26    2    1       776   15   -2    4  -11    9    0    8  -10   -6   15  -11  -13   -5  -13   14    8   -7    7
    1    6    2    1    3   30    3    1      2891    7    4    1   -9  -16    0   16    3   -7    7    8   -7    0   -5  -14   18  -12    5
    1    6    3    1    1   27    3    0      1033  -10   -3  -13   -6   12    8   -2  -15   -9   -7   11   -9   -4    2    8    2    2    9
    1    6    4    1    3   29    3    1       689    3   -5   -1   -4  -14   -1   13    2   -9    7    8   -7    2  -11  -10   24  -23   10
    1    6    5    1    1   28    2    0       759   -9   -5   -7   -9   12    8   -4  -12  -11   -3    5   -7  -19  -14    8    5    2   11
    1    6    6    1    2   28    2    1       842   14   -2    0  -12   15    3    5  -11   -5   11   -8  -10   -4  -16   14    8  -12    9
    1    6    7    1    3   26    3    1       714    3   -2    0   -8  -16   -2   13    1   -7    5    6   -6   -6   -2  -14   15  -11    5
    1    6    8    1    2   29    2    1       655   11    0    3  -11   13    3   -4  -10   -7   11  -12  -15   -3  -15   17    8   -9    7
    1    6    9    1    1   30    3    0      3222  -14  -13   -8  -12    6   13   -5  -13  -10   -5   -2   -8  -15   -3    5    0    2   12
    1    6   10    1    1   26    1    1      1591  -11   -5   -7  -16   11   11   -4  -15  -10    1    5   -6  -19   -7    6   -3    2   12
    1    6   11    1    3   27    1    0       953    0   -6   -5   -7   -8    2   16    0  -10    6   -3    2   -2   -1  -12   15  -14    5
    1    6   12    1    1   29    1    1      1668   -9   -6   -8   -9   11    8   -5  -13  -12   -5    7   -7  -15   -3    7   -1    5   11
    1    6   13    1    3   28    3    1      2211   -2    3    0   -6  -16   -2   14    0   -9    8   17  -11    1   -9   -9   17  -12    7
    1    6   14    1    2   27    2    1       797   15   -3    3  -12   22   11    5   -9   -5   11  -14  -13   -3  -15   14   15  -10   10
    1    6   15    1    2   30    2    1       687   14    0    2  -12   17   -2   13   -6   -4   10  -19   -5   -2  -14   15    6  -12    8
    1    7    1    1    2   31    2    1       677   13   -1    1   -9   15    4    5   -9   -6   12  -14  -15   -5  -12   18    7  -12   18
    1    7    2    1    2   35    2    1       443   13   -1    1  -10   18    2    7   -4   -8   12  -12  -11   -5  -14    7    1  -10    9
    1    7    3    1    3   33    3    1       764    4   -6    0   -6  -17    1   15    0   -7    7    6   -7    3  -10  -14   14  -12    6
    1    7    4    1    2   34    2    1       623   15   -1    1  -10   15    3    5   -9   -7   11  -12  -12   -4  -16   17    9  -13   15
    1    7    5    1    1   33    1    1      3192  -10   -3   -6  -10   12    8   -3  -14  -12   -6    7  -12   -9   -6    7    0    3    6
    1    7    6    1    2   32    2    1       666   22  -10    2  -12   10    3    3   -9   -5   10  -18  -18   -5  -24    7    4  -10    8
    1    7    7    1    1   32    1    1      3104  -13   -1   -7  -12   13   12   -4  -12  -13   -7    4   -5  -15   -9    0    2    5   13
    1    7    8    1    3   34    3    1       774    1   -4   -2   -5  -14   -2   15    3  -10    7    6   -7    3  -11  -12   16  -14    5
    1    7    9    1    1   31    3    0      3369   -9   -5   -9  -12   12   10   -2  -13  -12   -4    6   -8  -17   -6    6    0    3   11
    1    7   10    1    3   32    3    1      1636    2   -2   -4   -6  -16    0   14    3  -10    3    6   -7    3  -10  -14   15  -13    8
    1    7   11    1    3   31    3    1      1396    7   -2   -7   -6  -15   -5   13    2   -8    6    9  -10    4  -10  -14   21  -17    3
    1    7   12    1    1   34    2    0      3182  -20    2   -6   -4   14   10   -2  -12  -10   -7    6   -5  -14   -5   12   -7   -3   10
    1    7   13    1    3   35    3    1      1936    4   -3   -5   -1  -13    2   19   -7   -7    9    9   -8    0   -8  -11   16  -12    4
    1    7   14    1    2   33    2    1      1364   14   -3    1  -12   12    1    7  -11   -9    7  -14  -14   -2  -17   24   19  -10    9
    1    7   15    1    1   35    1    1      3215   -7   -3  -17  -20   15   17   -3  -15  -11   -8   11   -7  -14   -5    2    5    3   11
    1    8    1    1    2   40    2    1       496   14   -3    2  -10    9    2    5  -11   -4   10  -14  -12   -3  -15   18   11  -10   12
    1    8    2    1    2   36    2    1       718   12    0    1  -11   16    1    6   -9   -6   12   -7   -9   -6  -15   17    7  -11    8
    1    8    3    1    3   37    3    1       899    2   -6   -2   -4  -17    2    9   10   -9    8    3   -4    2  -11  -12   17  -10    2
    1    8    4    1    3   40    3    1      3360    1   -6   -2   -4  -15   -2   13   -3  -10    9    8   -8    6  -10  -12   16  -18    4
    1    8    5    1    3   39    3    1      1228   10  -13   -1   -5  -10   -5   15    2   -9    8    9   -8    5   -6  -13   18  -14    6
    1    8    6    1    1   40    3    0      1164   -9   -4   -8  -10   11   10   -2  -16   -4  -17    5   -5  -22   -5    9    3    0   16
    1    8    7    1    1   38    3    0      4207   -8   -6   -6  -12   15    7   -5  -15   -8    1    5   -7  -14   -5    5    2    2   11
    1    8    8    1    2   37    2    1       617   14   -2    1  -13   14    2   12   -6   -6    8  -14  -15   -4  -18   12   15   -9    9
    1    8    9    1    1   36    2    0       450  -10   -5   -6  -12    9   10   -2  -16   -9   -9    7   -7  -15   -5    7    1   -4   12
    1    8   10    1    1   39    1    1       609   -2  -14   -9  -12   10    9   -4  -13  -11   -8    7   -6  -13   -3   -3    9    4   12
    1    8   11    1    1   37    2    0       794  -15   -6   -8   -9    9   11   -3  -13  -12   -7    5   -7  -17   -1   -1    0    4   10
    1    8   12    1    2   39    2    1       780   12   -2    1  -10   12    5    2  -12   -6   12  -14  -12   -5  -14   15    9   -9   10
    1    8   13    1    3   38    3    1      1007    4   -3    0   -5  -16    1   16    1   -1   14    8   -8    6  -10  -13   17  -13    6
    1    8   14    1    2   38    2    1       728   11  -11    3   -9   13    3    4  -11   -7   13   -9  -18   -6  -14   15    8  -12    9
    1    8   15    1    3   36    3    1       909    1    2    0   -4  -14   -1    8    6   -9    6    6   -7    5  -14  -12   16  -12    5
    1    9    1    1    1   45    1    1       843   -6   -7   -9  -13   10   11   -6  -13  -10   -9    3   -9  -14   -2    6    0    4   13
    1    9    2    1    3   44    3    1      1243    4   -5   -4   -9  -14   -1   15    0   -8    6   16  -17    0  -15  -13   14  -15    6
    1    9    3    1    1   41    3    0      2074  -11   -4   -7  -10   10    8   -7  -14  -17    2    7   -7   -9   -7    7    0    8   16
    1    9    4    1    1   44    3    0      3049  -11   -4   -9  -11   11   11   -5  -13  -12   -6    5   -5  -14  -12   10   -9    5   11
    1    9    5    1    2   44    2    1       657   19    2    0  -11   12    4    4   -8   -8   13  -10  -19   -3  -14   12   11   -9    8
    1    9    6    1    2   42    1    0      1752   11   -2    1  -12   15    3   11   -5   -6   10   -5   -6   -5  -17   17   11   -9   17
    1    9    7    1    1   42    1    1      1252  -11   -5   -7  -11    9    8   -4  -15  -10   -8    8   -6  -13   -2    6    0    4   12
    1    9    8    1    3   43    3    1       835    3   -5   -2   -4  -17    1   14    2   -7    5    7   -8    2  -11  -14   14  -12    8
    1    9    9    1    3   42    3    1      3603   -5   -7   -2   -5  -16    0   24    7   -7    6    8  -10    2  -11  -22   15  -12    3
    1    9   10    1    2   41    2    1      1541   14   -3    4  -13   23   -5    7  -11   -5   11   -4   -5   -3  -15   16   10  -11   10
    1    9   11    1    3   41    3    1       969    0   -2    1   -8  -16    1   16    1   -7    8    5   -7    1  -15  -12   17  -14    6
    1    9   12    1    1   43    1    1       755   -9   -4   -7  -11    9   10   -5  -14  -12   -9    4   -5  -19   -5    5    0    6   11
    1    9   13    1    3   45    3    1      1111    3   -3   -1   -7  -14   -1   14    0  -10    7    6   -6    2   -9  -12   23  -14    7
    1    9   14    1    2   45    2    1       684   14   -2    1   -9   15    5    0   -2   -7   11  -14  -13   -2  -16   14   10  -11   10
    1    9   15    1    2   43    2    1       434   13   -4    3  -12   14    2    7  -11   -6   10  -14  -12   -5  -15   15   12   -9    4
    1   10    1    1    1   49    3    0      2514   -6  -11   -8  -13   10   12   -5  -14  -15  -10    6   -6  -13    1   14   -8    5   11
    1   10    2    1    3   47    3    1       895    1   -2   -3   -4  -11    2   15    0   -9    8    5   -8    3   -6  -23   10  -21   -3
    1   10    3    1    3   50    3    1      1741    0   -2    0   -7  -10   -4   15    0  -14    1    7   -9    1  -10  -14   16  -14    4
    1   10    4    1    2   49    2    1       681    9  -12    4  -11   13    4    6   -9   -4   12  -12  -15   -2  -15   16    7  -11    8
    1   10    5    1    2   47    2    1       383   15   -1    1  -10   14    4    6   -8   -6   12  -16  -10   -5  -15   16   16  -16   14
    1   10    6    1    1   48    1    1      1009   -9    1   -8  -10   10   11   -2  -16   -9   -6    5   -6  -13   -4    6    2    3   10
    1   10    7    1    3   46    3    1       827    2   -6   -4   -4  -14   -1   23   -2   -8    9    8   -7    2   -9  -14   15  -12    5
    1   10    8    1    2   48    2    1       476   13    0    3  -12   14    2    7  -10   -2    9  -13  -12   -5  -14   14   10  -21    6
    1   10    9    1    2   46    2    1       762   12   -1    2  -10   14    2    8  -12   -4   11  -20   -6   -4  -14   15    9  -11   10
    1   10   10    1    3   49    1    0      1789    3    2    0   -7   -8   -2   14    1   -8    5    7   -6    2   -9  -15   17  -12    5
    1   10   11    1    1   50    1    1      4344  -12    0   -9   -9    6    9   -9  -15   -9   -6    5   -8  -13   -5    7    1    2    6
    1   10   12    1    1   46    1    1      1404  -10   -6   -7  -10   11   10   -6  -15   -9   -9    6   -9  -13   -3    9    0    6   12
    1   10   13    1    1   47    1    1       677   -5   -3   -9   -9   10   10   -5  -13  -11   -6    7   -8  -16   -2    5    2    0    7
    1   10   14    1    3   48    1    0      2012    0   -5   -3   -5  -13    1   15    0   -9    7    9   -9    1  -10  -11   16  -13    4
    1   10   15    1    2   50    2    1       637    9   -7    4  -13   17    2   14  -13   -8   13  -15  -13   -4  -16   16    8  -14    7
    1   11    1    1    1   53    3    0      8949  -10   -2   -8  -10   10   12   -4  -12  -13    2   10   -4  -13   -4    4    1    2   12
    1   11    2    1    3   52    1    0      2577    0   -2   -1   -5  -11    1   16    0   -9    5    5    0    1   -9  -14   14  -17    3
    1   11    3    1    2   52    2    1       796   13   -3    2  -12   14    2    5   -9   -4   16   -8   -8   -3  -15   17   10  -10    8
    1   11    4    1    1   55    1    1      1038   -9   -6  -10  -10   13   11   -3  -16  -12   -6    5   -6  -15   -5    5    0    4   10
    1   11    5    1    1   51    2    0      1302  -11   -3   -8  -12    9   10    2   -8  -11   -6    7   -9   -4   -7    6   -1    1   11
    1   11    6    1    3   51    3    1      1251   -3   -1    0   -5  -15    1   14    0  -10    9    7   -9    3   -8  -13    6  -12    4
    1   11    7    1    2   53    2    1      2771   11   -3   -7   -8   13    2    5  -10    2   18  -14  -13  -13   -9   15    8  -13    7
    1   11    8    1    2   55    2    1       597   14   -4    0   -9   15    3    5   -8   -5   12  -12  -16   -6  -17    6   12  -12    8
    1   11    9    1    3   53    1    0      1680    2   -2    2    2  -15   -1   14    3  -17    3    7   -5    3  -11   -9   10  -12    4
    1   11   10    1    3   54    3    1       942    1   -4   -2   -5  -13    2   20    1  -10    9   10   -5    3  -13  -23   20  -12    4
    1   11   11    1    2   51    2    1       858   14   -6    2  -15   19    7    7  -10   -5   11  -15  -14  -12  -14   17    8  -15    4
    1   11   12    1    1   54    1    1      1386  -11   -2   -9   -3   10    9   -4  -13  -16   -4    6   -8  -14   -6    7    0    5   10
    1   11   13    1    1   52    1    1      1108   -9   -4  -13  -12   10    8   -6  -16  -12   -6   13    0  -16   -2   13    8    4   10
    1   11   14    1    2   54    2    1       777    9   -3   -5   -8   15    3    7  -11   -5    9  -13  -15   -5  -15   23    3  -14    4
    1   11   15    1    3   55    3    1      1148   -1    5   -7  -16  -16    4   15    2   -8    8   16  -13    3   -7  -12   17  -11    5
    1   12    1    1    1   60    1    1      1839  -12    6   -8  -12   11   10    0  -13   -1   -6    5   -5  -13   -5    5    1    3   13
    1   12    2    1    2   56    2    1       487   12   -1    5  -15   13    4    4  -12   -7   11  -15  -13   -8  -15   17   11  -11    7
    1   12    3    1    3   58    3    1       933    0   -3   -2   -4  -17    0   15   -1   -5   10   10  -16    3  -10  -12   16  -14    1
    1   12    4    1    1   58    1    1      2018   -9   -2  -14  -19   13    8   -4  -12  -21  -11    6   -6  -14   -2    7    1    8   13
    1   12    5    1    3   59    3    1      1346    2   -5    6   -3  -10   -4   13    3   -3    4    7   -9    3   -9  -12   18   -5    6
    1   12    6    1    2   59    2    1       606   15   -4   12   -4   14    1   -4   -7   -5   14  -18  -16   -3  -17   14   11  -12    8
    1   12    7    1    2   60    2    1       551    3    7    3   -7   23   -7    4   -9   -7   11  -11  -16   -4  -16   18    7  -16   17
    1   12    8    1    3   60    3    1       643    3   -4   -1   -5  -20   -6   17    4   -7    9    6   -6    1   -9  -17    7  -15    6
    1   12    9    1    2   57    2    1       587   13   -1    0  -11   16    2    7  -10   -8   13  -14  -13   -4  -14   15   14  -10    9
    1   12   10    1    3   56    3    1       613    1   -4   -3   -6  -14    0   16    2   -8    6    8   -6   -6   -7  -12   15  -12    6
    1   12   11    1    3   57    3    1      2287    4   -3   -2   -7  -13   -1   16    2  -10    6   15  -14    0  -10  -15   21  -18   14
    1   12   12    1    1   56    1    1      1381   -9   -3  -17  -14   11    8   -7   -6  -19    0    7  -11  -24   -6    6    2    4    9
    1   12   13    1    2   58    2    1       624   15   -7    3  -11   12    2    5   -6   -7   10  -15  -21   -4  -13   16    8  -11   10
    1   12   14    1    1   57    3    0      3896   -9  -14   -6  -11   12    6    1  -18  -12   -7    5   -9  -18   -8    7    3    3    9
    1   12   15    1    1   59    1    1      3534  -13   -8  -10  -13   13    8   -6  -14   -5  -16    5   -9  -14   -3   12    2    5   12
    1   13    1    1    1   63    1    1       723  -13   -1   -8   -8   10    8   -1   -8  -12   -9    8   -9   -5   -2    6    2    9   14
    1   13    2    1    1   64    3    0      1783   -9   -4  -11   -6   13    8   -5  -13  -10   -8    6   -6  -18   -9    6    0    8    9
    1   13    3    1    3   63    3    1      1169    2   -3    9   -7  -14    1   16    2   -9    7    6   -5    3   -7  -12   15  -12    3
    1   13    4    1    1   65    1    1      1284   -8   -3  -15  -16    1   10   -2  -16  -10   -6    8   -7  -15   -3    7   -1    2   13
    1   13    5    1    2   61    2    1       690    8    1    3  -11   12    6    5   -9   -5   11  -15  -13  -10   -9   18    9  -13    9
    1   13    6    1    3   64    3    1      2120    3   -5    0   -5  -17    1   19   -6  -16    8    8   -7    4   -8  -10   12  -14    7
    1   13    7    1    2   64    2    1       821   12   -2    3   -2   12    4    6  -12   -8   10  -11  -13   -5  -15   16   10  -13    9
    1   13    8    1    1   62    1    1       934   -8   -6   -9  -11   11    8   -4  -16  -20   -5    4   -7  -15   -4    7    0    4    5
    1   13    9    1    3   65    3    1      1298    1   -3   -2   -5  -15    1   17    1   -6    7    4   -3    3  -11  -12   15  -17    8
    1   13   10    1    2   63    2    1       367    9    8    0   -9   15    4    4   -9  -14   20  -14  -14   -2  -15   13   12  -15    9
    1   13   11    1    2   65    2    1       546   15   -1    0  -10   20   -4   10  -19   -2   12  -15  -15   -6  -13   17    9  -13   11
    1   13   12    1    1   61    2    0       430   -8   -3   -7  -11   12   10   -6  -15   -9   -8   -3   -4  -14   -6    8    2    5   13
    1   13   13    1    2   62    2    1      1471   13   -3    0   -9   14    4   10   -6  -15   15  -11  -16   -3  -11   17    8  -11   11
    1   13   14    1    3   62    3    1       581    2   -6   -3   -7  -14    0   16    1   -8   10    7   -8    3   -9  -12   15  -13    7
    1   13   15    1    3   61    3    1      1039    1   -3   -3   -4  -15    2   14    2   -9    7    9   -8    3   -9  -20   20  -18    1
    1   14    1    1    1   68    1    1      1591  -12   -3   -7  -12   12    9   -4  -15  -10   -8    5   -6  -10  -12   10    6    5   11
    1   14    2    1    3   68    3    1      1561    0    0    0   -7  -19    1   13    0   -8    6    5   -4    1  -10  -14   17  -17   10
    1   14    3    1    3   67    3    1     12077    4   -4    1   -7  -17    2   15    2   -8    6    7   -6    2  -11  -12   16  -12    3
    1   14    4    1    2   69    2    1       620   13   -1    0  -12   12   12    8   -5   -7   12  -12  -15   -6  -13   16    7  -12    9
    1   14    5    1    1   67    1    1      1493  -11   -4   -7  -11    8    4   -4  -17  -13   -7    5   -6  -14   -3    1    1    5    9
    1   14    6    1    2   68    2    1       587    8    2    1  -12   11   -1   11  -11   -5   12  -16  -14   -3  -14   18   10  -12    9
    1   14    7    1    2   66    2    1       501   15    4   -1   -5    9    1    5  -10   -7   12  -14  -16   -3  -16   16   10  -11   10
    1   14    8    1    1   66    3    0      2178   -8   -5   -7   -9    9   10    0  -16  -15  -11    6   -8  -14   -2   10   -9    3   11
    1   14    9    1    2   67    2    1       717   14   -1    1  -11   15    3    4   -9    3   19  -13  -13   -2  -15   16    7  -16    9
    1   14   10    1    3   70    3    1       786    0   -3    1   -6  -15   -2   10    3   -8    8   11  -11    3  -11   -7   19  -14    5
    1   14   11    1    1   69    3    0      3700  -12   -2   -9  -11   12    8   -2  -13  -19   -1   -3  -11  -15   -2    9   10    3   11
    1   14   12    1    3   66    3    1       849    0   -3    0   -6  -16   -5   17    2   -8    8    8   -6    3  -10  -17    9  -13    7
    1   14   13    1    1   70    1    1      1505  -10   -3   -6  -12    8    4   -2  -16  -11   -8    5  -10  -14   -3   11    1    0   10
    1   14   14    1    3   69    3    1      1062    0    0   -2   -5  -15   -1   18    3  -10    6    5   -6    0  -11  -15   15  -15    6
    1   14   15    1    2   70    2    1       589   13   -1    1  -12   14    2    7  -11   -4   11  -13  -15   -6  -14   13    4  -12    9
    1   15    1    1    1   73    1    1      1255   -9   -3   -9   -9   14    9   -5  -14  -12   -6    7   -6  -13   -3    8   -2    3   10
    1   15    2    1    2   71    2    1       711   14   -2    0  -12   17    6    7   -8   -7   12  -14  -13   -4  -13   16   10   -8   14
    1   15    3    1    3   73    3    1       956    2   -5   -2   -6  -17    1    5   -3   -6    6    5  -13    3  -11   -4   13  -14    3
    1   15    4    1    3   71    3    1      1336    0   -5    6    2  -16    0   17    5   -7    9    9   -4    0  -11  -14   17  -12    4
    1   15    5    1    1   71    1    1      1876  -19  -10   -9  -12   12   16   -4  -15  -13   -8    9    3  -15   -4    6    0    3   10
    1   15    6    1    3   72    1    0      1546    1   -5   -3   -7  -22    8   14    3  -13   11    7   -9    3  -11  -15   14  -13    7
    1   15    7    1    3   75    3    1       911    2   -8   -3   -6  -13    1   13    0  -10    8   10   -2    3  -11  -14   16  -11    4
    1   15    8    1    1   75    3    0      1628  -11   -2   -9  -11   11   13   -2  -12  -13    2    5   -8  -23   -9    7    0    2   11
    1   15    9    1    2   74    2    1       813   13   -1    1  -10   12    1    6   -5  -12   18  -14  -10   -5  -15   14   11  -11   10
    1   15   10    1    1   74    1    1      1710   -9   -4   -7  -12   11   10   -6  -14  -11   -6    7  -10  -13   -5    4    1    6   12
    1   15   11    1    3   74    3    1      1163    1   -4   -2   -7  -15   -2   16    3   -7    6    5   -8    4  -16  -15   17  -12    4
    1   15   12    1    2   72    2    1       543   15   -1    1  -10   14    4    6   -9   -6    9  -11  -16   -5  -16   17    9  -10    9
    1   15   13    1    2   75    2    1       539   15   -4    3  -10   13    5    6  -11   -7   12   -9  -19   -5  -15   15   10  -10    9
    1   15   14    1    2   73    1    0      2679   20   -3    3  -12   15    2    8  -14  -15    2   -6   -8   -2  -14   12    4  -17    0
    1   15   15    1    1   72    1    1      1582   -6   -7   -7  -10   12    9  -13  -24  -13   -7    5   -6  -14   -3    8    3    5   11
    2    1    1    1    2   33    1    1      2843   14   -3    1  -12   12    1    7  -11   -9    7  -14  -14   -2  -17   24   19  -10    9
    2    1    2    1    3   18    2    0      2523    0   -2   -1   -5  -20    3   16   -1  -10    9    9   -7    1  -10  -20    9  -13    6
    2    1    3    1    1   58    2    0      1687   -9   -2  -14  -19   13    8   -4  -12  -21  -11    6   -6  -14   -2    7    1    8   13
    2    1    4    4    2    2    1    0      1429   15   -6    0   -9   13    1    4  -15   -1    9  -21  -20   -3  -16   16    8  -10    9
    2    1    5    4    1    4    2    1       942  -11   -3   -6  -11   11   11   -5  -16  -15   -2    3  -10  -13   -4    2   -3    4   13
    2    1    6    4    3    1    2    1      1082    3   -3   -3   -7  -11   -2   15    3   -7    7    7   -2   -5  -20  -18   20  -13    6
    2    1    7    4    3    2    1    0      2368   -2    6   -3   -6  -14    0   16    1   -7    6    7   -6    0  -10  -15   14  -15    5
    2    1    8    6    0    0    2    1      1635   -7    4  -12   -4    4  -17    8  -16    5   -3   -2   -1   13    5   -5    0  -13    0
    2    1    9    4    1    2    1    0      1267   -9   -4   -8  -13   11    8   -4  -15   -4  -10    5   -6  -16   -2    7    0   -6   12
    2    1   10    6    0    0    2    1      1330   -9    6  -13   -4    3  -14   12  -13    5   -4   -2    1   19   -5   -7   -6  -10    4
    2    1   11    2    2    0    1    0      1615   13   -2    2  -11   14    3    6  -10   -6   11  -13  -14   -4  -15   16    9  -11    9
    2    1   12    1    3   66    1    1      1375    0   -3    0   -6  -16   -5   17    2   -8    8    8   -6    3  -10  -17    9  -13    7
    2    1   13    6    0    0    1    0      1498   -1    7  -15    2  -16   -1   -8   10   14  -12   -4   -1    6    1   -7    1    7    3
    2    1   14    6    0    0    1    0      1375    8  -14   15   17   12  -11   -2   14  -12   -2   12    4   10   12    4    9   12   -1
    2    1   15    4    1    5    2    1      1642   -8   -6   -8  -12   11   10   -3  -15   -9   -8    5   -7  -20  -11    9    4    4   13
    2    1   16    4    2    5    1    0      1514   14   -1    2  -10   12   12    5  -10   -8   11  -11  -15   -2  -14   16   11  -12    8
    2    1   17    4    3    4    2    1      1231   -3   -7    0   -8  -16    2   16    1   -5    1    5   -7    2  -11  -14   17  -14    5
    2    1   18    1    2    2    2    0      2623   15   -4   -1  -11    6    1    5   -9   -7   10  -16  -11  -14  -24   17    0  -14    1
    2    1   19    1    1   40    1    1      2568   -9   -4   -8  -10   11   10   -2  -16   -4  -17    5   -5  -22   -5    9    3    0   16
    2    1   20    1    1   42    2    0      3731  -11   -5   -7  -11    9    8   -4  -15  -10   -8    8   -6  -13   -2    6    0    4   12
    2    1   21    4    3    5    1    0      1039    4   -4   -3   -5  -15    1   15    0   -7    7    6   -5   -2  -12  -14   16  -11    2
    2    1   22    2    3    0    1    0       696    2   -4   -1   -6  -15    0   15    1   -8    7    7   -7    2  -10  -13   16  -13    5
    2    1   23    1    1   74    1    1      2350   -9   -4   -7  -12   11   10   -6  -14  -11   -6    7  -10  -13   -5    4    1    6   12
    2    1   24    1    1    6    1    1      1505   -9   -4   -8  -12   10    9   -2  -14  -12   -8    7   -7  -18   -6    6    0    5    9
    2    1   25    4    1    1    1    0      1527   -7   -5   -4  -10   10   11   -3  -13  -10   -8   15   -8  -15    1   -1   10    4   13
    2    1   26    2    1    0    1    0       699  -10   -4   -8  -11   11    9   -4  -14  -11   -7    6   -7  -14   -4    6    1    4   11
    2    1   27    1    3   55    2    0       753   -1    5   -7  -16  -16    4   15    2   -8    8   16  -13    3   -7  -12   17  -11    5
    2    1   28    1    3   29    1    1      1252    3   -5   -1   -4  -14   -1   13    2   -9    7    8   -7    2  -11  -10   24  -23   10
    2    1   29    1    2   46    2    0      2515   12   -1    2  -10   14    2    8  -12   -4   11  -20   -6   -4  -14   15    9  -11   10
    2    1   30    4    1    3    2    1      1456   -8   -4   -7  -10   10   11   -4  -13  -11   -5   -2   -3  -15   -6   11   -2    3    9
    2    1   31    1    2   65    1    1      1031   15   -1    0  -10   20   -4   10  -19   -2   12  -15  -15   -6  -13   17    9  -13   11
    2    1   32    1    3   12    2    0       976    1   -3   -3   -1  -16    4   13   -1  -10    9    4   -4   11   -4  -14   17   -7   -4
    2    1   33    1    2   24    1    1       746   12   -4    3  -11   14    2    5   -8   -8   12  -18  -14   -5  -15   16    8  -10    9
    2    1   34    4    3    3    1    0      1038    1   -6   -1   -7  -15   -1   16   -1   -6    8    5   -5    7   -2  -13   18  -13    4
    2    1   35    6    0    0    2    1       742    3    4  -18    6  -11    6   -7   11   14  -11   -3   -3    7    2   -6    4    5    3
    2    1   36    6    0    0    2    1      1403    6  -17   13   16    9  -10    7   13  -23   -5   20    2   10   11    6    9   12   -3
    2    1   37    4    2    1    1    0       756   11   -4    2  -13   14    4    0   -9   -4   13  -13  -15   -6  -15   15   10  -12    9
    2    1   38    4    2    4    2    1      1479    5   -9    1  -11   14    5   -2  -13  -16    2  -13  -13   -5  -16   15   11  -10    7
    2    1   39    4    2    3    1    0       702   15   -1    1  -10   13    5    6  -15   -5   10  -14  -15   -3  -16   18   10  -10   11
