    1    1    1    1    2    3    1    0      5953    8   -1   -6    6   -6   15   -3   -7   10    1    2    9    2   13    1    2    5  -10
    1    1    2    1    2    4    2    1      1376    8    3   -1    8   -5   13   -4   -2   12    1    5   10    2    2   -3    4    1  -11
    1    1    3    1    3    1    2    0      1531    1   13    4   -8   -6   -1    5  -12   -4   11   -6   -6   -9   -6    6  -15   -6    4
    1    1    4    1    3    4    3    1       863   -1   16    5  -10   -1   -7    3  -11   -8   13   -5  -10  -12   -6   10  -18   -5    5
    1    1    5    1    2    5    1    0      2205   10    6  -10   13   -8   16   -5   -5   10    2   -5   12    2   13   -7   -4    4  -14
    1    1    6    1    3    3    3    1       711    0   17    6   -9    2    4    7   -7   -3   15   -8   -4  -10   -8    7  -14   -4    4
    1    1    7    1    2    1    3    0      1020    7    6  -10   15    3    8    3   -1   12    0   -3    6    4   10   -1    3    1  -18
    1    1    8    1    1    5    2    0      2741    5    1   -6   -1    8   -9    4   16    5   10  -12    5  -10  -12    0    5   -1   14
    1    1    9    1    1    1    3    0      1001    5    5  -17    2    8   -8    7   14    4   11   -2    5   -1  -14   -4    6    7   24
    1    1   10    1    3    2    3    1       914    4   16    6   -8    4    3   12   -4   -6   10   -3   -9  -16  -11    6  -14   -9    0
    1    1   11    1    3    5    3    1      1167   -1   15    8  -12   -2    0    5  -13   -5   10   -4  -10  -13   -5   12  -16   -6    5
    1    1   12    1    2    2    2    1      1058    7    5   -3   17   -4   12   -2   -7    3   -4    0   10   -2   14   -1    3    7  -11
    1    1   13    1    1    4    1    1       793    7   -3   -9    0    8    2    4   17    4   13   -7    2  -11  -11   -3    5    0   17
    1    1   14    1    1    2    1    1      1131    6    2   -9    0   10   -9    5   16    7   12  -13    5  -12  -14   -1    3    6    5
    1    1   15    1    1    3    1    1       943    0   -5  -10   -1    8   -7    9   19    4   12  -11    4  -11  -13    0    6   -3   13
    1    2    1    1    2    3    2    1       939    8   -1   -6    6   -6   15   -3   -7   10    1    2    9    2   13    1    2    5  -10
    1    2    2    1    2    5    2    1       775   10    6  -10   13   -8   16   -5   -5   10    2   -5   12    2   13   -7   -4    4  -14
    1    2    3    1    3    3    3    1       441    0   17    6   -9    2    4    7   -7   -3   15   -8   -4  -10   -8    7  -14   -4    4
    1    2    4    1    3    1    3    1       441    1   13    4   -8   -6   -1    5  -12   -4   11   -6   -6   -9   -6    6  -15   -6    4
    1    2    5    1    1    4    2    0      1066    7   -3   -9    0    8    2    4   17    4   13   -7    2  -11  -11   -3    5    0   17
    1    2    6    1    3    2    1    0       752    4   16    6   -8    4    3   12   -4   -6   10   -3   -9  -16  -11    6  -14   -9    0
    1    2    7    1    2    1    3    0       611    7    6  -10   15    3    8    3   -1   12    0   -3    6    4   10   -1    3    1  -18
    1    2    8    1    1    2    2    0       813    6    2   -9    0   10   -9    5   16    7   12  -13    5  -12  -14   -1    3    6    5
    1    2    9    1    1    3    1    1       941    0   -5  -10   -1    8   -7    9   19    4   12  -11    4  -11  -13    0    6   -3   13
    1    2   10    1    3    4    3    1      1113   -1   16    5  -10   -1   -7    3  -11   -8   13   -5  -10  -12   -6   10  -18   -5    5
    1    2   11    1    1    5    2    0       894    5    1   -6   -1    8   -9    4   16    5   10  -12    5  -10  -12    0    5   -1   14
    1    2   12    1    3    5    3    1       668   -1   15    8  -12   -2    0    5  -13   -5   10   -4  -10  -13   -5   12  -16   -6    5
    1    2   13    1    2    4    1    0       771    8    3   -1    8   -5   13   -4   -2   12    1    5   10    2    2   -3    4    1  -11
    1    2   14    1    2    2    2    1      1317    7    5   -3   17   -4   12   -2   -7    3   -4    0   10   -2   14   -1    3    7  -11
    1    2   15    1    1    1    3    0      1554    5    5  -17    2    8   -8    7   14    4   11   -2    5   -1  -14   -4    6    7   24
    1    3    1    1    3    4    3    1       677   -1   16    5  -10   -1   -7    3  -11   -8   13   -5  -10  -12   -6   10  -18   -5    5
    1    3    2    1    2    4    2    1       844    8    3   -1    8   -5   13   -4   -2   12    1    5   10    2    2   -3    4    1  -11
    1    3    3    1    2    2    2    1      1164    7    5   -3   17   -4   12   -2   -7    3   -4    0   10   -2   14   -1    3    7  -11
    1    3    4    1    1    3    1    1      1759    0   -5  -10   -1    8   -7    9   19    4   12  -11    4  -11  -13    0    6   -3   13
    1    3    5    1    2    5    2    1      3082   10    6  -10   13   -8   16   -5   -5   10    2   -5   12    2   13   -7   -4    4  -14
    1    3    6    1    3    2    3    1       464    4   16    6   -8    4    3   12   -4   -6   10   -3   -9  -16  -11    6  -14   -9    0
    1    3    7    1    1    2    2    0       735    6    2   -9    0   10   -9    5   16    7   12  -13    5  -12  -14   -1    3    6    5
    1    3    8    1    1    5    2    0       755    5    1   -6   -1    8   -9    4   16    5   10  -12    5  -10  -12    0    5   -1   14
    1    3    9    1    3    3    2    0       422    0   17    6   -9    2    4    7   -7   -3   15   -8   -4  -10   -8    7  -14   -4    4
    1    3   10    1    2    1    3    0       518    7    6  -10   15    3    8    3   -1   12    0   -3    6    4   10   -1    3    1  -18
    1    3   11    1    2    3    3    0       947    8   -1   -6    6   -6   15   -3   -7   10    1    2    9    2   13    1    2    5  -10
    1    3   12    1    1    4    3    0       686    7   -3   -9    0    8    2    4   17    4   13   -7    2  -11  -11   -3    5    0   17
    1    3   13    1    3    1    3    1       853    1   13    4   -8   -6   -1    5  -12   -4   11   -6   -6   -9   -6    6  -15   -6    4
    1    3   14    1    3    5    3    1       500   -1   15    8  -12   -2    0    5  -13   -5   10   -4  -10  -13   -5   12  -16   -6    5
    1    3   15    1    1    1    2    0      1089    5    5  -17    2    8   -8    7   14    4   11   -2    5   -1  -14   -4    6    7   24
    1    4    1    1    1    3    2    0      1959    0   -5  -10   -1    8   -7    9   19    4   12  -11    4  -11  -13    0    6   -3   13
    1    4    2    1    3    2    3    1       794    4   16    6   -8    4    3   12   -4   -6   10   -3   -9  -16  -11    6  -14   -9    0
    1    4    3    1    2    2    1    0      1996    7    5   -3   17   -4   12   -2   -7    3   -4    0   10   -2   14   -1    3    7  -11
    1    4    4    1    3    1    3    1       814    1   13    4   -8   -6   -1    5  -12   -4   11   -6   -6   -9   -6    6  -15   -6    4
    1    4    5    1    1    2    1    1       654    6    2   -9    0   10   -9    5   16    7   12  -13    5  -12  -14   -1    3    6    5
    1    4    6    1    3    5    3    1       678   -1   15    8  -12   -2    0    5  -13   -5   10   -4  -10  -13   -5   12  -16   -6    5
    1    4    7    1    2    1    3    0       652    7    6  -10   15    3    8    3   -1   12    0   -3    6    4   10   -1    3    1  -18
    1    4    8    1    3    3    1    0      2212    0   17    6   -9    2    4    7   -7   -3   15   -8   -4  -10   -8    7  -14   -4    4
    1    4    9    1    1    5    2    0      2797    5    1   -6   -1    8   -9    4   16    5   10  -12    5  -10  -12    0    5   -1   14
    1    4   10    1    1    1    2    0      4190    5    5  -17    2    8   -8    7   14    4   11   -2    5   -1  -14   -4    6    7   24
    1    4   11    1    2    5    2    1       808   10    6  -10   13   -8   16   -5   -5   10    2   -5   12    2   13   -7   -4    4  -14
    1    4   12    1    1    4    3    0       458    7   -3   -9    0    8    2    4   17    4   13   -7    2  -11  -11   -3    5    0   17
    1    4   13    1    3    4    3    1       617   -1   16    5  -10   -1   -7    3  -11   -8   13   -5  -10  -12   -6   10  -18   -5    5
    1    4   14    1    2    3    2    1      1074    8   -1   -6    6   -6   15   -3   -7   10    1    2    9    2   13    1    2    5  -10
    1    4   15    1    2    4    2    1       920    8    3   -1    8   -5   13   -4   -2   12    1    5   10    2    2   -3    4    1  -11
    1    5    1    1    3    3    3    1      1125    0   17    6   -9    2    4    7   -7   -3   15   -8   -4  -10   -8    7  -14   -4    4
    1    5    2    1    1    5    2    0       970    5    1   -6   -1    8   -9    4   16    5   10  -12    5  -10  -12    0    5   -1   14
    1    5    3    1    1    2    1    1       980    6    2   -9    0   10   -9    5   16    7   12  -13    5  -12  -14   -1    3    6    5
    1    5    4    1    2    1    3    0       638    7    6  -10   15    3    8    3   -1   12    0   -3    6    4   10   -1    3    1  -18
    1    5    5    1    1    3    3    0       662    0   -5  -10   -1    8   -7    9   19    4   12  -11    4  -11  -13    0    6   -3   13
    1    5    6    1    2    3    2    1      1757    8   -1   -6    6   -6   15   -3   -7   10    1    2    9    2   13    1    2    5  -10
    1    5    7    1    1    4    3    0       984    7   -3   -9    0    8    2    4   17    4   13   -7    2  -11  -11   -3    5    0   17
    1    5    8    1    2    4    3    0       562    8    3   -1    8   -5   13   -4   -2   12    1    5   10    2    2   -3    4    1  -11
    1    5    9    1    1    1    1    1       622    5    5  -17    2    8   -8    7   14    4   11   -2    5   -1  -14   -4    6    7   24
    1    5   10    1    3    2    1    0       630    4   16    6   -8    4    3   12   -4   -6   10   -3   -9  -16  -11    6  -14   -9    0
    1    5   11    1    3    4    2    0       782   -1   16    5  -10   -1   -7    3  -11   -8   13   -5  -10  -12   -6   10  -18   -5    5
    1    5   12    1    3    1    3    1       608    1   13    4   -8   -6   -1    5  -12   -4   11   -6   -6   -9   -6    6  -15   -6    4
    1    5   13    1    2    5    2    1       713   10    6  -10   13   -8   16   -5   -5   10    2   -5   12    2   13   -7   -4    4  -14
    1    5   14    1    2    2    2    1       856    7    5   -3   17   -4   12   -2   -7    3   -4    0   10   -2   14   -1    3    7  -11
    1    5   15    1    3    5    3    1       494   -1   15    8  -12   -2    0    5  -13   -5   10   -4  -10  -13   -5   12  -16   -6    5
    1    6    1    1    3    5    3    1       652   -1   15    8  -12   -2    0    5  -13   -5   10   -4  -10  -13   -5   12  -16   -6    5
    1    6    2    1    3    3    3    1       691    0   17    6   -9    2    4    7   -7   -3   15   -8   -4  -10   -8    7  -14   -4    4
    1    6    3    1    2    3    2    1      1609    8   -1   -6    6   -6   15   -3   -7   10    1    2    9    2   13    1    2    5  -10
    1    6    4    1    2    5    2    1      1450   10    6  -10   13   -8   16   -5   -5   10    2   -5   12    2   13   -7   -4    4  -14
    1    6    5    1    1    4    1    1      1954    7   -3   -9    0    8    2    4   17    4   13   -7    2  -11  -11   -3    5    0   17
    1    6    6    1    2    4    2    1      1605    8    3   -1    8   -5   13   -4   -2   12    1    5   10    2    2   -3    4    1  -11
    1    6    7    1    1    2    2    0      1078    6    2   -9    0   10   -9    5   16    7   12  -13    5  -12  -14   -1    3    6    5
    1    6    8    1    2    1    3    0       893    7    6  -10   15    3    8    3   -1   12    0   -3    6    4   10   -1    3    1  -18
    1    6    9    1    1    1    3    0      1291    5    5  -17    2    8   -8    7   14    4   11   -2    5   -1  -14   -4    6    7   24
    1    6   10    1    2    2    2    1       569    7    5   -3   17   -4   12   -2   -7    3   -4    0   10   -2   14   -1    3    7  -11
    1    6   11    1    1    3    1    1       900    0   -5  -10   -1    8   -7    9   19    4   12  -11    4  -11  -13    0    6   -3   13
    1    6   12    1    3    1    3    1       513    1   13    4   -8   -6   -1    5  -12   -4   11   -6   -6   -9   -6    6  -15   -6    4
    1    6   13    1    1    5    2    0       590    5    1   -6   -1    8   -9    4   16    5   10  -12    5  -10  -12    0    5   -1   14
    1    6   14    1    3    2    3    1      1240    4   16    6   -8    4    3   12   -4   -6   10   -3   -9  -16  -11    6  -14   -9    0
    1    6   15    1    3    4    3    1       584   -1   16    5  -10   -1   -7    3  -11   -8   13   -5  -10  -12   -6   10  -18   -5    5
    1    7    1    1    2    1    3    0       514    7    6  -10   15    3    8    3   -1   12    0   -3    6    4   10   -1    3    1  -18
    1    7    2    1    3    1    3    1       783    1   13    4   -8   -6   -1    5  -12   -4   11   -6   -6   -9   -6    6  -15   -6    4
    1    7    3    1    3    3    3    1       609    0   17    6   -9    2    4    7   -7   -3   15   -8   -4  -10   -8    7  -14   -4    4
    1    7    4    1    3    5    3    1       714   -1   15    8  -12   -2    0    5  -13   -5   10   -4  -10  -13   -5   12  -16   -6    5
    1    7    5    1    1    3    3    0       687    0   -5  -10   -1    8   -7    9   19    4   12  -11    4  -11  -13    0    6   -3   13
    1    7    6    1    2    4    2    1       709    8    3   -1    8   -5   13   -4   -2   12    1    5   10    2    2   -3    4    1  -11
    1    7    7    1    3    4    3    1       538   -1   16    5  -10   -1   -7    3  -11   -8   13   -5  -10  -12   -6   10  -18   -5    5
    1    7    8    1    1    4    2    0       742    7   -3   -9    0    8    2    4   17    4   13   -7    2  -11  -11   -3    5    0   17
    1    7    9    1    1    2    1    1       906    6    2   -9    0   10   -9    5   16    7   12  -13    5  -12  -14   -1    3    6    5
    1    7   10    1    2    3    2    1      1432    8   -1   -6    6   -6   15   -3   -7   10    1    2    9    2   13    1    2    5  -10
    1    7   11    1    2    2    2    1       799    7    5   -3   17   -4   12   -2   -7    3   -4    0   10   -2   14   -1    3    7  -11
    1    7   12    1    3    2    3    1      1537    4   16    6   -8    4    3   12   -4   -6   10   -3   -9  -16  -11    6  -14   -9    0
    1    7   13    1    1    1    3    0       805    5    5  -17    2    8   -8    7   14    4   11   -2    5   -1  -14   -4    6    7   24
    1    7   14    1    1    5    2    0      1766    5    1   -6   -1    8   -9    4   16    5   10  -12    5  -10  -12    0    5   -1   14
    1    7   15    1    2    5    1    0      1281   10    6  -10   13   -8   16   -5   -5   10    2   -5   12    2   13   -7   -4    4  -14
    1    8    1    1    2    1    3    0       879    7    6  -10   15    3    8    3   -1   12    0   -3    6    4   10   -1    3    1  -18
    1    8    2    1    3    3    2    0      1597    0   17    6   -9    2    4    7   -7   -3   15   -8   -4  -10   -8    7  -14   -4    4
    1    8    3    1    3    5    3    1       751   -1   15    8  -12   -2    0    5  -13   -5   10   -4  -10  -13   -5   12  -16   -6    5
    1    8    4    1    2    5    2    1       786   10    6  -10   13   -8   16   -5   -5   10    2   -5   12    2   13   -7   -4    4  -14
    1    8    5    1    1    1    3    0      1444    5    5  -17    2    8   -8    7   14    4   11   -2    5   -1  -14   -4    6    7   24
    1    8    6    1    3    4    3    1       924   -1   16    5  -10   -1   -7    3  -11   -8   13   -5  -10  -12   -6   10  -18   -5    5
    1    8    7    1    1    4    3    0       552    7   -3   -9    0    8    2    4   17    4   13   -7    2  -11  -11   -3    5    0   17
    1    8    8    1    2    3    2    1       916    8   -1   -6    6   -6   15   -3   -7   10    1    2    9    2   13    1    2    5  -10
    1    8    9    1    1    2    2    0       897    6    2   -9    0   10   -9    5   16    7   12  -13    5  -12  -14   -1    3    6    5
    1    8   10    1    2    2    2    1       574    7    5   -3   17   -4   12   -2   -7    3   -4    0   10   -2   14   -1    3    7  -11
    1    8   11    1    3    2    3    1       633    4   16    6   -8    4    3   12   -4   -6   10   -3   -9  -16  -11    6  -14   -9    0
    1    8   12    1    2    4    2    1       593    8    3   -1    8   -5   13   -4   -2   12    1    5   10    2    2   -3    4    1  -11
    1    8   13    1    1    3    2    0       859    0   -5  -10   -1    8   -7    9   19    4   12  -11    4  -11  -13    0    6   -3   13
    1    8   14    1    3    1    3    1       666    1   13    4   -8   -6   -1    5  -12   -4   11   -6   -6   -9   -6    6  -15   -6    4
    1    8   15    1    1    5    2    0       752    5    1   -6   -1    8   -9    4   16    5   10  -12    5  -10  -12    0    5   -1   14
    1    9    1    1    1    4    2    0      2004    7   -3   -9    0    8    2    4   17    4   13   -7    2  -11  -11   -3    5    0   17
    1    9    2    1    3    3    3    1       597    0   17    6   -9    2    4    7   -7   -3   15   -8   -4  -10   -8    7  -14   -4    4
    1    9    3    1    3    2    3    1       591    4   16    6   -8    4    3   12   -4   -6   10   -3   -9  -16  -11    6  -14   -9    0
    1    9    4    1    2    2    2    1      1592    7    5   -3   17   -4   12   -2   -7    3   -4    0   10   -2   14   -1    3    7  -11
    1    9    5    1    1    1    1    1      1882    5    5  -17    2    8   -8    7   14    4   11   -2    5   -1  -14   -4    6    7   24
    1    9    6    1    3    5    3    1       944   -1   15    8  -12   -2    0    5  -13   -5   10   -4  -10  -13   -5   12  -16   -6    5
    1    9    7    1    3    4    3    1       524   -1   16    5  -10   -1   -7    3  -11   -8   13   -5  -10  -12   -6   10  -18   -5    5
    1    9    8    1    2    3    2    1      1193    8   -1   -6    6   -6   15   -3   -7   10    1    2    9    2   13    1    2    5  -10
    1    9    9    1    2    5    2    1       587   10    6  -10   13   -8   16   -5   -5   10    2   -5   12    2   13   -7   -4    4  -14
    1    9   10    1    1    2    1    1       821    6    2   -9    0   10   -9    5   16    7   12  -13    5  -12  -14   -1    3    6    5
    1    9   11    1    1    5    2    0      1030    5    1   -6   -1    8   -9    4   16    5   10  -12    5  -10  -12    0    5   -1   14
    1    9   12    1    3    1    3    1       814    1   13    4   -8   -6   -1    5  -12   -4   11   -6   -6   -9   -6    6  -15   -6    4
    1    9   13    1    1    3    2    0       910    0   -5  -10   -1    8   -7    9   19    4   12  -11    4  -11  -13    0    6   -3   13
    1    9   14    1    2    4    2    1       887    8    3   -1    8   -5   13   -4   -2   12    1    5   10    2    2   -3    4    1  -11
    1    9   15    1    2    1    3    0       810    7    6  -10   15    3    8    3   -1   12    0   -3    6    4   10   -1    3    1  -18
    1   10    1    1    2    2    2    1       587    7    5   -3   17   -4   12   -2   -7    3   -4    0   10   -2   14   -1    3    7  -11
    1   10    2    1    1    1    3    0       549    5    5  -17    2    8   -8    7   14    4   11   -2    5   -1  -14   -4    6    7   24
    1   10    3    1    3    5    3    1       528   -1   15    8  -12   -2    0    5  -13   -5   10   -4  -10  -13   -5   12  -16   -6    5
    1   10    4    1    1    5    2    0      1373    5    1   -6   -1    8   -9    4   16    5   10  -12    5  -10  -12    0    5   -1   14
    1   10    5    1    3    3    3    1      1256    0   17    6   -9    2    4    7   -7   -3   15   -8   -4  -10   -8    7  -14   -4    4
    1   10    6    1    2    1    2    1       887    7    6  -10   15    3    8    3   -1   12    0   -3    6    4   10   -1    3    1  -18
    1   10    7    1    2    5    1    0      1205   10    6  -10   13   -8   16   -5   -5   10    2   -5   12    2   13   -7   -4    4  -14
    1   10    8    1    3    1    3    1       694    1   13    4   -8   -6   -1    5  -12   -4   11   -6   -6   -9   -6    6  -15   -6    4
    1   10    9    1    3    4    3    1       732   -1   16    5  -10   -1   -7    3  -11   -8   13   -5  -10  -12   -6   10  -18   -5    5
    1   10   10    1    2    3    2    1       672    8   -1   -6    6   -6   15   -3   -7   10    1    2    9    2   13    1    2    5  -10
    1   10   11    1    3    2    2    0      1751    4   16    6   -8    4    3   12   -4   -6   10   -3   -9  -16  -11    6  -14   -9    0
    1   10   12    1    1    4    3    0      1218    7   -3   -9    0    8    2    4   17    4   13   -7    2  -11  -11   -3    5    0   17
    1   10   13    1    1    2    3    0       643    6    2   -9    0   10   -9    5   16    7   12  -13    5  -12  -14   -1    3    6    5
    1   10   14    1    1    3    3    0       667    0   -5  -10   -1    8   -7    9   19    4   12  -11    4  -11  -13    0    6   -3   13
    1   10   15    1    2    4    2    1       593    8    3   -1    8   -5   13   -4   -2   12    1    5   10    2    2   -3    4    1  -11
    1   11    1    1    2    4    2    1       667    8    3   -1    8   -5   13   -4   -2   12    1    5   10    2    2   -3    4    1  -11
    1   11    2    1    3    3    1    0       562    0   17    6   -9    2    4    7   -7   -3   15   -8   -4  -10   -8    7  -14   -4    4
    1   11    3    1    2    5    2    1      2349   10    6  -10   13   -8   16   -5   -5   10    2   -5   12    2   13   -7   -4    4  -14
    1   11    4    1    3    5    3    1      1121   -1   15    8  -12   -2    0    5  -13   -5   10   -4  -10  -13   -5   12  -16   -6    5
    1   11    5    1    3    2    2    0      1445    4   16    6   -8    4    3   12   -4   -6   10   -3   -9  -16  -11    6  -14   -9    0
    1   11    6    1    2    1    3    0       686    7    6  -10   15    3    8    3   -1   12    0   -3    6    4   10   -1    3    1  -18
    1   11    7    1    3    4    3    1       723   -1   16    5  -10   -1   -7    3  -11   -8   13   -5  -10  -12   -6   10  -18   -5    5
    1   11    8    1    1    4    2    0      1272    7   -3   -9    0    8    2    4   17    4   13   -7    2  -11  -11   -3    5    0   17
    1   11    9    1    2    2    2    1       599    7    5   -3   17   -4   12   -2   -7    3   -4    0   10   -2   14   -1    3    7  -11
    1   11   10    1    1    5    2    0      3504    5    1   -6   -1    8   -9    4   16    5   10  -12    5  -10  -12    0    5   -1   14
    1   11   11    1    3    1    3    1       629    1   13    4   -8   -6   -1    5  -12   -4   11   -6   -6   -9   -6    6  -15   -6    4
    1   11   12    1    1    1    2    0      1518    5    5  -17    2    8   -8    7   14    4   11   -2    5   -1  -14   -4    6    7   24
    1   11   13    1    1    2    1    1       771    6    2   -9    0   10   -9    5   16    7   12  -13    5  -12  -14   -1    3    6    5
    1   11   14    1    1    3    1    1       549    0   -5  -10   -1    8   -7    9   19    4   12  -11    4  -11  -13    0    6   -3   13
    1   11   15    1    2    3    2    1       625    8   -1   -6    6   -6   15   -3   -7   10    1    2    9    2   13    1    2    5  -10
    1   12    1    1    3    4    3    1       521   -1   16    5  -10   -1   -7    3  -11   -8   13   -5  -10  -12   -6   10  -18   -5    5
    1   12    2    1    2    4    2    1       790    8    3   -1    8   -5   13   -4   -2   12    1    5   10    2    2   -3    4    1  -11
    1   12    3    1    1    1    1    1      1240    5    5  -17    2    8   -8    7   14    4   11   -2    5   -1  -14   -4    6    7   24
    1   12    4    1    2    2    2    1       760    7    5   -3   17   -4   12   -2   -7    3   -4    0   10   -2   14   -1    3    7  -11
    1   12    5    1    2    3    2    1       859    8   -1   -6    6   -6   15   -3   -7   10    1    2    9    2   13    1    2    5  -10
    1   12    6    1    3    1    3    1       635    1   13    4   -8   -6   -1    5  -12   -4   11   -6   -6   -9   -6    6  -15   -6    4
    1   12    7    1    3    2    3    1      1312    4   16    6   -8    4    3   12   -4   -6   10   -3   -9  -16  -11    6  -14   -9    0
    1   12    8    1    1    3    2    0       831    0   -5  -10   -1    8   -7    9   19    4   12  -11    4  -11  -13    0    6   -3   13
    1   12    9    1    1    5    2    0      2175    5    1   -6   -1    8   -9    4   16    5   10  -12    5  -10  -12    0    5   -1   14
    1   12   10    1    3    3    3    1       586    0   17    6   -9    2    4    7   -7   -3   15   -8   -4  -10   -8    7  -14   -4    4
    1   12   11    1    2    5    2    1       804   10    6  -10   13   -8   16   -5   -5   10    2   -5   12    2   13   -7   -4    4  -14
    1   12   12    1    2    1    3    0      2085    7    6  -10   15    3    8    3   -1   12    0   -3    6    4   10   -1    3    1  -18
    1   12   13    1    1    4    2    0       771    7   -3   -9    0    8    2    4   17    4   13   -7    2  -11  -11   -3    5    0   17
    1   12   14    1    3    5    3    1       646   -1   15    8  -12   -2    0    5  -13   -5   10   -4  -10  -13   -5   12  -16   -6    5
    1   12   15    1    1    2    2    0      2990    6    2   -9    0   10   -9    5   16    7   12  -13    5  -12  -14   -1    3    6    5
    1   13    1    1    3    5    3    1       552   -1   15    8  -12   -2    0    5  -13   -5   10   -4  -10  -13   -5   12  -16   -6    5
    1   13    2    1    1    1    2    0      3555    5    5  -17    2    8   -8    7   14    4   11   -2    5   -1  -14   -4    6    7   24
    1   13    3    1    1    4    3    0      1575    7   -3   -9    0    8    2    4   17    4   13   -7    2  -11  -11   -3    5    0   17
    1   13    4    1    3    1    2    0      1737    1   13    4   -8   -6   -1    5  -12   -4   11   -6   -6   -9   -6    6  -15   -6    4
    1   13    5    1    1    5    2    0      2213    5    1   -6   -1    8   -9    4   16    5   10  -12    5  -10  -12    0    5   -1   14
    1   13    6    1    2    2    2    1       637    7    5   -3   17   -4   12   -2   -7    3   -4    0   10   -2   14   -1    3    7  -11
    1   13    7    1    3    4    3    1       486   -1   16    5  -10   -1   -7    3  -11   -8   13   -5  -10  -12   -6   10  -18   -5    5
    1   13    8    1    1    3    2    0      1060    0   -5  -10   -1    8   -7    9   19    4   12  -11    4  -11  -13    0    6   -3   13
    1   13    9    1    1    2    2    0       587    6    2   -9    0   10   -9    5   16    7   12  -13    5  -12  -14   -1    3    6    5
    1   13   10    1    2    4    2    1       581    8    3   -1    8   -5   13   -4   -2   12    1    5   10    2    2   -3    4    1  -11
    1   13   11    1    3    3    3    1       639    0   17    6   -9    2    4    7   -7   -3   15   -8   -4  -10   -8    7  -14   -4    4
    1   13   12    1    2    1    2    1       887    7    6  -10   15    3    8    3   -1   12    0   -3    6    4   10   -1    3    1  -18
    1   13   13    1    2    5    2    1      1477   10    6  -10   13   -8   16   -5   -5   10    2   -5   12    2   13   -7   -4    4  -14
    1   13   14    1    3    2    3    1       716    4   16    6   -8    4    3   12   -4   -6   10   -3   -9  -16  -11    6  -14   -9    0
    1   13   15    1    2    3    2    1       720    8   -1   -6    6   -6   15   -3   -7   10    1    2    9    2   13    1    2    5  -10
    1   14    1    1    1    4    1    1       629    7   -3   -9    0    8    2    4   17    4   13   -7    2  -11  -11   -3    5    0   17
    1   14    2    1    2    1    2    1      2254    7    6  -10   15    3    8    3   -1   12    0   -3    6    4   10   -1    3    1  -18
    1   14    3    1    2    4    2    1       693    8    3   -1    8   -5   13   -4   -2   12    1    5   10    2    2   -3    4    1  -11
    1   14    4    1    3    5    3    1      1115   -1   15    8  -12   -2    0    5  -13   -5   10   -4  -10  -13   -5   12  -16   -6    5
    1   14    5    1    1    3    1    1      1520    0   -5  -10   -1    8   -7    9   19    4   12  -11    4  -11  -13    0    6   -3   13
    1   14    6    1    3    4    3    1       708   -1   16    5  -10   -1   -7    3  -11   -8   13   -5  -10  -12   -6   10  -18   -5    5
    1   14    7    1    3    1    3    1       874    1   13    4   -8   -6   -1    5  -12   -4   11   -6   -6   -9   -6    6  -15   -6    4
    1   14    8    1    1    5    2    0      1320    5    1   -6   -1    8   -9    4   16    5   10  -12    5  -10  -12    0    5   -1   14
    1   14    9    1    2    3    2    1       661    8   -1   -6    6   -6   15   -3   -7   10    1    2    9    2   13    1    2    5  -10
    1   14   10    1    1    2    2    0       988    6    2   -9    0   10   -9    5   16    7   12  -13    5  -12  -14   -1    3    6    5
    1   14   11    1    1    1    2    0       998    5    5  -17    2    8   -8    7   14    4   11   -2    5   -1  -14   -4    6    7   24
    1   14   12    1    3    3    2    0       576    0   17    6   -9    2    4    7   -7   -3   15   -8   -4  -10   -8    7  -14   -4    4
    1   14   13    1    3    2    3    1       570    4   16    6   -8    4    3   12   -4   -6   10   -3   -9  -16  -11    6  -14   -9    0
    1   14   14    1    2    5    2    1       853   10    6  -10   13   -8   16   -5   -5   10    2   -5   12    2   13   -7   -4    4  -14
    1   14   15    1    2    2    2    1       724    7    5   -3   17   -4   12   -2   -7    3   -4    0   10   -2   14   -1    3    7  -11
    1   15    1    1    1    1    2    0      2265    5    5  -17    2    8   -8    7   14    4   11   -2    5   -1  -14   -4    6    7   24
    1   15    2    1    3    4    3    1       560   -1   16    5  -10   -1   -7    3  -11   -8   13   -5  -10  -12   -6   10  -18   -5    5
    1   15    3    1    3    5    3    1       491   -1   15    8  -12   -2    0    5  -13   -5   10   -4  -10  -13   -5   12  -16   -6    5
    1   15    4    1    3    1    3    1       841    1   13    4   -8   -6   -1    5  -12   -4   11   -6   -6   -9   -6    6  -15   -6    4
    1   15    5    1    3    3    3    1       873    0   17    6   -9    2    4    7   -7   -3   15   -8   -4  -10   -8    7  -14   -4    4
    1   15    6    1    2    4    2    1       760    8    3   -1    8   -5   13   -4   -2   12    1    5   10    2    2   -3    4    1  -11
    1   15    7    1    2    2    2    1       523    7    5   -3   17   -4   12   -2   -7    3   -4    0   10   -2   14   -1    3    7  -11
    1   15    8    1    1    4    2    0      2407    7   -3   -9    0    8    2    4   17    4   13   -7    2  -11  -11   -3    5    0   17
    1   15    9    1    1    5    2    0      2361    5    1   -6   -1    8   -9    4   16    5   10  -12    5  -10  -12    0    5   -1   14
    1   15   10    1    3    2    3    1       780    4   16    6   -8    4    3   12   -4   -6   10   -3   -9  -16  -11    6  -14   -9    0
    1   15   11    1    2    5    2    1       686   10    6  -10   13   -8   16   -5   -5   10    2   -5   12    2   13   -7   -4    4  -14
    1   15   12    1    2    3    2    1       679    8   -1   -6    6   -6   15   -3   -7   10    1    2    9    2   13    1    2    5  -10
    1   15   13    1    1    2    1    1       938    6    2   -9    0   10   -9    5   16    7   12  -13    5  -12  -14   -1    3    6    5
    1   15   14    1    2    1    2    1       902    7    6  -10   15    3    8    3   -1   12    0   -3    6    4   10   -1    3    1  -18
    1   15   15    1    1    3    1    1       931    0   -5  -10   -1    8   -7    9   19    4   12  -11    4  -11  -13    0    6   -3   13
    2    1    1    4    1    1    1    0      2008    8   10  -12   -3    5   -9    4   15   10    6  -12    5  -20  -10   -1    5   -2   16
    2    1    2    4    2    3    1    0      1225    4    3   -8   13   -6   16   -5   -6   19    7   -2   12    3   14   -1   -5    6  -11
    2    1    3    4    3    1    1    0      1098    1   14    8  -12    5    4    3  -12   -6   10   -4   -5   -6   -4    5  -15   -4    4
    2    1    4    6    0    0    2    1      1167   -8   13   -5   10    4   -9  -13  -12  -14   10   13   11    9   -4    8   -6    5    8
    2    1    5    1    1    4    1    1       674    7   -3   -9    0    8    2    4   17    4   13   -7    2  -11  -11   -3    5    0   17
    2    1    6    1    1    5    1    1       489    5    1   -6   -1    8   -9    4   16    5   10  -12    5  -10  -12    0    5   -1   14
    2    1    7    1    2    5    1    1       550   10    6  -10   13   -8   16   -5   -5   10    2   -5   12    2   13   -7   -4    4  -14
    2    1    8    1    1    3    1    1       674    0   -5  -10   -1    8   -7    9   19    4   12  -11    4  -11  -13    0    6   -3   13
    2    1    9    1    3    2    1    1      3704    4   16    6   -8    4    3   12   -4   -6   10   -3   -9  -16  -11    6  -14   -9    0
    2    1   10    6    0    0    2    1      2741  -19   -3   -8   15   -9    9    1   -6   -9   -2    4   15    9    0   -6  -10   -2   -2
    2    1   11    1    2    2    1    1       825    7    5   -3   17   -4   12   -2   -7    3   -4    0   10   -2   14   -1    3    7  -11
    2    1   12    1    3    4    1    1       682   -1   16    5  -10   -1   -7    3  -11   -8   13   -5  -10  -12   -6   10  -18   -5    5
    2    1   13    1    3    1    1    1       704    1   13    4   -8   -6   -1    5  -12   -4   11   -6   -6   -9   -6    6  -15   -6    4
    2    1   14    4    1    4    1    0      1061    6    4  -10    1   11   -8    3   11   14   16  -10    5   -9  -13   -2    5    1   17
    2    1   15    1    2    4    1    1       668    8    3   -1    8   -5   13   -4   -2   12    1    5   10    2    2   -3    4    1  -11
    2    1   16    1    2    3    1    1       691    8   -1   -6    6   -6   15   -3   -7   10    1    2    9    2   13    1    2    5  -10
    2    1   17    4    1    5    1    0       665    4    4   -7    0    8   -6    6   14    6   11  -10    4  -15   -8   -1    4   -1   16
    2    1   18    1    1    2    1    1       544    6    2   -9    0   10   -9    5   16    7   12  -13    5  -12  -14   -1    3    6    5
    2    1   19    4    2    1    2    1      2043    7    3  -10   12   -7   15   -4   -5   12   -1    5    7    3   10    0    0    5  -13
    2    1   20    6    0    0    2    1      1404    3   10   15    7   -8  -15   12   -5    7   14    1   -3    4    8    7  -10  -10    1
    2    1   21    1    3    5    1    1       708   -1   15    8  -12   -2    0    5  -13   -5   10   -4  -10  -13   -5   12  -16   -6    5
    2    1   22    4    3    5    2    1      1802  -10   11    5  -12    3    1    6  -10   -8   10   -6  -10  -16  -11    7  -17   -6    6
    2    1   23    2    1    0    1    0       579    6    3   -8    0    9   -8    6   15    5   11  -12    6  -11  -12   -2    4   -1   15
    2    1   24    6    0    0    1    0       702  -16   -3   -7    8  -12    9    2   -6  -14   -1    1   15    9    6   -5   -9    9    9
    2    1   25    2    2    0    1    0       787    8    4  -10   14   -6   14   -3   -6   11    0    0   11    2   12   -1    2    5  -12
    2    1   26    2    3    0    1    0       533    0   15    6  -10    3    3    4  -12   -6   11   -4   -9  -11   -7    7  -15   -5    4
    2    1   27    4    3    3    2    1      2321    1   14    5   -9    6   11    4  -13   -6   10   -4  -10   -9   -6    6  -14   -4    6
    2    1   28    6    0    0    2    1      1078    2    8    8    0   -6   -8    6   -8    6   15    3   -7    1    6    4  -10  -21   -5
    2    1   29    1    1    1    1    1      1324    5    5  -17    2    8   -8    7   14    4   11   -2    5   -1  -14   -4    6    7   24
    2    1   30    4    1    3    2    1      1257    8    1   -8    1   12  -17    7   17    4   11  -14    6  -13   -2   -1    2   -1   14
    2    1   31    4    1    2    2    1      1064    3   -1   -8   -1   10   -8    6   17   11    1   -3   11  -11  -14   -2    3   -1   12
    2    1   32    4    2    2    2    1      1727    7    3   -9   12   -6   13   -4   -5   11    1   -2   10    1   13    1    0    6  -14
    2    1   33    4    2    4    2    1       796    8    3  -13   18  -10   19   -4   -5   11   -1   -1   12   10   16   -5   -3    6  -10
    2    1   34    1    2    1    1    1       814    7    6  -10   15    3    8    3   -1   12    0   -3    6    4   10   -1    3    1  -18
    2    1   35    4    3    4    2    1       830   -1   13    4   -8    6    3    7  -12   -5   13  -14  -11  -12   -6    6  -15   -7    6
    2    1   36    6    0    0    2    1       798   -2   10  -12    7    8  -12  -11  -13  -15   10   11   11    8   -3    1   -5   15    1
    2    1   37    4    3    2    2    1      2159    0   17    4   -8    5    2    5  -13   -6   13  -14   -1  -16    3    8  -16   -7    3
    2    1   38    1    3    3    1    1      1035    0   17    6   -9    2    4    7   -7   -3   15   -8   -4  -10   -8    7  -14   -4    4
    2    1   39    4    2    5    2    1       771    6    3   -8   12   -6   13   -3   -7    9    0   -2   17    3   12   -1    1    6  -12
