    1    1    1    1    1    1    1    1      5956   11  -12    9   23   13    6  -14  -14   11    0    7   -8    2    8    4  -16   19   18
    1    1    2    1    3    2    2    0      1885    8   -6  -11   -6   -9   -1   -8  -10   -4    3   -7   11   12   15   -4   10  -14    0
    1    1    3    1    1    4    1    1      2403   14  -12   -1   14   12    6  -15  -14   11   -3    9  -12    3    6   -3   -7   14   14
    1    1    4    1    1    3    1    1      2324   12  -11   12   16   16    2  -14  -15    9   -1    9  -12    2    4    3   -6   17   15
    1    1    5    1    3    1    2    0      1097    7   -3  -10   -4   -9   -1   -1   -1  -15    3   -1   13   15   18   13    6  -14   -1
    1    1    6    1    2    3    3    0      5646  -14    4   -3   15    7   -8  -16    3   10   11   14  -11    9   -3    3   -3    8   -6
    1    1    7    1    1    5    1    1      1054   14  -11    7   18    6   14  -13  -15   13   -2    9  -11    5    5    2   -8   18   15
    1    1    8    1    2    5    2    1      3317  -11    2   -3   15   10  -10  -13   -2    6    9   13  -11   10   -1    2   -1    1   -5
    1    1    9    1    2    2    2    1       962  -12    5   -5   15    7   -8  -12   -1    6    6   11  -10    3   -2   -6   10   -1  -11
    1    1   10    1    3    4    3    1       861    6   -5  -11   -7   -7   -3   -1   -1   -4    7  -10   16   11   14    6    8  -13    1
    1    1   11    1    1    2    1    1       972   14  -12    2   14   13    3  -16  -12   14    1   18  -21    2    7    3   -6   17   15
    1    1   12    1    3    3    3    1      3399   11   -8  -10   -5  -16   -7   -3    1  -13   15  -10   14   10   14    3    9  -13   -3
    1    1   13    1    3    5    3    1      1072    2   -3   -9   -6   -8    1  -10   -9   -6    7  -11   13   13   13    5    8  -13   -3
    1    1   14    1    2    4    2    1      1431  -14    4   -1   16    5   -9   -9   -2   -2   -1    3   -6   12   -1   -6    3    4   -2
    1    1   15    1    2    1    2    1       863  -13    1   -2   16   10   -9  -17    4    4    7   14  -10   21   -4    1    2    3   -6
    1    2    1    1    1    8    1    1       989   12  -10    2   17   13    4  -15  -17   12   -2   10   -9    5    6    0   -9   14   17
    1    2    2    1    3    6    3    1       903    7   -5   -9   -6   -9    1   -1   -2   -7    5   -8   13    6   17    3    9  -11   -1
    1    2    3    1    3   10    3    1      1189    6   -3   -7  -10   -8    1   -2   -2   -5    4   -9   14    9   16    2   11  -14    0
    1    2    4    1    1    9    1    1      2134   14  -13    4   17   11    5  -14   -4    9   -1    7  -11    5    5    0   -8   17   15
    1    2    5    1    2   10    2    1       658  -13    4   -3   14    9  -10  -11   -1    4    6   16   -7    5   -8    0   -2    0  -10
    1    2    6    1    2    8    2    1      1530   -5   -7   -4   17    7  -13  -13   -2    4    8   11   -9    7    3    2   -1    2   -6
    1    2    7    1    1    7    1    1       686   15   -7    6   17   14    4  -13  -17    9   -2    3  -13    2    6    1   -9    8   24
    1    2    8    1    2    9    2    1      1380   -3   -2    0   18    9   -8  -11   -1    6    6    7  -13   10   -2   -5   -7    0   -5
    1    2    9    1    3    9    3    1       670   11    2   -9   -6   -6    1   -1   -1  -12    8   -8   14   12   14    3    9  -11   -2
    1    2   10    1    3    8    2    0      2068    8    6  -12   -8  -11    2   -4    1   -4    7  -11   16    9   18   12   11  -11   -1
    1    2   11    1    2    6    2    1      1123  -11    2   -4   15    9  -10  -10    0    7    2   11   -9   13   -1   -3   -3    4   -8
    1    2   12    1    2    7    2    1       807  -16    3   -2   16    9   -8  -11   -1    6    8   10  -10   10   -1   -2    2   -2   -6
    1    2   13    1    1    6    1    1      1033   13  -12    5   17   23   14  -13  -15   11   -4    5   -9    5    6   -1   -9   14   17
    1    2   14    1    1   10    1    1       801   14  -12    7   12   13    6  -12  -18   10   -2    6  -10    5    6    1   -9   18   17
    1    2   15    1    3    7    3    1       834   12    1  -10   -7   -9    1   -3   -1   -4    6  -14   10   11   14    3   10  -14   -2
    1    3    1    1    2   15    2    1       962  -13    3   -2   16    9  -10  -11    1    0    8   13   -5    9   -4   -4    1    5   -7
    1    3    2    1    3   12    3    1      1901    6   -3  -17  -13   -9    1   -1    1   -3    6  -15   11    9   15    5    8  -11   -4
    1    3    3    1    1   14    1    1      1219    9   -8    5   14   12    6  -13  -14    9   -1    7  -11    3    6    1   -7   22   22
    1    3    4    1    1   13    1    1      1875   11  -11    2   16   10   10  -21   -8    9    2    8  -10   14   -2    0   -8   15   15
    1    3    5    1    2   11    2    1       906  -15    5   -2   16    7  -14   -6    1    4    6   11  -10   12   -3    1   -1    1   -5
    1    3    6    1    1   15    1    1       871   12  -11    5   18    7    0  -19  -14   10    0    8  -12    4    7    2  -10   15   16
    1    3    7    1    2   12    2    1      1286  -10    3   -3   17    9  -11   -9    1    5    8   18  -13    3  -12    4    1    3   -5
    1    3    8    1    2   14    2    1      1011  -17    2   -3   18   10   -9   -7    8    7    5   16   -5   12   -3    2    2    4   -6
    1    3    9    1    2   13    2    1      1373  -13    4   -4   16   -1    1  -11   -2    4    8   15  -10    9    4    2   -1    0   -3
    1    3   10    1    3   14    3    1      1096    4   -4  -15   -9   -8    1    0    0   -4    3   -8   15   12   14    3   11  -21   -7
    1    3   11    1    3   15    3    1       589    7   -9  -11   -4   -9   -2   -3   -1   -1    4  -10   17    9   13    5    7  -13    0
    1    3   12    1    1   11    1    1       840   13   -9    5   17   16   -2  -13  -12   10   -2    7  -13    6    7    5   -8   15   16
    1    3   13    1    1   12    1    1      2087   13  -12   -2   14   18    3  -14  -14   14    0    9  -12    5    6    1   -9   22    6
    1    3   14    1    3   11    2    0       981   -1   -3  -11   -7   -8    0   -1    0   -6    6  -11   16   12   14    2    9  -11    0
    1    3   15    1    3   13    3    1       815    7   -5   -9   -6   -8   -1   -1    0   -6    7  -11   16   11   16    0   18  -17   -3
    1    4    1    1    2   19    2    1      1136  -11    4   -2   17    0  -15  -10   -4    6    6   18  -10    9   -2    0   -2    6  -12
    1    4    2    1    2   20    2    1      1044  -12    2   -4   15    8   -8  -10    0   -1   17    3  -13   20    0   12   -1    1   -6
    1    4    3    1    3   16    2    0       972    5   -3  -10   -5   -8    2   -6    6   -3    3  -10   14   10   16    6   11  -13    1
    1    4    4    1    3   18    2    0      1638    4   -4  -13   -9  -11    1   -1   -1   -6    4  -20   16    9   15    2    9  -10   -2
    1    4    5    1    1   17    1    1      1382   13  -12    6   14   12    5  -15  -12    5    8    8  -10    3    5    5  -15   16   17
    1    4    6    1    1   19    1    1       432   19  -15    1   18   12    5  -16  -12   12   -2    7  -11    3    6    0   -4   19   15
    1    4    7    1    2   17    2    1      1664  -11    3    6    7    9   -8   -2  -10    7    9   13  -11    7  -12    3   -1    2   -9
    1    4    8    1    2   18    2    1       975  -11    3   -3   17    8   -9  -17   -2    4    7   18  -18   14    1    4   -1   -2   -7
    1    4    9    1    3   19    2    0      1946    4   -5  -11   -5  -11    1    2    0   -5    6  -11   17   10   14    4    8  -11   -2
    1    4   10    1    2   16    1    0      1006  -13    3    3    9   11   -9  -10   -1    4    6   21  -16   12   -2    0    5    2   -7
    1    4   11    1    1   20    1    1       855   12  -11    5   15   11    5  -14  -14   16   -5    8   -9    5    5    3   -7   16   13
    1    4   12    1    3   20    3    1      2678   10   -7  -15   -8  -14    2   -3    0   -8    4   -8   15   10   13    4    8  -12    1
    1    4   13    1    3   17    3    1      3596    7   -5  -10   -7  -10    0   -2   -1   -5    7  -12   13    4   17    3   11  -12   -3
    1    4   14    1    1   16    1    1      1502   13  -10    5   24   12    6  -13  -14   13   -2    9  -12    0    2   -1  -11   18   16
    1    4   15    1    1   18    1    1      1379   12  -13    5   15   10    2  -15  -12   10   -2    0   -7    5    8    2   -8   13   10
    1    5    1    1    2   25    2    1      1678  -10    4   -1   14   10  -10  -12   -1    8   13   14  -11   14   -6   -2    5    4   -8
    1    5    2    1    3   24    3    1       844    7   -6  -11   -5   -8   -1    2   -1   -4    5   -7   13    9   13    3   10  -13    3
    1    5    3    1    2   24    2    1       780  -11    5   -1   15   10  -11  -16    5    3    5   12   -9   13    0    3    0    2   -7
    1    5    4    1    2   23    2    1       878  -14    5   -2   17    4  -16  -12    0    3    9   14  -10   10   -2    3    1    2   -6
    1    5    5    1    3   22    2    0      1213    7   -2  -11   -8  -10    1   -1    2   -6    5   -9   15   16   12    7    4  -15   -3
    1    5    6    1    3   21    2    0      1197    4   -2  -11  -16   -3   -6    0   -2   -4    4  -10   16   15   13    5    8  -16   -1
    1    5    7    1    1   21    1    1       815   12  -14    3   16   14    4  -14  -12   12   -2    7  -11    6    4    0   -8    6   15
    1    5    8    1    3   25    2    0      1199    6   -5   -9   -8   -8    1    8    0   -1    8   -8   17   11   16    6    5  -13   -2
    1    5    9    1    3   23    3    1      1105   11   -6   -8   -8  -10    1   -1    0   -4    5   -7   20   20   24    5    8  -13   -1
    1    5   10    1    1   24    1    1       902   18  -20    3   16   14    6  -10  -23    2   -6    8  -10    3    7    1  -11   17   14
    1    5   11    1    2   22    2    1       787  -12    5   -1   17   11  -14  -10   -1    6    8   13  -12    7    0    3    0    3   -8
    1    5   12    1    1   23    1    1       725   15  -13    5   15   15    3  -14  -12   11   -2    7  -10    3    8    1   -9   16   13
    1    5   13    1    1   22    1    1      1210   13  -10    3   16   12    3  -13  -15   21   -9   10  -12    4    8   11    1   17   13
    1    5   14    1    1   25    1    1       827   13  -12    4   15   14    5  -12  -13   13    0    9  -14    3    4   -1  -10   16   17
    1    5   15    1    2   21    2    1      4252  -13    3    1   13    8  -11  -10   -1    5    6    2  -18   12   -2    3    1    3   -9
    1    6    1    1    2   27    2    1       531  -14   -1   -2   16   11   -5  -10    0    4    6   13   -9   12   -2    3   -1    8   -7
    1    6    2    1    1   28    1    1      1247   15  -14    3   14   11    7  -16  -12    9    1    5   -8    3    8   -9  -15   14   17
    1    6    3    1    3   27    3    1      1390    8   -4   -9   -4   -9    2   -4    1   -7    7  -11   16   10   15    0    8  -13    0
    1    6    4    1    2   30    3    0      2504  -12    4  -10   10   11  -10   -8    8    4    8   19   -9   12   -1    2   -1    3  -13
    1    6    5    1    3   28    3    1      2357    6   -2   -9   -6   -7   -1   -1   -4   -4    7  -13   17   10   24    6   10  -13   -1
    1    6    6    1    1   26    1    1      1081   12   -9    3   16   15    5  -13  -15   13   -2    7   -9    4    7   -4   -8   13   21
    1    6    7    1    2   29    1    0      3615  -12    4   -4   14   17  -18   -9   -2    4    8   13  -11    9   -3    1    0    1   -6
    1    6    8    1    1   29    1    1       495   14   -9   14   22   13    4  -13  -14   13    1    8  -13    1    6    1  -10   15   15
    1    6    9    1    1   27    1    1       557   12  -10    5   15   15    3  -16  -11   12   -3   -2   -7    5    6   11  -14   15   14
    1    6   10    1    3   26    2    0      2312    5    5   -1  -16  -10    2    6    9   -6    5   -8   14   12   14    4   11   -4   -7
    1    6   11    1    2   28    2    1       862  -11    4   -5   14   10   -7  -10    0    4    6   13  -11   11   -1    0   -1   -1   -6
    1    6   12    1    3   30    3    1       845    4    0   -8   -8   -7    1   -4    4   -5    6  -10   16   10   14    2   10  -12    0
    1    6   13    1    3   29    3    1       557    8   -3  -12   -4   -9    2   -4    0   -2    4  -10   16   12   15    4   10  -14    1
    1    6   14    1    2   26    3    0      2552   -3    0   -3   17    8  -11  -11    1    7    6   14   -9    4    0    1    1    2   -6
    1    6   15    1    1   30    1    1      1028   13  -10    5   17   13    6  -16  -14   12   -1    9  -15    4    8   -1   -9   17   15
    1    7    1    1    3   33    3    1      4332   11    1   -9   -6   -6   -5   -3    2   -1    8    0   14   10   15    8   11  -14    0
    1    7    2    1    2   32    2    1      1808   -5   -5   -2   15   10   -9   -6   -8    5    6   16   -8   14    3    2    9    2   -7
    1    7    3    1    1   33    1    1       809   11  -13    8   21    9    6  -17   -9    4    1    8  -10    4    4    0   -9   15   15
    1    7    4    1    1   34    1    1       843   12  -11    7   21   14    5  -13  -14   10   -1    0  -19   -5    2    2  -10   17   16
    1    7    5    1    3   34    3    1      3979   -3   -1  -12   -8  -13    8   -1    1   -3    3  -10   17   11   17    4    8  -17    2
    1    7    6    1    2   31    2    1      2253  -15    8   -4   15   19   -9   -9    1    6    7    9  -10   10   -2    3   -9    4   -7
    1    7    7    1    1   31    1    1       788   18   -9    7   13   13    3  -14  -12   11   -2   18   -4    5   -4    2   -8   21   15
    1    7    8    1    3   31    3    1      1046    8   -4  -13   -9   -8   -2   -1    2   -4   -2   -8   11   12   14    3   10  -12   -2
    1    7    9    1    3   32    3    1       830    7   -3  -12   -7  -11   -1   -4   -2   -4    5   -9   13   13   13    4   10  -14   -2
    1    7   10    1    1   32    1    1      1246   12   -9    2   17   14    4  -15  -13   10    0   18  -13    5    7    1   -9   24   12
    1    7   11    1    2   33    2    1      1534  -11    4    4   24   10  -11   -9   -2    9    2   11   -9   10   -3    4    1    2  -14
    1    7   12    1    2   34    2    1      1121  -11    3   -6   12   14   -4   -9   -2    6    9   13   -1   12   -3    2   -2   -3   -8
    1    7   13    1    2   35    2    1      1846  -20   -6   -2   15   11  -11   -5   -5   -1   -1    5  -19    2    0    4    1    5   -9
    1    7   14    1    3   35    3    1      1213   -1   -4  -10   -5  -10    0   -3   -2   -6    6   -9   14   13   15    5    8  -13    1
    1    7   15    1    1   35    1    1      1390   14  -13    7   21    8    4  -15  -13   15    4    9  -12    2    6    0   -7   15   15
    1    8    1    1    2   39    2    1      3144  -22    7   -4   17   16   -1  -12    1    6    6   13  -10   11    4    2   -2   -3   -5
    1    8    2    1    1   36    1    1       780    7   -9    6   17   11    4  -13  -13   16   -1   14   -5   -1   -2   -1   -8   16   13
    1    8    3    1    3   40    3    1      1038    4    1  -10   -7   -7    0   -2   -1   -5    6   -9   14   10   14    5   10  -14    1
    1    8    4    1    2   36    2    1      5878  -12    2   -7   14   13    1  -12   -5    7    5   12  -11   10   -4   -2   -4    4   -7
    1    8    5    1    3   37    3    1      1100    2   -7  -13  -16  -11   -3   -1   -1   -6    5   -9   17   15   12    3   10  -12    0
    1    8    6    1    1   38    1    1       818   15   -9    3   18   15    6  -15  -11   11    0    7  -12    2   10   -6   -9   17   13
    1    8    7    1    3   38    3    1      3010   16    5   -8   -5  -11    0   -4   -1  -14    0   -8   14   12   17    4    8  -17   -5
    1    8    8    1    3   39    2    0      1995    5   -6   -9   -5   -9   -1   -4   -1   -7    6  -11   17    9   16    7    0  -10   -3
    1    8    9    1    3   36    3    1      1389    5   -5   -8   -8  -10   -2   -2    1   -4    5  -10   20   12   15    5    9  -10    2
    1    8   10    1    2   40    2    1      1256  -12    2   -1   16    5   -4  -12   -2    5    8   13  -12   13   -3    2    1    2   -8
    1    8   11    1    1   39    1    1       727    9  -16    2   16    4    7  -19  -10    9   -1    4  -13    6    4   -7   -3   16   17
    1    8   12    1    2   37    2    1      1403   -8    8   -3   17    8   -8  -12    0    2    5   14  -12   11   -1   -8   -9    5   -8
    1    8   13    1    2   38    2    1      1461  -22   -1   -8   16    8   -8  -12    0    6    6   12  -11   12   -1   -1    0    4   -3
    1    8   14    1    1   37    1    1       764    9   -7    7    9   18    0  -16  -12   12    0   10   -9    5    5    0   -7   19   21
    1    8   15    1    1   40    1    1      1455   12  -10    3   16   14    4  -15  -17    8    4    9  -12    5    6    2  -10   17   16
    1    9    1    1    1   42    1    1       662   13  -13    3   18   13    4  -14  -15   13    0    7  -14    4    5    1   -7   15   12
    1    9    2    1    2   43    2    1       893  -14    4   -4   14    7   -7   -3    4    8    7   11  -11    6   -5    2    2    2   -9
    1    9    3    1    3   41    3    1      1099    8   -2   -8   -9   -7    0  -12    5   -6    6   -9   16   10   14    4   17  -14   -1
    1    9    4    1    2   41    2    1      1040  -11    5    1   19   11   -9  -10   -1    3    8   14   -8   10   -3    2   -1    2   -6
    1    9    5    1    3   45    3    1       776    8   -3   -9   -7  -10    1   -1    1   -4    4  -12   15   12   15    2    8  -12    0
    1    9    6    1    2   45    2    1       955  -13    1   -4   12    7   -8  -10    2    4    9   11   -9   14    4    2   -2    4   -8
    1    9    7    1    1   44    1    1       518   14  -12    4   15   12    4  -13  -15   10    0    4  -11    4    7   10  -16   17   16
    1    9    8    1    3   43    3    1      1043    4   -4  -11   -6  -10    0   -1    0   -3    5  -14    8   10   14    2    4  -19    0
    1    9    9    1    1   43    1    1       859   13  -10    5   16   15    6  -13  -11   11   -3   10  -13    3    7    0   -9   15   16
    1    9   10    1    1   45    1    1       714   12  -11    5   16    9    9  -15  -15   12    0    7  -12    6    7    0   -9   15   16
    1    9   11    1    3   42    3    1       943    9    1  -11   -7   -7    0   -6   -3    5   10  -11   14   11   17   -1   12  -14   -3
    1    9   12    1    2   42    2    1      2971  -12    4   -5   15    8   -8  -10    0    3    9   15   -7   17  -10   -4   10    1   -7
    1    9   13    1    3   44    3    1       645    8   -2   -2   -5  -13   -1   -3    1   -7    3   -9   15   12   14    4   11  -21   -4
    1    9   14    1    2   44    2    1       749  -14    5   -5   14    9   -7  -15    7    8   11   11  -10    9   -1    4    0   -6   -3
    1    9   15    1    1   41    1    1       545   11  -14    5   16   12    6  -15  -15   18   -6   10  -11    6   -3    3   -7   17   15
    1   10    1    1    3   47    3    1      1132    8   -2   -9   -7   -3   -8   -2   -1  -13    0  -10   14    2   14    0   15  -10    0
    1   10    2    1    1   48    1    1       864   14  -10    5   18   14    5  -15  -12   12   -1    3   -7    6    7   -8  -13    6   14
    1   10    3    1    2   50    2    1       543  -13    5   -5   13    9  -10  -12    2    6    8   14   -9   11   -3    3    0    5   -9
    1   10    4    1    2   47    2    1      2155  -11    3   -2   17    7   -9  -13    2    1   11   10  -15    9   -3    3    0    2   -6
    1   10    5    1    2   46    2    1      1190  -13    1    4   18    8   -7  -15    4    5    6   10  -10   13   -1    3    2   -6  -12
    1   10    6    1    2   48    2    1      1144  -11    2   -3   14   -1   -3  -15   -1    6    8   11  -12   21    2    4   -1   10   -6
    1   10    7    1    3   50    3    1      1260    5   -3  -12   -6   -7   -1    0    1   -4    3   -7   13   11   16    5    9  -14    0
    1   10    8    1    1   46    1    1       779   14  -12    4   15   12    3  -15  -12    9    4    7  -12    8    2   -2   -3   17   15
    1   10    9    1    3   48    3    1      2493    7   -3   -9   -6   -8    0   -1    0   -4    6  -11   14   11   14    5    8  -10   -3
    1   10   10    1    1   47    1    1      1531    4   -8    5   18   12    7  -14  -12   10   -1    9  -11    2    5    0   -8   15   14
    1   10   11    1    2   49    2    1      1599  -13    4   -4   16    5  -11  -10    1    3   11   12   -9   12    0    3   -1    5   -7
    1   10   12    1    1   49    1    1      3057    9   -4    3   14   10   11  -14  -14   13    0   17  -16    4    8   -1   -6   12   15
    1   10   13    1    1   50    1    1       872   23  -15   -1   20   17    0  -15  -14   13   -1    7  -13    6    5   -1   -8   17   13
    1   10   14    1    3   49    3    1       919    6   -5   -2   -3  -10    0   -1    1   -9    9  -11   15    9   15    5    8  -13    0
    1   10   15    1    3   46    3    1       627    6   -6  -11   -6  -12    1   -2    1   -6    4   -4    9   16   10    3   10  -12   -2
    1   11    1    1    2   54    2    1      1228  -12    4   -3   17    7   -9  -10   -1    4    9   14   -9   13   -3   -3    7    4   -6
    1   11    2    1    3   52    3    1      1116    8   -4  -10  -15   -7   -1   -1    1    1    7  -10   14   11   14    1   12  -11    0
    1   11    3    1    1   51    1    1       785   11  -11   14   15   12    6  -15  -11    8   -1    8  -12    4    5    2   -6   17   14
    1   11    4    1    2   51    2    1      1347  -13    8    4   16   -1   -3  -11   -1    3    9   13  -11   12    0   11    8    3   -8
    1   11    5    1    1   52    1    1      3390   13  -10    3   15    9    8  -14   -6    9   -2    3  -21    2    8   -2  -11   20   10
    1   11    6    1    2   55    2    1       712  -14    2   -2   16    9   -8  -11    2    7    6   14   -9   11   -3    3   -2    4   -5
    1   11    7    1    2   52    2    1       845  -16   -2   -2   16    7   -9  -10    0    3    5   13   -8   11    0    1    1    1   -6
    1   11    8    1    1   53    1    1      1565   16  -14    4   15   22    9  -15  -14   13    1   10  -10    4    5   -8    2   15   15
    1   11    9    1    3   53    3    1      1504    7   -2  -11   -6    1   -3   -3   -2   -1    5   -2   10   10   17    5    8  -14   -1
    1   11   10    1    3   51    3    1      2037    8   -4  -11   -4   -9   -1   -2   -1  -10    2  -11   17   10   15   13    3  -12    0
    1   11   11    1    3   54    3    1      6485    3  -12  -19   -5   -8    0    0   -1   -4    5   -1   14   10   16    6    8  -11   -1
    1   11   12    1    3   55    3    1      1011   16   -9  -10   -7   -9    1   -1   -1   -3    7  -19    9   10   16    3    9  -12    1
    1   11   13    1    1   54    1    1       860   11  -10    2   16   15    6  -12  -14    7   -5    8  -12    4    5    3  -10   15   13
    1   11   14    1    1   55    1    1      1020   13   -9    4   17   13    4  -14  -14   21    5    7  -13    2    7    0   -9   11   13
    1   11   15    1    2   53    2    1      1492  -11    2   -4   16    9  -10  -13   -1   10    8   13  -10    9    0    2    2    2   -5
    1   12    1    1    3   56    3    1      1738   15    4   -8   -5  -10    0  -12   -7   -7    3   -9   15   10   16    5    8  -16   -5
    1   12    2    1    1   60    1    1       886   14  -11    5   14   14    5  -13  -14   10   -2   10  -10    5    6   -1   -7   17   14
    1   12    3    1    3   58    3    1      4436    5   -2   -2    3  -10    1   -1    0   -3    8   -7   16   12   15   12    1  -12    0
    1   12    4    1    2   59    2    1      1188  -12    2   -2   15   -1  -10  -12   -1    6    4   13   -9    9   -1    7   -4    3   -6
    1   12    5    1    2   57    2    1      1926  -12    5    5   11    7  -17   -9    1    5    6   16  -12   12   -2    3   -1    2   -6
    1   12    6    1    1   56    1    1       986   14  -12    7   18   12    5  -12  -14   11    1    8  -13   11   12    3   -7   17   15
    1   12    7    1    1   57    1    1       596   13  -10    3   15   12    5  -14  -15   13    0   10  -12    5    5    2   -8   16   14
    1   12    8    1    2   60    2    1      1518  -12    4   -4   17    8  -11  -10    0    6    3   11  -11   10   -3    1   -2    4   -8
    1   12    9    1    2   56    2    1      2050  -12    2   -3   18   10   -4   -6    5    6    6    8   -6    9    0    5   -2    3   -6
    1   12   10    1    3   57    3    1      1634    6   -3   -9   -6  -11    0   -8   -9   -5    4  -10   17   12   15    0   10  -12   -2
    1   12   11    1    1   58    1    1       882   15  -11    6   17   12    5  -13  -13   13   -2    7  -15    4    5    0   -7    9    9
    1   12   12    1    1   59    1    1       896   15  -10    6   15   12    5  -19  -11    9   -1    2   -6    0    5    2   -9   16   14
    1   12   13    1    3   59    3    1      2718    7   -6  -10   -7  -10    3    3    0   -4    4   -9   13   12   14   14    8  -12    1
    1   12   14    1    3   60    3    1      1042    8   -4  -11   -5   -8   -1   -1    2    4   -4   -9   14    8   10    6   11  -13   -1
    1   12   15    1    2   58    2    1      1754  -10    2   -6   19   10  -10  -12   -1    6    6   12  -11   10   -2    2   -5    2   -8
    1   13    1    1    3   63    3    1      1221    5   -3   -5   -5  -19    7   -4    1   -4    5   -9   15   15   14    2    8  -10   -3
    1   13    2    1    2   62    2    1      1014  -13    4   -2   19    7   -9  -11    2    7    7   12   -9   10   -2    0   -1    5   -6
    1   13    3    1    3   61    3    1       814    7   -5  -11   -6   -8   -1   -2    1  -15   14  -13   13    9   14    2   10  -13    0
    1   13    4    1    2   61    2    1      1599  -14    3   -3    7   19  -11  -10    0    1    8   13  -11    5   -2    4    1    5   -7
    1   13    5    1    1   61    1    1       656    9  -12    5   16   16    5  -15  -12    6   -6   18  -16    0    9   -2  -16   14   15
    1   13    6    1    1   63    1    1       584   15   -3    0   17   12    6  -13  -13   10   -2    9  -11    4    5    6   -6   16   14
    1   13    7    1    2   63    2    1      4018  -13    4    7   11    3   -3  -13   -1    4    6   12   -9   12   -2    4    1    4   -9
    1   13    8    1    2   64    2    1      1042  -11    1   -1   17   10   -5  -10   -2    7    5   13  -11   11   -1    3   -1    6   -6
    1   13    9    1    1   65    1    1       714   14  -12    3   17   14   10  -12  -11    9   -8    6   -9    3    7    3   -9   19   16
    1   13   10    1    1   62    1    1      1007   11  -12    4   14    3    5  -16  -14   10   -1    5   -1    4    7   -1   -9   18   15
    1   13   11    1    3   62    3    1      1000    5   -2   -9   -4  -15   -5  -12    1   -6    6   -9   14   21   19    2    8  -16    1
    1   13   12    1    3   64    3    1       706    8   -2  -12   -4  -10    1   -2   -1   -5    4   -5   13   11   14    1    9  -15   -2
    1   13   13    1    2   65    2    1       807  -20    1   -1   14    8   -7  -12    3    4    6   11  -10   13   -3    1   -2    3   -8
    1   13   14    1    1   64    1    1       792   12  -11    4   17   22    5  -13  -14   12   -1   10  -18   14    9    2   -7   17   11
    1   13   15    1    3   65    3    1       858    8   -6  -12   -4   -7    0   -3   -2   -3    4   -8    9   10   15    7    8  -11   -1
    1   14    1    1    1   66    1    1       745   14  -11   -4   23   15    5  -18  -19   12   -2    7  -11    5    6    0   -6   14   20
    1   14    2    1    1   70    1    1       701   12  -11    3   16   14    8  -14  -14   13   -1    9  -11    5    6    2   -9   15   13
    1   14    3    1    2   68    2    1       835  -13    3   -3   15   10   -9  -10   -2    7    8   11  -12   15   -4   -6   10    4   -7
    1   14    4    1    3   67    3    1       723    8   -4  -11   -8   -8   -1   -2    1   -3    6  -18   16   10   16    6    8   -8   -6
    1   14    5    1    3   68    3    1       711    4   -3   -9   -5   -9    1   -2   -1   -6    4   -8   17   10   13    7    5  -11   -2
    1   14    6    1    1   69    1    1       844   12   -9    6   15   15    3  -12  -14   10   -2    7   -9    5    5    0  -10   15   16
    1   14    7    1    3   66    3    1      1148    7   -4   -5   -4   -3    6    3   -2   -1    4  -10   16   12   15    5    9  -14    1
    1   14    8    1    2   70    2    1      1072  -13    4    7   16    8  -11  -11   -1    4    8   10  -10   11   -1    2   -1    4   -8
    1   14    9    1    2   69    2    1      2694  -13    4   -2   15    7   -7   -9    1    7    8   11   -9   15    0    1    1    2   -7
    1   14   10    1    1   67    1    1      2396   15   -6    5   15   13   12  -16  -15    8   -1    7  -12    3    7    3  -10   14   17
    1   14   11    1    2   67    2    1      1421  -11    5   -3   15   11  -11  -10   -1   13    9   14  -12   12   -3   -3    1    2   -6
    1   14   12    1    1   68    1    1      1174   15   -7    5   16   11    9  -13  -14    8    4    9   -9    5    5    0   -7   12   22
    1   14   13    1    3   70    3    1      1017    7   -6  -10   -3   -9    2   -3    1   -4    5  -11   13   10   16    4   10  -13    0
    1   14   14    1    3   69    3    1      1297    6   -3  -12   -4   -6    8   -2   -1   -5    6  -11   15   12   14    5   10  -14    1
    1   14   15    1    2   66    2    1       975  -13    4   -4   15    9   -8  -18    1    7    5   12  -12   13   -2    4    2    4   -7
    1   15    1    1    1   75    1    1       937   13  -12    4   15   12    3  -14  -12   14   -2    8  -12    4    5    3   -8   17   16
    1   15    2    1    2   71    2    1       549  -18   12   -4   18   12  -14  -12    4    6    7    4  -12   13    3    3    0    6   -3
    1   15    3    1    3   74    3    1       928    7    0   -8   -7  -10    1   -3   -2   -9    8  -12   14   10   17    5    9  -13    0
    1   15    4    1    3   71    3    1       877    5   -3   -9   -8  -11    3   -1   -9  -15    6   -2   16   12   17    4    8  -11   -2
    1   15    5    1    1   73    1    1       604   20  -17   -4   15   13    3  -15  -22   11   -2    9  -11   12    5    6  -12   17   10
    1   15    6    1    1   72    1    1       469   12  -13    3   14   13    6  -14  -16    9   -2    6   -9    8    3    3   -7   19   12
    1   15    7    1    2   73    2    1       500  -10    2   -4   16    7   -8  -12   -2    6    5   13  -11   12    0   -1    5    4   -5
    1   15    8    1    2   72    2    1      1249  -13    5   -4   17    9  -14   -5   -7    7    5   11  -11   19    1    7   -8    4   -7
    1   15    9    1    3   75    3    1      1008    6   -3  -18   -3  -10   -2    0   -2   -5    6   -8    8   16   17    2    8  -14    0
    1   15   10    1    3   72    3    1       905    7   -5   -9   -8   -8    1   -4    1   -4    7   -8   13    9   20    5    9  -13   -3
    1   15   11    1    2   75    2    1      2167  -10    1   -5   18    9  -11  -12   -2    4   11    7  -18   11   -3    2    1    1   -7
    1   15   12    1    3   73    3    1       866    7   -3  -10   -7  -14    4   -3    0   -7    7  -11   16   11   13    5    7  -10    0
    1   15   13    1    1   71    1    1       848   14  -12   14   19   11    4  -15  -13   13    0    4   -8    4    5   -1   -9   15   14
    1   15   14    1    1   74    1    1       543   12   -6    3   16   11    7  -14  -12   13   -1    8  -12    3    5    0   -6   16   17
    1   15   15    1    2   74    2    1       891  -17    7   -5   14   11   -8  -12    2   11    8   12   -6   12   -2    1    0    2   -8
    2    1    1    6    0    0    1    0      4628  -10   11   -4   14   14    8    9   13    0    5    5    2  -20    5   -1   -1  -15   -7
    2    1    2    4    1    1    1    0      3100   14  -10    3   17   14    6  -16  -13    2    4   10  -10    5    6    0  -10   21    9
    2    1    3    1    3   37    1    1      1089    2   -7  -13  -16  -11   -3   -1   -1   -6    5   -9   17   15   12    3   10  -12    0
    2    1    4    4    1    4    1    0      1351   12  -13    3   17   12    5  -13  -13    7    0   13  -15    5    6    2   -8   17   14
    2    1    5    4    2    2    2    1      2914  -16    3   -1   15    9   -8  -11   -1    3    7   10  -10   12   -2   -4    1   -7  -16
    2    1    6    1    1   58    1    1      2143   15  -11    6   17   12    5  -13  -13   13   -2    7  -15    4    5    0   -7    9    9
    2    1    7    1    1   69    1    1      1003   12   -9    6   15   15    3  -12  -14   10   -2    7   -9    5    5    0  -10   15   16
    2    1    8    4    1    2    1    0      1140   12  -13    3   17   13    4  -13  -13   18    1    8  -10    3    7    2   -9   21    8
    2    1    9    1    3   61    1    1      1112    7   -5  -11   -6   -8   -1   -2    1  -15   14  -13   13    9   14    2   10  -13    0
    2    1   10    2    3    0    1    0       845    6   -4  -10   -6   -9    0   -2    0   -5    5  -10   15   11   15    4    9  -12   -1
    2    1   11    1    3   75    1    1      1357    6   -3  -18   -3  -10   -2    0   -2   -5    6   -8    8   16   17    2    8  -14    0
    2    1   12    6    0    0    2    1      2185    0  -11    7    0   -2   -6   -8    6    9    2   -3    9   -7   12    7    4   -6   -9
    2    1   13    4    1    5    2    1      3250   13   -9    2   16   14    4   -4   -6   10   -1    4  -13    4    5   10  -18   17   13
    2    1   14    4    2    4    2    1      2289  -17   -2   -2   16   16   -9  -11   -1    5    9   11  -10   19    2    1    1    4   -7
    2    1   15    4    3    3    1    0      2728    6   -3  -11   -6    0    3    0   -5    4   -2   -9   14    9   16    3   10  -13   -1
    2    1   16    4    3    5    1    0      2572    7   -5   -8   -8   -7   -4   -2   -1   -1   -3   -7   18    6   20    5    9  -11   -3
    2    1   17    1    3   19    2    0      3927    4   -5  -11   -5  -11    1    2    0   -5    6  -11   17   10   14    4    8  -11   -2
    2    1   18    6    0    0    2    1       955   -5   11   -6   16  -13    6    1    3   -9   12   -7   -9    1  -15   -7    1   -3   -8
    2    1   19    4    3    1    2    1      2727    4   -3   -6   -1  -10   -2   -8    5   -5    4  -13   14    6   18    3   10  -12    0
    2    1   20    4    3    4    1    0      1803    5   -3  -15   -9   -7   -1   -1   -1   -7    7  -10   14    4   13    6    9  -13   -1
    2    1   21    1    2   26    2    0      2516   -3    0   -3   17    8  -11  -11    1    7    6   14   -9    4    0    1    1    2   -6
    2    1   22    2    2    0    1    0      3025  -12    3   -3   16    9   -9  -11    0    5    7   12  -10   11   -2    2    0    3   -7
    2    1   23    4    2    3    2    1      1962  -10    2   -4   16   10   -9  -11   -1   -4    7    4   -8    9   -3    3    0   13  -15
    2    1   24    1    2   33    2    0      3629  -11    4    4   24   10  -11   -9   -2    9    2   11   -9   10   -3    4    1    2  -14
    2    1   25    2    1    0    1    0      1245   13  -11    4   16   13    5  -14  -13   11   -1    8  -11    4    6    1   -8   16   15
    2    1   26    1    2   47    2    0      2157  -11    3   -2   17    7   -9  -13    2    1   11   10  -15    9   -3    3    0    2   -6
    2    1   27    4    2    1    2    1      1625  -10    5   -4   17   11   -9   -7    4    4    4   16    0   20  -12    1    0    3   -6
    2    1   28    4    2    5    2    1      3177  -13    4    3   17   19   -9  -12    7    6    5   13  -10   10   -2    0    0    4   -7
    2    1   29    6    0    0    2    1       780   -5   10  -10   17  -13    3    3    4   -8   10  -12  -13   -3   -5   -6    0    3  -12
    2    1   30    6    0    0    2    1      2046    2  -10    9    2   -5   -4   -9    9    4   -7    2    0   -8   13    3   15   -9   -5
    2    1   31    1    1   41    1    1      1358   11  -14    5   16   12    6  -15  -15   18   -6   10  -11    6   -3    3   -7   17   15
    2    1   32    1    2   10    2    0      3929  -13    4   -3   14    9  -10  -11   -1    4    6   16   -7    5   -8    0   -2    0  -10
    2    1   33    1    3   13    1    1      1582    7   -5   -9   -6   -8   -1   -1    0   -6    7  -11   16   11   16    0   18  -17   -3
    2    1   34    6    0    0    2    1      1024  -18   11    6    5    8   13   12    5    6    2   11    0  -14    3    7   -2  -12  -10
    2    1   35    1    1   52    2    0      3128   13  -10    3   15    9    8  -14   -6    9   -2    3  -21    2    8   -2  -11   20   10
    2    1   36    1    2   24    2    0      6941  -11    5   -1   15   10  -11  -16    5    3    5   12   -9   13    0    3    0    2   -7
    2    1   37    4    1    3    1    0      1529   12   -9    3   16   14    7  -14  -12    9   -5    9  -11    3    8    4  -13   15   16
    2    1   38    1    1    5    2    0      2157   14  -11    7   18    6   14  -13  -15   13   -2    9  -11    5    5    2   -8   18   15
    2    1   39    4    3    2    2    1      3065    6   -1   -8   -4  -10   -2   -1   -2   -7    7  -14   19   10   16    6    9  -17  -11
