    1    1    1    1    1    1    1    1     41477   -6   -8    6   -2    2   10  -14  -10  -12    9  -11  -11  -19    8   -6    0   -4    1
    1    1    2    1    1    4    2    0      2031   -7  -11    6    1   -6    1  -11   -5  -12    9  -13  -16  -11    5    4    8   -4    8
    1    1    3    1    1    3    1    1       735   -7   -9    7    1   11    1  -12   -4  -11    7  -15  -10  -11    4    2    9   -6    4
    1    1    4    1    2    5    1    0       851   13    3    8  -10    6   13   -3  -15    0   17   -4    7   -1  -10    2   14    8   -6
    1    1    5    1    2    1    3    0      1939   11    0    8   -4    6   15   -7  -17    0   13   -1    7   11  -15    1   16   10   -7
    1    1    6    1    3    1    3    1      1334    3   -3   -6  -13   -3   12  -11   -2   12   11   -2   -3    8   -2   -6   -5   19    7
    1    1    7    1    3    3    3    1       754    9   -9   -4  -10   -5   11   -2   -6    8   12  -14    1   11   -3   -3   -4   14    8
    1    1    8    1    2    2    1    0      1478   11    1    7   -9    6   21   -9  -12   -2   14   -1    4    2  -10    8   12   14   -3
    1    1    9    1    3    4    1    0      1020    2   -5   -4  -13   -4   11  -11   -1   13   14   -7    0    5   -4  -14    6   18   13
    1    1   10    1    1    5    2    0      2181    0   -9   10   -6    0   11  -21    5   -8    7  -13  -12  -11    5    4    9   -7    4
    1    1   11    1    1    2    1    1      4751   -8  -10    9   -3   -2    9  -10   -4   -9    7  -12  -12  -10    4    4    9  -11    2
    1    1   12    1    3    5    2    0       770    3   -6   -6  -12   -2   13   -8   -4   16   16    1    5   10   -3   -3   -5   13    7
    1    1   13    1    2    4    2    1       917   15   -4    4   -4    6   12   -4  -13   -2   11    3    4    1   -2    4   15   11   -8
    1    1   14    1    3    2    1    0       625    3   -7   -4  -13   -5   11  -17   -7   11   14    3    3   12   -3   -7   -3   12    5
    1    1   15    1    2    3    1    0      1002    3   -2    7  -10    4    7   -2  -20    0   10   -4    5    0  -10    6   18    8   -6
    1    2    1    1    1    9    1    1      1907   -6  -11    5    0    4   12  -12   -6  -12    8  -12  -11  -14    0    1    8   -4    2
    1    2    2    1    2    9    2    1       617   13    2   17  -12    3   15   -8  -19   -1   12   -4    6    2   -9    1   21    7   -5
    1    2    3    1    2    8    3    0       321   15    5    6   -8    5   11   -4  -15   -1   13   -4    2    3  -10    7   15    7   -4
    1    2    4    1    1   10    3    0       694   -7   -7    8    0    1   13   -8   -2  -10    4  -16   -7  -11    6    4    9   -5   -6
    1    2    5    1    3    7    2    0       524    3   -6   -1  -14    5   13   -9   -2   12   15   -6    1   12    0   -4   -2   12    5
    1    2    6    1    3    6    3    1      1000    1   -7   -4  -11   -5   11   -9   -6   12   15   -6    3   11   -2   -5   -3   20   -3
    1    2    7    1    3    9    3    1       786    3   -6   -4  -13   -9   10  -13   -5   14   13   -9    2    6   -4   -5   -3   13    7
    1    2    8    1    1    7    2    0      1139   -8   -8   10   -2    4   12  -12   -3  -12    6  -17  -19   -8    5    6    3   -4    2
    1    2    9    1    2    7    1    0       552   12    1    2   -3    6   13   -6  -15    0    8   -3    5    0   -8    3   17   11   -4
    1    2   10    1    3    8    3    1      1315    4   -4   -3  -10   -5   13   -4   -3   11   12   -8    1   10   -3   -2   -5   12    4
    1    2   11    1    2    6    2    1       959   12    1    6   -6    3   11   -7  -16    0    7   -3    4   -1   -8    1   16    9   -4
    1    2   12    1    3   10    1    0       731    3   -4   -6  -12   -3   11   -7   -3   13   15   -8    1    9   -3   -4   -6   12    7
    1    2   13    1    2   10    1    0       575   10    3    5   -7    5   14   -6  -17    5    3   -4    7    1   -7    1   18    7   -3
    1    2   14    1    1    6    1    1       537   -6  -11   14   10    3   10  -12   -3  -12    8  -12  -10  -11    5    4    6   -4    2
    1    2   15    1    1    8    1    1      1045   -8   -8    9    8    3   11  -11   -3  -10    9  -12  -11   -9    4    3    7   -5   12
    1    3    1    1    2   15    3    0       621    9    2   16  -17    4   15    0   -5    2    8    0    4   -5  -16    1   17    9   -5
    1    3    2    1    2   13    2    1       790   16   -3    6   -9    4   12   -5  -14   -1   12   -1    7    1   -8    3   15    8   -7
    1    3    3    1    2   14    2    1       760   14    5    4   -8    5   12   -5  -16   -1   13   -1    5    0  -10    2   17    9   -5
    1    3    4    1    3   14    3    1       731    5   -6   -5  -13   -4   13  -11   -2   11   12   -9    2   11   -2   -6    1   14    7
    1    3    5    1    1   13    3    0       527   -7  -10    5    2    1   11  -15   -3   -6   11  -13  -10  -11    3    2    9   -4    2
    1    3    6    1    1   15    3    0       588  -14  -18    9    0    3    9   -7    3  -12   10  -14  -10  -10    8    2    6   -3    4
    1    3    7    1    1   14    3    0       950   -9   -7    8    0    4   13  -11   -5  -12    7  -17  -12  -14   15    7   12   -4    3
    1    3    8    1    1   11    2    0       705   -8  -11    6    1   12    2   -9   -4  -14   10  -13  -10  -12    4    4   10  -10    2
    1    3    9    1    3   13    1    0       710    7   -3    0  -13   -5   10   -8   -3   16    9   -8    3   10   -1   -5   -5   15    6
    1    3   10    1    3   12    3    1       731    5   -3   -6  -13   -6   17   -8   -3   21   11   -7   -1    8   -1  -11   -3   13   11
    1    3   11    1    3   15    2    0       575    5   -6   -4  -11   -4   13  -16   -5   17   12  -12   -3   11   -2   -3   -5   16    8
    1    3   12    1    2   12    2    1      6394   11    3    9   -9    6   12   -4  -16    1   11    0    4    1   -8    4   14    8   -6
    1    3   13    1    2   11    2    1       604   13    3    6   -8    6    8   -7  -21   -3   14   -4    7    0  -11    2   18    7   -5
    1    3   14    1    3   11    3    1       613    4   -6   -5  -13   -2   13   -7   -7   10   12   -6    1    5    1   -5   -5   13    5
    1    3   15    1    1   12    2    0      1742  -10  -10    8   -4    0    9  -12   -6  -12   12  -13   -9   -8    5    1    4   -9    3
    1    4    1    1    1   20    1    1       634   -6  -10    8    1    5   12  -12   -3   -7    7  -13  -12  -12    6    3    9   -6    5
    1    4    2    1    3   19    1    0       770    3   -6   -6  -11  -14   16  -17  -10   13    5   -5    3   20    1   -6   -5   14    7
    1    4    3    1    3   20    3    1       517   -1   -7   -4  -21  -11    3  -13   -6    7   13   -7    0   10   -1   -5   -3   14    5
    1    4    4    1    2   20    2    1      1105    9    4    8   -6    6   14   -4  -17    0   14    4   -4    1  -11    4   15   15  -14
    1    4    5    1    1   19    2    0       726  -12   -7   -3    8    5   14  -12   -4  -13    9  -13  -10   -9    7    1    9   -6    3
    1    4    6    1    3   16    3    1      1803    2   -4  -13   -4   -2   14   -3    5   11   14   -6   -3    0    4  -10    1   14    7
    1    4    7    1    2   17    2    1       644   11    0    9  -18    5   14   -5  -13    2   19    0    4    5   -9    2   16   10   -8
    1    4    8    1    2   16    3    0      1436   10    2    7  -10    4   15   -6  -14  -10   16   -3    5    2   -9    2   16   18   -3
    1    4    9    1    3   17    1    0      1716    7   -4   -6  -12   -5   13   -8   -6   10   14   -8    3    9   -2    2  -11    7   12
    1    4   10    1    1   17    2    0     18048   -9   -9    7    1    1   14  -12   -4  -16    5  -12  -12   -8    4    3    9    0   11
    1    4   11    1    2   18    2    1       912   10    2    5   -8    7   14    5  -22   -2   13   -1    5    3   -3    1   20   10   -6
    1    4   12    1    1   18    3    0      1053   -8  -10    8    0    3   12  -21    6   -6    9   -8   -7   -3   14    2    9   -4    4
    1    4   13    1    2   19    2    1      1316   11    3    9   -8    7   11   -4  -15   -3   13   -3    6    3   -9    5   14    2  -16
    1    4   14    1    1   16    1    1      1809   -9   -8    6    2    0   10   -8   -1  -14   14  -16  -18  -16   15    9    1   -7    1
    1    4   15    1    3   18    1    0      1034    2   -6   -4  -13   -2   12  -14  -10   13   14   -6    1    8   -1   -7   -3   18   10
    1    5    1    1    1   21    3    0       626  -10   -9    8    0    3    9  -12   -3  -15    3  -14  -12  -11    5    4    6   -4    4
    1    5    2    1    3   23    3    1       843    4   -5    5  -21   -5   12   -9   -3   12   14  -13    1   10   -4   -3   -3   20    1
    1    5    3    1    1   24    3    0       635   -5  -17    7    2    4   11  -10   -6  -13   10  -15  -12  -18    8    2   10   -6    3
    1    5    4    1    3   24    2    0       579    2   -6   -6   -9   -4   13  -10   -4   11   12  -10    2    8   -4   -5   -3   13    5
    1    5    5    1    1   25    3    0       669  -10  -10    6    2   -3    8  -19  -12  -12    9   -7   -3  -10    6    2    0   -6    4
    1    5    6    1    3   21    3    1      3092    3   -6   -5  -14   -2   10  -14   -1   14   13   -8    2    8    0   -7   -5   15    6
    1    5    7    1    3   22    2    0       730    2   -5   -4  -12    3    4  -14    1   10   15   -9    2   11    0  -10  -12   15    6
    1    5    8    1    2   25    3    0       622   11    1    6   -8    7   13   -5  -14   -1   14   -3    5    3  -10    2   19   10   -3
    1    5    9    1    1   23    1    1       519   -9   -8    5    0    3   12   -1    1  -12    9  -11  -11   -8    5    8    3   -5    4
    1    5   10    1    2   21    1    0       355   15    4    6   -7    5   15   -5  -13   -9    8   -3    5    2  -10    2   13    8   -5
    1    5   11    1    1   22    3    0       518   -7  -10    8   -1   -6   13   -4   -6  -10    8  -14  -10  -10    4    2    9   -4    1
    1    5   12    1    3   25    1    0       707    2   -7   -7  -12   -2   12  -11   -5   10   15   -8    3   10   -1   -6   -3   13    5
    1    5   13    1    2   22    2    1       568   13    2    6  -10    5   14   -4  -15   -1    9   -1    5    0   -7    2   17   16  -16
    1    5   14    1    2   24    2    1       723    6    1    5   -7    8   13   -3  -20  -12    9   -1    1    2  -11    3   17    9   -5
    1    5   15    1    2   23    3    0       712   13    3    4    1    9    8   -3  -20   -1   12    1    7    2   -8    3   18    7   -5
    1    6    1    1    1   29    2    0     61403   -8   -5    8   -1    0   12  -11   -2   -9   -1  -11   -9  -11    5    5    5   -5    2
    1    6    2    1    3   28    2    0       581   -3  -10   -6  -14   -5   14   -8   -6   12   15   -5    1    8   -3   -6   -3   13    5
    1    6    3    1    1   28    2    0       975  -10   -7    9   -2    3   10  -12   -3  -10    8  -12  -12  -14    6    1    9   -7    1
    1    6    4    1    3   26    1    0       778    2   -4   -4  -10   -3   17   -9   -5   11   14   -9    2    8   -1   -1   -5   15    6
    1    6    5    1    1   27    2    0       525   -7  -14   11   -2   -1   15  -10   -5  -12    7  -14  -11   -9    5    1   10   -3    5
    1    6    6    1    2   26    2    1       601   10    3   14    2    9   10   -6  -13   -3   13   -2    4   -3   -9    2   17    4   -5
    1    6    7    1    2   30    2    1       834   13    1    7   -9   10   17   -7  -14   -4   13   -2    4    2   -9    1   15    8   -4
    1    6    8    1    1   26    3    0       594   -7   -9   12   -5    3    9   -9   -6  -20    3  -13  -12   -7    3   -1    2   -4    6
    1    6    9    1    2   29    2    1      1036    6    0    5   -7    6   16   -6  -15   -3   10   -2    4    2   -8    3   15   11   -6
    1    6   10    1    3   30    2    0       676   -2   -3   -6  -11    1    8   -5   -1   11   12   -6    1   20    1   -4   -4   13    5
    1    6   11    1    3   27    1    0       843    2   -3   -6  -12   -4   17   -9  -12    5   11   -5    2   12    8    0   -6   17   11
    1    6   12    1    1   30    3    0       283   -6  -12    7    1    1   11  -13    5  -18    7  -23  -20   -8    6    3    6   -2    8
    1    6   13    1    2   28    2    1       657    9    2    7   -9   -2    7   -7  -10   -1   12   -2    4    1  -14    2   15    5  -12
    1    6   14    1    2   27    3    0       984    7    4    9   -9    5   11   -4  -17  -12   20    0    6    0   -9    3   18   11   -6
    1    6   15    1    3   29    2    0      2258    4   -5   -4  -13   -2   13  -10   -4   14   13   -5    5   12   -3   -6   -3   12   16
    1    7    1    1    1   32    2    0     10985  -10   -9    9   -1    1    9  -10   -4  -13    9  -13  -12   -8    6    8   11   -6    2
    1    7    2    1    2   35    1    0       627   13    5    9   -7    4   12   -6  -15   -4   12    0    3    2  -10    4   16    7   -8
    1    7    3    1    2   33    1    0       540   10    2    5   -5    5   12   -5  -14    2   12    3    5    3  -13    2   15    8   -7
    1    7    4    1    1   34    2    0       583  -10   -8    7    1    2   12   -7   -6  -14   10  -12  -13  -12    7    2    9   -5    4
    1    7    5    1    1   33    1    1       577   -9   -4   -1    4    1   12  -11   -5   -9    8  -21  -14  -12    4    2    6   -1    0
    1    7    6    1    3   35    3    1      1164    2   -7   -7  -10   -3   13   -7   -3   12   14    1   -3   11   -5   -6   -6   13    4
    1    7    7    1    1   35    2    0       239   -9   -8    5    0    0   14  -12   -3   -9    0  -13  -12   -8    6    1    8   -3    4
    1    7    8    1    2   31    1    0      1671   15    0    5   -9    5   20    0  -11    8   19    3    2   -5  -18    1   16   11   -8
    1    7    9    1    3   32    2    0       261    2   -7   -5  -10   -3   12  -10   -2   13   14   -5   -2   12   -4   -9   -6   14    5
    1    7   10    1    1   31    3    0       285  -12  -13    7    1    3   10  -10   -4   -1    8  -14  -11   -8    4    1    9   -4    5
    1    7   11    1    3   33    1    0       706    2   -5   -5  -14   -4   11   -9   -1   11   13   -8    1   11   -7   -6   -3    6   -2
    1    7   12    1    2   34    2    1       248   10    2    9  -10   -4    8   -4  -13   -2    9   -3    6    1  -10    5   14    9   -7
    1    7   13    1    3   34    1    0      2143    2   -4  -10  -18  -11    3  -12   -2   15   17   -8   -1    6   -7   -4   -5    9    4
    1    7   14    1    2   32    3    0       795   20   -3    8   -9    8   15   -3  -15   -3   12    3    2    3  -10    4   16    9   -7
    1    7   15    1    3   31    2    0       541    0  -13   -7  -13    5    3  -10   -3   13   13   -9    2   11    0   -3   -2   12    6
    1    8    1    1    1   36    1    1       569   -7   -9    6    0    3   11  -11   -5  -12    8  -13  -12   -7    2    1    9   -4    1
    1    8    2    1    1   39    2    0       372   -5   -9    5   -1    2   12  -10   -4  -10    7  -16  -13  -12    5    4    3   -6    3
    1    8    3    1    3   40    3    1       294    4   -5   -9   -8    0   22  -10   -6   17   20   -9    1    8   -4   -4   -5   14    8
    1    8    4    1    1   37    2    0       796   -6  -10    5    0    2   12  -11   -5  -18    0   -8  -16   -8    7    4    9   -4    3
    1    8    5    1    2   40    1    0       685   21   11    8   -9    6   13   -1  -12   -5    5   -1    7    0   -6    4   18    9   -5
    1    8    6    1    2   38    2    1       291   13    0    7   -7    4   14   -4  -16   -3   10   -2    7    2   -9    4   18   13   -8
    1    8    7    1    3   36    3    1      4634    0    0   -6  -11   -6   14   -9   -3   11   15   -5   -1    9   -2  -15    2   14    5
    1    8    8    1    3   39    1    0       369    2    0   -5  -13   -3   11   -9   -3   12   12   -7    3    9    7   -5   -5   15    7
    1    8    9    1    2   39    3    0      2772   10    0   16   -5    6   13   -5  -14   -4   11   -3    7    5   -9    2   18   11   -7
    1    8   10    1    1   38    2    0      2823   -6  -10    6   -1    2   12  -10   -3  -11    9  -13  -10   -8    3    3    6   -4    5
    1    8   11    1    2   36    1    0       519    9    3    5   -9    4   14  -13   -6    0    7   -4   13   -1  -10    1   16   10   -6
    1    8   12    1    3   37    2    0       180    3   -4   -6  -11   -3   11   -9   -5   13   12   -3    3   11   -3   -3   -5   13    6
    1    8   13    1    3   38    3    1       189    4   -6   -9  -22   -5   13   -7   -6   18   22   -7    2    9    0    0   -3   11    8
    1    8   14    1    1   40    1    1         0   -9  -11    3    3    2   10  -16   -7  -13    7  -18  -18  -11    5    4    7   -6    1
    1    8   15    1    2   37    2    1        88   13    2    8  -10   14   15   -6  -15   -1   11   -1    5   -1  -10    3   17   10   -7
    1    9    1    1    1   45    1    1       246   -7   -7    9   10   -2   13  -12   -3  -11    9  -13  -10  -12    6    2    9   -1    7
    1    9    2    1    2   42    3    0       222   11    3    5   -6    5   14   -4  -15    0   13   -3    4    1   -8    2   16    7   -5
    1    9    3    1    3   41    2    0       326    4   -5   -4  -12    1   15   -8   -5   13   11   -7    3   12    2    0   -1   15    4
    1    9    4    1    1   42    2    0       330  -11   -7   10    9    0   12  -18   -4   -6    9  -14  -10  -10    4    4    7   -3   -1
    1    9    5    1    1   41    1    1        62   -8  -10   13  -10    2   10   -6   -5  -13    9  -13  -10  -12    3    5    6   -3    1
    1    9    6    1    3   43    2    0       494    2   -5   -6  -12   -5   17   -7   -3   17    8   -5   -1    8   -3   -4   -5   14    5
    1    9    7    1    3   45    3    1       348    3   -6   -6  -13   -5   15  -10   -3   14   14  -12    1    9    0   -3   -4   13    8
    1    9    8    1    2   44    1    0       207   11    4    8   -8    5   12   -6  -15   -1   13   -4    5   -1   -8    1   24    9   -5
    1    9    9    1    1   44    2    0         0   -7   -7    0   -1    2   12  -10   -5   -2   10  -14  -10   -6   12    4    8   -4   -3
    1    9   10    1    2   45    3    0       217    9    3   13   -4   -5   12   -5  -16  -11    6   -3    6   10  -12    5   16    3    0
    1    9   11    1    1   43    2    0         0   -9   -9   17   -1    1    9  -10   -5  -12    8  -15  -12   -9    4    3    6   -4    3
    1    9   12    1    3   42    1    0       691    2   -5   -7  -12   -2   10   -8   -6   12   14   -7    3    8   -3    5    4   14    7
    1    9   13    1    2   43    1    0       650   11    1   -3    1    5   15   -1  -16   -1   12   -5   10    0  -11    8   15    8   -6
    1    9   14    1    3   44    2    0       433    2   -5   -6  -11   -5   14  -11   -4   13   12   -6   -1    8   -4   -7   -4   15    6
    1    9   15    1    2   41    1    0      1249    9    4    6   -7    6   12   -6  -15    3    8   -2    6   -2  -15    3   14   15  -16
    1   10    1    1    1   49    2    0       720   -8  -10    8    0   -3   13  -14   -3  -12   10  -15   -7  -13    5    4    8   -6    3
    1   10    2    1    3   50    2    0       741    3   -6   -4  -13   -5   12   -2  -11   10   14   -6    0    9   -1   -5   -5   12    5
    1   10    3    1    2   46    1    0       617   13    1    7   -9    3   14   -4  -14   -2   11   -9   13   -1   -7    4   16    8   -6
    1   10    4    1    1   50    2    0      1377  -10   -9    7    2    1   10  -13   -3   -9   12  -13  -12   -8    5   -5   17   -7    7
    1   10    5    1    1   48    3    0      1548   -7  -10    7   -2   -8   18  -11   -5  -12    9  -14  -11  -11    6    0   -1   -7    5
    1   10    6    1    2   48    2    1        95    6    0    7   -9    7   14   -6  -15   -1   12   -1    4    1  -10    2   16   19   -6
    1   10    7    1    3   48    1    0       637    5   -6   -3   -7   -6   12  -14  -13   10   12   -2    6    9   -3   -4   -5   13    8
    1   10    8    1    2   47    2    1       597   11    0    7   -5    5   12   -4  -13    0   12   -1    5    0  -10    2   17   13   -5
    1   10    9    1    1   47    3    0       510   -7   -8    8    0    0   11  -11   -5  -13    8  -12  -11  -13    4    2   10   -9    5
    1   10   10    1    3   49    2    0       396    5   -6   -4  -11   -4   13   -4   -6    7   13   -6    1    9   -1    5    1   15   10
    1   10   11    1    3   46    1    0         0    3   -6   -5  -13   -6   14   -9   -3   13   14   -7   -4    9   -4    0    0   15    6
    1   10   12    1    1   46    2    0       111   -7  -10    5   -1   10   12  -16   -7  -10    7  -14  -10   -9    4    4    7   -5    2
    1   10   13    1    3   47    1    0       300    1   -5   -3  -12   -4   10   -9   -5    8   19  -14   -3   12   -3   -6   -4    9    6
    1   10   14    1    2   49    2    1       385   15    4    8   -9    3   12   -6  -14   -1   11   -2    3   -7  -18    3   15   17   -9
    1   10   15    1    2   50    1    0       691   16    6    8  -10   11   11   -6  -16   -2   10    3    2    0   -9    3   17    7   -4
    1   11    1    1    2   54    2    1       457   19    8    4  -12   13   12   -3  -14   -1   14   -1    5   10  -11    1   15   10   -5
    1   11    2    1    2   53    1    0       105   10    0    5   -8   -1   20   -4  -14   -3   13   -1   -1    2   -9    2   16   12   -6
    1   11    3    1    2   52    3    0         0   12    3    7   -9   -1   14   -4  -14    2   12   -2    0    0   -8   12   22   10   -7
    1   11    4    1    3   51    2    0        87    4   -6   -6  -12   -4   13   -8   -4    5   23   -8    0    9    0   -4   -3   14    5
    1   11    5    1    2   55    1    0       133   13    5    8   -9    7   13   -1  -23    0   14  -12    6    2  -10    4   15    8   -5
    1   11    6    1    1   52    2    0       113   -7   -8    5   -3    2    9  -12   -6  -12   10  -13  -10  -12    5    5    9   -6    2
    1   11    7    1    2   51    2    1       238   11    4    6    0    4    5   -4  -15  -11    9   -6   14    1  -10    3   18    7   -6
    1   11    8    1    3   52    1    0        38    1   -6   -9   -9   -3   10   -7   -5   13   15   -8    2    6  -10   -4   -6   14   -3
    1   11    9    1    1   55    3    0         0   -9   -9   16   -1    0    6  -11   -5  -10    8  -13  -12  -12    7    4    7   -4    2
    1   11   10    1    1   54    1    1       695  -10   -7    3    0    1   13  -12   -4  -13    9  -11  -17  -11    5    3   14   -4   -2
    1   11   11    1    3   53    1    0       189    5   -9   -7  -10   -2    7    1    5   11   12   -5    3    9   -3   -4   -5   13    6
    1   11   12    1    3   55    2    0       439    1   -4  -10   -8   -7   13   -8   -5   13   14   -5   -2   11   -1   -2   -5    7   10
    1   11   13    1    1   51    3    0       407  -18  -16    7   -3   -3   13  -11   -5  -13    7  -14  -12  -10    4    2    8   -4    3
    1   11   14    1    1   53    2    0      1080   -7   -8    9   -5    0    6   -9   -3  -10    7  -14  -10  -12    0    5    1   -6    4
    1   11   15    1    3   54    1    0       990    2   -4   -5   -7   -6   10  -14   -3   10   14   -8   -1    8   -3   -4   -3   14    4
    1   12    1    1    3   56    3    1       488    6  -11   -7  -12   -4   13   -9    4   13   15   -8    2    5    0   -6   -4   11    7
    1   12    2    1    2   60    1    0       774   10    3    9   -8    6   12   -4  -15   -2   13   -2    6    0   -7    3   17   11   -5
    1   12    3    1    2   59    2    1       441   11    9    6   -7    4   12    3  -20   -9   21   -3    5    0   -8    2   14    7   -4
    1   12    4    1    2   57    2    1       601    2    5    8   -9    7   11    0  -17    0   11    8   -3    0   -9   -1   17    9   -7
    1   12    5    1    2   58    1    0       418   17   11    7   -7    8   10  -13  -18   -3   11   -3    3    3   -7    2   15    3    2
    1   12    6    1    1   56    2    0       690   -7   -8    8    2    3   10  -12   -1   -9    9  -10  -14  -10    7    5    8   -6    3
    1   12    7    1    1   57    2    0       793   -7   -7    7   -1    3   12  -10   -5  -10    8  -10   -9   -8    6    4    6   -7    2
    1   12    8    1    2   56    1    0       123   12    2    0  -14    2   12   -4  -16    2   15    2   -4    1   -7    7   15   11   -4
    1   12    9    1    1   58    3    0       471   -7   -9    8    2    1   10  -11   -2  -12   10  -12  -11   -9    5    3    6   -6    3
    1   12   10    1    1   59    1    1       470   -6  -19    6    1    3   13  -13   -3  -11    7  -12  -12  -11    4    3    7   -6    1
    1   12   11    1    3   59    1    0       821    4   -6   -6  -13   -3   12  -11   -2   12   14  -12    5    9   -4   -4   -5   16    4
    1   12   12    1    1   60    3    0       341   -7   -7    8    0    1   11   -8   -1   -9    7  -14   -9  -11    6    5    6   -6    2
    1   12   13    1    3   58    1    0       249    5  -10   -5  -13  -11   12   -7   -6   11   14   -8    2   10   -3   -6   -3   16    4
    1   12   14    1    3   57    3    1       320    2   -5  -15   -3    4    8  -13    2   11   15  -15    8   10   -4   -5   -5   12    8
    1   12   15    1    3   60    2    0       469    3   -3   -1   -8   -6   13  -10   -4   11   12   -8    2   10   -3   -5   -3   13    4
    1   13    1    1    1   64    3    0       404   -8   -8    6    6    0   10  -13   -4  -10    8  -12  -10  -12    3    8   16   -7    1
    1   13    2    1    3   62    1    0       549    3   -4   -5  -11   -4   11   -5  -14    7   11   -8    2   11   -1   -6   -5   13    7
    1   13    3    1    1   63    3    0       240   -9  -11    4   -1    1   11  -13   -3  -12    9  -12  -11  -11    6    2    9   -7    3
    1   13    4    1    2   63    1    0       616   10    2    6   -7    0   14   -1  -10   -2   11   -1    2   -1  -18    4   17    8   -5
    1   13    5    1    2   62    2    1       401   13    2    9  -10    4   12   -4  -17   -1   14   -4    5   -1  -11    7   19   11   -5
    1   13    6    1    3   64    1    0       642    4   -1   -7  -12    2   19   -7   -3   11   13   -6    3   12    0   -3   -3   10    9
    1   13    7    1    2   64    3    0       330    9    4    5   -9    3   10   -7  -16   -3   13   -2    4    3  -10    4   18   10   -6
    1   13    8    1    3   61    2    0       494    2   -5   -4  -13   -6   10   -7   -6   13   13   -8    1    8    0   -6   -3   15    8
    1   13    9    1    1   61    2    0       540  -10   -8    6    2    3   13  -12   -2  -13    3  -12  -10  -12    7   13   17   -4    1
    1   13   10    1    2   65    3    0       533    8    4    6   -9    8   18   -3  -17   -3   13   -1    6    2   -9    7   21    9   -7
    1   13   11    1    1   62    2    0      1268   -7  -10    2   -1   -7   10  -15   -2  -15    9  -13  -12  -11    6    2    7   -6    4
    1   13   12    1    3   65    1    0       674    4   -3   -7  -13   -4   11   -9   -3   14   14   -8    1   12    1   -7   -2   16    6
    1   13   13    1    1   65    3    0       152   -8   -8    9    1    0   12  -13   -3  -12    9  -13  -12   -3   15    2    9  -10    0
    1   13   14    1    2   61    1    0       420   13    2    9   -7    5   14   -3  -15    0   11    2    7   -1  -10    3   11    5   -4
    1   13   15    1    3   63    2    0       388    3  -10   -3  -13   -5   12   -9   -3   16   18   -7   -1   10   -1  -15   -5   13    6
    1   14    1    1    2   67    1    0       598   11    0    7  -10    5   12   -7  -20    0   10   -4    3   -1  -10    1   13   10  -10
    1   14    2    1    2   68    2    1       336    4    6    7   -7    3   14  -11  -15   -1   11   -1    3    0   -8    1   15   11   -4
    1   14    3    1    3   69    3    1      2996    3   -6   -5  -11   -2   13   -8   -6   12   14  -11   -1    8   -2   -3   -5   15    6
    1   14    4    1    2   66    1    0       382   13    3    7   -7    6   12   -4  -10   -1   10   -3    7   -2   -5    6   19   19  -12
    1   14    5    1    3   70    2    0       255    2   -5  -10  -12   -3    9  -10   -2   13   14   -6    3   11   -4   -4   -5   13    7
    1   14    6    1    3   68    3    1       119    1   -3  -15   -4   -2   10  -10   -3   13   14   -5   -1   10   -1   -6   -3   16    6
    1   14    7    1    2   70    3    0       772    9    2   10   -5    6   12   -5  -16   -4   12   -1    5    1   -8    4   15    7    0
    1   14    8    1    1   68    1    1       566   -9  -11    8    6    2   12   -9   -3  -12    3  -12   -9  -10    4    2    9   -6    3
    1   14    9    1    1   69    1    1       753   -8  -10    8    1   -8   15  -13   -3  -12    9  -14  -11  -10   -3    3    7   -4    3
    1   14   10    1    1   66    2    0       404   -7   -9    8   -1    3   13  -11   -2   -9    6  -13  -12  -11    5    4    6   -6    4
    1   14   11    1    1   70    2    0       805   -7  -10    9   -1    2   10  -10   -6   -9    8   -8   -2   -6   10    4    7   -7    5
    1   14   12    1    1   67    1    1       407  -10   -9    6   -1    3   11  -12   -4  -10   10  -13  -10  -11    6   -2   10   -5    1
    1   14   13    1    3   66    1    0       536    0    2   -4  -13   -2   15   -4    0   11   13  -10   -2    9   -3   -5   -3   14    8
    1   14   14    1    2   69    1    0       644   11    3    8   -8    5   14   -7  -13   -3   12   -1    6    0   -8    3   17   14    4
    1   14   15    1    3   67    2    0      1020    4   -7   -3  -12   -2   13   -9   -3   11   13   -3   -3   11   -1   -4   -5   16    7
    1   15    1    1    3   73    3    1       724    3   -4  -11   -4    5    8   -8   -5   13   15   -7   -2   11   -2   -5   -5   19   -2
    1   15    2    1    1   75    3    0       537   -8   -8    8   -1    2   12  -12   -4  -19   17   -6   -9   -5    8    4    9   -4    2
    1   15    3    1    1   73    1    1       485   -6   -9    8    0   12   13  -12   -3  -12    8  -12   -9  -11    6    4    7   -7    1
    1   15    4    1    2   72    2    1       643   12    1    9   -7    7   13   -6  -16   -2   11   -5    0    0  -11    3   18   10   -5
    1   15    5    1    2   71    3    0       315   11    0    5   -9   12   22   -6  -14   -1   14   -3    7    2   -8    4   14    9   -4
    1   15    6    1    3   72    2    0       240    5   -4   -4  -10   -2   13  -17    0   10   14   -6    3    9   -1   -4   -3   13    5
    1   15    7    1    3   74    3    1       647   -4   -6   -6  -14   -3   14   -9   -5   18   10   -2   -1   16   -2   -6   -2   14    4
    1   15    8    1    3   75    2    0       287    2   -3   -4  -12   -5   13   -9   -6   13   13   -5    2    9   -2   -3   -4    7   15
    1   15    9    1    1   72    1    1         0   -6  -10    7    1   -5    6  -10   -5  -12   10  -13  -14  -10   -1    5   10    0    3
    1   15   10    1    3   71    1    0     15734    4   -6   -4  -12   -5   12   -8   -5    9   14   -2    5   11   -1   -4   -5   16    4
    1   15   11    1    2   73    2    1        50   11    1   11  -13    4   14   -5  -16   -1   10   -1    7    1   -7    2   17    7   -7
    1   15   12    1    1   74    3    0       305   -9  -10    3    1    2   12  -10   -5  -11    7  -14   -9   -5   15    1    8   -5    4
    1   15   13    1    1   71    1    1         0   -7   -8    7   -1    2   13  -11   -3   -7    6   -3  -11   -8    1    2    8    0   -1
    1   15   14    1    2   75    2    1       488   12    0    7   -9    6   14    5  -19   -4   12   -3    5    2  -10    9   19    8   -6
    1   15   15    1    2   74    3    0       310    9    2    5   -9    7   21   -4  -23    0   13   -1    7    0   -9    2   15   16    2
    2    1    1    4    2    3    2    1      4964   10    2    2  -15    3   11   -5  -14   -4   13   -3    7    0   -7    4   14    9   -7
    2    1    2    2    3    0    1    0      2814    3   -5   -5  -12   -4   12   -9   -4   12   13   -7    1   10   -2   -5   -4   14    6
    2    1    3    4    3    3    2    1      1855    2   -5   -8  -14   -9   16  -10   -4   13    4   -6    2   12   -2   -4   -5   13    7
    2    1    4    2    2    0    1    0      1974   11    2    7   -8    5   13   -5  -15   -2   12   -2    5    1   -9    3   16    9   -6
    2    1    5    1    1   74    1    1      3513   -9  -10    3    1    2   12  -10   -5  -11    7  -14   -9   -5   15    1    8   -5    4
    2    1    6    6    0    0    2    1      2381    2   15   -3   11    0   -6    0   -1  -19    3    2    6   -2  -13    7   -6    7    8
    2    1    7    1    3   21    1    1      1055    3   -6   -5  -14   -2   10  -14   -1   14   13   -8    2    8    0   -7   -5   15    6
    2    1    8    1    2   31    2    0       566   15    0    5   -9    5   20    0  -11    8   19    3    2   -5  -18    1   16   11   -8
    2    1    9    4    1    1    1    0      3441   -8  -10    4    2    2   12  -10   -5   -8   11  -14  -12  -15    9    2    9   -6    4
    2    1   10    1    1    2    2    0      1721   -8  -10    9   -3   -2    9  -10   -4   -9    7  -12  -12  -10    4    4    9  -11    2
    2    1   11    1    3   37    1    1      1750    3   -4   -6  -11   -3   11   -9   -5   13   12   -3    3   11   -3   -3   -5   13    6
    2    1   12    1    1   58    2    0      2929   -7   -9    8    2    1   10  -11   -2  -12   10  -12  -11   -9    5    3    6   -6    3
    2    1   13    4    3    5    1    0       781    3    3   -7  -11   -7    7   -5   -3   11   14   -8    3   11   -4   -7   -4   15    5
    2    1   14    1    2   15    2    0      1056    9    2   16  -17    4   15    0   -5    2    8    0    4   -5  -16    1   17    9   -5
    2    1   15    4    2    4    1    0      1223    9    3    6   -7    4   15   -8  -25   -6   17   -4    5    5   -9    4   18   10   -7
    2    1   16    1    1   61    2    0      1384  -10   -8    6    2    3   13  -12   -2  -13    3  -12  -10  -12    7   13   17   -4    1
    2    1   17    4    1    4    2    1      1073   -8  -11   15   -3    6    6  -11   -3  -10    9  -12  -12  -11    1    1    9   -8    1
    2    1   18    1    1   20    1    1       808   -6  -10    8    1    5   12  -12   -3   -7    7  -13  -12  -12    6    3    9   -6    5
    2    1   19    1    3   55    1    1       473    1   -4  -10   -8   -7   13   -8   -5   13   14   -5   -2   11   -1   -2   -5    7   10
    2    1   20    4    3    1    2    1       920   -1    0    4  -21   -3   11   -8   -5    8   11   -8    1    0    8   -5   -5   15    5
    2    1   21    4    3    4    1    0       980   -2   -4   -3  -12   -4   10  -10   -2   11   12   -8    1   10   -7   -6   -4   14    7
    2    1   22    4    1    2    1    0      1294   -9   -8    7   -1    0    9  -11   -9  -12    9  -15  -10  -11    7    2    7   -5    4
    2    1   23    6    0    0    2    1       460  -10   11  -13    1   -9   -1    5   -6    2   -1   12   17   -2   17    8   -1   14  -17
    2    1   24    6    0    0    2    1      1148    2    3  -14    4    6   -2    3   -7    1    0   13   12   -8   10    7  -12   12   -8
    2    1   25    1    2    7    1    1       623   12    1    2   -3    6   13   -6  -15    0    8   -3    5    0   -8    3   17   11   -4
    2    1   26    4    3    2    1    0       472    5   -6    0  -14   -9    9   -8   -4   14   14   -6    0    8   -6   -6   -3   16    4
    2    1   27    6    0    0    2    1       454    0   -2   -9   -4   11   14    4  -10   -4  -21   -8    0   -3    2    5   -3   12  -11
    2    1   28    4    2    5    1    0       758   13    3    8   -9    5   11   -6  -15   -3   13    0    3    2   -9    3    6    8   -4
    2    1   29    1    3   44    1    1       665    2   -5   -6  -11   -5   14  -11   -4   13   12   -6   -1    8   -4   -7   -4   15    6
    2    1   30    1    2   48    2    0      2287    6    0    7   -9    7   14   -6  -15   -1   12   -1    4    1  -10    2   16   19   -6
    2    1   31    2    1    0    1    0       853   -8   -9    7    0    2   11  -11   -4  -11    8  -13  -11  -10    5    3    8   -5    3
    2    1   32    6    0    0    2    1       917   -1   -2  -11    0   11   14    6  -10  -10  -11   -1    1   -6    2    3   -5   10  -12
    2    1   33    4    2    1    1    0      1009   13    2    9   -8    6   11   -5  -17   -4   14   -4    5    2   -4    2   16    8   -6
    2    1   34    4    1    3    2    1       779    1    0    8   -2    2   12  -14    5  -13    7  -12  -11  -10    9    2    8   -6    1
    2    1   35    4    2    2    2    1     11357   14    0    8   -9    5   12   -5  -16   -5    7    0    5   -2   -3    4   16    8   -6
    2    1   36    1    3   68    1    1      6520    1   -3  -15   -4   -2   10  -10   -3   13   14   -5   -1   10   -1   -6   -3   16    6
    2    1   37    6    0    0    1    0      1125    1   17    5    4   10    0   -4    5  -21    3    1    6  -10  -17    5   -7    5    9
    2    1   38    1    2   29    1    1      3401    6    0    5   -7    6   16   -6  -15   -3   10   -2    4    2   -8    3   15   11   -6
    2    1   39    4    1    5    2    1       371   -5   -8    7    4    3    9  -12    6   -1   10  -12   -9  -10    7    2    6   -4    4
