    1    1    1    1    1    1    1    1      8891   14    0    6   -2   -1  -13    3    3  -10   -5   11   -9   -1    0  -12   13   -6   -7
    1    1    2    1    3    2    2    0      2910  -11  -11   13   13  -16   11   -4   -9  -12   -9   -8   -5    9   -2   16   12   14   -6
    1    1    3    1    2    4    2    1      4891  -14    2    8    6    0   11  -13    4   10   12   -9  -11   16    0  -17   -7  -13   17
    1    1    4    1    1    3    1    1      2281   13    2   10  -13   -1  -11    4    3   -9   -4   18  -12   -1   -2  -11   14    0   -4
    1    1    5    1    2    3    3    0      1039  -13   13    7    1   -1   10  -13    3   11    5  -10   -2   12   -1  -14    0  -11   17
    1    1    6    1    1    2    2    0      3735   14    0    4   -8    0  -14    2    1  -11   -3   11   -6   -2   -2  -11   23    0   -6
    1    1    7    1    3    5    2    0      1795  -10  -13    5   10  -14    9   -4   -6  -12   -8   -7   -7   -3    6   20   17   14   -8
    1    1    8    1    3    3    3    1       925  -13  -15   14   11  -23    1  -12    1  -13   -3  -10   -5    4    2   17   15   14   -7
    1    1    9    1    2    1    1    0       857   -9    3   10    3    2   10  -11    5    4    8   -9   -6   16    0  -13   -4  -10   15
    1    1   10    1    1    4    1    1       873   16    0    7  -11    1  -13    6   -3   -7   -2   11   -9    0    0  -14   10    7    0
    1    1   11    1    3    1    3    1      1895  -11  -16   13   11  -17    8    0  -12   -9   -9   -7   -6    5   -2   15   13   17   -8
    1    1   12    1    1    5    2    0      1469   13    2    8  -14    1  -14    7   -5  -11   -5    9   -6   -7   -5  -11   15    0   -6
    1    1   13    1    3    4    1    0       756   -9  -11   12   12  -11   13   -2   -7  -20  -18   -9   -5    8   -3   17   13   14   -8
    1    1   14    1    2    5    2    1      6695  -16    3    7    7   -1   10  -12    1   11   20   -8   -4   14   -1  -12   -5  -17   20
    1    1   15    1    2    2    3    0      1197  -16    3   10    3    2    9  -19   12    5    9  -16   -1   16   -2  -14   -4   -9   17
    1    2    1    1    2    8    2    1       798  -16    2    8    7    3   10  -12    2   10   11   -6   -4   17   -1  -16   -2  -12   17
    1    2    2    1    1    8    1    1      1136   15    1   10  -10    5  -10    3    2  -10   -5   13   -5    0   -1  -12   15    0   -7
    1    2    3    1    1    7    3    0      1219   13    3   10  -12    2  -14    2    1   -8   -7   12   -5    2   -4    0   21   -4   -2
    1    2    4    1    2    7    3    0       724  -16    4    1   -2    2   12  -11    2   15   10    1  -14   16   -3  -23  -12  -12   15
    1    2    5    1    3   10    3    1      1321  -10  -11   12    9  -17   11    6  -10  -12   -7   -7   -8    5   -2   17   13   14   -7
    1    2    6    1    1    6    3    0      1269   12    2    9  -13    4  -13    3    2  -11   -6   14  -17    5   -5   -3   11   -1   -5
    1    2    7    1    3    7    3    1      1556  -10  -13   10   11  -16   11   -1   -6  -10  -10   -8   -5    6   -3   15   15   13   -8
    1    2    8    1    3    8    2    0      1671   -8  -14   11   11  -16   11   -5   -8   -6  -11   -8   -9    2    0   17   15   12  -13
    1    2    9    1    1   10    2    0      1526   23    3    8  -12   -3  -11    1    7  -10  -12   13   -7    2   -4  -10   14   -3   -7
    1    2   10    1    1    9    1    1      3643   12    2    9  -14   -5  -17    4    1  -15   -6   13   -7   -2   -1  -11   14    1   -8
    1    2   11    1    3    6    3    1      2570  -12   -8    9   13  -13    9   -3   -5  -10   -9   -8   -8    6   -1   14   18   14   -8
    1    2   12    1    2    6    2    1      1317  -16    4    8    8    1   10  -17   -3   11   10  -10   -3   15   -1  -20    6  -10   16
    1    2   13    1    2   10    2    1       706  -14    5    7    6    2   10  -11    4    7   12   -5   -5   11    6  -12   -4  -12   14
    1    2   14    1    2    9    2    1       439  -14    4    6    7    2    9  -12    1   10   10   -8    0   16   -2  -10   -5  -12   17
    1    2   15    1    3    9    3    1      1079  -10  -14   13    9  -13    8   -2   -7  -10   -9   -9   -7    9   -5   16   14   24  -12
    1    3    1    1    1   14    2    0      1453   14   -7   14  -15    4  -18    4    1   -8   -5    9   -3   -4   -4   -7    8    7  -11
    1    3    2    1    1   11    1    1       853   15    1    8  -14    0  -15   -4    9  -11   -9   10   -9   -1   -1   -9   13    3  -14
    1    3    3    1    3   13    3    1      1716   -9  -12   11   11  -14    9   -1   -9  -10  -10   -9   -5    8   -4   17   13   15   -7
    1    3    4    1    2   11    1    0      2257  -13    2   10    6   -6   16  -12    7    9   13   -8   -4   14    0  -13   -4  -10   14
    1    3    5    1    1   13    1    1      1640   12    2   11  -14    1  -13    3    2  -13   -1   11   -9    0   -1  -10   14   -1   -5
    1    3    6    1    1   12    1    1      1496   15    3    9  -11    4   -9   -2   -3   -9   -6   13   -7    1   -3  -11   14   -1   -5
    1    3    7    1    3   12    1    0      3214  -17   -5   10   10  -17    9    2  -12  -11  -10   -4   -8   16    3   24    9   13   -1
    1    3    8    1    3   11    3    1       686  -12  -12   13   11  -15   18   -5   -9  -12   -9  -10   -4   -3   -2   18   13   13   -8
    1    3    9    1    3   15    3    1       564   -5  -12   15   14  -13    9    0  -11  -13  -11   -9   -6    6   -3   14   10   14  -10
    1    3   10    1    3   14    3    1       415   -9  -12    2   12  -15    9   -5   -4  -12  -11   -6   -8    8   -3   22    4   13   -8
    1    3   11    1    2   13    2    1       895  -16    1    0    5    7    9  -13    3   13    8   -8    0   17   -2  -12   -1  -10   15
    1    3   12    1    1   15    2    0       733   13    2   11  -13   -2  -14    5    5  -10   -5   13   -7   -1   -2  -10   12   -3   -5
    1    3   13    1    2   15    2    1      1426  -13    3    7    6   10    1   -9    5    7   11   -6  -11   16   -2  -13   -1  -10   18
    1    3   14    1    2   12    2    1       698  -15    5   10    1   -2    9  -11    4    8   12   -6   -4   15   -2   -5    4  -11   17
    1    3   15    1    2   14    2    1      1647  -14    3    8    6    1   10  -13    1    8   13   -5    3   16   -2  -18   -5  -14   20
    1    4    1    1    3   19    3    1       767   -8  -12   11   12  -11   11   -4   -9  -13  -10   -8   -5    7   -5   18   11   17   -8
    1    4    2    1    3   18    3    1       577   -4  -20   12   13  -16   10    3   -6   -9   -7   -4  -10    7   -2   15   11   14   -7
    1    4    3    1    1   17    1    1      1036   16    1   10  -12   -5   -9    0    3  -10   -8   11   -6   -2   -4   -3    3   -3   -6
    1    4    4    1    3   16    3    1       564   -9  -14   13   13  -16   11   -5   -7  -11   -8   -8   -2    7   -4   15   15   15  -12
    1    4    5    1    1   16    1    1      4047   16    3   10  -11   -2  -14    3    1  -10   -7   14   -7    1   -2  -11   14   -3   -7
    1    4    6    1    1   20    1    1      1470   13    1    8  -10   -1  -12    3    0   -8   -8   10   -6    1   -2   -5   13   -2   -5
    1    4    7    1    1   18    1    1       500   19   -6   10  -13   -1  -13    3    3  -12   -5   13   -7   -1   -4  -11   14   -1   -7
    1    4    8    1    2   19    2    1       946  -19   -2    9    5    1    9  -12    1    9   13   -4  -10   16   -6  -16   -3  -10   14
    1    4    9    1    2   17    2    1       910  -13    2    9    7    2   12  -15    4    9   10   -9   -3   15   -3   -6   -4  -10   18
    1    4   10    1    2   16    2    1       795  -14    1    6    7    1   12  -11    3   11   10   -7   -6   15    0  -16   -5  -12   18
    1    4   11    1    2   18    3    0      1293  -14    5   13    2   -8   15  -12    4   10    7   -5   -6   17   -1  -24  -12   -6   16
    1    4   12    1    1   19    1    1      1819   19   -8    4  -16    0  -14    4    0  -12   -7   10   -6    1   -2   -9   13   -3   -3
    1    4   13    1    2   20    2    1       915  -12    6    9    5    0   11  -13    3    8   13   -8   -6   21    1   -5   -8  -11   15
    1    4   14    1    3   17    3    1      1392  -11  -14   12    8   -5    4   -4   -7  -10  -10   -8   -4    8   -3   15   11   13  -10
    1    4   15    1    3   20    3    1       650   -9  -12   11   10  -15   12   -4   -6  -12   -8   -8   -5    3    2   17    8   16   -6
    1    5    1    1    1   21    2    0      3169   14    2   12  -14    9  -12    1    2  -10   -7   12   -6   -2   -4   -9   10   -2   -8
    1    5    2    1    3   21    3    1       644  -12  -13   13   10  -17   11   -6    1  -11  -10   -6   -7    7   -4   18   10   16  -10
    1    5    3    1    2   25    2    1      1276  -21   -7    8    6    2    9  -13    0   13   11   -8   -3   14   -2  -15   -3  -10   16
    1    5    4    1    3   23    3    1      1994   -6  -16   10   13  -14    9   -5   -7  -11  -10   -8   -1    5   -5   15   13   14  -10
    1    5    5    1    2   22    1    0       924   -7    3   11    3    1    8  -11    4   18   19   -7   -1    6    0  -13   -4  -12   17
    1    5    6    1    2   24    2    1       553  -14    2    9    5   -1    4  -12    1    5    7   -6   -4   16    4  -18   -8  -12   14
    1    5    7    1    3   25    3    1       676   -9  -11    5   13  -16   11   -5   -5  -11  -10  -12   -3    7   -2   12    4   15   -9
    1    5    8    1    2   23    2    1       891   -6   -5    9    4  -10    4  -22   -7    2   11   -7   -3   18   -4  -13   -4  -12   18
    1    5    9    1    3   24    3    1       729  -11  -12   14   12  -16    9    3    3  -10   -8   -7   -6    5   -3   18   11   17   -7
    1    5   10    1    1   22    2    0       654   15    0    8  -13    2  -14    3    4  -14  -13   13   -8    0    0   -4   12    0   -7
    1    5   11    1    1   25    1    1       421    6    4   11  -11    1  -12    2    3  -10   -7   13   -5   -1    0  -11   11    0   -6
    1    5   12    1    3   22    3    1       565   -9  -12   12   10  -16   10   -1   -7  -12   -9    0  -16   -1    4   12    7   10  -18
    1    5   13    1    1   23    1    1      1200   15    1   11  -12    1  -13    3    3   -8   -5   15   -7    0    0   -9   12   -4  -11
    1    5   14    1    1   24    1    1       929   12    1    8  -10   -3  -16    1    4  -13   -6   12   -8   -7    2  -19   11   -1   -5
    1    5   15    1    2   21    2    1      1309  -16    5   12    6    2    9  -13    0    3   15   -5   -4   14   -3   -8   -6  -15   18
    1    6    1    1    2   29    2    1       507  -15    2    8    4   -2   11  -13    3    8   13   -8   -2   17   -2  -18   -7  -10   17
    1    6    2    1    3   29    3    1       680  -14  -14   10   13  -13   11   -3   -8  -11   -8   -9   -6    8   -3   14   14   16   -9
    1    6    3    1    1   26    1    1       990   13    1   10  -14   -1  -13    1    3  -12   -4   11   -9   -1   -1   -8   15   -1   -5
    1    6    4    1    2   28    2    1       792  -14    3    3    5   -1   12  -14   -2    8   13   -7   -6   17   -2  -21    6  -11   11
    1    6    5    1    1   28    1    1       618   10   -7   10  -13    5  -17    1    2  -11   -7   12  -17    0   -3  -11   15   -4   -8
    1    6    6    1    1   30    2    0       482   13    0    8  -11    5  -16    1    1   -6   -9   11   -8   -1   -1  -12   12    0   -6
    1    6    7    1    3   30    3    1       544   -2  -20   13   12  -24    6   -3   -5  -10   -9  -10    4    7  -10   14    4   16   -8
    1    6    8    1    3   26    3    1       508   -5   -8   13   12  -15    8   -1   -7   -1  -16   -7   -6    8   -4   20    9   15   -7
    1    6    9    1    1   27    1    1       634   14    2   10  -13    0  -11    1    3   -8   -6   10   -5    1   -2   -8   16    0   -7
    1    6   10    1    3   27    2    0      1714   -5  -21   18    1  -15    9   -5    0  -11   -8   -7   -4   11   -3   17   12   14   -6
    1    6   11    1    3   28    3    1       542   -6  -17   14    9  -14    8   -2   -5  -10   -9   -7   -5    7   -2   19    9   17   -8
    1    6   12    1    2   30    3    0      3738  -17    3   12   11    1   12  -12    4   14   19   -8   -3   18    0  -14   -1  -10   11
    1    6   13    1    2   27    2    1       630  -20    7    9    5    0    8  -13    4   10   12  -15    3   17    1  -15   -3   -9   21
    1    6   14    1    2   26    2    1       862  -14    2   10    4    1    8  -23    4    7   11   -8   -4   14   -2  -16   -1  -10   14
    1    6   15    1    1   29    1    1       717   13   -1   12  -14   -4  -14    3    2  -11   -4   14   -3    0   -3  -11   12    1   -6
    1    7    1    1    3   31    3    1       674  -12  -14   10   13  -16   12   -1   -9  -18   -4   -9   -5    7   -1   16   12   13   -8
    1    7    2    1    1   34    2    0      1880   13    1    8  -11    5  -22   -2    7   -9   -6   10   -6   -3  -10  -11   12   -1   -5
    1    7    3    1    3   32    3    1       639   -5  -16   12   12  -14    9   -1   -6  -12  -11   -8   -9    8   -3   20   18   17   -9
    1    7    4    1    2   34    2    1      1671  -15    2    9    4    0   12  -12    2    8   11   -6   -4   15   -3  -13   -4  -12   18
    1    7    5    1    3   35    3    1       517   -9  -12   11   13  -20    7   -4   -8  -10  -10  -12    1    7   -1   12    5   15  -10
    1    7    6    1    2   35    2    1       994   -9   -6    7    5    2    9   -6    3   19    4   -7   -3   16   -3  -15   -1   -9   15
    1    7    7    1    2   31    2    1       796  -11   -2    9    4   -5   10   -8   12    7   11   -7   -5   16    0  -12    2   -9   15
    1    7    8    1    2   33    2    1       798  -20   -1    8    6    6   20  -11    2   12   14   -1   -2   18   -2  -15   -2  -10   16
    1    7    9    1    3   34    3    1       815  -10  -11   11   12  -16   10   -7  -11  -15   -4    2    1    7   -2   16   14   17  -13
    1    7   10    1    1   35    1    1       591   13    2    9  -10   -1  -10    0    4   -9   -7   10   -6    1   -4  -17   12   -1   -2
    1    7   11    1    1   31    1    1       457   16    1   13  -17    9  -21    2    0  -12   -6    8   -9    1   -3  -10   12   -3   -5
    1    7   12    1    1   32    2    0       537   15   -1    9  -11    5  -16    2    4   -8   -8   17   -8    4    1   -8   12   -1   -5
    1    7   13    1    1   33    1    1       453   14    0    9  -10    0  -11    3    1  -10   -5   11   -6    2   -2  -20   11   -4  -13
    1    7   14    1    2   32    2    1      1396  -17    5    7    5    1   10  -13    1    9   11   -7   -5   16    0  -12   -5  -10   16
    1    7   15    1    3   33    3    1       541  -14  -17   13   11  -14   12   -4   -6   -3    0  -16   -5    9   -4   17   11   14   -8
    1    8    1    1    1   37    1    1       569   12   -1   13   -8   -2  -12    1    3  -11   -7    6   -7    2   -2   -9   19    0   -6
    1    8    2    1    2   37    2    1       788   -5   -4    0   -4    1   11   -9   -6   10   12   -8   -4   17   -3  -13   -5  -12   14
    1    8    3    1    2   39    3    0      1814  -13    1    9    2    2   19  -12    4   11   10   -8   -3   15   -2  -12   -4   -1    8
    1    8    4    1    3   36    3    1       639  -14  -11   15   18  -16   10   -2    3  -10   -7   -7   -7    5   -1   15   13   16  -11
    1    8    5    1    1   38    2    0       982    6   -6    7  -10    0  -12   -5   10  -12   -5   21  -16    1   -3   -7    9   -2   -8
    1    8    6    1    3   39    3    1       576  -12  -10   11   12  -24    9   -4   -7   -7   -8   -8   -2    8   -5   15   13   16   -8
    1    8    7    1    3   38    3    1      2251   -8  -13   12   12  -14   11   -4   -5  -13  -10  -12   -6    6   -3   14   14   15   -6
    1    8    8    1    2   38    2    1      1218  -15    1   10   11   -1    2  -16   -6    8   12   -6   -6    6    1  -14   -2  -10   15
    1    8    9    1    3   40    3    1       803   -8  -13   11   10  -16   12   -3   -8  -12   -9   -6   -7    8   -4   15   14   17   -8
    1    8   10    1    3   37    1    0      1332   -8  -10   13   12   -7   15   -2   -7  -20  -15   -9   -8   10   -4   12   15   11  -18
    1    8   11    1    2   36    3    0      1712  -14    5   11   15    2    9  -14    2    9   10   -9   -4   14   -1   -5  -10  -11   15
    1    8   12    1    2   40    2    1       909  -13    5    9    3    0    9  -11   -4    5   19    0  -14   14   -1  -15   -3  -11   19
    1    8   13    1    1   40    1    1       667   12    3    7  -13   -2  -12    3    2  -11   -4   13   -8    1   -3  -10   12   -2   -1
    1    8   14    1    1   39    1    1       721   15    2    8  -11    0  -18    0   10   -9   -7   13   -5    2   -4  -12   12    0   -7
    1    8   15    1    1   36    1    1       582   15    1    8  -11    0  -15    2    1   -9   -6   16   -9   -1   -2  -15   12   -1   -7
    1    9    1    1    1   45    1    1       608   14    2    9  -10   -1  -11    3    0   -9  -14   12   -8    0   -3  -12   14   -2   -8
    1    9    2    1    1   43    2    0      1721   13    3    8  -14   -9   -4    2    1  -12   -8   13   -6   -1   -1   -9   12   -1   -7
    1    9    3    1    2   41    3    0       742  -17    5    6    7   -1   11   -6   11    9   11  -17    2   15   -3  -13   -3  -10   16
    1    9    4    1    3   43    3    1       826  -11  -12   14   11  -16   11    0  -16   -9   -1   -7   -7    0    1   17   14   15   -7
    1    9    5    1    1   44    1    1      1002   10    5   11  -10   -1  -11    3    2  -10   -5   10   -6   -2    1  -11   14   -1   -7
    1    9    6    1    2   42    2    1       948  -24   13    6    4    0   11  -12    4   11   12   -6   -4   18    2  -15   -2  -13   15
    1    9    7    1    3   41    3    1       607  -13  -13   17   16  -16    9   -4  -11  -11   -8   -7   -6    5   -1   16   11   15  -10
    1    9    8    1    2   45    2    1       744  -17    1    9    4    2   11  -14    2   11   12   -6   -3   16    0  -12   -5  -11   17
    1    9    9    1    3   45    3    1       796   -5   -4   11   12   -9    9   -4   -7  -12   -7  -12   -3    6   -3   17   11   24    1
    1    9   10    1    3   42    3    1      1710  -18   -3   11   10  -16   12   -4   -7  -11   -8   -1  -12    6   -3   15   13   16   -7
    1    9   11    1    1   42    1    1       635   12    0    9  -13    2  -13    5   -1  -11   -5   10   -8    2   -3  -12   12   -2   -7
    1    9   12    1    3   44    2    0       707  -10  -13   22   21  -18   15   -3  -12  -21   -3   -9   -6    6   -3   15   17   16   -8
    1    9   13    1    1   41    1    1       600   13    1   10   -8    2  -15    2    1  -11   -4   13   -9   -1   -1   -9   15   -2   -6
    1    9   14    1    2   44    2    1       625  -16    3   10    5   -2   10  -12    0   10   11    2   -7   14   -2  -14   -2   -9   15
    1    9   15    1    2   43    2    1      1306  -14    5    4    3    6   12  -13    0   11   11   -7   -2   16   -2  -15   -3  -11   15
    1   10    1    1    2   46    2    1       855  -15    4    9    5   10    0  -14    2   18   19   -6   -5   16    1  -12   -5   -3   23
    1   10    2    1    2   47    2    1       422  -19    0    7    4   -1   10  -12    0    7   15   -6   -3   17   -6  -15   -2   -6   16
    1   10    3    1    2   49    2    1       743  -10    0    8    6   -1   11  -14    2    8   12   -6   -5    9    8  -13   -2  -10   16
    1   10    4    1    2   50    2    1       587  -16    2    7    4    4   19  -12   -8    8   12  -17   -6   17   -3  -13   -4  -12   17
    1   10    5    1    2   48    2    1       565  -16    4    9    5    1   11   -7   -8    9   15   -5   -5   14   -3  -14   -4  -10   16
    1   10    6    1    3   49    3    1       688  -12  -10   10   12  -22   14   -1   -7  -10   -8  -17   -5    9   -5   15   14   13  -10
    1   10    7    1    1   47    1    1      2038   15    0    3   -8   -9  -13   -7    7   -9   -5   10   -6    1    0  -11   14    6  -10
    1   10    8    1    3   47    2    0      1094  -15  -13    8    4  -15    9    3   -7  -13   -9   -9   -5    7   -4   17   14   14   -7
    1   10    9    1    3   46    3    1       859   -9  -10   12   13  -16   10   -4   -5  -12  -10    1   -9    6   -1   15   14   16   -6
    1   10   10    1    1   50    3    0      2171   11    6   12  -13   -1  -17    0    1  -12   -7   11   -7   -4   -3  -11   14    3   -9
    1   10   11    1    1   48    3    0      3157   14    0   -1  -22    1  -12    1    2  -10   -8   12   -6    1   -2   -4    7   -2   -8
    1   10   12    1    3   50    3    1       649   -9  -10   11   12  -15    9   -1   -8   -9    0   -8   -5    5   -4   15   12   16   -9
    1   10   13    1    1   46    1    1       736   15    3   10  -12   -1  -14    9   12  -10   -7   21  -17   -2    2  -18    3    3  -16
    1   10   14    1    3   48    3    1       596   -9  -14   15   13  -14    9    1   -3  -12   -8  -10   -7    3   -4   22   14   17   -4
    1   10   15    1    1   49    1    1       558   13    0    6   -4    1  -12    4    2  -11   -5   13   -5    2   -6   -4   19   -1   -5
    1   11    1    1    3   53    3    1       793  -10  -11   13   11  -16    9   -3   -2  -15    0   -9   -8    5   -1   14    9   15   -6
    1   11    2    1    2   51    2    1       843  -17    3    8    7   -1   10  -11    3    9   11   -7   -5   17   -1  -13   -2   -9   15
    1   11    3    1    3   54    3    1       795  -10  -14    8    9  -19    3    0  -15   -3   -7   -8   -4   10    1    6    5   17   -7
    1   11    4    1    2   52    2    1       973  -14    5   10    6    2   11  -11    0    8   12   -7   -5   16   -2  -13   -4   -9   14
    1   11    5    1    1   55    1    1       584   22    0    9  -11    2  -14    3    2  -11  -14   11   -7    0   -1   -8   12   -1   -5
    1   11    6    1    1   51    1    1       626   16    1    8  -11    1  -13    3    3  -11   -6   12   -6    1   -3  -11   12   -1   -7
    1   11    7    1    3   55    3    1       682   -9  -13   10   11  -17    9   -4   -9  -12  -11   -9   -5    4    2   24   22   15   -9
    1   11    8    1    3   52    3    1       864  -16  -15    2   13  -16   10   -1   -9  -12   -8   -6   -6   17    6   15   14   15   -7
    1   11    9    1    1   52    1    1       687   13    0   11  -14   -4  -15    3    1  -10   -4   14   -6   -2   -1   -9   13   -3   -5
    1   11   10    1    2   54    2    1       789  -18    7    8    7    1    8  -15    2    3    3   -7   -2   14    0  -12   -4   -3   11
    1   11   11    1    1   53    2    0       711   15    1    8  -16   -3  -13    1    4   -8   -8   13   -8    1    0   -5   11   -2   -7
    1   11   12    1    2   55    2    1       844  -13    4    8    6    1   10  -18    5   10   11   -7   -5   17   -3  -15   -4   -9   13
    1   11   13    1    2   53    2    1       732  -15    4    8   -3    1   10  -13    1   10   11   -8   -3   14    1  -12    7   -6   14
    1   11   14    1    1   54    1    1       704   17    5    2  -11   -8  -16    2    0  -11   -4   13   -7    0   -1  -11   14   -5   -6
    1   11   15    1    3   51    3    1       645  -11  -12   13   16  -16   10    0   -8  -15  -12   -9   -7    5   -1   14   13   17  -10
    1   12    1    1    1   59    1    1      2573   16    0   10  -11    0  -12    4    4  -10   -7   15  -10    2    0   -7   14   -1   -5
    1   12    2    1    1   57    1    1       872   24   10    8  -11    1  -11    2    3   -9   -6   13   -6    1   -3  -11   16   -1   -4
    1   12    3    1    3   57    3    1       694  -11  -13   13   12  -16   12   -6  -12  -10  -10   -7   -7    9   -1   18   17   17   -7
    1   12    4    1    2   57    1    0      1356  -24   -4    7    5   -1   10  -11    3   18   14   -5   -8   17   -2  -10    1  -13   17
    1   12    5    1    2   56    1    0       840   -5    7    7   -5    1   12  -14    1    9   13   -6   -5   20   -7  -12   -2  -12   17
    1   12    6    1    1   56    1    1       792   14    2   14  -12    0  -14    1    3   -9   -7   11   -6    0   -7   -9   15    4   -4
    1   12    7    1    3   60    3    1       618  -12  -13   11   10  -17   11   -3   -9  -10   -9   -6   -6    6   -1   14   14   15  -10
    1   12    8    1    1   58    1    1       674   15    1   10  -13   -2  -12    1    3  -11   -8   11   -5   -1   -2  -11   12    0   -6
    1   12    9    1    2   58    2    1       377   -5    1    5   10   -1   10  -12    1    8   13   -5   -2    7    5  -14   -4  -12   16
    1   12   10    1    3   58    3    1       636   -9  -11   12   10  -15   12   -4   -7  -13   -9   -9   -6    6   -2   23   21   15   -7
    1   12   11    1    3   59    3    1       611  -10  -15    9    8  -18    6   -4   -6  -13   -7   -7   -7    7   -1   18   13   23   -7
    1   12   12    1    2   59    2    1       685  -17    5    6    6   -1   12  -13    4    7   14   -6   -5   15    0  -18    1   -8   22
    1   12   13    1    2   60    2    1       915  -11    0   13    0    2   11  -13    1    8   11   -8   -4   16   -2  -13   -4   -9   12
    1   12   14    1    1   60    1    1       623   14    0    8  -11   -1  -11    4    3  -12   -4   11   -7    7   -8   -8   11    0   -4
    1   12   15    1    3   56    3    1       584   -9  -13   11   10  -13   10   -3   -8  -12   -7   -9   -5    8   -3    7    8   14   -9
    1   13    1    1    1   61    1    1       882   15    1   11  -14   -1  -12    3    1  -12   -8   13  -17    1    0  -15    9   -6   -2
    1   13    2    1    3   61    3    1      1760  -12  -14   11   12  -16   12   -4   -8  -11   -8   -9   -5    8   -3   16   14   15   -7
    1   13    3    1    3   62    3    1      5259  -14  -14   10    9  -19   11   -2   -6  -10   -9   -7   -6   11   -7   17   12   13   -8
    1   13    4    1    1   64    1    1       586   11    3    5   -8   -4  -14    3    0  -11   -5   12   -5   -5    0   -9   12   -3   -7
    1   13    5    1    2   62    2    1       660  -24    4    4   -4    0   11  -14    4    9   13   -7   -1   17   -2  -15   -4   -9   15
    1   13    6    1    3   65    3    1       539  -11  -13   14   10  -15    9   -1   -7  -13   -8  -10   -7    6   -2   19    9    8  -11
    1   13    7    1    2   64    2    1      1032  -18    1   13    7   -1   11  -13    1   10   11   -6   -5   14   -2  -14   -6  -13   11
    1   13    8    1    2   61    2    1       831  -16    1   13   10   -1   13  -12    4   10   11   -8   -3   17   -1  -13   -5  -12   17
    1   13    9    1    1   62    3    0       752   15   -1    7  -12    1  -14    3    1  -10   -7   13   -7    5    2  -10   12   -1   -5
    1   13   10    1    3   63    3    1       707  -12  -13   13   10  -15    9   -3   -5  -13   -9   -9   -4    9   -2   20   14   16  -10
    1   13   11    1    2   63    2    1       824  -14    2    9    6    1    9  -12    1    8   10   -9   -3   19   -2  -13   -1  -15   14
    1   13   12    1    1   63    1    1      2601   12   -4    9  -11    0  -23    2    1  -12   -4   10   -6   -1    0   -5    8   -1   -5
    1   13   13    1    1   65    1    1       706   16    3   10  -13    0  -15    2    1   -8   -7   11   -6    1   -1   -9   11   -3   -6
    1   13   14    1    3   64    3    1      1703   -8  -12    4    4  -24   13   -1   -8  -12   -8  -13   -3   11    2   17   11   14   -8
    1   13   15    1    2   65    2    1       805  -14    2    8    7   -4    6  -11    3    7   12   -8   -4    6    9  -15   -4   -5   22
    1   14    1    1    2   68    3    0      6806  -16    4    6    4   -1   20  -12    1    8   12   -1   -2   14    0   -4  -12  -18   15
    1   14    2    1    2   69    2    1       791  -15    2    9    4    1    8  -12    3   10   10   -7   -6   15    0  -15   -4  -14   13
    1   14    3    1    1   68    1    1      1065   16    0   10  -12  -10  -13    3    2   -7  -10   11   -7   -2   -1  -17   13    0   -8
    1   14    4    1    3   70    3    1       848  -10  -11   11   15  -15   11   -4   -7  -12   -9   -8  -10    5   -1    6   18   16   -8
    1   14    5    1    1   69    1    1       623   15    2   11  -12    1  -14    2    3   -1    4   21   -4    1   -3   -9   13    0   -7
    1   14    6    1    2   66    2    1      1143  -16    3    9    4   -1   12  -11    2    8   12   -7   -5   17   -1  -14   -5  -16   12
    1   14    7    1    3   69    3    1       732   -9  -13   11   12  -11   13   -4   -2  -12   -9   -9   -5    8   -2   15   13   16   -6
    1   14    8    1    3   68    3    1       751   -4   -6   11   12  -13    8   -3   -9  -11  -10   -8   -8    9   -3   16   11   14   -9
    1   14    9    1    2   67    2    1       851  -14    5    9    9    1    9  -17   -1   10   14   -7   -8   15   -1  -14   -2  -11   20
    1   14   10    1    3   66    3    1       722  -11  -12   14    8  -15   11   -4   -6  -11   -8   -6   -7    7   -2   12    9   14   -8
    1   14   11    1    1   70    1    1      1351    9    1   10  -11    1  -14    2    0   -8   -6   11   -6    0   -1   -8   13   -6   -7
    1   14   12    1    1   67    1    1       498   13    0    8  -11   -2  -13    4    0  -11   -7   14   -7    3   -4  -10   12   -1   -4
    1   14   13    1    3   67    3    1       559  -13  -15   13   12  -16   11   -5   -7   -3    1  -10   -5    5   -4   18   14   14   -8
    1   14   14    1    1   66    1    1       570   12    1    9  -13    1  -13    3    1   -9   -4   13   -8   -5   -1   -9   14    0   -4
    1   14   15    1    2   70    2    1       693  -12    0   13   11    2   11   -9   -1   11   10   -6   -4   16    0  -15   -2   -9   15
    1   15    1    1    3   73    3    1       587  -18  -21   10    9  -14   10  -10   -4  -10   -9   -9   -6    9   -2   19    9   14   -9
    1   15    2    1    3   72    3    1      1813  -11  -12   13   10  -16   10   -5   -9  -10   -9   -4    3    6   -3   17   15   14   -8
    1   15    3    1    1   73    1    1       509   14   -1    8  -11    2   -6    0    4  -10   -7   11   -8    1   -1  -11   12   -2   -6
    1   15    4    1    3   74    3    1       651  -11  -13   13   11  -17   10   -2   -8   -6  -16   -8   -5    8   -5   15   13   13   -6
    1   15    5    1    1   75    1    1       946   15    0    9  -13    0  -14    5    7   -9   -6   10   -8    1   -1   -6   11   -3   -5
    1   15    6    1    1   74    3    0       542   15    3    8  -11   -2  -12    3    2  -11   -6   11   -7   -4    5   -2    6   -1    4
    1   15    7    1    2   73    2    1      1290  -14    1    7    6   -1   11   -3    5    7   11   -8   -4   15   -2  -23    3  -10   16
    1   15    8    1    2   74    2    1       743  -15    4   13   10   -2    9   -3    6    3   16   -5   -6   16   -2  -14   -1   -9   15
    1   15    9    1    2   71    2    1      1019  -17    7    9    5   -2   12  -14    3   12   21   -3    0   17   -2  -15   -5  -12   17
    1   15   10    1    3   71    3    1       596  -12  -13   16    5  -13    9   -5   -9  -12   -2   -7   -7    6   -3   15   14   17   -7
    1   15   11    1    2   72    2    1      1581  -13    4    6    7   -1   11  -15    1    9    6   -8   -4   14   -1  -13   -4  -17   17
    1   15   12    1    1   72    1    1       431    5   -3    8  -12    1  -12    2    3   -9   -6   12   -9   -1   -2  -12   11   -1   -8
    1   15   13    1    3   75    3    1       943  -12   -3   11   11  -13   10   -3   -6   -9   -4  -11   -8   14    6   14   13   15   -7
    1   15   14    1    2   75    2    1       555  -16   10    6    5    1   11  -13    1   10   13   -5   -3   16    0  -16   -1  -10   21
    1   15   15    1    1   71    1    1       470   12   -1    9  -11    2  -13   -1    5  -13   -7    3   -1    2   -9   -9   12   -2   -6
    2    1    1    4    1    4    1    0      2160   14    2    8  -13   -5   -9    9    7  -12   -7   13   -8   -2    0   -8   12    0   -7
    2    1    2    6    0    0    2    1      2395  -13   -2    9    7   -8   -4    1   16   -4    7   -7   -1   -5  -17    4    0    9  -10
    2    1    3    4    2    5    1    0      3421  -13    3    7    6   -2   11  -10   -3    0   16   -6    1   13   -4  -14   -2  -13   17
    2    1    4    1    3   64    1    1      1654   -8  -12    4    4  -24   13   -1   -8  -12   -8  -13   -3   11    2   17   11   14   -8
    2    1    5    1    2   39    2    0      2437  -13    1    9    2    2   19  -12    4   11   10   -8   -3   15   -2  -12   -4   -1    8
    2    1    6    1    1   35    1    1      1925   13    2    9  -10   -1  -10    0    4   -9   -7   10   -6    1   -4  -17   12   -1   -2
    2    1    7    4    2    2    2    1      1993  -15    1   10    7   -1    8   -7    8    8   14   -6   -4   17    1  -15   -5  -15   16
    2    1    8    2    3    0    1    0      1532  -10  -12   12   11  -15   10   -3   -7  -11   -9   -8   -6    7   -3   16   13   15   -8
    2    1    9    1    2   28    1    1      1776  -14    3    3    5   -1   12  -14   -2    8   13   -7   -6   17   -2  -21    6  -11   11
    2    1   10    4    1    2    1    0      1386   19   -2    7  -10   -2  -14    0    7   -9   -6   13   -7    4   -5  -10   14    1   -6
    2    1   11    1    1   13    1    1      1300   12    2   11  -14    1  -13    3    2  -13   -1   11   -9    0   -1  -10   14   -1   -5
    2    1   12    1    2   52    1    1       897  -14    5   10    6    2   11  -11    0    8   12   -7   -5   16   -2  -13   -4   -9   14
    2    1   13    6    0    0    2    1      1231   10   -6    3   -8   24   -5   14    4    0  -14   10   12    7   -9    9  -14   12    1
    2    1   14    1    1   47    2    0      1327   15    0    3   -8   -9  -13   -7    7   -9   -5   10   -6    1    0  -11   14    6  -10
    2    1   15    4    3    4    1    0       907   -9  -13   13   12  -15    9   -4   -6  -13   -3   -7   -7   15   -1   18   15   11   -7
    2    1   16    4    2    1    1    0      4264  -15    1    6    3    0   13  -13    3   10   13  -16    6   17   -1  -15   -3  -13   15
    2    1   17    4    1    1    1    0      1343   13    0   11  -12    7   -9    3    4  -10   -8   14   -4   -1   -3   -9   12    0   -8
    2    1   18    4    2    4    2    1       939  -15    1    6    6    0    9  -13    4    9   13  -11   -5   14   -5  -16   -4  -13   19
    2    1   19    1    3   57    1    1      1207  -11  -13   13   12  -16   12   -6  -12  -10  -10   -7   -7    9   -1   18   17   17   -7
    2    1   20    1    2   21    1    1       792  -16    5   12    6    2    9  -13    0    3   15   -5   -4   14   -3   -8   -6  -15   18
    2    1   21    6    0    0    2    1      1818  -14    4   15   10   -9   -5    6   14   -1    2  -11   -6    0   -8    2    0    9  -13
    2    1   22    4    3    2    2    1      2963   -8  -14   10   10   -5    9   -1   -2  -13   -7   -9   -7   10   -1   14   14   14  -13
    2    1   23    4    3    5    1    0      1229  -11  -11   10   11   -5   13   -3   -8  -20   -6   -7   -6    6   -1   16   11   14   -7
    2    1   24    1    3   68    1    1       749   -4   -6   11   12  -13    8   -3   -9  -11  -10   -8   -8    9   -3   16   11   14   -9
    2    1   25    6    0    0    2    1      1312   10   -6    2   -8   17  -10    9    2   -1  -17   12    9    8   -9    6  -11   14   -1
    2    1   26    4    3    1    1    0      1806  -13  -14   13   12  -13    8   -3   -6  -12   -8   -9   -9    8   -2   18   11   15   -6
    2    1   27    6    0    0    2    1       983  -12  -12   -2   12    1    5  -13   13    2    9   -3    3    9  -13   17   17   -8  -13
    2    1   28    4    1    3    1    0      1281   15    3   10  -12   -2  -11    6    2   -9   -6   11   -7    0    0   -9   15   -1   -7
    2    1   29    4    3    3    2    1      3487  -11  -10    6    9  -14    9   -4   -8  -12  -17   -6   -4    9   -5   20    9   19   -4
    2    1   30    1    1   44    1    1      4245   10    5   11  -10   -1  -11    3    2  -10   -5   10   -6   -2    1  -11   14   -1   -7
    2    1   31    1    3   75    1    1      2941  -12   -3   11   11  -13   10   -3   -6   -9   -4  -11   -8   14    6   14   13   15   -7
    2    1   32    1    1   16    1    1      1305   16    3   10  -11   -2  -14    3    1  -10   -7   14   -7    1   -2  -11   14   -3   -7
    2    1   33    4    2    3    1    0      1318  -14    4   10    1    1    8  -13    1    9   13   -8   -4   11   -5  -14   -5  -13   18
    2    1   34    2    2    0    1    0      1331  -15    3    8    5    0   10  -13    2    9   12   -7   -4   16   -1  -14   -3  -11   16
    2    1   35    2    1    0    1    0      2430   14    1    9  -12    0  -13    2    2  -10   -6   12   -7    0   -2  -10   13   -1   -6
    2    1   36    4    1    5    1    0      1326   15    2    8  -12    1  -13    1    0   -9   -7   10    1    0   -3   -8   11    2   -8
    2    1   37    1    3    1    1    1      1643  -11  -16   13   11  -17    8    0  -12   -9   -9   -7   -6    5   -2   15   13   17   -8
    2    1   38    1    2   10    1    1      1099  -14    5    7    6    2   10  -11    4    7   12   -5   -5   11    6  -12   -4  -12   14
    2    1   39    6    0    0    2    1       976  -13  -10   -7   12    4    6  -15   15    0    9   -3    3    2  -14   13   11  -11  -11
