    1    1    1    1    1    3    3    1    1      8282   -2   22    0   -7    3   -9    4    4  -17   12   -3   12  -15   -6  -12   -4    4   11
    1    1    2    1    3    4    1    2    0      2897  -15    0    4   -4  -16   11    2    6    1   -5   -2   10   -4    2   -7   16   11   12
    1    1    3    1    1    6    3    3    0      2363    7   11   -1  -10   -7   -7    1    2  -17   10    2    9  -10   -9  -12   -2   -2   13
    1    1    4    1    2    7    1    2    1      2314   -5  -11   -1   -9  -13   -5    3  -14   -7   -7    3   10   14   -6  -12    3    3    1
    1    1    5    1    1    2    2    3    0      1623    9   11    0  -14   -7   -6   14   -6   -9   13    0   14  -12   -6  -14   -1   -7   20
    1    1    6    1    2    9    3    3    0      2032   -6  -12   -2   -8  -16   -8    3  -12   -9  -11   -2    5   23    1  -14   -1    7    3
    1    1    7    1    1    7    1    3    0      2345    9   13   -7  -19   -4   -4    4    2   -8   12   -2   12  -14   -5  -11   -3    0   11
    1    1    8    1    3    9    3    2    0      1077  -15   -1    9   -3  -15   12   13   -3    4   -9   -6   12    3    7   -9   14   15   13
    1    1    9    1    1    8    2    1    1       724    3    9   -6  -12   -2   -4    7    5   -6   13   -1   14  -15   -3  -12   -2    2   11
    1    1   10    1    2    1    1    2    1       818   -3   -9   -1   -8  -12   -6    3  -15   -8   -7    3    6   14   -7  -15    5    2    2
    1    1   11    1    2    4    1    2    1      1181   -6  -11   -1   -9  -11   -7   -7  -18  -10  -10   -2    2   14   -6  -13    4    2    1
    1    1   12    1    2    2    2    1    0      1258   -7  -12    9   -6  -12   -5    3  -12   -8   -6    0   10   12   -7  -13    4    7   -9
    1    1   13    1    1    1    1    2    0      1730    8   12   -4  -10   -6   -6    4    3   -6   11   -1   14  -13   -5  -12   -3    0   11
    1    1   14    1    3    3    3    3    1      1368  -16    0    8  -14  -11   10    4   11    0   -8   -1   11    2    4   -9   20    9   14
    1    1   15    1    2    6    3    1    0      1451   -5  -12    9  -11  -13   -9    1  -13   -9   -6    4    7   17   -5   -9    2    8   -2
    1    1   16    1    1    5    2    1    1      1243    6   14   -7  -12   -8   -5    3    2   -6   12   -1   12  -22    1  -13   -3    2   10
    1    1   17    1    3    8    2    1    0      2160  -13   -2    0   -1  -19   15    4   11   -1   -4   -3   12    2    3  -13   11    9   12
    1    1   18    1    3    1    1    1    0      2179  -14    0    5   -5   -7    6    2    7    1   -4   -2   11    3    3   -6   15   10   12
    1    1   19    1    3    7    1    2    0      1030  -10    4    4   -4  -14   11   -1    6    1   -5   -4   11    4    4   -7   15   10   12
    1    1   20    1    1    9    3    2    0      1609    1   21   -4  -13   -5   -6   -1    0   -3   16   -6    8   -9   -3  -14   -2   -1    4
    1    1   21    1    2    5    2    2    1      1684   -4  -17    0   -9  -11   -7   13  -10   -7  -16    1    6   14   -7  -13    3    1    2
    1    1   22    1    2    3    3    1    0       939   -7  -10   -3   -8  -13   -1    2  -13   -9   -8    0    5   13   -5  -19   10    2    2
    1    1   23    1    1    4    1    1    1      1198   10   13   -5  -10   -5   -7    8    2   -7   12   -2   13  -21    1  -11   -3    1   11
    1    1   24    1    3    6    3    2    0      1144  -13   -1    5   -9  -19   16    3   12    1   -6    4   20    4    4   -9   15    6   15
    1    1   25    1    2    8    2    2    1      1110   -5  -11    0   -9  -13   -5    5  -14   -9   -6    1    8   13   -6  -12    2    2   -1
    1    1   26    1    3    2    2    2    0      1523  -13   -2    3   -4  -14   12    5    4   -2   -5   -9    4   -4   10   -6   13   12   13
    1    1   27    1    3    5    2    1    0      1026  -16   -3    4   -9  -16   12    2    7   10    5   -3   12    0   -3   -8   17    9   12
    1    2    1    1    2   18    3    2    1      1650   -3   -7   -3  -11  -12   -5    6  -13   -8   -8    4   13   13   -7  -18   -1    0   -1
    1    2    2    1    3   12    3    3    1      1386  -15   -1    3   -5  -15   10    1    1   -1   -4   -2   11   10   11   -8   14   12   12
    1    2    3    1    3   10    1    3    1      1340  -13    0    4   -5  -13   12    4    5    1   -7   -3   11    2    4   -7   15    7   15
    1    2    4    1    2   16    1    1    0      1232   -6  -10   -1  -10  -12   -6   -1  -16   -8   -7    3    6   13   -5  -15    5    2    1
    1    2    5    1    2   14    2    3    0      1574   -7  -11   -1  -10  -11   -6    7  -18   -9   -5    6    4   12   -8  -15    2   -1    5
    1    2    6    1    1   11    2    2    0      1458    8   11   -7  -10   -4   -2    3    4   -6   11   -3   14  -12   -4   -8   -3   -2    6
    1    2    7    1    1   15    3    2    0      1394    7   12    2  -20   -9   -6   -3   -1   -1   21   -8    7  -19   -7  -12    1   -1    6
    1    2    8    1    2   11    2    2    1      1333   -7  -12   -2   -9  -11   -6    9  -13   -8   -5    3    5   13   -8  -14    5    3    2
    1    2    9    1    1   17    2    1    1      1740    0   19   -7  -12   -7   -6    3    4   -7    8   -3   12  -13   -4  -17    3    0   10
    1    2   10    1    1   18    3    1    1      1327    8   14  -10  -10   -7   -6   -1   10  -11   18   -1   15  -14   -6  -13   -2   -2    6
    1    2   11    1    1   16    1    3    0      1124    9   11   -5  -12   -5   -6    5    4   -6   11   -1   14  -13   -5  -12   -3    1   11
    1    2   12    1    1   14    2    1    1      1424    7   13   -7  -12   -7   -5    4    2   -7   11   -1   14  -14   -5  -10   -4   -1   11
    1    2   13    1    2   13    1    3    0      1663   -5  -12   -1   -8  -12   -6    2  -13   -8   -8    2    6   14   -6  -14    4    3    1
    1    2   14    1    1   12    3    3    0       856    8   13   -4  -13   -4   -1    7   -6  -16   17   -2   12  -14  -10  -16   -6   10   18
    1    2   15    1    2   10    1    1    0      2111   -6  -11   -1   -9  -13   -7    3  -14   -4  -10    2    6   15   -7  -14    4    1    1
    1    2   16    1    2   15    3    1    0       981   -7  -12    9  -11  -19    3    1  -15   -7   -7    4    1    4   -3   -5    9   -7    2
    1    2   17    1    2   17    2    3    0      1847   -7  -12    1  -11  -13   -6    5  -13   -7   -7    4    4   16   -7  -14    3   10   -1
    1    2   18    1    3   13    1    2    0       983  -14   -1    4   -3  -14   11    3    6    0   -5   -3   12   -2    6   -8   16    4    3
    1    2   19    1    3   18    3    3    1      1063  -21  -10   14   -5  -22   11    3    7   -4    3   -2   16    2    3  -11   12   10   12
    1    2   20    1    3   14    2    3    1      1096  -13   -1    2   -4  -15   10    2   14   -2   -3   -2   13    5   -5  -13   16    9   13
    1    2   21    1    2   12    3    3    0      1671   -4  -13    9  -16  -17   -6    6  -16  -10   -7    1    5   12   -4  -15    6   -2    2
    1    2   22    1    3   16    1    1    0       831  -14    0    4   -5  -14   11    2    7    0   -6   -2   11    5    1   -6   14   11   13
    1    2   23    1    1   13    1    2    0       762    8   12   -4  -12   -6   -4    3    3   -7   12    0   14  -12   -6  -11    0    0   11
    1    2   24    1    1   10    1    3    0      1477    9   12   -4  -10   -6   -6    4    3   -5   12   -2   14  -14   -5  -17    7    1   11
    1    2   25    1    3   17    2    2    0       981  -14   -2    3   -4  -18   10    3    8   -1    1  -13   20    2    2   -7   13   12   14
    1    2   26    1    3   15    3    3    1      1064  -15   -2    3   -6  -22   12    1   10   -5   -1   -1    1    3    1  -12   11   13    9
    1    2   27    1    3   11    2    3    1      4984  -14   -3    2   -3  -15    9    1    4   -1   -5   -4   11    1    1  -10   19   12   12
    1    3    1    1    1   26    2    1    1      1196    8   11   -7  -13   -4   -8    5    2   -6   10   -2   15  -15   -6  -13   -2   -1   12
    1    3    2    1    2   27    3    2    1       870   -2   -9    1  -13  -13   -4   -5  -23  -10   -4    1    3    7  -10  -13    3   -5   -9
    1    3    3    1    3   24    3    1    0      1307  -13   -1    6   -6  -15   11    3    5    1   -3   -4   12    5    4  -13   12   12   10
    1    3    4    1    2   23    2    3    0       656   -8  -11   -1   -7   -7   -9    3  -13   -8   -5   -2    8   14   -7  -17    2    1   -5
    1    3    5    1    1   23    2    1    1      1871    3   17   -4  -11   -8   -4    5    4   -7   11   -6   18  -14   -7   -3   -4   -2   12
    1    3    6    1    1   25    1    2    0      1422   12    9   -4  -10   -6   -5    3    4   -8   13   -1   15  -13   -5  -11   -2    0   12
    1    3    7    1    1   22    1    1    1      2608    8   12   -4  -12   -5   -6    4    4   -7   12   -1   13   -9  -10  -22    1    0   11
    1    3    8    1    1   27    3    3    0       882    8   13   -2   -6   -8   -6    3    7   -8   14    9   18  -14   -4  -11   -2    1   11
    1    3    9    1    1   19    1    3    0       907    8   13   -5  -11   -5   -7    4    3   -8    7  -11    4  -13   -5  -12   -3   -1   10
    1    3   10    1    3   26    2    2    0      1968  -15    0    3   -4  -14   12   13   15    0   -6   -2   11    1    5   -8   19   10   12
    1    3   11    1    3   19    1    3    1       586  -14   -1    4   -4  -14   10    3    6    1   -5   -3   11    2    2   -8   15   11   11
    1    3   12    1    3   21    3    1    0       894  -13    3    6   -1  -18   11   -6   13    4   -3   -3   12    3    2   -4   15    5   10
    1    3   13    1    3   22    1    3    1      1555  -13   -2    4   -2  -19    8    3    6    5   -7   -4   11    1    9   -8   15   11   12
    1    3   14    1    2   22    1    3    0      1230   -7  -12   -1   -9  -11   -5    5  -16  -18  -16    3    6   15   -5  -14    4    2    1
    1    3   15    1    3   20    2    1    0       936  -13   -1    3   -3  -15   11    2    8   -1   -4   -5   10   -5   -7   -7   17   12   14
    1    3   16    1    3   23    2    2    0      1291  -14   -3    8   -8  -21    4   -4   -4    0   -4   -4   11    2    4   -6   17    9   12
    1    3   17    1    1   24    3    3    0      1939   13   22   -6  -21   -2   -8    8    8  -15   14   -9   20  -17   -6  -12   -4   -8   12
    1    3   18    1    3   27    3    2    0      1375  -17   -7   10    1  -19   19    6    9  -10  -11   -2   11    9   13  -10   10   12   11
    1    3   19    1    3   25    1    2    0      1026   -9   -1    4   -5  -13   12    3    6    0   -5   -2   10    2    2  -15   14   10   12
    1    3   20    1    2   24    3    3    0      2402   -6  -13   -2   -8   -8  -14   -7  -20   -9   -7    2    5   21   -4  -21   -2    1    3
    1    3   21    1    2   25    1    1    0      2268   -5  -11   -1   -8  -14   -6    3  -14   -8   -7    2    6   14   -6  -14    4    2    2
    1    3   22    1    1   21    3    2    0      1001   14   20   -7  -10  -16   -6    3    4   -3    8   -2   15  -12   -5  -18  -10    0    3
    1    3   23    1    2   19    1    2    1       844   -7  -11   -1   -9  -16  -15    3  -14   -8   -7    2    6   15   -7  -14    4    2    1
    1    3   24    1    1   20    2    1    1      3350    7   13   -4  -12  -14  -13    5    3   -8   14   -2   14  -16   -6  -10   -2    2    9
    1    3   25    1    2   20    2    2    1       841   -4  -16   -3  -11  -11   -8    3  -13   -9   -9    3    9    7  -16  -17    1   -3    6
    1    3   26    1    2   26    2    2    1       996   -7  -10   -2   -8  -11   -8    3  -11   -8   -5    1    6   13   -5  -15    8    3    1
    1    3   27    1    2   21    3    3    0      1961   -8   -5   -2   -7   -5   -9   -2  -13   -7   -8    7    2   15  -10  -13    4    3   -3
    1    4    1    1    3   33    3    3    1       853  -22   -7    4   -8  -14    9   -2    8    1   -7    7    4    4    4   -9   17    7   11
    1    4    2    1    2   28    1    3    0       893   -4  -13    0  -10  -12   -6    3  -13   -8   -8    2    6   14   -7  -15    4    5   11
    1    4    3    1    2   30    3    3    0       755   -9  -19   -2  -10  -20   -4    3  -15    1  -13    3    5   18   -9  -14   12    1    1
    1    4    4    1    1   35    2    2    0      1137    9   12   -4  -12   -4   -1    5    2   -7   13   -6    8  -14   -6  -12   -1    0   12
    1    4    5    1    3   34    1    2    0      2046  -14    0    4   -4  -13   10    3    6    1   -6   -3   11    3    3   -8   15   11   12
    1    4    6    1    1   31    1    2    0      3000    9   12   -4  -12   -6   -4    4    3   -8   11   -2   13  -13   -4   -2    0    0   10
    1    4    7    1    3   31    1    2    0      1516  -14   -2    4   -4  -14   10    4    5    0   -5   -2   11    3    3  -12   23    7    2
    1    4    8    1    2   31    1    3    0       953   -6  -10    0   -9  -11   -7    3  -13   -8   -7    2    6   14   -6  -14    4    4   -3
    1    4    9    1    1   29    2    1    1       847    9   12   -7   -9   -6   -5   12   12   -8   12   -2   15  -13   -4   -6    3    4    8
    1    4   10    1    3   30    3    3    1      1495   -5    5   11   -4  -14   12    8    6    9    0    5   17    1    0   -3   15   10   11
    1    4   11    1    1   33    3    2    0      1175    7   11   -4  -12  -15  -12    4    0  -17    7    1   10  -10   -8  -12   -2    9    5
    1    4   12    1    3   32    2    2    0       817  -13    2    6   -4  -13   11    3    7    2   -5   -4   11   -5    4   -8   14    9   12
    1    4   13    1    2   34    1    2    1      1388  -15   -2   -1   -9  -11   -6    4  -15   -8   -8    2    7   19  -14  -15    4    3   -1
    1    4   14    1    3   35    2    3    1      1152   -4   -9   13    0  -24    9    4    7    4    0   -4   12    3    2   -6   16   12   12
    1    4   15    1    1   32    2    3    0      1483    7   12   -5  -13   -5   -7    3    2   -7   13    1   13  -15   -6  -13   -3    9    4
    1    4   16    1    3   28    1    1    0       859  -15   -3    4   -4  -14   11    4    9    1   -1   -3   11   -1   -2   -9   15   11   12
    1    4   17    1    1   30    3    1    1       771   18   12   -6  -11  -15    0   -1    2  -10   10    0   12  -12   -5  -10    1    1    7
    1    4   18    1    1   36    3    3    0       637    8    3    0  -13  -16  -15    3    5   -3   15    2   16  -18   -4  -12  -13   -5    7
    1    4   19    1    3   29    2    3    1       718  -15   -3    3   -3  -16   12    1    4    1   -5   -1   19   11    6  -10   17   13   11
    1    4   20    1    2   35    2    1    0      1131  -15   -7    0  -10  -13   -5   10  -23   -8   -9    3    6   12   -4  -15    3   -4   -9
    1    4   21    1    1   28    1    1    1       776    6   13  -13  -10   -6   -6    3    2   -6   11  -11   18  -13   -5  -11   -4    0   11
    1    4   22    1    2   36    3    3    0      1763   -6   -9    1  -13  -16   -5   -1  -14   -5  -12    0    3   14   -3   -4    1    5    1
    1    4   23    1    3   36    3    2    0      1031   -9    3    1   -2  -20   14    0    3    8  -13   -7    6    3    2   -8   14    5   22
    1    4   24    1    1   34    1    1    1      1384    9   11   -5  -10   -5   -6    5    2   -7   11   -1   13  -16    0  -10   -3    0   11
    1    4   25    1    2   33    3    3    0      1148   -3  -12   -2   -8  -10  -12   -7  -17   -5  -14    3    5   16   -6  -13    8    1    1
    1    4   26    1    2   32    2    1    0      1849   -6  -10    0  -10  -13   -6    2  -14   -7   -6    1    8   10   -3  -14    3   -3   -1
    1    4   27    1    2   29    2    2    1       651   -4  -13   -7   -3  -11   -8    4  -14   -5   -8    1    7   14   -5  -15    4    3    0
    1    5    1    1    1   43    1    3    0      1387    8   12   -5  -12   -6   -7   -1    9   -7   12   -1   14  -15  -11  -12   -3    0   11
    1    5    2    1    3   40    1    3    1      1085  -15   -2    3   -3  -13   10    3    6    0   -5   -3   11    2    3   -8   15    3    9
    1    5    3    1    3   43    1    1    0      1276   -9   -1    5   -5  -13   12    4    5    0   -4   -3   11    3    3  -13    8   11   12
    1    5    4    1    3   41    2    3    1       755  -15    0    5   -9  -15   11    2    4    1   -3   -3    9    2    1   -9   14    5    5
    1    5    5    1    3   42    3    1    0       943  -15   -1   14   -5   -7    8    1    8    4   -6   -4   15    5    4   -9   14   19    5
    1    5    6    1    2   45    3    3    0       772   -7  -10   -4   -5  -10   -6    3  -15  -16   -9    3    7   13   -5  -10    1    1    2
    1    5    7    1    2   40    1    2    1       639   -6  -11   -1   -9  -13   -7    4  -15   -7   -6    2    6   14   -5  -12    2    3    1
    1    5    8    1    3   38    2    3    1      1983  -24    0    5   -2  -11   16    5    4    0   -4   -4   12    1    2   -8   16   12   12
    1    5    9    1    2   38    2    3    0       763    0   -5    0   -9  -16   -3    8  -14  -12   -2    2   11   23   -4  -15    5    0    3
    1    5   10    1    3   39    3    3    1      1334  -15    0    1   -6  -14    8    4    6   -4   -6    3   18    5    3   -9   17   18   13
    1    5   11    1    2   42    3    2    1       716   -5  -12    1   -6  -11   -8    5  -16  -16   -6   11    0    7    3  -23    3   -1   -2
    1    5   12    1    3   44    2    1    0       843   -9    0    5   -5  -13    6    7    7   -2   -4   -4    9   -6   -2   -9   14   13   10
    1    5   13    1    2   44    2    2    1      1362   -1   -6   -6   -4  -13   -5    4  -15   -8   -5    3    4   15   -7  -13    5    3    1
    1    5   14    1    1   41    2    1    1       856   10   11   -3   -9   -5   -8    6    1   -6   13   -1   10   -4    5  -14   -2    5    7
    1    5   15    1    1   44    2    2    0       945   18   14   -6  -11   -6   -7   14    6   -3   10   -2   13  -14   -7  -12  -10   -1   11
    1    5   16    1    1   45    3    2    0      1077    8   14   -4  -10   -9  -12    1   -2   -6   11    4    5  -10   -9   -9   -1    6    3
    1    5   17    1    1   39    3    1    1       807   12   16   -7  -11  -10   -7    4   12  -12   20    6    3   -8   -5  -10   -1    1   14
    1    5   18    1    1   37    1    1    1       863    8   12   -6  -10   -6   -7    4    3   -7   11   -1   13  -13   -6  -11   -3    1   11
    1    5   19    1    3   37    1    1    0       552  -14   -2    4   -5  -14   11    2    6    0   -5   -2   11    3    3   -8   15   11   12
    1    5   20    1    1   40    1    1    1       718    9   13  -10   -9   -7   -5    4    3   -7   12    0   18  -13   -5  -12   -3    0   11
    1    5   21    1    2   43    1    3    0       652   -6  -11   -1   -9  -11   -7    3  -13   -8   -7    3    5   14   -6  -14    4    2    2
    1    5   22    1    2   39    3    3    0       894  -10  -19   -1   -8  -13    0   -6   -4   -8   -8   -2   11   15    4  -13    3   11    8
    1    5   23    1    1   42    3    2    0      1061   15    9   -1  -13   -6  -14    0    0   -7   13    4   20  -10   -4  -18   -5   -1   14
    1    5   24    1    2   41    2    2    1       693   -4  -13    1   -8  -13   -6    3  -15   -9   -7    6    7   14   -5   -9    3    1    1
    1    5   25    1    1   38    2    3    0       884    7   11   -6  -10    0   -3    3    4   -7   13   -1   14  -11   -6  -14   -1   -2   11
    1    5   26    1    3   45    3    2    0       956  -12   -5   13   -6  -14   13    5    8   -2    3   -4   13   -1   -4   -6   20   10   13
    1    5   27    1    2   37    1    1    0       800   -6  -11   -1  -10  -12   -5    3  -14   -9   -6    2    5   14   -5  -14    4    3    0
    1    6    1    1    1   52    1    1    1       987   13   19   -5  -11   -6   -7    4    3   -7   12   -1   14  -14   -6  -11   -3    0   11
    1    6    2    1    1   51    3    2    0       640    6   11   -7  -12   -4   -3   14   -3  -16   10    0   15   -6   -1  -11   -4   -4   18
    1    6    3    1    2   48    3    3    0      1505   -7  -11   -4    0  -19   -5   -6  -13   -3   -4    0    3   22   -8  -12    7    1   -4
    1    6    4    1    2   53    2    1    0       689   -4  -11    0   -7  -12   -5    2  -13   -7   -8    3    5    9   -6  -12    5    1    1
    1    6    5    1    3   49    1    2    0      1006  -14   -1    4   -4  -14   11   -1   14    0   -5    4    6    3    3   -8   15   10   13
    1    6    6    1    3   52    1    3    1      1072  -14   -1    3   -4  -14   11    4    5    0   -4   -4   10    4    1   -8   16   11   12
    1    6    7    1    2   52    1    3    0      1424   -6  -11   -2   -8  -12   -6    2  -14   -8   -7    2    7   14   -6  -12    5    2    1
    1    6    8    1    1   46    1    2    0       276    8   12   -5  -12   -6   -6    5    2   -8   13   -1   13  -14   -6  -12   -3    0   11
    1    6    9    1    1   47    2    1    1      1428   -2   12   -5  -12   -4   -6    5    3   -6   13   -3   14   -7   -7  -15    3   -8   17
    1    6   10    1    1   53    2    2    0       549    5   17   -7  -12   -9   -3    6    5   -6   11   -2   14  -14   -4  -12   -2   -1   12
    1    6   11    1    1   49    1    3    0       714    9   13   -4  -12   -6   -6    4    3   -7   12   -1   13  -12   -6  -14   -2    0    9
    1    6   12    1    3   53    2    2    0      1609  -13    1    2   -5  -15   12    5    4    0   -6   -4   11   -1   -1   -9   14    7    9
    1    6   13    1    2   50    2    3    0       900   -5  -12   -2   -9  -14   -6    0  -15  -10   -8   11    1   16   -6  -16    2    1    1
    1    6   14    1    2   46    1    3    0      1244  -11  -12    4   -7  -12   -5    3  -14   -7   -9    2    6   13   -5  -14    4    2    1
    1    6   15    1    3   50    2    3    1       806  -14    0    3   -3  -13   11   11   16   -1   -6   -3   10    4    2  -10   15   14   16
    1    6   16    1    3   47    2    1    0       737  -14   -2    5   -3  -12   10    0    2    1   -6   -3   12    3    2   -1   16   11   11
    1    6   17    1    2   47    2    2    1       541   -5  -11   -3   -8  -11   -5    8  -17   -7   -5    1    4   16   -4  -13    4    3    0
    1    6   18    1    3   48    3    2    0       531  -13    0    8   -9  -17   13    7    7    5   -9   -5   15    4   -1  -10   15   17   18
    1    6   19    1    3   46    1    2    0       585  -14   -1    3   -3  -14   11    3    6    0   -5   -3   11    3    3   -9   15   13   12
    1    6   20    1    3   51    3    1    0       877  -16   -6    4  -10  -15   11    7   -1    0   -4  -10    6    2    6   -7   14   16   20
    1    6   21    1    2   49    1    3    0       484   -6  -11   -2  -10  -12   -6    3  -14   -8   -7    1    5   13   -6  -13    2    1    1
    1    6   22    1    2   51    3    3    0       556   -7  -10   -5  -11  -10   -7    2  -14  -13    2    2    5   15   -3  -18    4    8   11
    1    6   23    1    2   54    3    3    0       881  -16   -2    0   -9  -13  -15    3  -21   -3    0   -7    3   13   -6  -13   -4   -2    6
    1    6   24    1    1   50    2    2    0       586    8   14   -7  -11   -7   -5    5    2   -8   11   -1    4  -14   -5   -2  -13   -1   12
    1    6   25    1    3   54    3    3    1       957   -5  -10    8   -8  -15   11    5    3   -9  -14    3   13    2    0   -8   14    5   19
    1    6   26    1    1   48    3    2    0       304   -2   21   -6  -10   -6   -5    3    3   -8   11    1   16  -15    1   -3  -13    9   12
    1    6   27    1    1   54    3    3    0       654    9   12    4  -18   -8   -7    2   -6  -16   13   -5    3  -14  -10  -10   -2    0   10
    1    7    1    1    1   58    1    2    0       542    8   12   -5  -10   -7   -7    3    4   -6   11   -1   13  -13   -5  -12   -3    0   11
    1    7    2    1    3   57    3    3    1       611  -18   -1   10    6  -11   16    5    4    8   -4    4   16    3    1  -15   12   13   20
    1    7    3    1    2   63    3    1    0       343   -5  -12    1   -5  -10   -3    7  -18  -16  -15   -3    6   18   -6  -15    3    1    2
    1    7    4    1    2   61    1    1    0       292   -6  -10   -1   -9  -12   -6    3  -12   -8   -7    1    7   14   -6  -13    4    2    1
    1    7    5    1    1   61    1    2    0        83    6   12   -5  -11   -7   -6    4    3   -7   12   -1   14  -14   -5  -11   -2    2   11
    1    7    6    1    3   62    2    1    0       488  -14   -2    2  -12  -20   14    2    6    1   -4   -1   10    2    2   -9   15   10   14
    1    7    7    1    1   57    3    3    0       237    9   12    0  -18   -4  -11    4   -1  -12   15   -2    4  -14   -5   -7    2    1   10
    1    7    8    1    2   57    3    2    1       591   -4  -20    2   -6  -19    4   -3  -22  -17   -5    5   10   13    2  -14    2    2    0
    1    7    9    1    3   56    2    1    0       291  -22   -9    2   -4  -15   12    5    6   -1   -5   -3   10    2    1   -7   13   10   13
    1    7   10    1    3   59    2    2    0       495  -10   -4    9   -9   -6   12    2    8    2   -5    5   20    4    4  -15   23   12   12
    1    7   11    1    1   60    3    1    1       806    0   13   -7  -13    3   -8    7    0   -9   17    2   18  -14   -4   -8    5    2   11
    1    7   12    1    3   58    1    1    0       686  -14   -1    4   -4  -13   10    3    6   -1   -6   -7   10    3    3   -4   13   11   13
    1    7   13    1    1   56    2    2    0       592    9   12   -7  -12   -5   -5    7    3  -12   15   -1   10  -12   -5  -11    2    1   11
    1    7   14    1    1   63    3    1    1       514   13   14   -5   -9    4   -5    9    3   -8   11    0   14  -13   -7  -22  -12   -8    8
    1    7   15    1    3   60    3    3    1       728   -6  -10    4   -2  -14   10   13    4   -4   -2    1   13    6    0   -1    7   11   11
    1    7   16    1    2   58    1    1    0       533   -6  -11   -2   -8  -12   -5    3  -14   -8   -7    2    6   14   -6  -20    4    2    2
    1    7   17    1    3   63    3    3    1      1116  -15   -1    4   -6  -22   16    5    5   -3  -12    2    8   13    8    1   18    4   12
    1    7   18    1    1   55    1    2    0       538    8   13   -6  -13   -6   -6    3    4  -13   12   -1   14  -12   -6  -14   -3    1   11
    1    7   19    1    2   55    1    1    0       448   -6  -11   -2   -9  -12   -5    2  -13   -8   -8    1    6   15   -7  -14    4    4    0
    1    7   20    1    2   56    2    1    0       793   -8  -13   -2  -10  -14   -5    3  -12   -7   -6    3    6   11   -6  -15    5    3   -1
    1    7   21    1    3   55    1    1    0       532  -13   -2    4   -5  -14   10    4    7   -1   -5   -3   11    3    3   -8   15   11   12
    1    7   22    1    1   62    2    2    0       216    9   12   -6  -11   -4   -6    6    1   -7   10   -1   12  -12   -6  -13   -3    0   10
    1    7   23    1    2   59    2    3    0       891   -9   -9    0   -8  -13   -6    5  -14   -7   -8    1    6   15   -8  -12    7    2   -1
    1    7   24    1    2   62    2    2    1       595   -5  -12    4   -6  -11   -6    1  -14   -6   -6    3    6    4   -1  -14    2    1    3
    1    7   25    1    2   60    3    2    1       774   -7  -12    6  -18   -4  -12    1  -16   -6   -7    1   -1   14   -7  -16    4    0   -4
    1    7   26    1    3   61    1    1    0      1042  -14   -1    5   -5  -15   11    4    6    1   -5   -3   11    3    3   -7   15   11   12
    1    7   27    1    1   59    2    2    0       594    8   13   -5  -13   -9   -1    4    4   -7   13    1   14  -14   -4   -2    3    3   16
    1    8    1    1    1   69    3    3    0       437    9   14   -5  -10   -9   -1    0   -1   -8   13    0   12  -23   -9  -11   -8   -3    6
    1    8    2    1    1   70    1    2    0       430    9   12   -5  -11   -7   -5    4    3   -7   12    0   15  -13   -5  -15    6    0   11
    1    8    3    1    2   64    1    2    1       490   -5  -10   -1   -9  -13   -6    4  -14   -8   -8    3    5   13   -5  -14    4    4    1
    1    8    4    1    1   66    3    1    1       705    7   13   -5  -12  -16   -7    5    2    1   17   -2   13  -18   -3  -12   -2    2   15
    1    8    5    1    3   66    3    1    0       814  -15    0    8    0  -16    2   -7    2    7   -2    4    3    5    1  -11   17    6    4
    1    8    6    1    3   65    2    1    0       664  -13   -1    6   -5  -12   10   -3   13    1   -4    2   21    7    2   -8   14   11   13
    1    8    7    1    1   64    1    3    0       439   11   12   -4  -12   -6   -7    3    4   -6   11   -1   13  -11   -2  -13   -3    0   11
    1    8    8    1    3   67    1    1    0       465  -12    9    3   -4  -15   12    3    7    0   -5   -3   11    3    2   -8   13   11   11
    1    8    9    1    3   71    2    1    0       441  -24    3    5   -4  -18   15    3    8    2   -7   -4   11    1    2   -9   16   16   14
    1    8   10    1    2   72    3    3    0       225   -4   -7   -2   -8  -10    2    4  -12    2   -9    7   -1   22  -13  -13    5    4    3
    1    8   11    1    2   66    3    3    0       324   -5  -10    8  -12  -10   -9    3  -12  -15  -17    1    6   14   -8  -11    3    3    1
    1    8   12    1    3   72    3    3    1       515  -19   -1    3   -3  -16   11    4    5   -1   -4   -4   13   -4    7   -6   15    8   12
    1    8   13    1    1   71    2    1    1       843    8   13  -10   -9   -4   -6    7   -7   -7   10  -10   11  -14   -7  -14   -4   -2   11
    1    8   14    1    3   69    3    3    1       612  -24    7    6    1   -8   14   13   13    2   -9    1    1    5    4  -15   14   10   16
    1    8   15    1    2   69    3    2    1       329    0  -14    0  -10  -11  -10   10  -16   -9   -2    1    6   13   -6  -13    4   -2    6
    1    8   16    1    1   67    1    2    0       424    8   12   -4  -10   -6   -6    3    3   -6   11   -1   15  -13   -6  -12   -3    0   12
    1    8   17    1    2   68    2    2    1       561   -6  -10   -2   -8  -11   -5    4  -14   -7   -8    3    4   16   -7  -14    3    1    1
    1    8   18    1    2   65    2    2    1       518   -6  -12   -1   -8  -16   -7    5  -14   -8   -8    1    6   13   -5  -14    5    1    3
    1    8   19    1    2   71    2    2    1       492   -6   -9   -1  -10  -10   -8    2  -13    1   -4    2    5   15   -7  -16    3    4    0
    1    8   20    1    1   72    3    1    1       836   15   21   -6  -11   -2   -6    7   10   -9   16  -10   21  -16   -1   -7    1   -2   13
    1    8   21    1    2   70    1    1    0       540   -7  -12   -1   -9  -15  -15    3  -14   -8   -7    7    8   14   -7  -14    5    3    1
    1    8   22    1    1   68    2    2    0       511   10   14   -4  -13   -4   -8    3    2   -9   18   -2   13  -13   -6  -13   -2   -4    7
    1    8   23    1    1   65    2    2    0       454   10   12   -4  -21   -8   -5   -4    4   -7   11    0   11  -14   -6  -10   -4    1   13
    1    8   24    1    3   64    1    1    0       333  -14   -2   -6   -5  -18   14    4    6    0   -4   -3   11    4    3  -10   14   10   13
    1    8   25    1    3   68    2    1    0       587  -13   -1    5   -5  -15   12   -4    4   -5   -7   -4   10   -5   -4   -7   14    9   12
    1    8   26    1    2   67    1    3    0      1007   -6  -11   -1   -8  -13   -6   -3  -19   -8   -8    1    4   14   -6  -13    4    3    0
    1    8   27    1    3   70    1    3    1       481  -14   -1    5   -1  -12    4   10   -2   -1   -5   -3   10    2    3   -9    9   10   12
    1    9    1    1    2   79    1    3    0       442   -6  -11    5  -17  -11   -7    3  -14   -8   -7    3    6   15   -7  -13    5    2    2
    1    9    2    1    3   79    1    1    0       372  -13   -1    5   -4  -14   11    1    8    0   -4   -3   11    3    2   -7   16   11   12
    1    9    3    1    2   80    2    3    0       718   -7  -10    4   -3  -14   -3    4  -14  -10   -7   -6   16   15   -3  -22   14    1    3
    1    9    4    1    3   80    2    2    0       269  -13   -2   -3   -9  -15   13    4    5    1   -6   -4   12    1    1  -13   19   12   12
    1    9    5    1    2   74    2    3    0        28   -6  -10    0  -10  -12   -4    5   -7   -6   -6    1    7   16   -6  -14    5   -3    6
    1    9    6    1    3   74    2    1    0       278  -13   -1    4   -5  -14   10    6    3    1   -5   -2   12    2    3   -9   15    9   13
    1    9    7    1    2   78    3    2    1       213    0   -7    4  -11  -19   -3    4  -14   -9   -3    4    4   12   -1  -22   12    4   -1
    1    9    8    1    3   81    3    3    1       694  -10    5   -4    3  -13   10    5   14    4    3   -4   14    1    4   -7   16   12   16
    1    9    9    1    1   80    2    2    0       340    7   14   -6   -9  -11   -1    5    3   -6   12   -1   15  -11   -5   -9  -11   -2   13
    1    9   10    1    2   75    3    2    1      1265   -7  -11    0   -7  -19  -16    9   -4  -13  -13    1    7   13  -10  -12    5    8    0
    1    9   11    1    2   73    1    1    0       778  -13   -4    0  -10  -12   -6    3  -14   -7   -7    1    6   15   -6  -12    3   11   -7
    1    9   12    1    2   81    3    1    0       356   -4  -12    4   -6  -13   -8   -3  -18  -10  -10    2    8   24   -6  -22    8    3    1
    1    9   13    1    1   76    1    3    0       816    7   13   -5  -11   -7   -6   13   11   -7   12   -1   14  -14   -4  -12   -3    0   11
    1    9   14    1    2   76    1    1    0       523   -5  -12   -1  -10  -19  -12    3  -14   -8   -8    1    7   14   -7  -14    4    3    1
    1    9   15    1    1   73    1    1    1       304    7   11  -14  -13   -6   -5    5    2   -7   11   -1   13  -14   -5  -11   -4   -6    5
    1    9   16    1    1   74    2    2    0      1008   10   12   -6   -2   -5   -6    2    3   -7   10   -6   14  -13   -9  -11   -4   -1   12
    1    9   17    1    3   73    1    3    1       531  -10    3    4   -4  -14   12    4    5    1    0   -4   12    3    3   -9   16   13   14
    1    9   18    1    3   76    1    1    0       666  -14   -1    3   -4  -15    9    2    5   -1   -4   -4   11    5    4   -8   13   11   12
    1    9   19    1    1   75    3    3    0       251    8   11   -6  -17  -11   -8    3    7  -10   11    2   14   -4  -11  -13   -4    8    3
    1    9   20    1    1   79    1    2    0       413    8   12   -5  -11   -5   -7    3    3   -6   11    0   13  -13   -5  -10   -1   -1   11
    1    9   21    1    2   77    2    1    0       309   -4  -12    2   -5  -13   -4    4  -15   -9   -6    9    1   15   -4  -12   -1    1   -1
    1    9   22    1    3   75    3    1    0       675  -13    0    4   -3  -20   10    9   11    1   -5    2   12    5    2   -6   15   16   18
    1    9   23    1    1   78    3    1    1       451   16    4   -6   -9   -8   -5    7    0   -6    3    2    7  -15   -5  -15   -2   -9   10
    1    9   24    1    3   77    2    2    0      1386  -13   -3    2   -2  -13   12    7   12   -2   -4   -4    9    4    5   -7   13   13   13
    1    9   25    1    3   78    3    3    1       188  -12   -3    3   -3  -10   10    5    6   -1   -6    7   13   -7    0   -9   15   14    5
    1    9   26    1    1   77    2    3    0       191    7   12   -5   -9   -5   -5   11    5   -7   10   -2   15  -12   -6  -11   -4    2   10
    1    9   27    1    1   81    3    3    0        82   14   18    3  -20  -11   -7    2    6  -10   17   -4   16  -14  -10   -7    0   -6   17
    1   10    1    1    2   83    2    1    0         0   -7   -9   -2  -10  -11   -1    5  -14  -13  -17    1    6   13   -7  -24    5    2    0
    1   10    2    1    3   86    2    3    1       249  -15    0    3   -3  -12   11    5    7   -2   -4   -3   10   -2   -1   -6   15   10   14
    1   10    3    1    3   82    1    1    0       411  -12    1    3   -6  -11   14    2    5    0   -5   -2    9    3    2   -8   13   11   12
    1   10    4    1    3   89    2    1    0        51  -13   -2    5   -4  -14    8    1    7  -10   -3   -2   11    3    4   -7   14   10   14
    1   10    5    1    1   82    1    1    1       395    7   13   -5  -11   -9   -1    4    3   -8   13   -2   14  -15   -5  -12   -2   -1   12
    1   10    6    1    2   88    1    3    0       390   -6  -11   -1   -9  -13   -6    3  -13   -8   -7    2    6   16   -7  -14    4    2   -1
    1   10    7    1    2   82    1    3    0       450   -6  -11   -1  -10   -6    2    3  -15   -8   -7    2    7   13   -7  -13    3    2    1
    1   10    8    1    1   88    1    3    0       491   17    8   -6  -11   -5   -6    4    3   -6   12    0   12  -13   -5  -12   -3    0    9
    1   10    9    1    3   88    1    3    1       211  -14   -2    4   -4  -14   11    3    7    0   -5   -3   10    1    2   -9   14   11   12
    1   10   10    1    2   89    2    3    0       293   -5  -11   -3   -9  -14   -4    2  -14   -7   -9    0    4   14   -7   -9    6    2    0
    1   10   11    1    1   84    3    2    0       341   17   16   -9  -13   -9   -8    0    3   -3    7   -1   12  -12  -15  -13   -3   -8    2
    1   10   12    1    3   85    1    1    0       546  -14   -1    4   -5  -14   11    4    5   -1   -4   -4   10    3    3   -7   17   12   12
    1   10   13    1    2   87    3    2    1       439   -6   -9   -3   -7   -7   -5    3  -15   -9   -7   -1   15   11  -10  -14    5    7   -2
    1   10   14    1    2   84    3    3    0       977  -16   -6    1  -18  -12  -10    2  -12   -9   -3    3    4   15  -10  -13   -4    2   -7
    1   10   15    1    3   90    3    3    1       806   -6    7    6   -2  -17    8   -5    4   -4   -6   -3   12    3   -2   -9   17   19    4
    1   10   16    1    1   89    2    2    0       897    8   10   -5  -12   -7   -5    2    5   -6   11    8   18  -13  -14  -13   -5   -1   12
    1   10   17    1    2   90    3    1    0       280  -10  -19    1  -11   -9  -11    7  -11   -1  -13   -3   -1   16   -8  -14    6   -7    9
    1   10   18    1    2   85    1    3    0       297   -5  -11   -1  -10  -12   -5    2   -9   -7   -7    3    6   14   -7  -14    4    2    2
    1   10   19    1    1   90    3    2    0       394    9   13  -12  -10   -3   -3    3    4   -7   16    6    5  -22   -5   -6   -8    0   12
    1   10   20    1    3   83    2    1    0       518  -18    4    1   -3  -21   12    6    6   -6  -15   -2   11    4    4   -7   17   16   16
    1   10   21    1    2   86    2    3    0       378   -5  -11   -1  -11  -11   -6    3  -15   -8   -6    0    8   16   -6  -16    4    1    0
    1   10   22    1    1   86    2    2    0       454    7   12   -6  -13   -6   -7    5    5   -7    5   -1   14  -14   -3  -13   -1    0    7
    1   10   23    1    1   87    3    3    0       735   15   22   -4  -20    4  -14    1   -7   -5   21    2   13  -16   -2  -16   -5    2    6
    1   10   24    1    3   87    3    1    0       445  -14   -2    3   -5   -4   17   -1   16    0   -6   -5   13    8    3   -9   16   19    8
    1   10   25    1    1   83    2    3    0       501    8   10   -6  -11  -11   -2    2    5   -9   13    3   13  -12   -6  -13   -3    0   10
    1   10   26    1    1   85    1    1    1       748    9   11   -4  -11   -7   -6    2    2   -7   12   -1   13  -13   -6  -12   -3    0   11
    1   10   27    1    3   84    3    1    0       794  -12    0   11   -3  -13   11    8   11    1   -6    1    8    5    4  -10   10   16   12
    2    1    1    4    3    1    2    2    0      1426  -12    9    8    0  -14    7    3    7    2   -4   -2    9    7    2   -7   15   21   19
    2    1    2    4    3    4    2    1    0      3956  -16   -2    5   -4  -13   13    1    9   -1   -5   -5    9    1    3   -4   11   12   12
    2    1    3    1    1   72    3    3    0      1454   15   21   -6  -11   -2   -6    7   10   -9   16  -10   21  -16   -1   -7    1   -2   13
    2    1    4    5    3    6    3    2    0      1183  -16   -2   -1    1  -24   17   -1    5    2   -5   -4   15    4   -3  -10   17    5    9
    2    1    5    5    1    4    3    3    0      1274    6   11   -6  -10   -4   -5    3    1  -12   13   -4    9  -20   -9  -14   -5    1   10
    2    1    6    1    2   40    1    3    0       898   -6  -11   -1   -9  -13   -7    4  -15   -7   -6    2    6   14   -5  -12    2    3    1
    2    1    7    5    1    8    3    2    0      2377    7   13   -2  -13   -7   -3    0    2    3    3    5   11  -13   -4  -16   -5    2   10
    2    1    8    5    1    9    3    1    1       836    8   11   -8   -7   -4   -7    0    6  -12    7    4   12  -12    2  -10   -1    3    5
    2    1    9    5    2    4    3    1    0      1372   -5   -9   -2  -11  -11   -5   10  -14   -7   -7    7   10   16   -8  -10    2    3   -7
    2    1   10    1    2   75    3    3    0      1069   -7  -11    0   -7  -19  -16    9   -4  -13  -13    1    7   13  -10  -12    5    8    0
    2    1   11    5    1    2    3    2    0       943    8   16   -5  -10   -6    0    5    2   -9   14   -1   14   -6    3  -14   -7    2    2
    2    1   12    1    2    6    3    3    0       834   -5  -12    9  -11  -13   -9    1  -13   -9   -6    4    7   17   -5   -9    2    8   -2
    2    1   13    1    3   88    1    1    0      1276  -14   -2    4   -4  -14   11    3    7    0   -5   -3   10    1    2   -9   14   11   12
    2    1   14    1    1   75    3    1    1      1233    8   11   -6  -17  -11   -8    3    7  -10   11    2   14   -4  -11  -13   -4    8    3
    2    1   15    4    2    3    2    3    0       747   -4  -12    0   -8  -13   -2    1  -13    2  -11    0    8   15   -4  -15    3    7    2
    2    1   16    1    3   67    1    3    1      1049  -12    9    3   -4  -15   12    3    7    0   -5   -3   11    3    2   -8   13   11   11
    2    1   17    4    2    2    2    2    1       555   -4  -12   -2   -9   -9   -5    4  -15   -8   -9    1    7   15   -4  -18    2   -2    4
    2    1   18    5    2    6    3    2    1      1119   -7  -11    2   -8  -16   -6    5  -12   -5  -17   -6    6   19   -9  -19    3    2    0
    2    1   19    1    2   74    2    1    0      1486   -6  -10    0  -10  -12   -4    5   -7   -6   -6    1    7   16   -6  -14    5   -3    6
    2    1   20    5    2    9    3    2    1       956    3   -5   -1  -10  -11   -7    0   -8   -6   -9    3    6   18   -8  -16    6    1   -1
    2    1   21    5    2    3    3    3    0       801   -7  -11   -6   -4  -12   -7    5  -13   -3    1   11   13   15   -7  -13    3    6    1
    2    1   22    3    1    2    1    1    1       652    8   12   -5  -11   -5   -6    4    3   -6   12   -1   13  -13   -5  -12   -3    1   11
    2    1   23    3    2    3    1    1    0       716   -7  -11   -1   -8  -12   -6    3  -12   -9   -8    2    6   14   -6  -14    4    1    3
    2    1   24    1    1   83    2    2    0      1417    8   10   -6  -11  -11   -2    2    5   -9   13    3   13  -12   -6  -13   -3    0   10
    2    1   25    1    1   49    1    3    0      1246    9   13   -4  -12   -6   -6    4    3   -7   12   -1   13  -12   -6  -14   -2    0    9
    2    1   26    2    2    0    0    3    0       728   -6  -11   -1   -9  -12   -6    3  -14   -8   -7    2    6   14   -6  -14    4    2    1
    2    1   27    4    1    4    2    3    0       806    8   10   -4  -13   -7   -5    4    4   -8    7   -2   14  -11   -5  -10   -2   -1   12
    2    1   28    1    3    5    2    1    0       623  -16   -3    4   -9  -16   12    2    7   10    5   -3   12    0   -3   -8   17    9   12
    2    1   29    1    1   52    1    1    1       656   13   19   -5  -11   -6   -7    4    3   -7   12   -1   14  -14   -6  -11   -3    0   11
    2    1   30    5    1    7    3    2    0       464   16   14   -4   -5   -2   -1   11    4   -5    8   -3   12   -7  -15  -14   -6   -2    8
    2    1   31    5    2    1    3    2    1       905  -16  -19    3   -7  -12   -7    2  -16    1  -12    3   14   10   -5  -15    5    1    2
    2    1   32    5    3    9    3    3    1       527  -11   -2    5   -5  -15   12    3   15   -5    4   -4   11    1    3   -9   12    3    5
    2    1   33    2    3    0    0    1    0       694  -14   -1    4   -4  -14   11    3    6    0   -5   -3   11    3    3   -8   15   11   12
    2    1   34    4    2    1    2    1    0       693   -7   -9    1  -11  -17   -3    4  -15   -8   -5    4    4   15   -5  -12    4    1    0
    2    1   35    4    3    2    2    3    1       932  -14   -2    2   -6  -16   12    3    7   -1   -5   -5   10    1    2   -3   17    1   18
    2    1   36    3    1    3    1    2    0       459    9   12   -5  -11   -5   -5    3    3   -9   12   -1   11  -13   -5  -13   -2    1   10
    2    1   37    5    3    5    3    3    1      1317  -15    0    5   -4  -15   11    4    5    1   -4   -1    6    7    3   -9   16   11   11
    2    1   38    5    3    4    3    3    1      1291  -13   -1    8   -9  -13    9   11    5   -4  -12   -3   10    7   -1   -7   14    7    9
    2    1   39    4    3    6    2    1    0       820  -17    3    3   -4  -16   13    3    7    0   -6    6   13    4    1   -9   16   13   10
    2    1   40    1    1   44    2    2    0       814   18   14   -6  -11   -6   -7   14    6   -3   10   -2   13  -14   -7  -12  -10   -1   11
    2    1   41    5    1    1    3    3    0       906    6    7   -8  -14   -3  -15   -2    9    3    9  -10    7  -14   -4  -19   -8    1   11
    2    1   42    3    2    1    1    3    0       996   -6  -11   -2   -8  -12   -5    3  -14   -8   -7    1    7   14   -6   -9    6    2    1
    2    1   43    1    2   36    3    2    1       937   -6   -9    1  -13  -16   -5   -1  -14   -5  -12    0    3   14   -3   -4    1    5    1
    2    1   44    3    1    1    1    2    0      1168    8   12   -4  -11   -6   -5    4    3   -6   12   -1   13  -13   -6  -12   -3    1   11
    2    1   45    3    2    2    1    1    0       655   -6  -11    0   -9  -13   -5    3  -14   -7   -6    4    2   13   -6  -14    4    2    1
    2    1   46    3    3    3    1    1    0       975  -14   -1    3   -3  -13   10    5    4    0   -5   -3   11   -6   11   -8   16    8   11
    2    1   47    5    1    3    3    2    0      1363    9   12  -11   -7  -14   -1    5    4   -9    9   -1   21  -13   -6  -11   -3   -6   10
    2    1   48    4    1    6    2    1    1      1848    9   14   -4   -9   -8    4    2    3   -8   13    1   11   -8   -1  -13   -2   -1    9
    2    1   49    5    1    5    3    1    1       763    8   13   -4  -11   -7   -7    3    4   -9   15   -2   14  -20  -15  -11   -4    2    9
    2    1   50    5    3    7    3    2    0      1175  -13    9   -1  -10  -15   11    0   14   10  -13   -9   16    5    3  -11   24   10   12
    2    1   51    1    2   70    1    3    0       610   -7  -12   -1   -9  -15  -15    3  -14   -8   -7    7    8   14   -7  -14    5    3    1
    2    1   52    5    2    2    3    3    0       485   -4  -16    8  -19   -4   -2   12   -4  -12  -14    2   11   14   -2  -14   -6    3    5
    2    1   53    4    1    5    2    3    0       972    8   10   -6  -10   -7   -4    6    5   -6    7    0   19  -14   -2  -12   -5   -1   13
    2    1   54    3    3    1    1    1    0      1266  -14    0    5   -3  -12    1    3    6   -2   -7   -3   11    2    3   -8   15   11   11
    2    1   55    5    2    8    3    1    0      1162  -10  -14    3  -16  -20   -1    3  -13   -7   -9    3    8    9  -16   -9    2    5    4
    2    1   56    4    2    5    2    2    1      2342   -1  -14   -3   -9  -14   -6    2  -16   -9   -7    1   11   13   -5  -16    3    4    1
    2    1   57    5    2    7    3    2    1       997   -2  -11   -3  -13  -14   -7    4  -15   -8   -8   -5    7    9   -2  -15   -2    2    3
    2    1   58    3    3    2    1    3    1      1176  -14   -2    5   -4  -14   11    2    7    0   -4   -3   11    4    3   -7   15   11   12
    2    1   59    5    3    3    3    1    0      1510  -17    2    3   -3  -15    9    5    6   -1   -4    2   15    1    1   -5   16    8   21
    2    1   60    5    2    5    3    2    1      1064    2  -10    0  -11  -14   -5    1  -13  -17   -6    6    4   13   -5  -16    4   -4    8
    2    1   61    1    2    5    2    2    1       873   -4  -17    0   -9  -11   -7   13  -10   -7  -16    1    6   14   -7  -13    3    1    2
    2    1   62    4    2    4    2    1    0       499   -5   -9   -9    0  -12   -7    2  -13   -2  -15    1    6   13   -6  -13    4   11   -5
    2    1   63    1    3   10    1    1    0       906  -13    0    4   -5  -13   12    4    5    1   -7   -3   11    2    4   -7   15    7   15
    2    1   64    5    3    1    3    3    1       659   -9   -2    3   -3  -16   13    7    5    0   -4   -8    9    2    1  -11   20   13   14
    2    1   65    5    1    6    3    3    0      1189   -2   21    5   -9   -5  -12    6    1   -8   11   -1   11  -13   -4  -11   -3    8   18
    2    1   66    1    3   71    2    1    0      2658  -24    3    5   -4  -18   15    3    8    2   -7   -4   11    1    2   -9   16   16   14
    2    1   67    1    2   55    1    2    1      1795   -6  -11   -2   -9  -12   -5    2  -13   -8   -8    1    6   15   -7  -14    4    4    0
    2    1   68    1    1   50    2    3    0      1095    8   14   -7  -11   -7   -5    5    2   -8   11   -1    4  -14   -5   -2  -13   -1   12
    2    1   69    4    2    6    2    3    0      1591   -7  -10    0   -9  -11  -11    4  -14    1  -16    1    8   12   -6  -15    6    2    0
    2    1   70    4    1    1    2    1    1       594    9   13   -4   -6   -8   -6    3    3   -8   13   -3   12  -13   -6  -13   -2    0   10
    2    1   71    4    1    3    2    3    0       933    7   14   -4  -11   -9   -4    3    3   -9   10    0    9  -11   -5  -13   -1   -1   12
    2    1   72    1    3   57    3    2    0       635  -18   -1   10    6  -11   16    5    4    8   -4    4   16    3    1  -15   12   13   20
    2    1   73    4    3    5    2    1    0       893  -10   -2    5   -4   -9   20    4    6   10  -10   -2    9    5    4   -9   16   14   14
    2    1   74    2    1    0    0    1    1       837    8   12   -5  -11   -6   -6    4    3   -7   12   -1   13  -13   -5  -12   -3    0   11
    2    1   75    1    3   29    2    3    1      1214  -15   -3    3   -3  -16   12    1    4    1   -5   -1   19   11    6  -10   17   13   11
    2    1   76    1    3   72    3    1    0       634  -19   -1    3   -3  -16   11    4    5   -1   -4   -4   13   -4    7   -6   15    8   12
    2    1   77    5    3    2    3    2    0       397  -16   -2    7   -4  -18    1    5   11   -8  -11   -3   10    1    2   -8   14   12   11
    2    1   78    1    1   28    1    3    0       569    6   13  -13  -10   -6   -6    3    2   -6   11  -11   18  -13   -5  -11   -4    0   11
    2    1   79    1    3   15    3    3    1       718  -15   -2    3   -6  -22   12    1   10   -5   -1   -1    1    3    1  -12   11   13    9
    2    1   80    4    1    2    2    1    1       590    7   12   -2   -4   -6   -7    5    3   -6   12    0   13  -12   -7  -14  -12   10   14
    2    1   81    5    3    8    3    2    0       640  -19   -1    5   -4  -15   10    3    9    6  -13   -4   12   -1    8   -5    8   11   13
    2    1   82    1    2   71    2    3    0       513   -6   -9   -1  -10  -10   -8    2  -13    1   -4    2    5   15   -7  -16    3    4    0
    2    1   83    4    3    3    2    2    0       665  -13    1    2   -3  -15   12    3    7   -2   -7   -3    9    4    1  -12   19   10    8
    2    1   84    1    1   60    3    2    0       826    0   13   -7  -13    3   -8    7    0   -9   17    2   18  -14   -4   -8    5    2   11
