    1    1    1    1    2    5    2    1      1791   -7   -1   -7   -9   -8   13    4   -5  -10   14   -5    4   18   22   -6    9   11    3
    1    1    2    1    3    4    3    1      1447    5    5   17   -6    9  -14   -6    6   -5   19  -10  -12   -3   -1    2    8    3   18
    1    1    3    1    1    5    2    0      1733  -17   -7   -8   10  -11    3  -14    7   14  -12    1    4  -10   -3   -1   17   14   -6
    1    1    4    1    3    3    3    1      1273    3    3   14   -4    9  -14   -7    4   -7   12   -7   -8    0    9    7   13   10   14
    1    1    5    1    1    4    2    0      1167   -9  -10   -3   13   -8    5  -15   -1   16  -11    0    3  -11   -1   -1   12   11   -6
    1    1    6    1    3    2    3    1      1113   10    3   16   -2    9  -15    3   10   -7   10   -8   -4   -2    2    7   14   20   21
    1    1    7    1    2    2    2    1      1014   -9    1   -5  -10   -9   13   -2   -8  -13   14  -13   11   12   18   -9    9    8    2
    1    1    8    1    2    4    2    1       791   -7   -1   -1   -8   -8   14    2   -7  -12   15   -5    7   13   21  -10   10   12    2
    1    1    9    1    3    1    3    1      1535    9    3   14   -3    6  -14   -7    4   -5    1  -17   -8   -3   -4    3   13   13   13
    1    1   10    1    1    1    1    1      1435   -9   -9   -2   13  -13    2  -15    8   14  -13    0    3   -7   -5   -3   11   15   -8
    1    1   11    1    3    5    3    1      1003    7    0   13   -4    7  -14  -10   10   -7   11  -12  -11   -6   -1    6   15   13   15
    1    1   12    1    2    3    1    0      1662    0  -10   -5  -10  -10   11    2   -4  -11   16   -7    7   13   16  -11    9   11    2
    1    1   13    1    1    2    1    1      2551  -10   -8   -4   20  -13    3  -16   10   14  -11    0    2   -8    5   -3   14   23  -16
    1    1   14    1    1    3    1    1      1132   -8   -9   -2   13  -13    5  -12    8   14  -14   -2    6   -8   -4   -2   10   14   -6
    1    1   15    1    2    1    2    1      1289   -6    1    3  -13   -9   12    1   -5  -10   16   -4    6   12   15   -7    9   17    2
    1    2    1    1    1    5    2    0      3631  -17   -7   -8   10  -11    3  -14    7   14  -12    1    4  -10   -3   -1   17   14   -6
    1    2    2    1    3    4    3    1       825    5    5   17   -6    9  -14   -6    6   -5   19  -10  -12   -3   -1    2    8    3   18
    1    2    3    1    1    3    1    1      1396   -8   -9   -2   13  -13    5  -12    8   14  -14   -2    6   -8   -4   -2   10   14   -6
    1    2    4    1    3    5    3    1       983    7    0   13   -4    7  -14  -10   10   -7   11  -12  -11   -6   -1    6   15   13   15
    1    2    5    1    2    5    2    1       860   -7   -1   -7   -9   -8   13    4   -5  -10   14   -5    4   18   22   -6    9   11    3
    1    2    6    1    2    3    1    0      2869    0  -10   -5  -10  -10   11    2   -4  -11   16   -7    7   13   16  -11    9   11    2
    1    2    7    1    1    1    1    1      2160   -9   -9   -2   13  -13    2  -15    8   14  -13    0    3   -7   -5   -3   11   15   -8
    1    2    8    1    3    1    3    1       885    9    3   14   -3    6  -14   -7    4   -5    1  -17   -8   -3   -4    3   13   13   13
    1    2    9    1    3    2    3    1      1501   10    3   16   -2    9  -15    3   10   -7   10   -8   -4   -2    2    7   14   20   21
    1    2   10    1    2    2    2    1      1196   -9    1   -5  -10   -9   13   -2   -8  -13   14  -13   11   12   18   -9    9    8    2
    1    2   11    1    2    4    2    1       919   -7   -1   -1   -8   -8   14    2   -7  -12   15   -5    7   13   21  -10   10   12    2
    1    2   12    1    2    1    2    1       717   -6    1    3  -13   -9   12    1   -5  -10   16   -4    6   12   15   -7    9   17    2
    1    2   13    1    1    4    1    1      1084   -9  -10   -3   13   -8    5  -15   -1   16  -11    0    3  -11   -1   -1   12   11   -6
    1    2   14    1    3    3    3    1       924    3    3   14   -4    9  -14   -7    4   -7   12   -7   -8    0    9    7   13   10   14
    1    2   15    1    1    2    2    0       864  -10   -8   -4   20  -13    3  -16   10   14  -11    0    2   -8    5   -3   14   23  -16
    1    3    1    1    2    1    2    1       695   -6    1    3  -13   -9   12    1   -5  -10   16   -4    6   12   15   -7    9   17    2
    1    3    2    1    3    5    3    1      1365    7    0   13   -4    7  -14  -10   10   -7   11  -12  -11   -6   -1    6   15   13   15
    1    3    3    1    2    3    1    0      1403    0  -10   -5  -10  -10   11    2   -4  -11   16   -7    7   13   16  -11    9   11    2
    1    3    4    1    1    4    1    1      1644   -9  -10   -3   13   -8    5  -15   -1   16  -11    0    3  -11   -1   -1   12   11   -6
    1    3    5    1    3    3    3    1      1222    3    3   14   -4    9  -14   -7    4   -7   12   -7   -8    0    9    7   13   10   14
    1    3    6    1    3    1    3    1       785    9    3   14   -3    6  -14   -7    4   -5    1  -17   -8   -3   -4    3   13   13   13
    1    3    7    1    3    4    3    1      1821    5    5   17   -6    9  -14   -6    6   -5   19  -10  -12   -3   -1    2    8    3   18
    1    3    8    1    1    3    1    1      1407   -8   -9   -2   13  -13    5  -12    8   14  -14   -2    6   -8   -4   -2   10   14   -6
    1    3    9    1    2    2    2    1       882   -9    1   -5  -10   -9   13   -2   -8  -13   14  -13   11   12   18   -9    9    8    2
    1    3   10    1    1    2    1    1      1243  -10   -8   -4   20  -13    3  -16   10   14  -11    0    2   -8    5   -3   14   23  -16
    1    3   11    1    2    5    2    1       870   -7   -1   -7   -9   -8   13    4   -5  -10   14   -5    4   18   22   -6    9   11    3
    1    3   12    1    3    2    3    1      1038   10    3   16   -2    9  -15    3   10   -7   10   -8   -4   -2    2    7   14   20   21
    1    3   13    1    1    1    1    1      1150   -9   -9   -2   13  -13    2  -15    8   14  -13    0    3   -7   -5   -3   11   15   -8
    1    3   14    1    2    4    2    1      1019   -7   -1   -1   -8   -8   14    2   -7  -12   15   -5    7   13   21  -10   10   12    2
    1    3   15    1    1    5    1    1      1629  -17   -7   -8   10  -11    3  -14    7   14  -12    1    4  -10   -3   -1   17   14   -6
    1    4    1    1    3    5    3    1      1848    7    0   13   -4    7  -14  -10   10   -7   11  -12  -11   -6   -1    6   15   13   15
    1    4    2    1    2    3    1    0      2793    0  -10   -5  -10  -10   11    2   -4  -11   16   -7    7   13   16  -11    9   11    2
    1    4    3    1    2    1    1    0      1476   -6    1    3  -13   -9   12    1   -5  -10   16   -4    6   12   15   -7    9   17    2
    1    4    4    1    1    4    3    0      7283   -9  -10   -3   13   -8    5  -15   -1   16  -11    0    3  -11   -1   -1   12   11   -6
    1    4    5    1    2    5    2    1      1929   -7   -1   -7   -9   -8   13    4   -5  -10   14   -5    4   18   22   -6    9   11    3
    1    4    6    1    2    2    2    1       839   -9    1   -5  -10   -9   13   -2   -8  -13   14  -13   11   12   18   -9    9    8    2
    1    4    7    1    3    1    3    1       816    9    3   14   -3    6  -14   -7    4   -5    1  -17   -8   -3   -4    3   13   13   13
    1    4    8    1    1    1    1    1      1818   -9   -9   -2   13  -13    2  -15    8   14  -13    0    3   -7   -5   -3   11   15   -8
    1    4    9    1    1    2    1    1       892  -10   -8   -4   20  -13    3  -16   10   14  -11    0    2   -8    5   -3   14   23  -16
    1    4   10    1    3    3    3    1       900    3    3   14   -4    9  -14   -7    4   -7   12   -7   -8    0    9    7   13   10   14
    1    4   11    1    1    5    1    1      1354  -17   -7   -8   10  -11    3  -14    7   14  -12    1    4  -10   -3   -1   17   14   -6
    1    4   12    1    3    2    3    1       847   10    3   16   -2    9  -15    3   10   -7   10   -8   -4   -2    2    7   14   20   21
    1    4   13    1    3    4    3    1       871    5    5   17   -6    9  -14   -6    6   -5   19  -10  -12   -3   -1    2    8    3   18
    1    4   14    1    2    4    2    1      1166   -7   -1   -1   -8   -8   14    2   -7  -12   15   -5    7   13   21  -10   10   12    2
    1    4   15    1    1    3    1    1      1163   -8   -9   -2   13  -13    5  -12    8   14  -14   -2    6   -8   -4   -2   10   14   -6
    1    5    1    1    3    1    3    1       840    9    3   14   -3    6  -14   -7    4   -5    1  -17   -8   -3   -4    3   13   13   13
    1    5    2    1    1    1    1    1      2384   -9   -9   -2   13  -13    2  -15    8   14  -13    0    3   -7   -5   -3   11   15   -8
    1    5    3    1    3    2    3    1      1196   10    3   16   -2    9  -15    3   10   -7   10   -8   -4   -2    2    7   14   20   21
    1    5    4    1    2    3    2    1      2118    0  -10   -5  -10  -10   11    2   -4  -11   16   -7    7   13   16  -11    9   11    2
    1    5    5    1    3    4    3    1      1070    5    5   17   -6    9  -14   -6    6   -5   19  -10  -12   -3   -1    2    8    3   18
    1    5    6    1    1    4    3    0      1469   -9  -10   -3   13   -8    5  -15   -1   16  -11    0    3  -11   -1   -1   12   11   -6
    1    5    7    1    1    3    1    1      1934   -8   -9   -2   13  -13    5  -12    8   14  -14   -2    6   -8   -4   -2   10   14   -6
    1    5    8    1    3    5    3    1       957    7    0   13   -4    7  -14  -10   10   -7   11  -12  -11   -6   -1    6   15   13   15
    1    5    9    1    2    1    2    1      1138   -6    1    3  -13   -9   12    1   -5  -10   16   -4    6   12   15   -7    9   17    2
    1    5   10    1    2    2    2    1       848   -9    1   -5  -10   -9   13   -2   -8  -13   14  -13   11   12   18   -9    9    8    2
    1    5   11    1    1    5    1    1      1369  -17   -7   -8   10  -11    3  -14    7   14  -12    1    4  -10   -3   -1   17   14   -6
    1    5   12    1    2    4    2    1      1373   -7   -1   -1   -8   -8   14    2   -7  -12   15   -5    7   13   21  -10   10   12    2
    1    5   13    1    1    2    1    1      1409  -10   -8   -4   20  -13    3  -16   10   14  -11    0    2   -8    5   -3   14   23  -16
    1    5   14    1    2    5    2    1       884   -7   -1   -7   -9   -8   13    4   -5  -10   14   -5    4   18   22   -6    9   11    3
    1    5   15    1    3    3    3    1      2396    3    3   14   -4    9  -14   -7    4   -7   12   -7   -8    0    9    7   13   10   14
    1    6    1    1    1    4    1    1      1320   -9  -10   -3   13   -8    5  -15   -1   16  -11    0    3  -11   -1   -1   12   11   -6
    1    6    2    1    1    3    1    1      1055   -8   -9   -2   13  -13    5  -12    8   14  -14   -2    6   -8   -4   -2   10   14   -6
    1    6    3    1    2    1    2    1       833   -6    1    3  -13   -9   12    1   -5  -10   16   -4    6   12   15   -7    9   17    2
    1    6    4    1    2    2    2    1       908   -9    1   -5  -10   -9   13   -2   -8  -13   14  -13   11   12   18   -9    9    8    2
    1    6    5    1    1    2    1    1      1313  -10   -8   -4   20  -13    3  -16   10   14  -11    0    2   -8    5   -3   14   23  -16
    1    6    6    1    1    1    1    1       888   -9   -9   -2   13  -13    2  -15    8   14  -13    0    3   -7   -5   -3   11   15   -8
    1    6    7    1    2    5    2    1       832   -7   -1   -7   -9   -8   13    4   -5  -10   14   -5    4   18   22   -6    9   11    3
    1    6    8    1    2    4    2    1       634   -7   -1   -1   -8   -8   14    2   -7  -12   15   -5    7   13   21  -10   10   12    2
    1    6    9    1    3    5    3    1       620    7    0   13   -4    7  -14  -10   10   -7   11  -12  -11   -6   -1    6   15   13   15
    1    6   10    1    3    2    3    1       860   10    3   16   -2    9  -15    3   10   -7   10   -8   -4   -2    2    7   14   20   21
    1    6   11    1    2    3    3    0       854    0  -10   -5  -10  -10   11    2   -4  -11   16   -7    7   13   16  -11    9   11    2
    1    6   12    1    3    3    3    1      3087    3    3   14   -4    9  -14   -7    4   -7   12   -7   -8    0    9    7   13   10   14
    1    6   13    1    3    4    3    1       766    5    5   17   -6    9  -14   -6    6   -5   19  -10  -12   -3   -1    2    8    3   18
    1    6   14    1    3    1    3    1      1836    9    3   14   -3    6  -14   -7    4   -5    1  -17   -8   -3   -4    3   13   13   13
    1    6   15    1    1    5    1    1      1054  -17   -7   -8   10  -11    3  -14    7   14  -12    1    4  -10   -3   -1   17   14   -6
    1    7    1    1    1    3    1    1       815   -8   -9   -2   13  -13    5  -12    8   14  -14   -2    6   -8   -4   -2   10   14   -6
    1    7    2    1    2    4    2    1       794   -7   -1   -1   -8   -8   14    2   -7  -12   15   -5    7   13   21  -10   10   12    2
    1    7    3    1    3    5    3    1      2181    7    0   13   -4    7  -14  -10   10   -7   11  -12  -11   -6   -1    6   15   13   15
    1    7    4    1    1    4    1    1       970   -9  -10   -3   13   -8    5  -15   -1   16  -11    0    3  -11   -1   -1   12   11   -6
    1    7    5    1    3    1    3    1      1183    9    3   14   -3    6  -14   -7    4   -5    1  -17   -8   -3   -4    3   13   13   13
    1    7    6    1    1    5    1    1      1050  -17   -7   -8   10  -11    3  -14    7   14  -12    1    4  -10   -3   -1   17   14   -6
    1    7    7    1    3    2    3    1       779   10    3   16   -2    9  -15    3   10   -7   10   -8   -4   -2    2    7   14   20   21
    1    7    8    1    1    1    1    1      1159   -9   -9   -2   13  -13    2  -15    8   14  -13    0    3   -7   -5   -3   11   15   -8
    1    7    9    1    2    1    2    1       723   -6    1    3  -13   -9   12    1   -5  -10   16   -4    6   12   15   -7    9   17    2
    1    7   10    1    1    2    1    1      1216  -10   -8   -4   20  -13    3  -16   10   14  -11    0    2   -8    5   -3   14   23  -16
    1    7   11    1    3    4    3    1       655    5    5   17   -6    9  -14   -6    6   -5   19  -10  -12   -3   -1    2    8    3   18
    1    7   12    1    3    3    3    1       927    3    3   14   -4    9  -14   -7    4   -7   12   -7   -8    0    9    7   13   10   14
    1    7   13    1    2    2    2    1       871   -9    1   -5  -10   -9   13   -2   -8  -13   14  -13   11   12   18   -9    9    8    2
    1    7   14    1    2    5    2    1       736   -7   -1   -7   -9   -8   13    4   -5  -10   14   -5    4   18   22   -6    9   11    3
    1    7   15    1    2    3    1    0      1021    0  -10   -5  -10  -10   11    2   -4  -11   16   -7    7   13   16  -11    9   11    2
    1    8    1    1    2    3    2    1       703    0  -10   -5  -10  -10   11    2   -4  -11   16   -7    7   13   16  -11    9   11    2
    1    8    2    1    2    4    2    1       702   -7   -1   -1   -8   -8   14    2   -7  -12   15   -5    7   13   21  -10   10   12    2
    1    8    3    1    1    5    1    1       861  -17   -7   -8   10  -11    3  -14    7   14  -12    1    4  -10   -3   -1   17   14   -6
    1    8    4    1    3    1    3    1       757    9    3   14   -3    6  -14   -7    4   -5    1  -17   -8   -3   -4    3   13   13   13
    1    8    5    1    3    5    1    0      1139    7    0   13   -4    7  -14  -10   10   -7   11  -12  -11   -6   -1    6   15   13   15
    1    8    6    1    2    1    2    1      1026   -6    1    3  -13   -9   12    1   -5  -10   16   -4    6   12   15   -7    9   17    2
    1    8    7    1    3    3    3    1      1139    3    3   14   -4    9  -14   -7    4   -7   12   -7   -8    0    9    7   13   10   14
    1    8    8    1    2    5    2    1      1103   -7   -1   -7   -9   -8   13    4   -5  -10   14   -5    4   18   22   -6    9   11    3
    1    8    9    1    1    3    1    1      1279   -8   -9   -2   13  -13    5  -12    8   14  -14   -2    6   -8   -4   -2   10   14   -6
    1    8   10    1    2    2    2    1       729   -9    1   -5  -10   -9   13   -2   -8  -13   14  -13   11   12   18   -9    9    8    2
    1    8   11    1    3    4    3    1       775    5    5   17   -6    9  -14   -6    6   -5   19  -10  -12   -3   -1    2    8    3   18
    1    8   12    1    1    2    1    1      1587  -10   -8   -4   20  -13    3  -16   10   14  -11    0    2   -8    5   -3   14   23  -16
    1    8   13    1    1    4    1    1       961   -9  -10   -3   13   -8    5  -15   -1   16  -11    0    3  -11   -1   -1   12   11   -6
    1    8   14    1    1    1    1    1      1143   -9   -9   -2   13  -13    2  -15    8   14  -13    0    3   -7   -5   -3   11   15   -8
    1    8   15    1    3    2    3    1       758   10    3   16   -2    9  -15    3   10   -7   10   -8   -4   -2    2    7   14   20   21
    1    9    1    1    2    2    2    1       706   -9    1   -5  -10   -9   13   -2   -8  -13   14  -13   11   12   18   -9    9    8    2
    1    9    2    1    2    4    2    1       737   -7   -1   -1   -8   -8   14    2   -7  -12   15   -5    7   13   21  -10   10   12    2
    1    9    3    1    2    3    3    0      4159    0  -10   -5  -10  -10   11    2   -4  -11   16   -7    7   13   16  -11    9   11    2
    1    9    4    1    3    5    3    1      1043    7    0   13   -4    7  -14  -10   10   -7   11  -12  -11   -6   -1    6   15   13   15
    1    9    5    1    1    2    1    1      1236  -10   -8   -4   20  -13    3  -16   10   14  -11    0    2   -8    5   -3   14   23  -16
    1    9    6    1    1    4    1    1      1231   -9  -10   -3   13   -8    5  -15   -1   16  -11    0    3  -11   -1   -1   12   11   -6
    1    9    7    1    3    2    3    1       841   10    3   16   -2    9  -15    3   10   -7   10   -8   -4   -2    2    7   14   20   21
    1    9    8    1    3    4    3    1       963    5    5   17   -6    9  -14   -6    6   -5   19  -10  -12   -3   -1    2    8    3   18
    1    9    9    1    1    5    1    1       855  -17   -7   -8   10  -11    3  -14    7   14  -12    1    4  -10   -3   -1   17   14   -6
    1    9   10    1    1    1    1    1       687   -9   -9   -2   13  -13    2  -15    8   14  -13    0    3   -7   -5   -3   11   15   -8
    1    9   11    1    3    3    3    1       766    3    3   14   -4    9  -14   -7    4   -7   12   -7   -8    0    9    7   13   10   14
    1    9   12    1    2    1    2    1       697   -6    1    3  -13   -9   12    1   -5  -10   16   -4    6   12   15   -7    9   17    2
    1    9   13    1    2    5    2    1       728   -7   -1   -7   -9   -8   13    4   -5  -10   14   -5    4   18   22   -6    9   11    3
    1    9   14    1    3    1    3    1       936    9    3   14   -3    6  -14   -7    4   -5    1  -17   -8   -3   -4    3   13   13   13
    1    9   15    1    1    3    1    1      1163   -8   -9   -2   13  -13    5  -12    8   14  -14   -2    6   -8   -4   -2   10   14   -6
    1   10    1    1    1    5    1    1      1049  -17   -7   -8   10  -11    3  -14    7   14  -12    1    4  -10   -3   -1   17   14   -6
    1   10    2    1    3    4    3    1       826    5    5   17   -6    9  -14   -6    6   -5   19  -10  -12   -3   -1    2    8    3   18
    1   10    3    1    1    3    1    1       962   -8   -9   -2   13  -13    5  -12    8   14  -14   -2    6   -8   -4   -2   10   14   -6
    1   10    4    1    1    2    1    1      1446  -10   -8   -4   20  -13    3  -16   10   14  -11    0    2   -8    5   -3   14   23  -16
    1   10    5    1    2    1    2    1       697   -6    1    3  -13   -9   12    1   -5  -10   16   -4    6   12   15   -7    9   17    2
    1   10    6    1    2    4    2    1       632   -7   -1   -1   -8   -8   14    2   -7  -12   15   -5    7   13   21  -10   10   12    2
    1   10    7    1    3    2    3    1       889   10    3   16   -2    9  -15    3   10   -7   10   -8   -4   -2    2    7   14   20   21
    1   10    8    1    3    5    3    1      1232    7    0   13   -4    7  -14  -10   10   -7   11  -12  -11   -6   -1    6   15   13   15
    1   10    9    1    1    1    1    1       922   -9   -9   -2   13  -13    2  -15    8   14  -13    0    3   -7   -5   -3   11   15   -8
    1   10   10    1    3    1    3    1       688    9    3   14   -3    6  -14   -7    4   -5    1  -17   -8   -3   -4    3   13   13   13
    1   10   11    1    1    4    1    1      1182   -9  -10   -3   13   -8    5  -15   -1   16  -11    0    3  -11   -1   -1   12   11   -6
    1   10   12    1    3    3    3    1       762    3    3   14   -4    9  -14   -7    4   -7   12   -7   -8    0    9    7   13   10   14
    1   10   13    1    2    3    1    0      1336    0  -10   -5  -10  -10   11    2   -4  -11   16   -7    7   13   16  -11    9   11    2
    1   10   14    1    2    2    2    1      3167   -9    1   -5  -10   -9   13   -2   -8  -13   14  -13   11   12   18   -9    9    8    2
    1   10   15    1    2    5    2    1      1836   -7   -1   -7   -9   -8   13    4   -5  -10   14   -5    4   18   22   -6    9   11    3
    1   11    1    1    1    1    1    1      1040   -9   -9   -2   13  -13    2  -15    8   14  -13    0    3   -7   -5   -3   11   15   -8
    1   11    2    1    1    4    1    1       978   -9  -10   -3   13   -8    5  -15   -1   16  -11    0    3  -11   -1   -1   12   11   -6
    1   11    3    1    1    3    1    1      1350   -8   -9   -2   13  -13    5  -12    8   14  -14   -2    6   -8   -4   -2   10   14   -6
    1   11    4    1    3    3    3    1       781    3    3   14   -4    9  -14   -7    4   -7   12   -7   -8    0    9    7   13   10   14
    1   11    5    1    3    5    3    1       937    7    0   13   -4    7  -14  -10   10   -7   11  -12  -11   -6   -1    6   15   13   15
    1   11    6    1    2    2    2    1       510   -9    1   -5  -10   -9   13   -2   -8  -13   14  -13   11   12   18   -9    9    8    2
    1   11    7    1    1    5    1    1       934  -17   -7   -8   10  -11    3  -14    7   14  -12    1    4  -10   -3   -1   17   14   -6
    1   11    8    1    2    5    2    1       779   -7   -1   -7   -9   -8   13    4   -5  -10   14   -5    4   18   22   -6    9   11    3
    1   11    9    1    1    2    1    1       807  -10   -8   -4   20  -13    3  -16   10   14  -11    0    2   -8    5   -3   14   23  -16
    1   11   10    1    3    1    3    1       914    9    3   14   -3    6  -14   -7    4   -5    1  -17   -8   -3   -4    3   13   13   13
    1   11   11    1    2    1    2    1       872   -6    1    3  -13   -9   12    1   -5  -10   16   -4    6   12   15   -7    9   17    2
    1   11   12    1    3    4    3    1       961    5    5   17   -6    9  -14   -6    6   -5   19  -10  -12   -3   -1    2    8    3   18
    1   11   13    1    2    4    2    1       823   -7   -1   -1   -8   -8   14    2   -7  -12   15   -5    7   13   21  -10   10   12    2
    1   11   14    1    2    3    2    1      3265    0  -10   -5  -10  -10   11    2   -4  -11   16   -7    7   13   16  -11    9   11    2
    1   11   15    1    3    2    3    1       731   10    3   16   -2    9  -15    3   10   -7   10   -8   -4   -2    2    7   14   20   21
    1   12    1    1    3    5    3    1      1035    7    0   13   -4    7  -14  -10   10   -7   11  -12  -11   -6   -1    6   15   13   15
    1   12    2    1    3    1    3    1      1019    9    3   14   -3    6  -14   -7    4   -5    1  -17   -8   -3   -4    3   13   13   13
    1   12    3    1    3    2    3    1       844   10    3   16   -2    9  -15    3   10   -7   10   -8   -4   -2    2    7   14   20   21
    1   12    4    1    3    3    3    1       757    3    3   14   -4    9  -14   -7    4   -7   12   -7   -8    0    9    7   13   10   14
    1   12    5    1    2    4    2    1       784   -7   -1   -1   -8   -8   14    2   -7  -12   15   -5    7   13   21  -10   10   12    2
    1   12    6    1    2    1    2    1       797   -6    1    3  -13   -9   12    1   -5  -10   16   -4    6   12   15   -7    9   17    2
    1   12    7    1    2    5    2    1       600   -7   -1   -7   -9   -8   13    4   -5  -10   14   -5    4   18   22   -6    9   11    3
    1   12    8    1    1    3    1    1      1148   -8   -9   -2   13  -13    5  -12    8   14  -14   -2    6   -8   -4   -2   10   14   -6
    1   12    9    1    1    2    1    1       617  -10   -8   -4   20  -13    3  -16   10   14  -11    0    2   -8    5   -3   14   23  -16
    1   12   10    1    1    4    1    1       764   -9  -10   -3   13   -8    5  -15   -1   16  -11    0    3  -11   -1   -1   12   11   -6
    1   12   11    1    1    5    1    1       793  -17   -7   -8   10  -11    3  -14    7   14  -12    1    4  -10   -3   -1   17   14   -6
    1   12   12    1    2    3    1    0      1751    0  -10   -5  -10  -10   11    2   -4  -11   16   -7    7   13   16  -11    9   11    2
    1   12   13    1    2    2    2    1       879   -9    1   -5  -10   -9   13   -2   -8  -13   14  -13   11   12   18   -9    9    8    2
    1   12   14    1    1    1    1    1      1064   -9   -9   -2   13  -13    2  -15    8   14  -13    0    3   -7   -5   -3   11   15   -8
    1   12   15    1    3    4    3    1       714    5    5   17   -6    9  -14   -6    6   -5   19  -10  -12   -3   -1    2    8    3   18
    1   13    1    1    3    1    3    1       744    9    3   14   -3    6  -14   -7    4   -5    1  -17   -8   -3   -4    3   13   13   13
    1   13    2    1    1    2    1    1      1317  -10   -8   -4   20  -13    3  -16   10   14  -11    0    2   -8    5   -3   14   23  -16
    1   13    3    1    1    3    1    1      1101   -8   -9   -2   13  -13    5  -12    8   14  -14   -2    6   -8   -4   -2   10   14   -6
    1   13    4    1    3    3    3    1       798    3    3   14   -4    9  -14   -7    4   -7   12   -7   -8    0    9    7   13   10   14
    1   13    5    1    2    5    2    1      1306   -7   -1   -7   -9   -8   13    4   -5  -10   14   -5    4   18   22   -6    9   11    3
    1   13    6    1    2    3    2    1      1361    0  -10   -5  -10  -10   11    2   -4  -11   16   -7    7   13   16  -11    9   11    2
    1   13    7    1    3    2    3    1       934   10    3   16   -2    9  -15    3   10   -7   10   -8   -4   -2    2    7   14   20   21
    1   13    8    1    2    2    2    1      1180   -9    1   -5  -10   -9   13   -2   -8  -13   14  -13   11   12   18   -9    9    8    2
    1   13    9    1    1    1    1    1      1128   -9   -9   -2   13  -13    2  -15    8   14  -13    0    3   -7   -5   -3   11   15   -8
    1   13   10    1    2    4    2    1       711   -7   -1   -1   -8   -8   14    2   -7  -12   15   -5    7   13   21  -10   10   12    2
    1   13   11    1    1    5    1    1      1303  -17   -7   -8   10  -11    3  -14    7   14  -12    1    4  -10   -3   -1   17   14   -6
    1   13   12    1    2    1    2    1       719   -6    1    3  -13   -9   12    1   -5  -10   16   -4    6   12   15   -7    9   17    2
    1   13   13    1    1    4    3    0      1406   -9  -10   -3   13   -8    5  -15   -1   16  -11    0    3  -11   -1   -1   12   11   -6
    1   13   14    1    3    4    3    1       659    5    5   17   -6    9  -14   -6    6   -5   19  -10  -12   -3   -1    2    8    3   18
    1   13   15    1    3    5    3    1       964    7    0   13   -4    7  -14  -10   10   -7   11  -12  -11   -6   -1    6   15   13   15
    1   14    1    1    2    4    2    1       809   -7   -1   -1   -8   -8   14    2   -7  -12   15   -5    7   13   21  -10   10   12    2
    1   14    2    1    2    2    2    1       563   -9    1   -5  -10   -9   13   -2   -8  -13   14  -13   11   12   18   -9    9    8    2
    1   14    3    1    3    4    3    1       935    5    5   17   -6    9  -14   -6    6   -5   19  -10  -12   -3   -1    2    8    3   18
    1   14    4    1    1    1    1    1      1259   -9   -9   -2   13  -13    2  -15    8   14  -13    0    3   -7   -5   -3   11   15   -8
    1   14    5    1    1    5    1    1      1222  -17   -7   -8   10  -11    3  -14    7   14  -12    1    4  -10   -3   -1   17   14   -6
    1   14    6    1    3    1    3    1       722    9    3   14   -3    6  -14   -7    4   -5    1  -17   -8   -3   -4    3   13   13   13
    1   14    7    1    2    1    2    1       881   -6    1    3  -13   -9   12    1   -5  -10   16   -4    6   12   15   -7    9   17    2
    1   14    8    1    3    5    3    1       794    7    0   13   -4    7  -14  -10   10   -7   11  -12  -11   -6   -1    6   15   13   15
    1   14    9    1    3    3    3    1       852    3    3   14   -4    9  -14   -7    4   -7   12   -7   -8    0    9    7   13   10   14
    1   14   10    1    1    3    1    1      1115   -8   -9   -2   13  -13    5  -12    8   14  -14   -2    6   -8   -4   -2   10   14   -6
    1   14   11    1    2    5    2    1       859   -7   -1   -7   -9   -8   13    4   -5  -10   14   -5    4   18   22   -6    9   11    3
    1   14   12    1    1    4    1    1       918   -9  -10   -3   13   -8    5  -15   -1   16  -11    0    3  -11   -1   -1   12   11   -6
    1   14   13    1    1    2    2    0      1085  -10   -8   -4   20  -13    3  -16   10   14  -11    0    2   -8    5   -3   14   23  -16
    1   14   14    1    2    3    2    1       845    0  -10   -5  -10  -10   11    2   -4  -11   16   -7    7   13   16  -11    9   11    2
    1   14   15    1    3    2    3    1      1287   10    3   16   -2    9  -15    3   10   -7   10   -8   -4   -2    2    7   14   20   21
    1   15    1    1    1    1    1    1       734   -9   -9   -2   13  -13    2  -15    8   14  -13    0    3   -7   -5   -3   11   15   -8
    1   15    2    1    1    4    1    1      1421   -9  -10   -3   13   -8    5  -15   -1   16  -11    0    3  -11   -1   -1   12   11   -6
    1   15    3    1    1    2    1    1      1074  -10   -8   -4   20  -13    3  -16   10   14  -11    0    2   -8    5   -3   14   23  -16
    1   15    4    1    3    2    3    1       724   10    3   16   -2    9  -15    3   10   -7   10   -8   -4   -2    2    7   14   20   21
    1   15    5    1    3    3    3    1       738    3    3   14   -4    9  -14   -7    4   -7   12   -7   -8    0    9    7   13   10   14
    1   15    6    1    2    3    2    1      1873    0  -10   -5  -10  -10   11    2   -4  -11   16   -7    7   13   16  -11    9   11    2
    1   15    7    1    1    3    1    1      1377   -8   -9   -2   13  -13    5  -12    8   14  -14   -2    6   -8   -4   -2   10   14   -6
    1   15    8    1    2    1    2    1       902   -6    1    3  -13   -9   12    1   -5  -10   16   -4    6   12   15   -7    9   17    2
    1   15    9    1    1    5    1    1       718  -17   -7   -8   10  -11    3  -14    7   14  -12    1    4  -10   -3   -1   17   14   -6
    1   15   10    1    3    5    3    1       668    7    0   13   -4    7  -14  -10   10   -7   11  -12  -11   -6   -1    6   15   13   15
    1   15   11    1    2    5    2    1      2093   -7   -1   -7   -9   -8   13    4   -5  -10   14   -5    4   18   22   -6    9   11    3
    1   15   12    1    2    2    2    1      1587   -9    1   -5  -10   -9   13   -2   -8  -13   14  -13   11   12   18   -9    9    8    2
    1   15   13    1    3    1    3    1       750    9    3   14   -3    6  -14   -7    4   -5    1  -17   -8   -3   -4    3   13   13   13
    1   15   14    1    2    4    2    1       874   -7   -1   -1   -8   -8   14    2   -7  -12   15   -5    7   13   21  -10   10   12    2
    1   15   15    1    3    4    3    1       865    5    5   17   -6    9  -14   -6    6   -5   19  -10  -12   -3   -1    2    8    3   18
    2    1    1    1    2    3    2    1      2723    0  -10   -5  -10  -10   11    2   -4  -11   16   -7    7   13   16  -11    9   11    2
    2    1    2    5    2    2    3    0      1008    1   -6   -5  -15   -3    2    4   -5  -12   15   -4    7   20   19   -3   12   17   -7
    2    1    3    3    2    5    2    1      1172   -7    0   -5  -10   -8   12    3   -6  -10   14   -5    6   11   17   -8    9   12    3
    2    1    4    3    1    3    1    1       993  -10   -7   -4   14  -12    3  -15    8   13  -11    3   14   -8   -5   -3   12   12   -5
    2    1    5    3    3    5    3    1       711    9    3   15   -4    9  -13   -4    2   -6   11  -13  -12   -3   -1    5   13   11   14
    2    1    6    4    3    1    3    1       933   10    1   14   -4    8  -12   -6    0   -4   12   -7  -10   -3    1    7   12   11   12
    2    1    7    2    3    0    3    1       811    9    2   15   -4    8  -14   -5    2   -6   11  -12  -12   -4    0    5   13   11   14
    2    1    8    3    2    2    2    1       695   -7   -1   -5  -11   -7   12    1   -7  -11   14   -5    7   10   15   -6   10   11    2
    2    1    9    5    3    4    3    1      1046    9    3   13   -6    4  -23   -3    4   -5   11  -20  -10   -4   -1   -4   13   11   15
    2    1   10    5    2    4    2    1       727   -8   -2   -4  -12   -8   16    4   -5  -11   12   -3   14   10   16   -8    8   11    4
    2    1   11    1    2    1    2    1       868   -6    1    3  -13   -9   12    1   -5  -10   16   -4    6   12   15   -7    9   17    2
    2    1   12    5    3    1    3    1       939    7    1   16   -4    7  -14   -9    2   -7    6  -13  -13    0   -3    5   12   10   13
    2    1   13    4    2    1    2    1       802   -9    2   -5   -9   -7   12   12   -2   -9   15   -3    9   11   17  -10    9   11    2
    2    1   14    2    1    0    1    1      2876   -9   -8   -4   14  -12    4  -14    8   13  -12   -2    4   -8   -5   -3   12   13   -6
    2    1   15    4    2    2    2    1       662   -6    2   -7  -12   -8   11    4   -4  -10   14   -6   15   12   15  -11    6   15    7
    2    1   16    4    3    5    3    1       679   10    7   15   -3    5  -12   -7    4  -13   10   -7  -13   -3   -7    7   18    8    5
    2    1   17    1    2    5    2    1       727   -7   -1   -7   -9   -8   13    4   -5  -10   14   -5    4   18   22   -6    9   11    3
    2    1   18    5    3    5    3    1      1253   10    2   14   -6   -2  -11   -1    2   -5   12  -12  -15   -5   -1    5   14   10   15
    2    1   19    3    3    2    3    1       767    8    3    8   -7    8  -15   -4    3   -7   11  -11  -13   -5    1   -5    9   11   14
    2    1   20    4    1    4    1    1      1435  -11   -1   -9   15  -12    3   -4    6   19   -7   -1    4   -9   -4   -2   14   13   -7
    2    1   21    1    3    1    3    1       782    9    3   14   -3    6  -14   -7    4   -5    1  -17   -8   -3   -4    3   13   13   13
    2    1   22    1    3    2    3    1       826   10    3   16   -2    9  -15    3   10   -7   10   -8   -4   -2    2    7   14   20   21
    2    1   23    4    1    1    1    1      1285  -19  -18   -4   12  -13    4  -13    8   14  -13   -1    4   -7   -7   -2   11   11   -6
    2    1   24    3    2    4    2    1       654   -5   -2   -6  -10   -8   12    2   -4  -10   14   -4    8   11   17   -8    9   13    2
    2    1   25    1    1    2    1    1      1486  -10   -8   -4   20  -13    3  -16   10   14  -11    0    2   -8    5   -3   14   23  -16
    2    1   26    5    3    3    3    1       975   10    7   10  -13   13  -10   -8   -8   -7    5  -12  -10  -14    9    1    9   12   16
    2    1   27    5    1    2    1    1      1236   -5  -13   -1   15  -21    5   -8   14   20   -5   -3    4  -18    4   -4   14   11   -4
    2    1   28    1    1    3    1    1      1134   -8   -9   -2   13  -13    5  -12    8   14  -14   -2    6   -8   -4   -2   10   14   -6
    2    1   29    5    1    4    1    1      1806   -9   -7   -1   17  -12    2  -15    9    7  -16  -12   -4   -7   -5   -5   12   14   -4
    2    1   30    1    1    1    1    1       980   -9   -9   -2   13  -13    2  -15    8   14  -13    0    3   -7   -5   -3   11   15   -8
    2    1   31    3    3    3    3    1       697    7    1   15   -4    8  -14   -5    2   -5   10  -12  -12   -3    0    6   12   11   14
    2    1   32    1    3    5    3    1      1288    7    0   13   -4    7  -14  -10   10   -7   11  -12  -11   -6   -1    6   15   13   15
    2    1   33    2    2    0    2    1       736   -7    0   -5  -11   -8   12    3   -5  -11   14   -4    8   11   16   -8    9   12    3
    2    1   34    4    1    5    2    0      2893  -10    0    1   24  -10    3  -13    8   14  -12   -4   -2  -13   -7   -4   12   11   -7
    2    1   35    3    3    4    3    1      1621   11    1   14   -4    8  -14   -6    2   -4   10   -3  -14   -3   -1    1   11   12   15
    2    1   36    5    1    3    1    1      1712   -1    1    0   16  -18   10  -13    9   17   -6   -1    9  -13   -9    4   11   14   -1
    2    1   37    5    1    1    1    1       969   -6   -9   -9   20  -11    6  -20    7   12  -13   -2    3   -8   -7   -2   16   14   -7
    2    1   38    1    2    2    2    1       750   -9    1   -5  -10   -9   13   -2   -8  -13   14  -13   11   12   18   -9    9    8    2
    2    1   39    4    1    3    1    1       827   -8  -10    2   15  -13    5  -22    5    3   -4   -3    4   -8   -7   -1   10   12   -7
    2    1   40    5    2    1    1    0       855   -8    0   -2   -6   -6   12    3   -3  -10   24  -14    6   15   21   -6    9    2   -6
    2    1   41    3    2    3    2    1      1278   -7   -1    2  -12   -8   12    0  -15  -12   13   -4    9   13   14   -8    9   11    4
    2    1   42    4    3    2    3    1       775    9   10   19    1    6  -14  -10   12   -5   11  -11  -13    1    0    5   15   10   14
    2    1   43    5    2    3    2    1      2498   -5    2   -3  -12  -11    5    7    5  -10   16   -6   10   21   12  -12   10    6   12
    2    1   44    4    3    4    3    1       794    9    1   12   -8    6  -13   -7    1   -7   11  -12  -13   -4    1    4   12   12   23
    2    1   45    1    3    4    3    1       725    5    5   17   -6    9  -14   -6    6   -5   19  -10  -12   -3   -1    2    8    3   18
    2    1   46    4    2    3    1    0       835   -9    0   -6  -12   -9   10    3   -6  -13   16    6    0   13   17   -7    9   14    2
    2    1   47    4    3    3    3    1       878    9    4   14   -6    2  -15  -10    6   -5   10  -14  -12   -5    2    3   14   16   13
    2    1   48    3    1    5    1    1      1077  -14  -11   -4   21  -11    3  -15    8   13  -11   -2    4  -18   -3   -3   12   13   -5
    2    1   49    4    2    4    2    1       726   -7   -1   -4  -13  -14   20    3   -4   -6   13   -5    9   12   16  -10    4   10    4
    2    1   50    3    3    1    3    1       900    6   -1   16   -5    7  -15   -5    2   -6   11  -11  -12   -4    0    5   13   10   15
    2    1   51    5    1    5    1    1      2682   -9  -13   -6   12  -19    5   -4   10    7  -22   -7   -5  -11   -9   -4   13   17   -4
    2    1   52    5    2    5    1    0      1293  -16    3   -6   -9   -8    8    1  -12   -1    7   -5    8   11   17  -11   15   11    3
    2    1   53    4    1    2    1    1       997  -10   -9   -6   15  -10    2  -16    8   13  -11   -4    3   -8   -4   -5   12   19  -16
    2    1   54    1    2    4    2    1       746   -7   -1   -1   -8   -8   14    2   -7  -12   15   -5    7   13   21  -10   10   12    2
    2    1   55    1    3    3    3    1       805    3    3   14   -4    9  -14   -7    4   -7   12   -7   -8    0    9    7   13   10   14
    2    1   56    5    3    2    3    1       592    8    0   20   -7    2  -15   -7    1   -4   13  -13  -10   -5   -2    7   15   15   18
    2    1   57    3    1    1    1    1      1668   -9   -8   -4   14  -12    5  -15    9   13  -12   -1    8   -8   -5   -3   12   13   -6
    2    1   58    4    2    5    2    1       573   -7    5   -3  -12   -5   21   -1   -6  -11   13   -4   10    4   14   -9   10   14    2
    2    1   59    1    1    5    1    1       768  -17   -7   -8   10  -11    3  -14    7   14  -12    1    4  -10   -3   -1   17   14   -6
    2    1   60    3    1    2    1    1      1419   -9   -8   -5   15  -12    4  -14    8   14  -13   -2    4  -13    0   -4   12   14   -7
    2    1   61    1    1    4    1    1      1181   -9  -10   -3   13   -8    5  -15   -1   16  -11    0    3  -11   -1   -1   12   11   -6
    2    1   62    3    1    4    1    1      1274    1    1   -4   14  -18    2  -17    6   13  -12   -3    3   -9   -4   -5   12   13   -8
    2    1   63    3    2    1    2    1       724   -7    0   -5  -11   -9   12    3   -5  -10   14   -4    8   13   15   -7    9   17    3
