    1    1    1    1    3    1    1    0      4516    3   18   -7  -11  -13   -3   13   -4    7    8  -12    9   -4    1  -15    7  -10   10
    1    1    2    1    3    4    2    0      2624    0   11  -10   -9  -13   -4   15   -4    7   10   -8    2   -6   -3  -17    8  -11   11
    1    1    3    1    2    3    3    0       980    8    8   -6   18   -3    6   15   13   -3   10  -11   -4   -8    4    5   -2    8    1
    1    1    4    1    2    5    1    0       731    7    8   -4   14   -4    6    9   10   -3   10  -20    2    0   15    6   -1   13    5
    1    1    5    1    1    3    1    1      1501   14   15   -6   14   13    9    4    6  -12   -2  -15   -1    5   10    0   -1   -4   -3
    1    1    6    1    2    2    2    1      1230   12    4   -1   14   -1    6   16   14   -2    9  -11   -5    1   11    4    1    7    3
    1    1    7    1    2    4    2    1       971   13    9   -4   15   -4    5   15   16   -3    8  -10   -2    4   10    7   -1    8    2
    1    1    8    1    1    2    3    0       897   17   14   -2    8    9   11    5    4  -11   -5  -12    0    5    9   -1   -2   -4   -3
    1    1    9    1    1    5    1    1       506   13   16   -1    8   11    9    8    2   -9   -4  -13    1    4    8   -1   -1   -4   -4
    1    1   10    1    3    3    3    1       865   -7   14   -9   -9  -15   -1   15   -4    6   11   -7    0   -2  -10  -11    9   -5   15
    1    1   11    1    2    1    2    1      1019    8    9  -13   10   -3    9   18   13   -5    8  -11   -4    3   13    5    3    2    0
    1    1   12    1    1    4    2    0       752   16   15   -3    7   13    8    6    7   -9   -4  -11   -2   10    8   -2    0   -7   -3
    1    1   13    1    1    1    1    1      1519   14   15    1    6   10   11    5    7   -9    2  -14   -1    5   11   -3    0   -1   -6
    1    1   14    1    3    5    3    1      1936    1    8   -6  -10  -14   -4   19    5    6    8   -5    3   -8    3   -8    6   -8   10
    1    1   15    1    3    2    3    1       974   -1    8   -4  -14  -16   -4   14   -5   17    1   -5    3  -14    0   -5    7   -8   12
    1    2    1    1    3   10    3    1       516    5    1   -9   -8  -13   -3   12   -4    4    6   -5    0   -6   -3   -9    6  -12    7
    1    2    2    1    1    6    2    0      2079   12   17   -4    3   14   10   10   10   -9   -5  -13    8    7   11    0    0    1    3
    1    2    3    1    1    9    1    1       552   15   16   -1    6   13    8    4    1  -11   -4  -14   -2    6    9    6    4   -6    0
    1    2    4    1    2    7    3    0       704    2   12   -4   16   -1   -2    9   10   -8    7  -10    2    6   15    4    2    8    2
    1    2    5    1    1    8    1    1       945   13   17    4   12   14    9    5    6  -15   -6  -10   -3    6    9   -1   -3   -6    0
    1    2    6    1    1    7    1    1      1305    5   21    3   17   10   12   11    4  -10   -4  -12    0   14   11    0   -3   -3   -1
    1    2    7    1    3    7    3    1      4433    0   11   -8  -11  -13   -2   17   -1    7    8   -5    0   -3   -2   -6    8  -10   10
    1    2    8    1    3    6    3    1      1693   -1    9  -10   -8  -15   -2   13   -4    7   11   -2    4   -6   -2  -12    7  -11   10
    1    2    9    1    3    9    2    0      1397   -8    4  -16  -11  -22    6   11   -9    5   11   -6    5   -2   -4  -11    6   -8    9
    1    2   10    1    2    6    2    1       891    7    8   -9   13    0    6   14   15   -1    9  -13   -4    3   11    8    0    2    3
    1    2   11    1    2    8    2    1       821   13    2   -6   23    0    2   19   15    6   10  -11   -1    4   11    5    1    6    4
    1    2   12    1    2    9    2    1      1583    9    8   -4   17    4    0   15   15   -2    8  -13   -6    0   10    6    2   -1    1
    1    2   13    1    2   10    3    0      1004    9    6   -6   15    0    6   16   13   -4    9  -19    5    3   13    7   -1    6    2
    1    2   14    1    3    8    3    1       626   -1    5  -11   -5  -13   -3   13   -5    5    9  -14   10   -6   -1   -9    5  -10   11
    1    2   15    1    1   10    1    1      1573   13   18    0    5   14   11    4    3  -10   -7  -12   -2    7   10   -1    0    3   -2
    1    3    1    1    2   14    3    0       963    9    7   -4   15  -12   15   18   14   -1   10  -12   -1    1   14    1    3    6    3
    1    3    2    1    2   12    2    1      2025    3   -3   -2   23    0    6    6   10  -10    6   -7   -4    2   14    5    0    7    3
    1    3    3    1    2   15    2    1      1671   10    5   -5   18    1    4   16   14    0   10  -13   -5    1   13    8    0    9   12
    1    3    4    1    3   14    3    1       723   -3    4   -6   -9   -9    0   15   -2    8   11   -5    1   -4   -5   -8    6   -9   12
    1    3    5    1    1   15    3    0       612   13   16   -5   14   11   10   13   -1  -10   -2   -6   -9    2    6   -2    0   -4   -3
    1    3    6    1    3   11    2    0      1673    2    5   -9  -10  -22    4   12   -2    8   11  -16    1   -5   -4   -9    7   -9   12
    1    3    7    1    1   14    3    0       851   16   16    7   14   10    4   13    4  -10   -4  -14    0    4    8   -5    0   -7   -5
    1    3    8    1    3   12    1    0      2334   -1    9  -16  -19  -14   -4   13   -3    5    8   -6    2   -4   -2  -11    8  -19   18
    1    3    9    1    2   11    2    1      3598    9    7   -5   15    7   15   15   17  -10    5  -12   -2    1   14    3    1    6    3
    1    3   10    1    1   12    2    0      1785    4    8    1    5   13   10    1    8  -10   -7  -16   -1    6   12   -1   -1   -5   -3
    1    3   11    1    2   13    3    0       910    8    5   -5   17   -3    5   18   16   -1   14  -12   -4    4   14    9    2    6    1
    1    3   12    1    3   15    3    1       917    0   10  -10  -10  -23   -5    9   -6    8    9   -6    0   -7   -5   -8    3   -4    5
    1    3   13    1    1   11    1    1      1437   15   15    0   13    6   14    6    4  -19   -2  -10    0    4    6    0    1   -5   -1
    1    3   14    1    3   13    2    0      2593    1   12   -7  -11  -15   -2   13   -4    8    7   -7    3   -4   -5   -9    7  -11   11
    1    3   15    1    1   13    1    1      1000   13   16    0    9   10   11   -2   13  -11   -5  -16   -5    7    5   -4   -2  -10    0
    1    4    1    1    2   16    1    0       683   -2    2   -7   18   -3    8   17   16  -12    5  -10   -4    3   12    6    5    0    4
    1    4    2    1    1   17    1    1      1549   17   18    0    8   10   11    0    2  -21    5  -13   -1    8    6   -1   -2   -5    0
    1    4    3    1    1   20    1    1       910   12   17    0    9   12   10    3    7   -9   -5  -17   -4    8    8   -2   -3   -5   -3
    1    4    4    1    3   17    3    1       696    1    8   -1  -19  -13   -3   15   -4    8   10   -6    0   -4   -3   -9    7   -4    1
    1    4    5    1    2   17    3    0       602    8    8   -2   16   -1    7   17    9   -3    8   -9   -2   -1   20    5    0    5    5
    1    4    6    1    2   19    2    1      2529   18    1   -5   18   -6   10   17   14    5   16  -15    2   -1   13    7    0    7    3
    1    4    7    1    2   18    1    0      1928    9    7   -3   18   -2    3   16   16   -2   10  -11   -4    3   12   10   -1    6    3
    1    4    8    1    3   20    2    0      1066    2   10   -6  -11  -13   -1   10   -5   15    1   -6    2   -5   -2  -16   -2   -7   12
    1    4    9    1    1   18    2    0      4955   16   17    0    5   13    8    5    7  -12   -2  -19    2    6    9   -2    1   -6   -1
    1    4   10    1    2   20    1    0      1203    9    6   -2   19   -1    9   18   14   -3    8  -12   -4    4   11    5    1    9    1
    1    4   11    1    3   16    3    1       752    8    4  -10   -8  -15   -3   15   -4    8    9   -5    0   -6   -2  -12    7  -10    8
    1    4   12    1    3   18    3    1       686    0   11   -6   -9  -18   -8   14   -5    6    9    3    5   -5   -4  -11    7  -11   10
    1    4   13    1    1   16    1    1      1569   11   20   -2    9   12   11    7    4   -4   -3  -10    0   10    9   -4    0   -7   -5
    1    4   14    1    3   19    2    0      1392    2   12   -8   -9   -9   -5   15  -14    6   10   -5    2   -7   -4  -11    5   -7   11
    1    4   15    1    1   19    1    1      1094   15   15    1    6   13    9    5    6  -10   -4  -13    0   11    6   -2    0   -5   -1
    1    5    1    1    1   21    1    1       776   12   18    0    8   12   10    8    5   -7   -2  -21    5    5   10  -12   -2   -4   -2
    1    5    2    1    2   22    2    1      1319    9    7   -5   17   -3    9   15    7   -5   12  -13   -1    3   10    6    2   14   -8
    1    5    3    1    1   24    1    1      1328   11   17   -1    3   11   11    7    4  -10   -4  -13   -1    7   10   -2    1   -4    2
    1    5    4    1    1   23    1    1       586   22   23   -1    5   12    8    5    4  -11   -4  -13   -3    6   11   -1    1   -4    0
    1    5    5    1    2   23    3    0       737   12    9  -15    9   -5    8   13   17   -4   10  -12   -3    3    8    6   -1   15   -4
    1    5    6    1    2   25    2    1      1298    5    9  -11    6   -2    9   21   17   -5    7  -10   -3    3   15    5    1    7    3
    1    5    7    1    3   24    3    1      2396    0   10   -6  -12  -13   -4   15   -3    7    8   -7    2  -12   -7   -9    6   -7   11
    1    5    8    1    3   23    3    1       522    8   18   -7   -8  -14   -4   15   -6    5    8   -4    5   -6   -4   -9    6   -9   12
    1    5    9    1    3   25    3    1       755    2   10  -10  -10  -15   -3   14   -3    7   10   -6    0   -6   -3    0   -3   -9    8
    1    5   10    1    3   22    2    0      1587   -1   12   -7  -12  -13   -5   13    1    6    7   -5    2   -6   -1  -10    8   -8   11
    1    5   11    1    2   21    1    0       898    5   10  -11    7   -1    4   10    6   -2   10  -17   -9   -4   15    3   -2    6    2
    1    5   12    1    1   25    1    1       652   24   15    0    8   10    9    5    4  -10   -1  -10    3    6   11   -2    0   -5    1
    1    5   13    1    3   21    3    1       909    1   12   -6   -9  -13   -3   14   -5    5    9   -5   -1   -6    2  -10    6   -9    9
    1    5   14    1    1   22    2    0       840   15   18    5    1   13    9    4    5  -12   -2  -10   -6    5   12   -1   -2   -4   -1
    1    5   15    1    2   24    1    0       787    6    8    0   20   -2    5   17   15   -6    9  -10   -5    3   12   11    0    8    1
    1    6    1    1    3   30    2    0       865    0   10   -8   -8   -4   -9   12    3    6    9   -2   -1   -6   -4   -9    6   -5   12
    1    6    2    1    1   28    1    1      2445   14   15    1    7   11    8    8    7  -10   -5  -11   -1    4   12   -2   -3   -4   -4
    1    6    3    1    3   28    2    0      1049    1   11   -9  -11  -11   -3   14   -5    8    9   -7   -1   -3   -2   -9    6   -7   10
    1    6    4    1    1   30    1    1       571   16   18    1    7    7    5    4    0   -5   -1  -12    1    7    9   -3    0  -12   -7
    1    6    5    1    2   30    3    0      1201    8    8   -3   14   -2    6   16   14   -4   11  -11   -4   -3   17    3   -2    5    0
    1    6    6    1    3   26    3    1       654    0    9   -6  -10  -14   -1   15   -3   13    6   -8    1   -6   -2  -11    8  -10   12
    1    6    7    1    2   27    1    0      1153    3    9   -7   16   -3    6   17   15   -8    7  -12   -4    6   16   10    0    6    1
    1    6    8    1    1   27    1    1      1647   16   16    0    5   14    9    7    4  -10    7  -12    0    6   11   -4    0   -4   -6
    1    6    9    1    2   29    1    0      1113    9    9   -4   15   -3    9   17   17   -1    7  -17  -12    4   12    5   -2   14    3
    1    6   10    1    2   26    2    1      1017    6    5   -5   15   -1    5   16   14   -5   11  -13   -4   12    5    6   -1    5    1
    1    6   11    1    1   26    1    1      3662   18   12   -1    5   21    0    5    4  -12   -2  -14    0   10   20    4    9   -6    0
    1    6   12    1    3   29    3    1       650    0   11   -8   -8  -16   -3   19   -3    8    8   -7    1  -10   -6   -9    6  -10   10
    1    6   13    1    1   29    1    1       781   16   18    0    8   16   10   11   10   -2    0  -12    1    4   11    2    5   -7    0
    1    6   14    1    3   27    3    1       731   11   17   -8   -9  -14   -2   18   -7   16   11   -4    2   -6    5  -11    8   -1   11
    1    6   15    1    2   28    1    0       714    7    8   -6   16   -3    6    9   24   -4   14  -13   -2    1   15    5   -2    7    0
    1    7    1    1    1   34    1    1       762   14   17    7   17   13   10    7    7   -9   -2  -15    1    4    7   -3    0   -6   -2
    1    7    2    1    2   31    2    1       776    8    6   -6   16   -7    3   15   13   -4    7  -10   -4    4   10    7    0    5    4
    1    7    3    1    2   35    3    0       648    9    6   -9   23   -3    6   17   14   -5    9  -12   -3   10    3    7    0    9    1
    1    7    4    1    1   32    1    1       860   15   16    1    9    8    5    4    4  -10   -5  -12   -2    5    9   -2    0   -3   -3
    1    7    5    1    1   33    2    0      1750   13   11   -1    8    2   15    8    3  -18   -8   -9   -5    7    9  -11    5   -6   -1
    1    7    6    1    3   31    3    1       973   -2    9    0  -12  -12   -3   16   -4    7   13   -7    2   -7   -4  -13   13   -8   11
    1    7    7    1    3   32    2    0      1682    2   10   -6  -11  -15   -4   16  -14    5    8   -6   -1   -5   -4  -12    6   -9    5
    1    7    8    1    2   32    2    1      1692    6    9   -4   14   -1    6   17   15   -1   10  -12   -2    3   13    6   -2   17   -7
    1    7    9    1    3   35    3    1       792   -1   11   -4  -11  -19   -9   22  -12    6   11   -4    1   -5   -2  -12    8   -9   12
    1    7   10    1    2   33    3    0       741    9    6   -4   14  -12   17   15   14   -5    8  -13    0    2   14    7   -1    5    3
    1    7   11    1    3   34    1    0      4246    2    8   -7  -10  -14   -2   20  -11    3   14   -4    7   -6   -2  -11    5   -7   14
    1    7   12    1    3   33    3    1       535   10   12   -8  -11  -15   -3   15   -5    5    9   -5    1   -6   -4   -6    5  -11    8
    1    7   13    1    1   35    1    1       639   12   18    0    5    8    1    6    4   -9   -2  -12   -2    5   11   -3    0   -5   -1
    1    7   14    1    1   31    2    0       963   14   17   -6    8   15   11    6    6  -13   -4  -16   -2    8   10   -1   -1   -6   -3
    1    7   15    1    2   34    2    1       600    8    8   -4   14    0   12   17   14   -3   10   -9   -3    0   15   11   -5    7    4
    1    8    1    1    1   38    1    1       655   13   17    4   10   13   11    7    4  -19   -6  -11   -2   11    9   -1   -1   -3   -4
    1    8    2    1    2   38    3    0       579    3    8   -3   15    6   10   21   13   -4    8  -10   -4   10    6    7   -2    8    2
    1    8    3    1    3   40    1    0      1067    1   12   -6   -8  -13   -5    4  -12    9    8   -1   -4   -8    0  -10    6   -8   10
    1    8    4    1    3   39    3    1       572    2   10    0   -4  -13   -1   12   -5    8   11   -4    0   -5   -4   -6   11   -7    9
    1    8    5    1    1   40    2    0       660   17   14    1    6   10   10    9    8  -13   -5  -12    1    6   11   -2    0   -6   -2
    1    8    6    1    1   37    1    1       567   15   14   -2    8   12   10    2    8  -10  -12   -6   -3    5   10  -10    8   -2   -4
    1    8    7    1    2   36    1    0       847   10    8   -4   14   -1    6   13   14   -4    7  -13   -5    2   14    5    6    8    0
    1    8    8    1    3   38    3    1       748    2   13   -7  -10  -15   -5   16   -3    6   13  -10   -6   -7   -3   -9    6  -10   10
    1    8    9    1    2   37    2    1       779    9    6   -6   17   -3    5   17   14   -3    8   -9   -2    4   13    8   -1    6    3
    1    8   10    1    2   40    2    1      1496   18   -2  -14   19   -7   -3   13   18   -1   10  -10   -2    7   16    7    0   -3    7
    1    8   11    1    1   39    2    0       778   15   21   -2    5   13   11    6    4  -11   -2  -15    9    8   12   -2   -3   -4    0
    1    8   12    1    3   36    3    1       552   -5   13  -11  -15  -13   -4   13   -4    7   10   -5    1   -2   -1  -12    9   -9   11
    1    8   13    1    2   39    1    0       702    7    8   -6   17   -3    8   17   15   -5    1  -12   -3    2   15    4    2    9    2
    1    8   14    1    1   36    2    0      1408   19    7   -1    4   14   19    9    6  -11   -4  -15    7    5   12   -1   -3   -6    0
    1    8   15    1    3   37    1    0       805   -2    7   -8   -8  -13   -4    9    3    8    9   -9   -3   -5   -4   -8    9  -11    9
    1    9    1    1    3   45    3    1       691    0    9   -3   -6  -12   -3   15   -5    7   12   -7    1   -4    7   -9    6   -8   10
    1    9    2    1    2   43    2    1       772    4    1   -8   19   -1    7   16   13   -5   11  -13   -2    6   11    6   -1    7    1
    1    9    3    1    2   41    1    0       659    7    8    5   17   -3    6   15   16    1    8  -12   -4    0   11    6   -2    7    3
    1    9    4    1    1   43    2    0       806   14   15    3   17   12    8    6    6  -10   -1  -14   -2    4   12   -1   -1   -6   -3
    1    9    5    1    2   44    2    1      2420    9    8   -5   13   -5    8   15   13   -2   10  -10   -5    3   13    6   -1    6    2
    1    9    6    1    1   45    1    1       847   16   17    1    6   21   13   -2    3  -13   -5  -13    1    8   11   -1    0   -5   -1
    1    9    7    1    3   42    2    0      1354   -4   14   -8  -11  -19    6   14   -6    7   10   -5    0   -3   -3  -11    5  -11    9
    1    9    8    1    2   42    2    1      2433    9    7   -8   21   -1    7   15   13   -2    9  -12   -2    4   13    5    0    6    3
    1    9    9    1    3   44    3    1       878   -1   12  -11  -11  -15   -5   13  -10    5    7  -12    9   -5   -2  -14    2  -11   12
    1    9   10    1    3   43    3    1       523   -1   12   -3  -15  -16   -3   16   -5    7   10   -5    0   -4   -4  -15    5  -10   11
    1    9   11    1    2   45    1    0      2292    8    6   -5   15   -1    6   15   16   -4   11  -11   -1    4   11    4   -1    8    2
    1    9   12    1    1   44    2    0       662   13   14   -1    7   13    9    6    2  -12   -1  -10   -2    6   11   -1   -1   -6   -3
    1    9   13    1    1   42    1    1       698   18   22   10    7   12    8    5    5   -6   -7  -12   -2    5   11  -10  -10   -2   -1
    1    9   14    1    3   41    3    1       618    3   17   -9   -9  -13   -5   15   -6    3    8   -8    2   -6   -5  -13    3   -8    8
    1    9   15    1    1   41    1    1      1502   13   16   -1    7   11    9    6    6  -11   -2  -12    3    5   10   -3    9   -4   -2
    1   10    1    1    1   47    1    1       511   14   17   -2    6   13    7    5    6   -1   -3  -12    0    5   10   -4   -1   -7    2
    1   10    2    1    3   46    3    1       634    0   11   -7   -9  -15   -2   12   -3    7   10   -5   -1   -7   -2  -12    8   -8   10
    1   10    3    1    2   47    2    1      1597    7    7   -6   18   -9   -3   16   17   -5    9   -8  -13    0   13    6   -1    7    1
    1   10    4    1    1   46    2    0       827    4   18    2    6   10    9    6    3  -14   -7  -13    0    4   11   -3   -2   -9    6
    1   10    5    1    3   48    3    1       904    0   11   -9  -11  -11   -8   13   -3    7   11   -4   11  -12    7   -9    8   -1    9
    1   10    6    1    1   49    1    1       690    9   12   -2    8   12   11   -2    4  -10   -5  -13    3    4    8   -3   -1   -6   -2
    1   10    7    1    2   48    3    0      1125    6    9   -6   16   -6    4   21   11   -2    8  -12   -1    2   11    5    5    7    1
    1   10    8    1    2   50    2    1       759    7    9   -4   18    4   11   16   16   -3   10  -11   -4    3   13    5    2    8    5
    1   10    9    1    1   50    2    0       791   18   16   -7    8   14    9    8    6  -12   -2  -10   -1    5   12   -4   -7   -6   -3
    1   10   10    1    2   49    1    0       550    6    9   -4   16   -6    2   18   14   -3    8  -10   -4   -3   22    1    3   12   12
    1   10   11    1    2   46    2    1      3199    9    7   -5   20   -7   11   17   15   -2   -1  -14   -5    3   14    7   -1   12   -1
    1   10   12    1    3   47    3    1       621   -6    3   -6  -11  -14   -4   16   -6    8    8   -4    1    0    0   -9    5    0   16
    1   10   13    1    1   48    1    1       562   14   17    3   10   10    7    7    5  -10   -3  -12   -2    7    9   -2    3    2   -3
    1   10   14    1    3   50    2    0       635    7    7   -7  -11  -15    3   16   -3    5    9  -11    4  -14    0  -11    7  -13   10
    1   10   15    1    3   49    3    1      1151    2    9  -12   -9  -17   -7   13   -3    6    9   -6    2   -9   -9  -11   12  -12   15
    1   11    1    1    2   52    3    0      1056    9    7   -5   15   -2    8   21   13   -3   11  -10   -2    1   13    7    1    9    4
    1   11    2    1    2   55    1    0       885    6    5   -4   17   -3    8   18   17    3    3  -10   -2    1   13    6   -2    7    3
    1   11    3    1    1   54    2    0      1087   14   21    0    5   12   10    7    6  -12   -3  -10   -1    7   11   -2   -2   -7   -2
    1   11    4    1    3   51    3    1       691    3   11   -7  -10  -17   -3   15   -5    6    8   -4    0   -7   -1  -11    7   -8    9
    1   11    5    1    3   53    3    1       756   -1   10   -8   -9  -15   -3   18   -7    8   10   -7   -1   -4   -2  -14   14  -10    8
    1   11    6    1    1   55    2    0      1300   15   15   -2    7    9   11   12    3  -11   -2  -11    2    5    9   -2   -3   -4    0
    1   11    7    1    3   54    3    1       731    0   10   -6  -11  -13   -3   13   -4    9   13   -6    2   -4   -3   -4   14  -11   12
    1   11    8    1    3   52    3    1       588    2   11   -8   -8  -16   -5   13   -3    7   11   -7    2   -3   -3  -11    7   -8    9
    1   11    9    1    3   55    3    1       834   -6    5    0   -6  -19    1   15   -5    7    8  -15    9   -3   -7   -9    5  -14   15
    1   11   10    1    2   51    2    1       799   11   16   -4   15   -3    8   17   15   -1   10  -10   -2    3   13   14    2    8    2
    1   11   11    1    1   52    1    1       447   15   15   -1    8   10    7    8    3   -5   -6   -7   -4    5   11    0   -1   -7    0
    1   11   12    1    1   53    2    0       924   13   18    1    9   16    9    5    7  -12   -2   -9    0    6    9    5  -10   -4   -7
    1   11   13    1    1   51    1    1       519   17   20    0    8   12   10    8   -1   -7    0  -13   -1    7   13    0   -2   -5   -3
    1   11   14    1    2   53    3    0       817    4    4   -3   16   -1    7   18   13   -3   10   -9  -10    2   14    6    1   12    1
    1   11   15    1    2   54    1    0      1694    8    8   -6   16    1    4   17   17   -3    8  -17    3    5   11    5   -2    7    1
    1   12    1    1    1   59    1    1       967   15   18    2    7   14   10    4    5  -10   -4  -11   -1    7   10   -1   -2   -7   -1
    1   12    2    1    3   58    3    1      1566   -5   11   -9   -8  -13   -1   15   -4    7    4   -8    1  -15  -11   -9    7   -9   11
    1   12    3    1    1   60    1    1       798   23   12   -1    6   11    9    5    7  -12   -2   -7    0    1   15    0    0   -5   -1
    1   12    4    1    3   60    3    1       778    1   11   -8   -8  -12   -2   13   -3   -2    4   -5    0  -10    6  -11    8  -11   12
    1   12    5    1    1   57    1    1      1545   14   15    2    7   10   10    4    2  -17   -6   -9   -9    6   12   -1   -6   -5   -1
    1   12    6    1    3   56    2    0      1067   -1    8  -10   -8  -12   -5   15   -3    9   10   -7    2   -4   -3   -8    6  -15    8
    1   12    7    1    3   57    3    1       463   -9    3   -8  -11  -13   -3   13   -4    5    1   -7    1   -6   -2  -11    8   -7   10
    1   12    8    1    2   59    2    1      1611    7    7   -4   14   -1    6   14   16   -4   10   -9   -3    5    4   -2   -3    8    2
    1   12    9    1    1   58    2    0      1786   13   17    3    4   11   10    8    4   -9    5  -20    3    7    9   -4    0   -5   -7
    1   12   10    1    3   59    3    1       880    4   15   -9   -9  -19   -8   23  -10    6   11   -7    1   -5   -1   -2    7   -8   10
    1   12   11    1    2   57    1    0       923    9    7   -4   14   -2   -2   16   16   -3    8  -12   -2    0   13   11   -1    8    1
    1   12   12    1    2   60    2    1       820    9    8   -6   17   -4    7   14   13   -4   10   -9   -5    1   13    7    1    0   -7
    1   12   13    1    2   58    2    1      1857    7    8  -15   16   -1    6   16   16   -3   11  -11   -4    3   13    6   -1    6    3
    1   12   14    1    2   56    1    0      1077    9    6   -4    6   -3    9   19    9   -5   -1  -13    2    0   14    7    1   11   -7
    1   12   15    1    1   56    3    0       568   15   15    1    7   12    8    6    3   -9  -13  -11   -1    0   10   -7    5   -7    0
    1   13    1    1    2   62    3    0      2993    8    5   -3   15   -1   10   18   14   -3   11  -13   -4   12    4    1    2    5    2
    1   13    2    1    2   65    2    1      1304   17    0   -7   17   -3    8   15   15   -3   11  -12   -3    3   15   11   -9    6    1
    1   13    3    1    3   62    3    1       737    2   11  -18   -9  -12   -3   13   -6    9   11   -4    7  -14   -8  -10    6   -9   11
    1   13    4    1    1   61    1    1       833   16   15    2    6   11    6    6    3  -10   -2  -13   -2    5    9   -4    1   -3   -1
    1   13    5    1    3   61    3    1       735    3    8   -7  -10  -15   -5   20   -9    7   15   -5    1   -3   -2  -11    2  -10    7
    1   13    6    1    2   64    2    1      1217   11    5   -4   18   -1    6   14   13   -4    9  -10   -4    2   12   14    8    8    2
    1   13    7    1    1   65    1    1      1199   15   16   -2    9    8   11    5    5  -12   -2  -13    1    7    4   -2   -2   -7   -3
    1   13    8    1    3   63    3    1       558    2   10   -3  -12  -14   -2   15   -5    3   18   -3    6   -4   -3   -8    5  -11   11
    1   13    9    1    1   62    2    0      3446   14   15   -1   12   13    8    6    6  -11   -4  -11    0    0   20   -2   -2   -3   -4
    1   13   10    1    1   63    1    1       683   14   15    1    7    8    7    6    6   -9   -3  -15   -1    1   11    0    0   -6   -2
    1   13   11    1    3   64    3    1       862   -7   19   -7  -12  -15   -2    9   -5    7    8   -8    2   -6   -3  -13   11   -8   10
    1   13   12    1    1   64    3    0       712   15   14    6    9   11   19    7    0  -10   -3  -12    1    5   18   -4   -2   -5    1
    1   13   13    1    2   63    1    0       682    7    8   -6   17   -1    7   19   11  -11    1   -9   -1    3   11    5    0    6    2
    1   13   14    1    3   65    3    1       684    1    8   -8  -12  -12   -3   13   -3    9    9   -7    2   -5   -5   -5    7  -18    2
    1   13   15    1    2   61    2    1      1807    7    8   -7   15    0    6   15   14   -6   10  -11   -2    1   14    8   -2   13   -7
    1   14    1    1    2   67    2    1      1157    9    7   -4   15    5   16   14   16   -5    8  -15    1    3   14    7   -1    6    2
    1   14    2    1    3   69    3    1       564    2   10   -7  -11  -15   -3   16   -8    9   10   -4    1   -4   -3   -9    5   -8    9
    1   14    3    1    3   70    3    1       668    3   10   -7  -11  -13    0   16   -1    5    9   -6    0   -5   -5   -9    5   -5    6
    1   14    4    1    2   69    2    1      1278   13   -1   -6   17   -6   12   14   15    1    6  -11   -2    4   13    6    1    9    0
    1   14    5    1    2   68    2    1      1129    8    6   -7   16   -3    7   18   13   -2   11  -12   -3    1   11    5    1    9    0
    1   14    6    1    2   70    2    1       809    6    6   -4   16   -3    3   15   13   -1    4   -9   -5    0   14    8   -2    6    3
    1   14    7    1    1   67    1    1       840   15   16   -1    8   10   11    6    4  -11   -5  -12   -8    7    9   -2    0   -4   -1
    1   14    8    1    1   68    2    0       837   13   16    3    5   11   10    6    3  -10   -3   -8   -4   16    2   -3    8   -1    3
    1   14    9    1    3   66    2    0      1377    1    5  -11   -9  -15   -1   13   -6    7    8  -14    7   -6   -1   -5   13  -10   10
    1   14   10    1    3   67    2    0      1047    3   16   -9   -5  -13  -10   14   -5    8    7   -5    1   -6   -4  -10    5   -7   11
    1   14   11    1    3   68    3    1       459    3   10   -6   -5  -16   -1    7   -6   14    0  -12    1   -4   -4   -9    5   -3   18
    1   14   12    1    1   70    1    1       855   12   18    1    6   14   10    2    0  -11   -4  -10    3   11   12   -4   -3   -7   -3
    1   14   13    1    1   69    1    1       547   14   15   -1    5   10   11    6    6  -14   -8  -12   -3    7   10   -1   -1   -9   -7
    1   14   14    1    2   66    2    1      1035   13   -3   -5   17    2    9   23    6   -5   11  -11   -2    2   12    6   -2   12    0
    1   14   15    1    1   66    1    1       719   12   14    1    7   13    9    5    1  -11   -5  -11   -2    5   12   -3   -1   -4   -6
    1   15    1    1    1   75    1    1       607   12   17    4    7   11    9   11    4  -11   -7  -13   -1    7    9   -1    0   -6   -4
    1   15    2    1    2   75    1    0       533    7    8   -4   15   -1    7   13   20   -4   11  -13   -1    4   11    4    2    8    3
    1   15    3    1    2   72    2    1       607    9    7   -7   20   -3    8   16   13   -1    7  -13   -7    2   15    7   -2    8    2
    1   15    4    1    2   74    2    1       436   13    6   -5   17   -2    8   15   16   -5   10   -9   -3    2   14    4    1    8    4
    1   15    5    1    3   72    3    1       752   -3    9   -6  -10  -13   -4   14   -6    6   11   -7    1   -5   -5  -11    8  -13    7
    1   15    6    1    1   71    1    1       592   16   19    2   10   11   10    5    3   -7   -5  -12   -2    6   12   -4  -10   -6   -1
    1   15    7    1    3   73    3    1       535    0   20   -6  -11  -14   -5   16   -4    6    9   -8    2   -4   -3  -12    7  -10   11
    1   15    8    1    2   71    2    1      1105    9    5   -3   14   -3    7   24    5  -12   13  -10   -1    0   15    8    0    6    2
    1   15    9    1    3   75    2    0      1186    2   13   -6   -9  -15    6   15   -5    6    9   -6    0  -10    1  -15    1  -10    9
    1   15   10    1    1   73    1    1       785   14   14    0    8   12    8    6   -5  -20   -8  -11   -2    6    8    3    3   -6   -1
    1   15   11    1    3   74    3    1       640    2    9  -13   -4  -14   -2   12   -5    5    7   -6   -1   -3   -3  -12   12  -15   15
    1   15   12    1    3   71    3    1       580    1   11   -8   -9   -7   -4   16   -4    9   10  -16   11   -5   -2   -9    5   -8    8
    1   15   13    1    2   73    2    1      1739    7    8   -6   17   -4    9   17   16   -5   11   -9   -2   -3   18    5    2   16   -4
    1   15   14    1    1   72    1    1       676   14   20   -1    7   11   10    3    7   -9   -1  -12   -3    6    9    8    3   -7    0
    1   15   15    1    1   74    1    1       359   16   18   -2    8   13   10    6    6   -9   -3  -11   -2    7    9   -4    1   -4   -2
    2    1    1    3    3    1    3    1      1369   -2   10   -8  -11  -15   -2   14   -4    6   10   -5    1   -5   -3  -12    7   -9   10
    2    1    2    4    3    4    3    1      1024    3   10   -9   -9  -14   -1   13   -6   10   13   -2    1   -6   -4    0   10   -8    9
    2    1    3    5    1    4    1    1      6341    8   17   -2    7   12   -1    8    0  -11    0   -7   -5    6    8   -4   -1   -3   -4
    2    1    4    4    2    5    2    1      3670   15   13   -1   24   -1    8   18   17   -4    9  -10   -3    4   11    7    2   17   -7
    2    1    5    4    2    1    1    0       881    6    5   -6   17   -3    6   13   24   -5   11  -10   -3    3    3    7    0    1   12
    2    1    6    3    1    2    1    1       507   14   16    0    7   13    8    5    5  -11   -4  -12   -1    7   10   -2    0   -4   -2
    2    1    7    3    2    5    1    0      2997    8    7   -5   16   -2    7   16   16   -3   10  -13   -2    3   13    6   -1    7    1
    2    1    8    5    2    2    3    0      2651    7   17  -14   20    0    6    7    5    2   11  -10   -1   -8   21   -4   10   12   -2
    2    1    9    2    3    0    3    1       685    1   10   -8  -10  -14   -3   14   -4    7    9   -6    1   -5   -3  -10    7   -9   10
    2    1   10    1    1    7    3    0      4414    5   21    3   17   10   12   11    4  -10   -4  -12    0   14   11    0   -3   -3   -1
    2    1   11    5    3    3    3    1       938    1   16   -7   -8  -17   -8    7   -7   12   13   -7    2  -12  -13   -7   17   -8    8
    2    1   12    4    3    1    3    1       578    3   11   -7   -9  -16   -5   16   -3    7    8   -4    0   -7   -3  -14    5  -11   12
    2    1   13    1    3   24    3    1       569    0   10   -6  -12  -13   -4   15   -3    7    8   -7    2  -12   -7   -9    6   -7   11
    2    1   14    3    2    3    2    1      2367    7    7   -5   16   -7    3   15   15   -3    9  -10   -3    3   13    6    0    8    3
    2    1   15    1    3   33    3    1       701   10   12   -8  -11  -15   -3   15   -5    5    9   -5    1   -6   -4   -6    5  -11    8
    2    1   16    5    1    5    3    0      4368   15   16   -4   10   17    4    8    3  -12   -2   -3   -6    5   15   -4    1    5   -5
    2    1   17    2    1    0    1    1       559   14   16    0    7   12    9    6    5  -11   -3  -12   -1    6   10   -2   -1   -5   -2
    2    1   18    3    3    3    3    1       696    1   11   -9  -11  -14   -2   13   -4    7    9   -5    0   -4   -2   -9    6   -9   11
    2    1   19    3    2    1    1    0       874    7    7   -5   16   -2    7   16   15   -4   10  -11   -3    2   12    7   -1    8    2
    2    1   20    4    3    3    3    1      1206    3   10   -6   -9   -9   -5   21   -2   17   16   -5    2   -4   -2  -11    8   -8   11
    2    1   21    2    2    0    2    1      3860    8    7   -5   16   -2    7   16   15   -3    9  -11   -3    2   13    6    0    7    2
    2    1   22    3    1    4    1    1       743   14   16   -1    8   12    9    7    4  -11   -3  -12   -1    5   11   -2   -1   -5   -2
    2    1   23    5    1    3    1    1       694   13   17    1    6   11   10    8    5  -14   -8  -13   -6    5   10   -1   -3  -11    7
    2    1   24    4    1    1    2    0      1304   13   15    0    8   13    9    6    6  -13    2  -14   -1    4   10   -4    1    3   -9
    2    1   25    1    2   67    1    0      1587    9    7   -4   15    5   16   14   16   -5    8  -15    1    3   14    7   -1    6    2
    2    1   26    5    3    1    3    1       817    7    8   -9  -14   -9   -6   16   -7    4    6   -6    0    3   -5  -17    8  -13    5
    2    1   27    1    1   53    2    0      2190   13   18    1    9   16    9    5    7  -12   -2   -9    0    6    9    5  -10   -4   -7
    2    1   28    4    3    5    3    1       772    1   11   -7  -12  -15   -1   12   -3    7   10   -7    3   -3   -3   -2    9  -11   15
    2    1   29    5    2    3    1    0       692    5    5   -3   10   -1    6   15   20    1    4  -10   -3    3   13   12    9    3    1
    2    1   30    4    1    5    3    0      1172   14   15   -1    9   14    6    7    7  -20    4  -13   -3    5   12    6   -4   -4   -3
    2    1   31    3    3    5    3    1       578    1   10   -8  -10  -13   -4   13   -5    5   10   -6    1   -3   -2  -11    7   -9   11
    2    1   32    3    3    2    3    1       426    1   10   -8  -10  -13   -3   15   -2    7    9   -2    1   -6   -2  -10    7   -9    9
    2    1   33    4    2    4    2    1      1575    9    7   -5   17   -3    8   15   13   -4   10   -7    2    3   13    7    0    1   -3
    2    1   34    4    1    4    2    0      1014   14   15    0    9   12    8    9    2  -13   -2  -10   -3    4    0   -2    0    5   -8
    2    1   35    1    1   44    2    0      2475   13   14   -1    7   13    9    6    2  -12   -1  -10   -2    6   11   -1   -1   -6   -3
    2    1   36    4    1    2    1    1       693   13   17    1    6   12    8    6    6  -10   -3  -13   -3    8   10   -2    0   -5   -1
    2    1   37    4    2    2    1    0       840   10    6   -2   15   -4    6   16   17   -2    7  -11   -4    3   11    7    0   12   -3
    2    1   38    1    3   62    3    1       837    2   11  -18   -9  -12   -3   13   -6    9   11   -4    7  -14   -8  -10    6   -9   11
    2    1   39    5    2    4    2    1      1201    8    5   -5   22   -1   -3   18   14   -7    6  -11   -5    0   16    9   -3    8    1
    2    1   40    1    1   60    1    1       688   23   12   -1    6   11    9    5    7  -12   -2   -7    0    1   15    0    0   -5   -1
    2    1   41    3    1    1    1    1       594   14   17    0    7    9    7    6    5  -11   -4  -12   -1    6    9   -3    0   -4   -2
    2    1   42    1    3   36    3    1       633   -5   13  -11  -15  -13   -4   13   -4    7   10   -5    1   -2   -1  -12    9   -9   11
    2    1   43    3    1    5    2    0      2829   14   17   -1    8   11    9    6    4  -11   -3  -12   -1    7    9   -2   -1   -5   -2
    2    1   44    5    1    2    3    0       937   17   19   -2    7   13   11   13   -5   -9   -5  -22    4   12    3   -2    0   -1    2
    2    1   45    5    2    1    2    1      1327   -1    3  -13   22    8   14   15    5   -7   18  -17   -2    2   17    7   -1    9   -2
    2    1   46    1    2   11    1    0      1066    9    7   -5   15    7   15   15   17  -10    5  -12   -2    1   14    3    1    6    3
    2    1   47    3    2    4    1    0       446    8    7   -6   17   -1    7   18   20   -4    8  -10   -4    2   13    5    1    8    3
    2    1   48    1    2   29    1    0       634    9    9   -4   15   -3    9   17   17   -1    7  -17  -12    4   12    5   -2   14    3
    2    1   49    5    2    5    2    1      1984    7    9   -8   23  -10   -2   16   16   -4   12  -21  -12    6   13   14   -7   10   -3
    2    1   50    3    3    4    3    1       589    1   10   -7   -9  -15   -3   12   -3    6   10   -6    1   -6   -2  -10    7   -9   10
    2    1   51    4    2    3    2    1       867   10    5   -7   18   -3    8   17   14    0   12   -8    1    4   10    4    1    8    1
    2    1   52    1    2   48    2    1      1629    6    9   -6   16   -6    4   21   11   -2    8  -12   -1    2   11    5    5    7    1
    2    1   53    5    3    2    3    1      3003    0    6   -8  -12  -19    2   14   -5    6    9   -6    4   -4   -5   -9    6  -15    2
    2    1   54    4    3    2    2    0      1153    3    9  -13   -8  -15   -2    4   -6    8    9   -6   -1   -4   -4  -11    8   -8    9
    2    1   55    5    3    5    2    0      1873   -1   10  -11  -13   -8  -12   15   -1    2   12   -7    2   -4   -3  -13    2  -10   11
    2    1   56    1    3   20    2    0      1348    2   10   -6  -11  -13   -1   10   -5   15    1   -6    2   -5   -2  -16   -2   -7   12
    2    1   57    5    3    4    2    0      2540    6   10   -7   -5  -12   -4   10   -7   14   -1    0   -4    1   -2   -9    7  -10   20
    2    1   58    1    1   71    1    1       546   16   19    2   10   11   10    5    3   -7   -5  -12   -2    6   12   -4  -10   -6   -1
    2    1   59    5    1    1    1    1      1514   11   20   -9   11   12   10    5    7   -9    5  -15   -4    7    9   -5    1   -5  -12
    2    1   60    1    2    5    2    1      2123    7    8   -4   14   -4    6    9   10   -3   10  -20    2    0   15    6   -1   13    5
    2    1   61    3    2    2    1    0      1107    8    7   -5   16   -2    7   17   15   -3    9  -11   -3    2   13    7   -1    7    2
    2    1   62    3    1    3    2    0      1156   13   16   -9   17   13   10    6    1  -10   -2  -12   -1    5   10   -1   -1   -6   -2
    2    1   63    4    1    3    1    1       644   13   14    0    8   11    7    5    7  -10   -3  -22   -9   14   16    0   -2   -4   -2
