    1    1    1    1    3    2    2   95    1    0      9932   15   -1  -10   16   10   -4   -8   19   -5  -13   -4   -5  -14   19   -2  -11   10    7
    1    1    2    1    3    8    2   71    1    0      4646   14   -2   -7   19    6   -6  -11    9   -8  -15   -3    1  -11   18   -2  -13   12    6
    1    1    3    1    3    9    2   69    2    0      1368   17   -2   -6   19    9   -3   -3   12   -4  -13   -7   -5  -18   20   -2  -14    9   10
    1    1    4    1    1    5    2   61    1    1      3516   12    3   -5   17   13   -1   -6   20  -12   -1    0    7   -4    8   -5   -1   14    9
    1    1    5    1    2    6    2   77    3    0      6545   11   13   -5   13   21    1  -14   19  -11   -4    1    3   -4    6   -7   -9    5    4
    1    1    6    1    3    3    2   65    3    1      2446   14   -3    0   22    8   -3   -8    8   -8  -13    3    1  -14   19    1  -16   14    4
    1    1    7    1    3    7    2   64    2    0      3857   14   -2   -2   12    8   -7   -9    9   -9  -10   -2   -1  -12   18   -5   -8   16    8
    1    1    8    1    3    5    2   82    3    1      1424   17   -2  -14   17    8   -5  -10   10   -5  -15   -2   -1  -11   20   -2  -11   13    6
    1    1    9    1    1    2    2   90    1    1      1075   15    2   -9   22   15   -2   -8   12   -9   -2   -4    3   -3    6   -6   -8   12   11
    1    1   10    1    2    8    2   40    2    1       962   11   11   -2   11   12   -1  -15   20  -13   -7   -3    3  -16   10  -10   -6    9    4
    1    1   11    1    1    1    2   82    3    0       966   11    3   -5   19   16   -3   -9    9  -13    6  -12   -1  -11   17   -6   -8   14   11
    1    1   12    1    2    3    2   96    3    0       938   12   10    6    6   17    1  -11   20  -12   -7    1    1  -15   11  -10    3    9    3
    1    1   13    1    2    2    2   16    2    1      8023   12   13   -1   11   12   -5  -15   24  -11   -7   -2    3  -15    9   -7   -9   10    4
    1    1   14    1    2    7    2   14    1    0      5393   10    9   -3    6   14   -1  -12   19  -14  -10   -9    6  -13   10   -7   -9   10    2
    1    1   15    1    2    1    2   97    2    1       972   10   14    0   13   18    2  -13   21  -14   -6    0    3  -16   11  -11   -9   10    2
    1    1   16    1    3    6    2   89    1    0      1312   14   -3  -14   14    9   -5   -2   12   -4  -10  -13   -1  -11   20    5   -9   13    5
    1    1   17    1    3    1    2   80    1    0      1158   13    8   -7   19    4   -3  -11    9   -3   -3   -5    2  -12   18   -2  -13   12    6
    1    1   18    1    1    3    2   13    3    0      1578   13    4   -6   19   15   -1   -9    9  -10    3   -4    4   -6    7   -6  -11   14   10
    1    1   19    1    2    9    2   85    2    1      2340    5    9   -2   13    9   -6  -13   18  -11   -7   -1    1  -13   12   -8   -8   10    2
    1    1   20    1    1    7    2   27    3    0      1074   12    4   -5   16   13   -2  -15   11  -12    1   -4    4   -6    8   -8  -10   14    8
    1    1   21    1    3    4    2    4    2    0      2067   17    2   -4   16   16  -10  -11   10  -12  -12   -5    1   -9   22   -1  -11   12    4
    1    1   22    1    2    5    2   47    2    1     10837   12   12    1   10   15   -3  -12   20  -12   -8   -3    1  -18   12  -10  -10   10    4
    1    1   23    1    1    8    2   51    2    0      1761   15    4  -12   16   14   -1   -7    7  -19    6   -6    2    0    3  -10  -11   11   10
    1    1   24    1    2    4    2   93    2    1      2806   10   14   -4   11   14   -1  -12   22  -10   -8    0    2  -13   11   -9   -3   21    2
    1    1   25    1    1    6    2   10    3    0      4169   17    7   -6   20   16   -4   -8   11   -6    4   -4    9  -10    8  -14   -9    8    7
    1    1   26    1    1    4    2   89    2    0      1237   13    2   -4   18   17   -4   -9   12  -10   -3   -4    4   -4    9   -7   -8   11   10
    1    1   27    1    1    9    2   97    1    1      1014   12    3   -6   20   11    7  -11   14   -9    0   -5    6   -5    9   -7   -9   15   11
    1    2    1    1    2    8    2   40    2    1       961   11   11   -2   11   12   -1  -15   20  -13   -7   -3    3  -16   10  -10   -6    9    4
    1    2    2    1    3    4    2    4    3    1       814   17    2   -4   16   16  -10  -11   10  -12  -12   -5    1   -9   22   -1  -11   12    4
    1    2    3    1    1    7    2   27    1    1      1278   12    4   -5   16   13   -2  -15   11  -12    1   -4    4   -6    8   -8  -10   14    8
    1    2    4    1    3    2    2   95    3    1      1429   15   -1  -10   16   10   -4   -8   19   -5  -13   -4   -5  -14   19   -2  -11   10    7
    1    2    5    1    1    5    2   61    2    0      2166   12    3   -5   17   13   -1   -6   20  -12   -1    0    7   -4    8   -5   -1   14    9
    1    2    6    1    2    3    2   96    1    0      3145   12   10    6    6   17    1  -11   20  -12   -7    1    1  -15   11  -10    3    9    3
    1    2    7    1    2    7    2   14    1    0      6543   10    9   -3    6   14   -1  -12   19  -14  -10   -9    6  -13   10   -7   -9   10    2
    1    2    8    1    1    6    2   10    3    0      1940   17    7   -6   20   16   -4   -8   11   -6    4   -4    9  -10    8  -14   -9    8    7
    1    2    9    1    3    5    2   82    1    0      2386   17   -2  -14   17    8   -5  -10   10   -5  -15   -2   -1  -11   20   -2  -11   13    6
    1    2   10    1    1    1    2   82    2    0      2469   11    3   -5   19   16   -3   -9    9  -13    6  -12   -1  -11   17   -6   -8   14   11
    1    2   11    1    2    1    2   97    3    0      2806   10   14    0   13   18    2  -13   21  -14   -6    0    3  -16   11  -11   -9   10    2
    1    2   12    1    2    2    2   16    1    0      1641   12   13   -1   11   12   -5  -15   24  -11   -7   -2    3  -15    9   -7   -9   10    4
    1    2   13    1    1    3    2   13    2    0      3882   13    4   -6   19   15   -1   -9    9  -10    3   -4    4   -6    7   -6  -11   14   10
    1    2   14    1    1    4    2   89    1    1      5068   13    2   -4   18   17   -4   -9   12  -10   -3   -4    4   -4    9   -7   -8   11   10
    1    2   15    1    3    7    2   64    3    1      4477   14   -2   -2   12    8   -7   -9    9   -9  -10   -2   -1  -12   18   -5   -8   16    8
    1    2   16    1    3    1    2   80    1    0      1269   13    8   -7   19    4   -3  -11    9   -3   -3   -5    2  -12   18   -2  -13   12    6
    1    2   17    1    3    9    2   69    3    1      2261   17   -2   -6   19    9   -3   -3   12   -4  -13   -7   -5  -18   20   -2  -14    9   10
    1    2   18    1    3    6    2   89    2    0      1813   14   -3  -14   14    9   -5   -2   12   -4  -10  -13   -1  -11   20    5   -9   13    5
    1    2   19    1    2    4    2   93    1    0      2841   10   14   -4   11   14   -1  -12   22  -10   -8    0    2  -13   11   -9   -3   21    2
    1    2   20    1    3    8    2   71    1    0      5435   14   -2   -7   19    6   -6  -11    9   -8  -15   -3    1  -11   18   -2  -13   12    6
    1    2   21    1    2    9    2   85    1    0      1412    5    9   -2   13    9   -6  -13   18  -11   -7   -1    1  -13   12   -8   -8   10    2
    1    2   22    1    2    5    2   47    3    0       998   12   12    1   10   15   -3  -12   20  -12   -8   -3    1  -18   12  -10  -10   10    4
    1    2   23    1    1    2    2   90    3    0      6690   15    2   -9   22   15   -2   -8   12   -9   -2   -4    3   -3    6   -6   -8   12   11
    1    2   24    1    1    8    2   51    3    0     12882   15    4  -12   16   14   -1   -7    7  -19    6   -6    2    0    3  -10  -11   11   10
    1    2   25    1    1    9    2   97    1    1      1427   12    3   -6   20   11    7  -11   14   -9    0   -5    6   -5    9   -7   -9   15   11
    1    2   26    1    2    6    2   77    3    0      1599   11   13   -5   13   21    1  -14   19  -11   -4    1    3   -4    6   -7   -9    5    4
    1    2   27    1    3    3    2   65    3    1      1609   14   -3    0   22    8   -3   -8    8   -8  -13    3    1  -14   19    1  -16   14    4
    1    3    1    1    2    6    2   77    2    1      2669   11   13   -5   13   21    1  -14   19  -11   -4    1    3   -4    6   -7   -9    5    4
    1    3    2    1    3    2    2   95    3    1      1079   15   -1  -10   16   10   -4   -8   19   -5  -13   -4   -5  -14   19   -2  -11   10    7
    1    3    3    1    2    1    2   97    2    1      2264   10   14    0   13   18    2  -13   21  -14   -6    0    3  -16   11  -11   -9   10    2
    1    3    4    1    1    9    2   97    1    1      1161   12    3   -6   20   11    7  -11   14   -9    0   -5    6   -5    9   -7   -9   15   11
    1    3    5    1    2    7    2   14    3    0      2543   10    9   -3    6   14   -1  -12   19  -14  -10   -9    6  -13   10   -7   -9   10    2
    1    3    6    1    1    4    2   89    1    1      1102   13    2   -4   18   17   -4   -9   12  -10   -3   -4    4   -4    9   -7   -8   11   10
    1    3    7    1    2    3    2   96    3    0      1901   12   10    6    6   17    1  -11   20  -12   -7    1    1  -15   11  -10    3    9    3
    1    3    8    1    2    2    2   16    3    0      2925   12   13   -1   11   12   -5  -15   24  -11   -7   -2    3  -15    9   -7   -9   10    4
    1    3    9    1    1    2    2   90    1    1      1077   15    2   -9   22   15   -2   -8   12   -9   -2   -4    3   -3    6   -6   -8   12   11
    1    3   10    1    3    7    2   64    3    1      3309   14   -2   -2   12    8   -7   -9    9   -9  -10   -2   -1  -12   18   -5   -8   16    8
    1    3   11    1    3    6    2   89    2    0      2869   14   -3  -14   14    9   -5   -2   12   -4  -10  -13   -1  -11   20    5   -9   13    5
    1    3   12    1    2    4    2   93    2    1      2727   10   14   -4   11   14   -1  -12   22  -10   -8    0    2  -13   11   -9   -3   21    2
    1    3   13    1    2    8    2   40    3    0      1199   11   11   -2   11   12   -1  -15   20  -13   -7   -3    3  -16   10  -10   -6    9    4
    1    3   14    1    3    4    2    4    3    1      5779   17    2   -4   16   16  -10  -11   10  -12  -12   -5    1   -9   22   -1  -11   12    4
    1    3   15    1    1    6    2   10    1    1      1496   17    7   -6   20   16   -4   -8   11   -6    4   -4    9  -10    8  -14   -9    8    7
    1    3   16    1    1    1    2   82    1    1      1024   11    3   -5   19   16   -3   -9    9  -13    6  -12   -1  -11   17   -6   -8   14   11
    1    3   17    1    1    3    2   13    1    1      1436   13    4   -6   19   15   -1   -9    9  -10    3   -4    4   -6    7   -6  -11   14   10
    1    3   18    1    3    3    2   65    3    1      1205   14   -3    0   22    8   -3   -8    8   -8  -13    3    1  -14   19    1  -16   14    4
    1    3   19    1    1    5    2   61    2    0      1186   12    3   -5   17   13   -1   -6   20  -12   -1    0    7   -4    8   -5   -1   14    9
    1    3   20    1    3    9    2   69    3    1      1951   17   -2   -6   19    9   -3   -3   12   -4  -13   -7   -5  -18   20   -2  -14    9   10
    1    3   21    1    3    5    2   82    3    1      1404   17   -2  -14   17    8   -5  -10   10   -5  -15   -2   -1  -11   20   -2  -11   13    6
    1    3   22    1    3    1    2   80    3    1      1713   13    8   -7   19    4   -3  -11    9   -3   -3   -5    2  -12   18   -2  -13   12    6
    1    3   23    1    3    8    2   71    2    0      3344   14   -2   -7   19    6   -6  -11    9   -8  -15   -3    1  -11   18   -2  -13   12    6
    1    3   24    1    1    8    2   51    2    0      4839   15    4  -12   16   14   -1   -7    7  -19    6   -6    2    0    3  -10  -11   11   10
    1    3   25    1    1    7    2   27    1    1      2275   12    4   -5   16   13   -2  -15   11  -12    1   -4    4   -6    8   -8  -10   14    8
    1    3   26    1    2    5    2   47    3    0      1117   12   12    1   10   15   -3  -12   20  -12   -8   -3    1  -18   12  -10  -10   10    4
    1    3   27    1    2    9    2   85    3    0      3820    5    9   -2   13    9   -6  -13   18  -11   -7   -1    1  -13   12   -8   -8   10    2
    1    4    1    1    1    7    2   27    1    1       944   12    4   -5   16   13   -2  -15   11  -12    1   -4    4   -6    8   -8  -10   14    8
    1    4    2    1    3    3    2   65    3    1      1247   14   -3    0   22    8   -3   -8    8   -8  -13    3    1  -14   19    1  -16   14    4
    1    4    3    1    1    1    2   82    1    1       890   11    3   -5   19   16   -3   -9    9  -13    6  -12   -1  -11   17   -6   -8   14   11
    1    4    4    1    3    8    2   71    3    1      1377   14   -2   -7   19    6   -6  -11    9   -8  -15   -3    1  -11   18   -2  -13   12    6
    1    4    5    1    2    3    2   96    2    1      2909   12   10    6    6   17    1  -11   20  -12   -7    1    1  -15   11  -10    3    9    3
    1    4    6    1    2    9    2   85    3    0      5645    5    9   -2   13    9   -6  -13   18  -11   -7   -1    1  -13   12   -8   -8   10    2
    1    4    7    1    2    4    2   93    1    0      2888   10   14   -4   11   14   -1  -12   22  -10   -8    0    2  -13   11   -9   -3   21    2
    1    4    8    1    3    9    2   69    3    1      1009   17   -2   -6   19    9   -3   -3   12   -4  -13   -7   -5  -18   20   -2  -14    9   10
    1    4    9    1    2    6    2   77    2    1      1588   11   13   -5   13   21    1  -14   19  -11   -4    1    3   -4    6   -7   -9    5    4
    1    4   10    1    1    2    2   90    1    1      1137   15    2   -9   22   15   -2   -8   12   -9   -2   -4    3   -3    6   -6   -8   12   11
    1    4   11    1    1    5    2   61    3    0      8928   12    3   -5   17   13   -1   -6   20  -12   -1    0    7   -4    8   -5   -1   14    9
    1    4   12    1    3    7    2   64    3    1      3079   14   -2   -2   12    8   -7   -9    9   -9  -10   -2   -1  -12   18   -5   -8   16    8
    1    4   13    1    1    3    2   13    1    1       928   13    4   -6   19   15   -1   -9    9  -10    3   -4    4   -6    7   -6  -11   14   10
    1    4   14    1    2    8    2   40    2    1      1383   11   11   -2   11   12   -1  -15   20  -13   -7   -3    3  -16   10  -10   -6    9    4
    1    4   15    1    2    1    2   97    2    1      1052   10   14    0   13   18    2  -13   21  -14   -6    0    3  -16   11  -11   -9   10    2
    1    4   16    1    2    2    2   16    3    0      2286   12   13   -1   11   12   -5  -15   24  -11   -7   -2    3  -15    9   -7   -9   10    4
    1    4   17    1    1    4    2   89    1    1       807   13    2   -4   18   17   -4   -9   12  -10   -3   -4    4   -4    9   -7   -8   11   10
    1    4   18    1    3    4    2    4    3    1      6162   17    2   -4   16   16  -10  -11   10  -12  -12   -5    1   -9   22   -1  -11   12    4
    1    4   19    1    3    1    2   80    3    1      1712   13    8   -7   19    4   -3  -11    9   -3   -3   -5    2  -12   18   -2  -13   12    6
    1    4   20    1    2    5    2   47    1    0      2464   12   12    1   10   15   -3  -12   20  -12   -8   -3    1  -18   12  -10  -10   10    4
    1    4   21    1    3    5    2   82    3    1      1466   17   -2  -14   17    8   -5  -10   10   -5  -15   -2   -1  -11   20   -2  -11   13    6
    1    4   22    1    1    6    2   10    1    1       811   17    7   -6   20   16   -4   -8   11   -6    4   -4    9  -10    8  -14   -9    8    7
    1    4   23    1    1    8    2   51    2    0      1286   15    4  -12   16   14   -1   -7    7  -19    6   -6    2    0    3  -10  -11   11   10
    1    4   24    1    1    9    2   97    1    1       799   12    3   -6   20   11    7  -11   14   -9    0   -5    6   -5    9   -7   -9   15   11
    1    4   25    1    2    7    2   14    2    1      7931   10    9   -3    6   14   -1  -12   19  -14  -10   -9    6  -13   10   -7   -9   10    2
    1    4   26    1    3    6    2   89    3    1      1948   14   -3  -14   14    9   -5   -2   12   -4  -10  -13   -1  -11   20    5   -9   13    5
    1    4   27    1    3    2    2   95    3    1      3025   15   -1  -10   16   10   -4   -8   19   -5  -13   -4   -5  -14   19   -2  -11   10    7
    1    5    1    1    1    9    2   97    1    1       802   12    3   -6   20   11    7  -11   14   -9    0   -5    6   -5    9   -7   -9   15   11
    1    5    2    1    1    6    2   10    1    1       719   17    7   -6   20   16   -4   -8   11   -6    4   -4    9  -10    8  -14   -9    8    7
    1    5    3    1    3    2    2   95    3    1       814   15   -1  -10   16   10   -4   -8   19   -5  -13   -4   -5  -14   19   -2  -11   10    7
    1    5    4    1    2    7    2   14    2    1      1105   10    9   -3    6   14   -1  -12   19  -14  -10   -9    6  -13   10   -7   -9   10    2
    1    5    5    1    2    2    2   16    2    1      1426   12   13   -1   11   12   -5  -15   24  -11   -7   -2    3  -15    9   -7   -9   10    4
    1    5    6    1    1    5    2   61    3    0      2925   12    3   -5   17   13   -1   -6   20  -12   -1    0    7   -4    8   -5   -1   14    9
    1    5    7    1    2    1    2   97    2    1      1092   10   14    0   13   18    2  -13   21  -14   -6    0    3  -16   11  -11   -9   10    2
    1    5    8    1    2    9    2   85    2    1      1830    5    9   -2   13    9   -6  -13   18  -11   -7   -1    1  -13   12   -8   -8   10    2
    1    5    9    1    1    8    2   51    1    1      5778   15    4  -12   16   14   -1   -7    7  -19    6   -6    2    0    3  -10  -11   11   10
    1    5   10    1    3    8    2   71    3    1       809   14   -2   -7   19    6   -6  -11    9   -8  -15   -3    1  -11   18   -2  -13   12    6
    1    5   11    1    3    1    2   80    3    1       829   13    8   -7   19    4   -3  -11    9   -3   -3   -5    2  -12   18   -2  -13   12    6
    1    5   12    1    2    4    2   93    2    1      2992   10   14   -4   11   14   -1  -12   22  -10   -8    0    2  -13   11   -9   -3   21    2
    1    5   13    1    3    5    2   82    3    1      2804   17   -2  -14   17    8   -5  -10   10   -5  -15   -2   -1  -11   20   -2  -11   13    6
    1    5   14    1    3    6    2   89    3    1      5544   14   -3  -14   14    9   -5   -2   12   -4  -10  -13   -1  -11   20    5   -9   13    5
    1    5   15    1    3    4    2    4    3    1       951   17    2   -4   16   16  -10  -11   10  -12  -12   -5    1   -9   22   -1  -11   12    4
    1    5   16    1    1    4    2   89    1    1       862   13    2   -4   18   17   -4   -9   12  -10   -3   -4    4   -4    9   -7   -8   11   10
    1    5   17    1    1    1    2   82    1    1       983   11    3   -5   19   16   -3   -9    9  -13    6  -12   -1  -11   17   -6   -8   14   11
    1    5   18    1    3    9    2   69    3    1      1420   17   -2   -6   19    9   -3   -3   12   -4  -13   -7   -5  -18   20   -2  -14    9   10
    1    5   19    1    2    5    2   47    2    1       999   12   12    1   10   15   -3  -12   20  -12   -8   -3    1  -18   12  -10  -10   10    4
    1    5   20    1    2    3    2   96    1    0      3149   12   10    6    6   17    1  -11   20  -12   -7    1    1  -15   11  -10    3    9    3
    1    5   21    1    3    7    2   64    3    1       972   14   -2   -2   12    8   -7   -9    9   -9  -10   -2   -1  -12   18   -5   -8   16    8
    1    5   22    1    2    6    2   77    2    1      2609   11   13   -5   13   21    1  -14   19  -11   -4    1    3   -4    6   -7   -9    5    4
    1    5   23    1    1    2    2   90    1    1      1038   15    2   -9   22   15   -2   -8   12   -9   -2   -4    3   -3    6   -6   -8   12   11
    1    5   24    1    2    8    2   40    2    1      2336   11   11   -2   11   12   -1  -15   20  -13   -7   -3    3  -16   10  -10   -6    9    4
    1    5   25    1    1    3    2   13    1    1       871   13    4   -6   19   15   -1   -9    9  -10    3   -4    4   -6    7   -6  -11   14   10
    1    5   26    1    3    3    2   65    3    1       811   14   -3    0   22    8   -3   -8    8   -8  -13    3    1  -14   19    1  -16   14    4
    1    5   27    1    1    7    2   27    1    1      3823   12    4   -5   16   13   -2  -15   11  -12    1   -4    4   -6    8   -8  -10   14    8
    1    6    1    1    2    6    2   77    2    1      2267   11   13   -5   13   21    1  -14   19  -11   -4    1    3   -4    6   -7   -9    5    4
    1    6    2    1    2    2    2   16    2    1       813   12   13   -1   11   12   -5  -15   24  -11   -7   -2    3  -15    9   -7   -9   10    4
    1    6    3    1    1    1    2   82    1    1      1065   11    3   -5   19   16   -3   -9    9  -13    6  -12   -1  -11   17   -6   -8   14   11
    1    6    4    1    2    8    2   40    1    0      4187   11   11   -2   11   12   -1  -15   20  -13   -7   -3    3  -16   10  -10   -6    9    4
    1    6    5    1    3    3    2   65    3    1       887   14   -3    0   22    8   -3   -8    8   -8  -13    3    1  -14   19    1  -16   14    4
    1    6    6    1    3    1    2   80    3    1       841   13    8   -7   19    4   -3  -11    9   -3   -3   -5    2  -12   18   -2  -13   12    6
    1    6    7    1    2    4    2   93    2    1      1970   10   14   -4   11   14   -1  -12   22  -10   -8    0    2  -13   11   -9   -3   21    2
    1    6    8    1    3    7    2   64    3    1       768   14   -2   -2   12    8   -7   -9    9   -9  -10   -2   -1  -12   18   -5   -8   16    8
    1    6    9    1    1    4    2   89    1    1       708   13    2   -4   18   17   -4   -9   12  -10   -3   -4    4   -4    9   -7   -8   11   10
    1    6   10    1    2    7    2   14    2    1      3525   10    9   -3    6   14   -1  -12   19  -14  -10   -9    6  -13   10   -7   -9   10    2
    1    6   11    1    2    5    2   47    2    1      1597   12   12    1   10   15   -3  -12   20  -12   -8   -3    1  -18   12  -10  -10   10    4
    1    6   12    1    1    8    2   51    1    1      1499   15    4  -12   16   14   -1   -7    7  -19    6   -6    2    0    3  -10  -11   11   10
    1    6   13    1    2    3    2   96    2    1       755   12   10    6    6   17    1  -11   20  -12   -7    1    1  -15   11  -10    3    9    3
    1    6   14    1    3    6    2   89    3    1       874   14   -3  -14   14    9   -5   -2   12   -4  -10  -13   -1  -11   20    5   -9   13    5
    1    6   15    1    1    9    2   97    1    1       765   12    3   -6   20   11    7  -11   14   -9    0   -5    6   -5    9   -7   -9   15   11
    1    6   16    1    1    6    2   10    1    1       778   17    7   -6   20   16   -4   -8   11   -6    4   -4    9  -10    8  -14   -9    8    7
    1    6   17    1    2    1    2   97    2    1      1247   10   14    0   13   18    2  -13   21  -14   -6    0    3  -16   11  -11   -9   10    2
    1    6   18    1    3    5    2   82    3    1      1138   17   -2  -14   17    8   -5  -10   10   -5  -15   -2   -1  -11   20   -2  -11   13    6
    1    6   19    1    2    9    2   85    2    1      2175    5    9   -2   13    9   -6  -13   18  -11   -7   -1    1  -13   12   -8   -8   10    2
    1    6   20    1    1    5    2   61    3    0      7444   12    3   -5   17   13   -1   -6   20  -12   -1    0    7   -4    8   -5   -1   14    9
    1    6   21    1    1    2    2   90    1    1       743   15    2   -9   22   15   -2   -8   12   -9   -2   -4    3   -3    6   -6   -8   12   11
    1    6   22    1    3    4    2    4    3    1       974   17    2   -4   16   16  -10  -11   10  -12  -12   -5    1   -9   22   -1  -11   12    4
    1    6   23    1    3    8    2   71    3    1      4666   14   -2   -7   19    6   -6  -11    9   -8  -15   -3    1  -11   18   -2  -13   12    6
    1    6   24    1    3    9    2   69    3    1      9204   17   -2   -6   19    9   -3   -3   12   -4  -13   -7   -5  -18   20   -2  -14    9   10
    1    6   25    1    3    2    2   95    3    1       546   15   -1  -10   16   10   -4   -8   19   -5  -13   -4   -5  -14   19   -2  -11   10    7
    1    6   26    1    1    7    2   27    1    1       800   12    4   -5   16   13   -2  -15   11  -12    1   -4    4   -6    8   -8  -10   14    8
    1    6   27    1    1    3    2   13    1    1       717   13    4   -6   19   15   -1   -9    9  -10    3   -4    4   -6    7   -6  -11   14   10
    1    7    1    1    3    1    2   80    3    1       812   13    8   -7   19    4   -3  -11    9   -3   -3   -5    2  -12   18   -2  -13   12    6
    1    7    2    1    3    8    2   71    3    1       656   14   -2   -7   19    6   -6  -11    9   -8  -15   -3    1  -11   18   -2  -13   12    6
    1    7    3    1    1    6    2   10    1    1       650   17    7   -6   20   16   -4   -8   11   -6    4   -4    9  -10    8  -14   -9    8    7
    1    7    4    1    2    8    2   40    2    1      3132   11   11   -2   11   12   -1  -15   20  -13   -7   -3    3  -16   10  -10   -6    9    4
    1    7    5    1    2    6    2   77    2    1      3676   11   13   -5   13   21    1  -14   19  -11   -4    1    3   -4    6   -7   -9    5    4
    1    7    6    1    3    5    2   82    3    1       686   17   -2  -14   17    8   -5  -10   10   -5  -15   -2   -1  -11   20   -2  -11   13    6
    1    7    7    1    3    9    2   69    2    0      2118   17   -2   -6   19    9   -3   -3   12   -4  -13   -7   -5  -18   20   -2  -14    9   10
    1    7    8    1    1    5    2   61    3    0      1687   12    3   -5   17   13   -1   -6   20  -12   -1    0    7   -4    8   -5   -1   14    9
    1    7    9    1    3    3    2   65    3    1       729   14   -3    0   22    8   -3   -8    8   -8  -13    3    1  -14   19    1  -16   14    4
    1    7   10    1    1    8    2   51    1    1      2385   15    4  -12   16   14   -1   -7    7  -19    6   -6    2    0    3  -10  -11   11   10
    1    7   11    1    2    7    2   14    2    1      2237   10    9   -3    6   14   -1  -12   19  -14  -10   -9    6  -13   10   -7   -9   10    2
    1    7   12    1    1    1    2   82    1    1      2993   11    3   -5   19   16   -3   -9    9  -13    6  -12   -1  -11   17   -6   -8   14   11
    1    7   13    1    2    1    2   97    2    1       877   10   14    0   13   18    2  -13   21  -14   -6    0    3  -16   11  -11   -9   10    2
    1    7   14    1    3    6    2   89    3    1      1079   14   -3  -14   14    9   -5   -2   12   -4  -10  -13   -1  -11   20    5   -9   13    5
    1    7   15    1    1    9    2   97    1    1       769   12    3   -6   20   11    7  -11   14   -9    0   -5    6   -5    9   -7   -9   15   11
    1    7   16    1    1    4    2   89    1    1       789   13    2   -4   18   17   -4   -9   12  -10   -3   -4    4   -4    9   -7   -8   11   10
    1    7   17    1    1    7    2   27    1    1      1769   12    4   -5   16   13   -2  -15   11  -12    1   -4    4   -6    8   -8  -10   14    8
    1    7   18    1    2    9    2   85    2    1      1087    5    9   -2   13    9   -6  -13   18  -11   -7   -1    1  -13   12   -8   -8   10    2
    1    7   19    1    3    2    2   95    3    1      1145   15   -1  -10   16   10   -4   -8   19   -5  -13   -4   -5  -14   19   -2  -11   10    7
    1    7   20    1    2    5    2   47    2    1      1215   12   12    1   10   15   -3  -12   20  -12   -8   -3    1  -18   12  -10  -10   10    4
    1    7   21    1    3    7    2   64    3    1       859   14   -2   -2   12    8   -7   -9    9   -9  -10   -2   -1  -12   18   -5   -8   16    8
    1    7   22    1    1    3    2   13    1    1       788   13    4   -6   19   15   -1   -9    9  -10    3   -4    4   -6    7   -6  -11   14   10
    1    7   23    1    2    4    2   93    2    1      6680   10   14   -4   11   14   -1  -12   22  -10   -8    0    2  -13   11   -9   -3   21    2
    1    7   24    1    2    3    2   96    2    1      5299   12   10    6    6   17    1  -11   20  -12   -7    1    1  -15   11  -10    3    9    3
    1    7   25    1    1    2    2   90    1    1       733   15    2   -9   22   15   -2   -8   12   -9   -2   -4    3   -3    6   -6   -8   12   11
    1    7   26    1    3    4    2    4    3    1      1148   17    2   -4   16   16  -10  -11   10  -12  -12   -5    1   -9   22   -1  -11   12    4
    1    7   27    1    2    2    2   16    2    1      2308   12   13   -1   11   12   -5  -15   24  -11   -7   -2    3  -15    9   -7   -9   10    4
    1    8    1    1    3    5    2   82    3    1       651   17   -2  -14   17    8   -5  -10   10   -5  -15   -2   -1  -11   20   -2  -11   13    6
    1    8    2    1    2    6    2   77    2    1       965   11   13   -5   13   21    1  -14   19  -11   -4    1    3   -4    6   -7   -9    5    4
    1    8    3    1    1    1    2   82    1    1       731   11    3   -5   19   16   -3   -9    9  -13    6  -12   -1  -11   17   -6   -8   14   11
    1    8    4    1    3    8    2   71    3    1       610   14   -2   -7   19    6   -6  -11    9   -8  -15   -3    1  -11   18   -2  -13   12    6
    1    8    5    1    2    4    2   93    2    1       957   10   14   -4   11   14   -1  -12   22  -10   -8    0    2  -13   11   -9   -3   21    2
    1    8    6    1    1    7    2   27    1    1       916   12    4   -5   16   13   -2  -15   11  -12    1   -4    4   -6    8   -8  -10   14    8
    1    8    7    1    2    2    2   16    2    1       619   12   13   -1   11   12   -5  -15   24  -11   -7   -2    3  -15    9   -7   -9   10    4
    1    8    8    1    1    3    2   13    1    1       680   13    4   -6   19   15   -1   -9    9  -10    3   -4    4   -6    7   -6  -11   14   10
    1    8    9    1    2    7    2   14    2    1       768   10    9   -3    6   14   -1  -12   19  -14  -10   -9    6  -13   10   -7   -9   10    2
    1    8   10    1    3    3    2   65    3    1       726   14   -3    0   22    8   -3   -8    8   -8  -13    3    1  -14   19    1  -16   14    4
    1    8   11    1    1    5    2   61    3    0      2351   12    3   -5   17   13   -1   -6   20  -12   -1    0    7   -4    8   -5   -1   14    9
    1    8   12    1    2    9    2   85    2    1      1078    5    9   -2   13    9   -6  -13   18  -11   -7   -1    1  -13   12   -8   -8   10    2
    1    8   13    1    3    1    2   80    3    1       712   13    8   -7   19    4   -3  -11    9   -3   -3   -5    2  -12   18   -2  -13   12    6
    1    8   14    1    2    8    2   40    2    1       976   11   11   -2   11   12   -1  -15   20  -13   -7   -3    3  -16   10  -10   -6    9    4
    1    8   15    1    3    9    2   69    2    0      2629   17   -2   -6   19    9   -3   -3   12   -4  -13   -7   -5  -18   20   -2  -14    9   10
    1    8   16    1    1    8    2   51    1    1      1057   15    4  -12   16   14   -1   -7    7  -19    6   -6    2    0    3  -10  -11   11   10
    1    8   17    1    3    2    2   95    3    1       779   15   -1  -10   16   10   -4   -8   19   -5  -13   -4   -5  -14   19   -2  -11   10    7
    1    8   18    1    2    5    2   47    2    1      1065   12   12    1   10   15   -3  -12   20  -12   -8   -3    1  -18   12  -10  -10   10    4
    1    8   19    1    1    4    2   89    1    1       705   13    2   -4   18   17   -4   -9   12  -10   -3   -4    4   -4    9   -7   -8   11   10
    1    8   20    1    3    6    2   89    3    1      1033   14   -3  -14   14    9   -5   -2   12   -4  -10  -13   -1  -11   20    5   -9   13    5
    1    8   21    1    1    9    2   97    1    1       796   12    3   -6   20   11    7  -11   14   -9    0   -5    6   -5    9   -7   -9   15   11
    1    8   22    1    3    4    2    4    3    1       945   17    2   -4   16   16  -10  -11   10  -12  -12   -5    1   -9   22   -1  -11   12    4
    1    8   23    1    3    7    2   64    3    1       864   14   -2   -2   12    8   -7   -9    9   -9  -10   -2   -1  -12   18   -5   -8   16    8
    1    8   24    1    2    3    2   96    2    1      1052   12   10    6    6   17    1  -11   20  -12   -7    1    1  -15   11  -10    3    9    3
    1    8   25    1    1    6    2   10    1    1       766   17    7   -6   20   16   -4   -8   11   -6    4   -4    9  -10    8  -14   -9    8    7
    1    8   26    1    2    1    2   97    2    1       989   10   14    0   13   18    2  -13   21  -14   -6    0    3  -16   11  -11   -9   10    2
    1    8   27    1    1    2    2   90    1    1       746   15    2   -9   22   15   -2   -8   12   -9   -2   -4    3   -3    6   -6   -8   12   11
    1    9    1    1    3    1    2   80    3    1       832   13    8   -7   19    4   -3  -11    9   -3   -3   -5    2  -12   18   -2  -13   12    6
    1    9    2    1    2    2    2   16    2    1       732   12   13   -1   11   12   -5  -15   24  -11   -7   -2    3  -15    9   -7   -9   10    4
    1    9    3    1    2    3    2   96    1    0      4315   12   10    6    6   17    1  -11   20  -12   -7    1    1  -15   11  -10    3    9    3
    1    9    4    1    1    9    2   97    1    1       931   12    3   -6   20   11    7  -11   14   -9    0   -5    6   -5    9   -7   -9   15   11
    1    9    5    1    3    7    2   64    3    1       682   14   -2   -2   12    8   -7   -9    9   -9  -10   -2   -1  -12   18   -5   -8   16    8
    1    9    6    1    2    6    2   77    2    1       763   11   13   -5   13   21    1  -14   19  -11   -4    1    3   -4    6   -7   -9    5    4
    1    9    7    1    2    1    2   97    2    1       656   10   14    0   13   18    2  -13   21  -14   -6    0    3  -16   11  -11   -9   10    2
    1    9    8    1    1    3    2   13    1    1       715   13    4   -6   19   15   -1   -9    9  -10    3   -4    4   -6    7   -6  -11   14   10
    1    9    9    1    2    4    2   93    2    1      2018   10   14   -4   11   14   -1  -12   22  -10   -8    0    2  -13   11   -9   -3   21    2
    1    9   10    1    3    3    2   65    3    1       752   14   -3    0   22    8   -3   -8    8   -8  -13    3    1  -14   19    1  -16   14    4
    1    9   11    1    1    4    2   89    1    1      1095   13    2   -4   18   17   -4   -9   12  -10   -3   -4    4   -4    9   -7   -8   11   10
    1    9   12    1    2    9    2   85    2    1       960    5    9   -2   13    9   -6  -13   18  -11   -7   -1    1  -13   12   -8   -8   10    2
    1    9   13    1    1    7    2   27    1    1       806   12    4   -5   16   13   -2  -15   11  -12    1   -4    4   -6    8   -8  -10   14    8
    1    9   14    1    1    1    2   82    1    1       811   11    3   -5   19   16   -3   -9    9  -13    6  -12   -1  -11   17   -6   -8   14   11
    1    9   15    1    1    2    2   90    2    0      4454   15    2   -9   22   15   -2   -8   12   -9   -2   -4    3   -3    6   -6   -8   12   11
    1    9   16    1    3    2    2   95    3    1       746   15   -1  -10   16   10   -4   -8   19   -5  -13   -4   -5  -14   19   -2  -11   10    7
    1    9   17    1    3    9    2   69    3    1      2650   17   -2   -6   19    9   -3   -3   12   -4  -13   -7   -5  -18   20   -2  -14    9   10
    1    9   18    1    3    5    2   82    3    1      3141   17   -2  -14   17    8   -5  -10   10   -5  -15   -2   -1  -11   20   -2  -11   13    6
    1    9   19    1    2    8    2   40    2    1      1084   11   11   -2   11   12   -1  -15   20  -13   -7   -3    3  -16   10  -10   -6    9    4
    1    9   20    1    1    5    2   61    2    0      2460   12    3   -5   17   13   -1   -6   20  -12   -1    0    7   -4    8   -5   -1   14    9
    1    9   21    1    1    6    2   10    1    1       839   17    7   -6   20   16   -4   -8   11   -6    4   -4    9  -10    8  -14   -9    8    7
    1    9   22    1    3    8    2   71    3    1       721   14   -2   -7   19    6   -6  -11    9   -8  -15   -3    1  -11   18   -2  -13   12    6
    1    9   23    1    3    6    2   89    3    1      4386   14   -3  -14   14    9   -5   -2   12   -4  -10  -13   -1  -11   20    5   -9   13    5
    1    9   24    1    1    8    2   51    1    1      4991   15    4  -12   16   14   -1   -7    7  -19    6   -6    2    0    3  -10  -11   11   10
    1    9   25    1    3    4    2    4    3    1       916   17    2   -4   16   16  -10  -11   10  -12  -12   -5    1   -9   22   -1  -11   12    4
    1    9   26    1    2    7    2   14    2    1      6427   10    9   -3    6   14   -1  -12   19  -14  -10   -9    6  -13   10   -7   -9   10    2
    1    9   27    1    2    5    2   47    2    1      1120   12   12    1   10   15   -3  -12   20  -12   -8   -3    1  -18   12  -10  -10   10    4
    1   10    1    1    2    7    2   14    2    1      1217   10    9   -3    6   14   -1  -12   19  -14  -10   -9    6  -13   10   -7   -9   10    2
    1   10    2    1    2    1    2   97    2    1       869   10   14    0   13   18    2  -13   21  -14   -6    0    3  -16   11  -11   -9   10    2
    1   10    3    1    1    7    2   27    1    1       823   12    4   -5   16   13   -2  -15   11  -12    1   -4    4   -6    8   -8  -10   14    8
    1   10    4    1    1    5    2   61    2    0      2923   12    3   -5   17   13   -1   -6   20  -12   -1    0    7   -4    8   -5   -1   14    9
    1   10    5    1    1    6    2   10    1    1       850   17    7   -6   20   16   -4   -8   11   -6    4   -4    9  -10    8  -14   -9    8    7
    1   10    6    1    3    4    2    4    3    1      1094   17    2   -4   16   16  -10  -11   10  -12  -12   -5    1   -9   22   -1  -11   12    4
    1   10    7    1    1    9    2   97    1    1       838   12    3   -6   20   11    7  -11   14   -9    0   -5    6   -5    9   -7   -9   15   11
    1   10    8    1    2    3    2   96    2    1      4690   12   10    6    6   17    1  -11   20  -12   -7    1    1  -15   11  -10    3    9    3
    1   10    9    1    3    3    2   65    3    1      4795   14   -3    0   22    8   -3   -8    8   -8  -13    3    1  -14   19    1  -16   14    4
    1   10   10    1    1    8    2   51    2    0     13112   15    4  -12   16   14   -1   -7    7  -19    6   -6    2    0    3  -10  -11   11   10
    1   10   11    1    3    6    2   89    3    1       785   14   -3  -14   14    9   -5   -2   12   -4  -10  -13   -1  -11   20    5   -9   13    5
    1   10   12    1    1    2    2   90    1    1       719   15    2   -9   22   15   -2   -8   12   -9   -2   -4    3   -3    6   -6   -8   12   11
    1   10   13    1    2    2    2   16    2    1       855   12   13   -1   11   12   -5  -15   24  -11   -7   -2    3  -15    9   -7   -9   10    4
    1   10   14    1    3    2    2   95    3    1       704   15   -1  -10   16   10   -4   -8   19   -5  -13   -4   -5  -14   19   -2  -11   10    7
    1   10   15    1    3    1    2   80    3    1       738   13    8   -7   19    4   -3  -11    9   -3   -3   -5    2  -12   18   -2  -13   12    6
    1   10   16    1    2    6    2   77    2    1      8593   11   13   -5   13   21    1  -14   19  -11   -4    1    3   -4    6   -7   -9    5    4
    1   10   17    1    1    4    2   89    1    1       800   13    2   -4   18   17   -4   -9   12  -10   -3   -4    4   -4    9   -7   -8   11   10
    1   10   18    1    3    9    2   69    3    1      2637   17   -2   -6   19    9   -3   -3   12   -4  -13   -7   -5  -18   20   -2  -14    9   10
    1   10   19    1    2    4    2   93    2    1      3087   10   14   -4   11   14   -1  -12   22  -10   -8    0    2  -13   11   -9   -3   21    2
    1   10   20    1    2    8    2   40    2    1       832   11   11   -2   11   12   -1  -15   20  -13   -7   -3    3  -16   10  -10   -6    9    4
    1   10   21    1    3    8    2   71    3    1       715   14   -2   -7   19    6   -6  -11    9   -8  -15   -3    1  -11   18   -2  -13   12    6
    1   10   22    1    3    7    2   64    3    1      1122   14   -2   -2   12    8   -7   -9    9   -9  -10   -2   -1  -12   18   -5   -8   16    8
    1   10   23    1    1    3    2   13    1    1       834   13    4   -6   19   15   -1   -9    9  -10    3   -4    4   -6    7   -6  -11   14   10
    1   10   24    1    3    5    2   82    3    1       701   17   -2  -14   17    8   -5  -10   10   -5  -15   -2   -1  -11   20   -2  -11   13    6
    1   10   25    1    1    1    2   82    1    1       862   11    3   -5   19   16   -3   -9    9  -13    6  -12   -1  -11   17   -6   -8   14   11
    1   10   26    1    2    5    2   47    2    1      1087   12   12    1   10   15   -3  -12   20  -12   -8   -3    1  -18   12  -10  -10   10    4
    1   10   27    1    2    9    2   85    2    1       960    5    9   -2   13    9   -6  -13   18  -11   -7   -1    1  -13   12   -8   -8   10    2
    2    1    1    4    1    5    2  143    2    0      8857   14    3   -6   18   16    0  -10    9  -21   -6    2   -3   -5    7   -3  -12   12    8
    2    1    2    5    1    1    3  112    1    1      5724   15   -7   -7   19   14   -3  -12   11  -19    0   -5    6    3    6  -14    1   14   11
    2    1    3    1    3    5    2   82    3    1       709   17   -2  -14   17    8   -5  -10   10   -5  -15   -2   -1  -11   20   -2  -11   13    6
    2    1    4    4    3    4    2  166    3    1      5367   11    7   -6   19    8   -6  -11   10   -5  -11   -3   -2  -22   20   -4  -13   19    0
    2    1    5    1    3    2    2   95    3    1      1277   15   -1  -10   16   10   -4   -8   19   -5  -13   -4   -5  -14   19   -2  -11   10    7
    2    1    6    6    2    0    3  129    1    0      7125   10   12    0   10   13   -4   -6   13   -5    4    0    4  -10    8   -4  -12    4    8
    2    1    7    3    3    3    1  181    3    1       828   16   -2   -5   19   10   -5  -10    9   -7  -13   -3   -1  -13   20    4  -12   12    5
    2    1    8    6    3    0    3  110    3    1      4247   17   -2    3   22    9   -3  -14   14   -8   -4   -4    1  -14   20  -13  -15    7   12
    2    1    9    4    3    2    2  175    3    1      4082   15   -3   -4   22    8   -3   -9    8   -7  -14  -10    0  -11   17    1  -10   11    6
    2    1   10    5    3    3    3  192    3    1      3643   19   -8   -5   19    9   -3   -9    9   -4  -16   -4    0   -7   12    1  -15   12    3
    2    1   11    2    3    0    0    0    3    1       702   15   -2   -5   20    9   -4  -10    9   -7  -13   -3    0  -13   19   -3  -12   12    5
    2    1   12    4    1    3    2  194    1    1      1998   14    2   -4   17   14   -3  -11   10  -11    0   -3    9   -5    7   -4   -8   14    9
    2    1   13    5    3    5    3  119    3    1      3564   17   -4   -6   21    8   -5   -4   15   -2  -17    0    2  -11   16   -3  -11   14    2
    2    1   14    1    2    6    2   77    2    1      1914   11   13   -5   13   21    1  -14   19  -11   -4    1    3   -4    6   -7   -9    5    4
    2    1   15    4    3    5    2  163    3    1      2585   16   -2   -4   22   10   -3  -11    7   -6  -12   -3   -3  -13   20   -3  -17   14    5
    2    1   16    1    1    3    2   13    1    1       799   13    4   -6   19   15   -1   -9    9  -10    3   -4    4   -6    7   -6  -11   14   10
    2    1   17    5    2    6    3  115    2    1      3267   13   19   -1   10   13   -6  -12   21  -13   -4   -3   -6  -16   14  -18    0   14    1
    2    1   18    5    1    6    3  122    1    1      4349   12    3   -3   12   13   -3  -10    9   -9    0   -4    5    0   15   -1    0   12   10
    2    1   19    5    3    6    3  124    3    1      1019   17   -1   -6   19    9   -5  -11    2   -6  -11  -11   -8  -12   17   -3  -13   11    4
    2    1   20    3    2    3    1  128    2    1      6997   15   21    1   10   13   -1  -14   20  -13   -5   -1    3  -14   11   -9   -7   10    2
    2    1   21    1    2    8    2   40    2    1       907   11   11   -2   11   12   -1  -15   20  -13   -7   -3    3  -16   10  -10   -6    9    4
    2    1   22    5    3    9    3  133    3    1       780    7   -5   -7   18    9    4   -9    8   -8  -11    0   -5  -13   20   -4  -12   17   11
    2    1   23    1    2    4    2   93    2    1      2777   10   14   -4   11   14   -1  -12   22  -10   -8    0    2  -13   11   -9   -3   21    2
    2    1   24    5    2    3    3  195    2    1      3984   13    9   -2   12   15   -1   -6   20  -13  -11    0    3  -17   18  -12   -8    9    3
    2    1   25    4    1    2    2  132    1    1       727   11    8   -6   19   12   -2  -12   10  -12    1   -6    4   -6    8   -5   -6   13   10
    2    1   26    1    3    9    2   69    3    1      2822   17   -2   -6   19    9   -3   -3   12   -4  -13   -7   -5  -18   20   -2  -14    9   10
    2    1   27    1    2    9    2   85    2    1      1050    5    9   -2   13    9   -6  -13   18  -11   -7   -1    1  -13   12   -8   -8   10    2
    2    1   28    5    1    2    3  150    2    0     21892   10   -4   -6    9   14   -1  -11   11   -6   -3   -3    3   -5   13   -5   -7   17   14
    2    1   29    4    2    5    2  143    2    1      2144   12   14   -1   12   13    0  -12   19  -13   -6    0    2  -17   15   -7   -5   10   -5
    2    1   30    1    1    9    2   97    1    1       759   12    3   -6   20   11    7  -11   14   -9    0   -5    6   -5    9   -7   -9   15   11
    2    1   31    1    2    5    2   47    2    1       956   12   12    1   10   15   -3  -12   20  -12   -8   -3    1  -18   12  -10  -10   10    4
    2    1   32    1    1    1    2   82    1    1       699   11    3   -5   19   16   -3   -9    9  -13    6  -12   -1  -11   17   -6   -8   14   11
    2    1   33    1    2    2    2   16    2    1       755   12   13   -1   11   12   -5  -15   24  -11   -7   -2    3  -15    9   -7   -9   10    4
    2    1   34    4    1    6    2  137    1    1      6193   13    1   -3   18   15    0   -9    9  -12   -3  -15   -1   -4   10   -5  -11   13    8
    2    1   35    5    3    8    3  145    3    1      4270   13   -3    5   19   15  -10  -12   10   -8   -3   -8    3  -12   18   -1  -10   13    4
    2    1   36    3    3    2    1  110    3    1       726   15   -2   -4   19    8   -4  -10    9   -8  -13   -3    0  -13   19   -2  -13   11    5
    2    1   37    1    3    6    2   89    3    1      1334   14   -3  -14   14    9   -5   -2   12   -4  -10  -13   -1  -11   20    5   -9   13    5
    2    1   38    1    3    4    2    4    3    1      1019   17    2   -4   16   16  -10  -11   10  -12  -12   -5    1   -9   22   -1  -11   12    4
    2    1   39    5    1    5    3  157    2    0      3462    7    2   -4   17   13   -3   -6   14  -19    0   -6    5   -9   14  -11  -14   20    7
    2    1   40    3    1    2    1  165    1    1       729   14    3   -5   18   15   -3  -11   10  -12   -1   -5    4   -5    9   -6   -9   13    9
    2    1   41    1    3    1    2   80    3    1      1313   13    8   -7   19    4   -3  -11    9   -3   -3   -5    2  -12   18   -2  -13   12    6
    2    1   42    2    2    0    0    0    2    1      1120   10   13    0   11   13   -1  -13   20  -12   -6   -1    3  -14   11   -9   -7   11    4
    2    1   43    5    2    5    3  114    2    1      6095    0   23    0   10   14   -1  -14   20  -16   -1   -3    0  -14   10   -6   -2   13    2
    2    1   44    5    3    1    3  182    3    1      4105   14   -2  -11   20    9   -6  -16    7   -7  -22   -8    2  -10   13    4   -3    4    0
    2    1   45    1    1    7    2   27    1    1      1419   12    4   -5   16   13   -2  -15   11  -12    1   -4    4   -6    8   -8  -10   14    8
    2    1   46    1    2    1    2   97    2    1       974   10   14    0   13   18    2  -13   21  -14   -6    0    3  -16   11  -11   -9   10    2
    2    1   47    5    1    7    3  171    3    0      6379   14    6   -8   18   15   -1  -10   11  -11    0   -3   -4   -4    8   -7  -10   21    9
    2    1   48    2    1    0    0    0    1    1       697   13    3   -5   18   14   -2  -10   10  -11   -1   -5    4   -5    8   -6   -9   13    9
    2    1   49    1    2    7    2   14    2    1      3705   10    9   -3    6   14   -1  -12   19  -14  -10   -9    6  -13   10   -7   -9   10    2
    2    1   50    5    1    3    3  195    3    0      2227   18    4   -7   18   21   -5   -9   12  -16  -11   -6   12   -5    9   -5  -10   14   10
    2    1   51    5    1    4    3  134    3    0      3318   20    0  -10   11   14   -4  -10    5  -12   -2   -9    9    4   18   -7   -8   13   10
    2    1   52    6    1    0    3  126    2    0      5062   20    5   -3   19   15    0   -9    3   -9    0   -7    4   -4    7    3  -12    7    0
    2    1   53    4    3    1    2  171    3    1       896   17    0  -15   24   11   -6   -8    8   -2  -16   -4    1  -12   17   -5  -13   12    6
    2    1   54    4    2    4    2  148    3    0      4360    7    8    1   11   11   -3  -17   21  -13   -5    6   10  -12   10   -9   -8   12    4
    2    1   55    4    2    3    2  119    2    1      9214    5    7   -2   12   13    0  -14   21  -14   -4   -4    3  -23    3   -9   -6   15    2
    2    1   56    5    2    9    3  124    3    0      4251   11   13   -1   12   17   -1   -9   23   -2  -11    3   -1   -5   13   -9   -6   10    5
    2    1   57    1    3    7    2   64    3    1       637   14   -2   -2   12    8   -7   -9    9   -9  -10   -2   -1  -12   18   -5   -8   16    8
    2    1   58    5    3    2    3  125    3    1      9256   16   -3   -4   20   13   -9   -6    5   -3   -8   -4   -2  -11   20   -4  -14   11    7
    2    1   59    1    3    3    2   65    3    1       794   14   -3    0   22    8   -3   -8    8   -8  -13    3    1  -14   19    1  -16   14    4
    2    1   60    1    1    2    2   90    1    1      8567   15    2   -9   22   15   -2   -8   12   -9   -2   -4    3   -3    6   -6   -8   12   11
    2    1   61    1    1    6    2   10    1    1       631   17    7   -6   20   16   -4   -8   11   -6    4   -4    9  -10    8  -14   -9    8    7
    2    1   62    4    2    2    2  179    2    1      1394   11   18    0    9   11   -3  -11   15  -12   -8   -2    3  -14   12  -10   -7    9    4
    2    1   63    5    2    8    3  179    2    1      6653   13   10   -2    9   12   -1  -14   22  -12   -4    6    8  -15   11  -10   -6   10    3
    2    1   64    5    3    4    3  134    3    1      5401   23    2   -5   19    2   -1  -12    9   -5  -15   -5    4  -17   14   -4  -11   11    5
    2    1   65    5    1    9    3  147    2    0     28166    9   10   -5   19   16   -1  -17   19   -3    1   -6    4   -6    8  -16   -7   13   11
    2    1   66    5    3    7    3  158    3    1      1311   19    0   -7   22   12   -4   -9    9   -5  -11   -2    2  -13    9   -8   -7   14    6
    2    1   67    3    2    1    1  171    2    1       766   11   13    0   11   13   -2  -12   20  -10  -10   -1    2  -14   12   -8   -7   11    4
    2    1   68    5    2    4    3  154    3    0      2093   11   15   -2   15   12   -1   -8   23  -10    4   -2    4  -19   16   -2  -17   11    3
    2    1   69    4    2    6    2  162    3    0      2948   18    5    0   12    9   -2  -12   20  -19   -6   -1    4  -15   10   -9   -6   10    5
    2    1   70    4    1    4    2  104    1    1      1512   14    5   -2   21   14   -3   -9   12  -21    1   -6    3   -4    7   -8   -8   13   10
    2    1   71    5    2    7    3  125    2    1      2023    6   13   -1   11   14   -2  -19   15  -17   -3   -2    5  -16   13  -17    2    3   12
    2    1   72    4    3    6    2  116    3    1      2145   15   -3   -4   19    5  -14  -13   11   -4  -15    0    4  -12   19   -2   -7   13    3
    2    1   73    1    3    8    2   71    3    1       782   14   -2   -7   19    6   -6  -11    9   -8  -15   -3    1  -11   18   -2  -13   12    6
    2    1   74    1    1    8    2   51    1    1       900   15    4  -12   16   14   -1   -7    7  -19    6   -6    2    0    3  -10  -11   11   10
    2    1   75    4    1    1    2  170    3    0      4404   21   -3   -1   21   13   -4  -12    8  -18    4  -10    6   -4   10   -4   -8   13    8
    2    1   76    5    1    8    3  124    3    0      1601    8   11    1   21   13   -1   -9    6   -8   -6   -5    3   -4   12    1   -3   23    4
    2    1   77    4    2    1    2  177    2    1       804   10   15   -1   12   12   -3  -13   19  -10   -7    0    2  -14   10   -7  -10   10    5
    2    1   78    3    1    3    1  117    1    1       863   13    3   -6   18   14   -2  -10    9  -12    0   -5    4   -5    8   -6   -9   13    9
    2    1   79    5    2    1    3  170    2    1      4481   10   11   -9    6   18    6  -14   21  -13   -6    4   10  -18   12  -13   -9    2    7
    2    1   80    1    1    4    2   89    1    1       777   13    2   -4   18   17   -4   -9   12  -10   -3   -4    4   -4    9   -7   -8   11   10
    2    1   81    1    1    5    2   61    2    0      2565   12    3   -5   17   13   -1   -6   20  -12   -1    0    7   -4    8   -5   -1   14    9
    2    1   82    3    1    1    1  140    1    1       772   13    4   -5   18   14   -1  -10   10  -11   -1   -5    3   -6    7   -6  -10   13   10
    2    1   83    3    3    1    1  105    3    1       689   14   -1   -4   21    9   -3  -10    8   -7  -13    2   -3  -13   19   -1  -14   12    5
    2    1   84    5    2    2    3  189    2    1      2193   12   12   -1   12   16    0   -6   20  -10   -2    0    2  -15   16  -10   -6   17   -2
    2    1   85    3    2    2    1  104    2    1      6949   11   14   -1   12   12   -2   -3   22  -12   -5   -5   -6  -14   11   -9   -7   12    5
    2    1   86    4    3    3    2  128    2    0      1596   14   -4   -4   19   13  -10  -16    7   -8  -13   -2   -1  -12   19    2  -11   11    7
    2    1   87    1    2    3    2   96    1    0      8177   12   10    6    6   17    1  -11   20  -12   -7    1    1  -15   11  -10    3    9    3
