    1    1    1    1    2    6    1   77    1    0     15874   10   14    3    3   13   -2  -12   19  -12   -5   -1    4  -15   13   -8   -7   11    4
    1    1    2    1    1    8    1   51    3    0      1625   13    3   -5   18   13   -1  -16    3  -10   -2   -5    4   -5    7   -6   -9   13   10
    1    1    3    1    2    3    1   96    3    0       999   10   14    0   11   12    0  -14   20  -12   -4   -1    3  -13   10   -9   -7   11    4
    1    1    4    1    3    2    1   95    2    0      1100   14   -2   -5   20    9   -4  -10   11   -8  -14   -3   -1  -13   23   -4  -11   11    5
    1    1    5    1    2    8    1   40    1    0      1261   11   12    1   10   13   -1  -13   20  -12   -6   -2    3  -15   11   -8   -8   11    3
    1    1    6    1    3    8    1   71    2    0       888   15   -3   -5   20    9   -5  -10    9   -7  -13   -3    0  -13   19   -3  -13   13    6
    1    1    7    1    2    2    1   16    2    1      1377   10   13   -9   14   14   -1  -13   20   -8   -5   -1    3  -14   11   -9   -7   11    4
    1    1    8    1    2    4    1   93    3    0      1526   10   13   -1   14   14   -2  -15   20  -13   -5    0    7  -14   11   -9   -7   10    5
    1    1    9    1    1    3    1   13    2    0      1960   13    2   -6   20   13   -3  -10   10  -11   -1    1    8   -9    3   -7   -8   12   10
    1    1   10    1    1    2    1   90    3    0      3159   13    3   -5   18   11   -4  -10   10  -10   -2   -6    5   -5    8   -1  -11   13    9
    1    1   11    1    1    4    1   89    1    1      2405   13    3   -5   19   14   -2  -10   10  -12   -1   -6    5   -6    8   -5  -10   12   11
    1    1   12    1    2    9    1   85    1    0      2387   10   13   -1   11   13   -1  -12   20  -12   -5    0    2  -12   11   -8   -7   11    4
    1    1   13    1    1    7    1   27    3    0       977   12    3   -4   17    9    3  -10   10  -11   -1   -4    3   -5    8   -5  -10   13    9
    1    1   14    1    1    1    1   82    2    0       999   13   -7    4   12   14   -2  -16    9  -11   -1   -6    0   -5    8   -6   -9   17    5
    1    1   15    1    1    9    1   97    1    1       797   10    0   -4   17   19    7  -10   11  -10   -2   -7    3  -10   16   -6   -9   13    9
    1    1   16    1    3    4    1    4    3    1      2107   15   -2   -5   19    8  -10  -10    8   -6  -14   -3    0  -13   18   -4  -12   11    6
    1    1   17    1    1    6    1   10    1    1      1205   13    2   -4   17   14   -2  -11   11  -11   -1   -5    5   -8    5   -7   -8   12    8
    1    1   18    1    3    9    1   69    2    0      1554   16   -3   -5   20    9   -5  -10    9   -6  -13   -1    8  -11   21   -3  -13   12    5
    1    1   19    1    1    5    1   61    3    0      1088   13    3   -6   21   23    3  -10   10  -11   -1   -6    4   -3    6   -6   -8   13    8
    1    1   20    1    3    3    1   65    3    1      3120   15   -2   -4   19   10   -5  -10    8   -5  -12   -3    0  -14   20   -2  -13   12    6
    1    1   21    1    3    5    1   82    1    0      2097   15   -3   -4   20    9   -4  -10    9   -6  -14   -3    0  -12   10   -3  -12   12    5
    1    1   22    1    2    5    1   47    1    0      1739   10   13    1   10   13   -1  -12   20  -11   -5   -1    4  -14   11   -9   -7   11    5
    1    1   23    1    3    1    1   80    1    0      2387   14   -1   -3   19    9   -5  -10    9   -6  -13   -2    0  -13   19   -3  -12   13    5
    1    1   24    1    3    6    1   89    3    1      1010   15   -2   -5   21    9   -4  -10    9   -7  -14   -3    0  -13   19   -4  -11   13    5
    1    1   25    1    3    7    1   64    3    1       856   15   -3   -5   20    8   -5  -10    8   -7  -11   -3    0  -13   19   -3  -12   13    4
    1    1   26    1    2    1    1   97    1    0      1331   10   13   -1   10   13   -1  -14   20  -12   -6   -2    4  -13   11   -9   -9   11    4
    1    1   27    1    2    7    1   14    2    1       717   11   14   -1   12   13   -3  -14   20  -12   -6    0    2  -14   11  -10   -7   12    5
    1    2    1    1    1    9    1   97    2    0      1758   10    0   -4   17   19    7  -10   11  -10   -2   -7    3  -10   16   -6   -9   13    9
    1    2    2    1    3    6    1   89    3    1       868   15   -2   -5   21    9   -4  -10    9   -7  -14   -3    0  -13   19   -4  -11   13    5
    1    2    3    1    1    7    1   27    2    0      1023   12    3   -4   17    9    3  -10   10  -11   -1   -4    3   -5    8   -5  -10   13    9
    1    2    4    1    3    1    1   80    2    0      1732   14   -1   -3   19    9   -5  -10    9   -6  -13   -2    0  -13   19   -3  -12   13    5
    1    2    5    1    2    7    1   14    1    0      2844   11   14   -1   12   13   -3  -14   20  -12   -6    0    2  -14   11  -10   -7   12    5
    1    2    6    1    2    5    1   47    1    0      2825   10   13    1   10   13   -1  -12   20  -11   -5   -1    4  -14   11   -9   -7   11    5
    1    2    7    1    1    5    1   61    3    0       871   13    3   -6   21   23    3  -10   10  -11   -1   -6    4   -3    6   -6   -8   13    8
    1    2    8    1    1    1    1   82    2    0       579   13   -7    4   12   14   -2  -16    9  -11   -1   -6    0   -5    8   -6   -9   17    5
    1    2    9    1    1    6    1   10    2    0       761   13    2   -4   17   14   -2  -11   11  -11   -1   -5    5   -8    5   -7   -8   12    8
    1    2   10    1    3    3    1   65    1    0        90   15   -2   -4   19   10   -5  -10    8   -5  -12   -3    0  -14   20   -2  -13   12    6
    1    2   11    1    1    3    1   13    2    0      4306   13    2   -6   20   13   -3  -10   10  -11   -1    1    8   -9    3   -7   -8   12   10
    1    2   12    1    3    8    1   71    3    1      2724   15   -3   -5   20    9   -5  -10    9   -7  -13   -3    0  -13   19   -3  -13   13    6
    1    2   13    1    2    9    1   85    1    0      2658   10   13   -1   11   13   -1  -12   20  -12   -5    0    2  -12   11   -8   -7   11    4
    1    2   14    1    2    2    1   16    2    1      1444   10   13   -9   14   14   -1  -13   20   -8   -5   -1    3  -14   11   -9   -7   11    4
    1    2   15    1    3    4    1    4    3    1       969   15   -2   -5   19    8  -10  -10    8   -6  -14   -3    0  -13   18   -4  -12   11    6
    1    2   16    1    2    6    1   77    1    0      1470   10   14    3    3   13   -2  -12   19  -12   -5   -1    4  -15   13   -8   -7   11    4
    1    2   17    1    1    4    1   89    1    1      1437   13    3   -5   19   14   -2  -10   10  -12   -1   -6    5   -6    8   -5  -10   12   11
    1    2   18    1    1    2    1   90    1    1      1264   13    3   -5   18   11   -4  -10   10  -10   -2   -6    5   -5    8   -1  -11   13    9
    1    2   19    1    2    8    1   40    2    1      1786   11   12    1   10   13   -1  -13   20  -12   -6   -2    3  -15   11   -8   -8   11    3
    1    2   20    1    2    4    1   93    3    0      3840   10   13   -1   14   14   -2  -15   20  -13   -5    0    7  -14   11   -9   -7   10    5
    1    2   21    1    2    1    1   97    2    1       755   10   13   -1   10   13   -1  -14   20  -12   -6   -2    4  -13   11   -9   -9   11    4
    1    2   22    1    3    7    1   64    2    0      2292   15   -3   -5   20    8   -5  -10    8   -7  -11   -3    0  -13   19   -3  -12   13    4
    1    2   23    1    3    9    1   69    3    1      1062   16   -3   -5   20    9   -5  -10    9   -6  -13   -1    8  -11   21   -3  -13   12    5
    1    2   24    1    2    3    1   96    2    1      2825   10   14    0   11   12    0  -14   20  -12   -4   -1    3  -13   10   -9   -7   11    4
    1    2   25    1    3    5    1   82    3    1      1702   15   -3   -4   20    9   -4  -10    9   -6  -14   -3    0  -12   10   -3  -12   12    5
    1    2   26    1    1    8    1   51    1    1      1455   13    3   -5   18   13   -1  -16    3  -10   -2   -5    4   -5    7   -6   -9   13   10
    1    2   27    1    3    2    1   95    1    0      1441   14   -2   -5   20    9   -4  -10   11   -8  -14   -3   -1  -13   23   -4  -11   11    5
    1    3    1    1    1    8    1   51    1    1      1091   13    3   -5   18   13   -1  -16    3  -10   -2   -5    4   -5    7   -6   -9   13   10
    1    3    2    1    3    3    1   65    3    1      1236   15   -2   -4   19   10   -5  -10    8   -5  -12   -3    0  -14   20   -2  -13   12    6
    1    3    3    1    2    1    1   97    2    1       927   10   13   -1   10   13   -1  -14   20  -12   -6   -2    4  -13   11   -9   -9   11    4
    1    3    4    1    1    3    1   13    3    0      2312   13    2   -6   20   13   -3  -10   10  -11   -1    1    8   -9    3   -7   -8   12   10
    1    3    5    1    2    8    1   40    3    0      1161   11   12    1   10   13   -1  -13   20  -12   -6   -2    3  -15   11   -8   -8   11    3
    1    3    6    1    1    6    1   10    3    0       711   13    2   -4   17   14   -2  -11   11  -11   -1   -5    5   -8    5   -7   -8   12    8
    1    3    7    1    2    5    1   47    3    0      1544   10   13    1   10   13   -1  -12   20  -11   -5   -1    4  -14   11   -9   -7   11    5
    1    3    8    1    2    7    1   14    2    1      1210   11   14   -1   12   13   -3  -14   20  -12   -6    0    2  -14   11  -10   -7   12    5
    1    3    9    1    1    5    1   61    1    1      1672   13    3   -6   21   23    3  -10   10  -11   -1   -6    4   -3    6   -6   -8   13    8
    1    3   10    1    3    4    1    4    1    0      6386   15   -2   -5   19    8  -10  -10    8   -6  -14   -3    0  -13   18   -4  -12   11    6
    1    3   11    1    1    2    1   90    3    0      1233   13    3   -5   18   11   -4  -10   10  -10   -2   -6    5   -5    8   -1  -11   13    9
    1    3   12    1    3    5    1   82    2    0      3900   15   -3   -4   20    9   -4  -10    9   -6  -14   -3    0  -12   10   -3  -12   12    5
    1    3   13    1    2    9    1   85    2    1      2636   10   13   -1   11   13   -1  -12   20  -12   -5    0    2  -12   11   -8   -7   11    4
    1    3   14    1    3    7    1   64    3    1      4146   15   -3   -5   20    8   -5  -10    8   -7  -11   -3    0  -13   19   -3  -12   13    4
    1    3   15    1    3    9    1   69    3    1       922   16   -3   -5   20    9   -5  -10    9   -6  -13   -1    8  -11   21   -3  -13   12    5
    1    3   16    1    3    6    1   89    3    1      3796   15   -2   -5   21    9   -4  -10    9   -7  -14   -3    0  -13   19   -4  -11   13    5
    1    3   17    1    2    4    1   93    1    0      1643   10   13   -1   14   14   -2  -15   20  -13   -5    0    7  -14   11   -9   -7   10    5
    1    3   18    1    3    8    1   71    1    0      1894   15   -3   -5   20    9   -5  -10    9   -7  -13   -3    0  -13   19   -3  -13   13    6
    1    3   19    1    1    9    1   97    2    0      1354   10    0   -4   17   19    7  -10   11  -10   -2   -7    3  -10   16   -6   -9   13    9
    1    3   20    1    1    1    1   82    3    0      1074   13   -7    4   12   14   -2  -16    9  -11   -1   -6    0   -5    8   -6   -9   17    5
    1    3   21    1    2    3    1   96    2    1      4166   10   14    0   11   12    0  -14   20  -12   -4   -1    3  -13   10   -9   -7   11    4
    1    3   22    1    3    1    1   80    1    0      2142   14   -1   -3   19    9   -5  -10    9   -6  -13   -2    0  -13   19   -3  -12   13    5
    1    3   23    1    3    2    1   95    3    1       834   14   -2   -5   20    9   -4  -10   11   -8  -14   -3   -1  -13   23   -4  -11   11    5
    1    3   24    1    2    6    1   77    3    0      2176   10   14    3    3   13   -2  -12   19  -12   -5   -1    4  -15   13   -8   -7   11    4
    1    3   25    1    2    2    1   16    2    1      1016   10   13   -9   14   14   -1  -13   20   -8   -5   -1    3  -14   11   -9   -7   11    4
    1    3   26    1    1    4    1   89    1    1      1262   13    3   -5   19   14   -2  -10   10  -12   -1   -6    5   -6    8   -5  -10   12   11
    1    3   27    1    1    7    1   27    3    0      1241   12    3   -4   17    9    3  -10   10  -11   -1   -4    3   -5    8   -5  -10   13    9
    1    4    1    1    1    1    1   82    1    1      1334   13   -7    4   12   14   -2  -16    9  -11   -1   -6    0   -5    8   -6   -9   17    5
    1    4    2    1    1    3    1   13    1    1       783   13    2   -6   20   13   -3  -10   10  -11   -1    1    8   -9    3   -7   -8   12   10
    1    4    3    1    3    4    1    4    3    1      2237   15   -2   -5   19    8  -10  -10    8   -6  -14   -3    0  -13   18   -4  -12   11    6
    1    4    4    1    2    2    1   16    2    1      1811   10   13   -9   14   14   -1  -13   20   -8   -5   -1    3  -14   11   -9   -7   11    4
    1    4    5    1    2    5    1   47    2    1      1034   10   13    1   10   13   -1  -12   20  -11   -5   -1    4  -14   11   -9   -7   11    5
    1    4    6    1    3    3    1   65    3    1      2657   15   -2   -4   19   10   -5  -10    8   -5  -12   -3    0  -14   20   -2  -13   12    6
    1    4    7    1    3    1    1   80    3    1       869   14   -1   -3   19    9   -5  -10    9   -6  -13   -2    0  -13   19   -3  -12   13    5
    1    4    8    1    3    6    1   89    3    1       849   15   -2   -5   21    9   -4  -10    9   -7  -14   -3    0  -13   19   -4  -11   13    5
    1    4    9    1    1    5    1   61    1    1      1629   13    3   -6   21   23    3  -10   10  -11   -1   -6    4   -3    6   -6   -8   13    8
    1    4   10    1    1    9    1   97    1    1      2457   10    0   -4   17   19    7  -10   11  -10   -2   -7    3  -10   16   -6   -9   13    9
    1    4   11    1    2    3    1   96    2    1       981   10   14    0   11   12    0  -14   20  -12   -4   -1    3  -13   10   -9   -7   11    4
    1    4   12    1    1    8    1   51    1    1      2059   13    3   -5   18   13   -1  -16    3  -10   -2   -5    4   -5    7   -6   -9   13   10
    1    4   13    1    3    8    1   71    3    1      1031   15   -3   -5   20    9   -5  -10    9   -7  -13   -3    0  -13   19   -3  -13   13    6
    1    4   14    1    3    5    1   82    3    1      1259   15   -3   -4   20    9   -4  -10    9   -6  -14   -3    0  -12   10   -3  -12   12    5
    1    4   15    1    2    6    1   77    2    1       790   10   14    3    3   13   -2  -12   19  -12   -5   -1    4  -15   13   -8   -7   11    4
    1    4   16    1    2    8    1   40    2    1      1317   11   12    1   10   13   -1  -13   20  -12   -6   -2    3  -15   11   -8   -8   11    3
    1    4   17    1    3    2    1   95    1    0      1455   14   -2   -5   20    9   -4  -10   11   -8  -14   -3   -1  -13   23   -4  -11   11    5
    1    4   18    1    3    7    1   64    3    1       723   15   -3   -5   20    8   -5  -10    8   -7  -11   -3    0  -13   19   -3  -12   13    4
    1    4   19    1    1    7    1   27    1    1      1397   12    3   -4   17    9    3  -10   10  -11   -1   -4    3   -5    8   -5  -10   13    9
    1    4   20    1    1    2    1   90    3    0      2410   13    3   -5   18   11   -4  -10   10  -10   -2   -6    5   -5    8   -1  -11   13    9
    1    4   21    1    2    9    1   85    2    1      1032   10   13   -1   11   13   -1  -12   20  -12   -5    0    2  -12   11   -8   -7   11    4
    1    4   22    1    2    4    1   93    2    1      1453   10   13   -1   14   14   -2  -15   20  -13   -5    0    7  -14   11   -9   -7   10    5
    1    4   23    1    2    1    1   97    3    0      1295   10   13   -1   10   13   -1  -14   20  -12   -6   -2    4  -13   11   -9   -9   11    4
    1    4   24    1    1    4    1   89    2    0      3769   13    3   -5   19   14   -2  -10   10  -12   -1   -6    5   -6    8   -5  -10   12   11
    1    4   25    1    3    9    1   69    3    1      1139   16   -3   -5   20    9   -5  -10    9   -6  -13   -1    8  -11   21   -3  -13   12    5
    1    4   26    1    2    7    1   14    2    1      5571   11   14   -1   12   13   -3  -14   20  -12   -6    0    2  -14   11  -10   -7   12    5
    1    4   27    1    1    6    1   10    1    1      1393   13    2   -4   17   14   -2  -11   11  -11   -1   -5    5   -8    5   -7   -8   12    8
    1    5    1    1    1    4    1   89    1    1       838   13    3   -5   19   14   -2  -10   10  -12   -1   -6    5   -6    8   -5  -10   12   11
    1    5    2    1    1    9    1   97    1    1      2065   10    0   -4   17   19    7  -10   11  -10   -2   -7    3  -10   16   -6   -9   13    9
    1    5    3    1    3    8    1   71    3    1      1691   15   -3   -5   20    9   -5  -10    9   -7  -13   -3    0  -13   19   -3  -13   13    6
    1    5    4    1    3    3    1   65    3    1       886   15   -2   -4   19   10   -5  -10    8   -5  -12   -3    0  -14   20   -2  -13   12    6
    1    5    5    1    1    2    1   90    1    1      3041   13    3   -5   18   11   -4  -10   10  -10   -2   -6    5   -5    8   -1  -11   13    9
    1    5    6    1    3    9    1   69    3    1      1140   16   -3   -5   20    9   -5  -10    9   -6  -13   -1    8  -11   21   -3  -13   12    5
    1    5    7    1    2    7    1   14    2    1       820   11   14   -1   12   13   -3  -14   20  -12   -6    0    2  -14   11  -10   -7   12    5
    1    5    8    1    3    6    1   89    3    1       896   15   -2   -5   21    9   -4  -10    9   -7  -14   -3    0  -13   19   -4  -11   13    5
    1    5    9    1    1    3    1   13    3    0      1611   13    2   -6   20   13   -3  -10   10  -11   -1    1    8   -9    3   -7   -8   12   10
    1    5   10    1    3    7    1   64    3    1      1400   15   -3   -5   20    8   -5  -10    8   -7  -11   -3    0  -13   19   -3  -12   13    4
    1    5   11    1    2    6    1   77    3    0      2014   10   14    3    3   13   -2  -12   19  -12   -5   -1    4  -15   13   -8   -7   11    4
    1    5   12    1    3    5    1   82    3    1      2778   15   -3   -4   20    9   -4  -10    9   -6  -14   -3    0  -12   10   -3  -12   12    5
    1    5   13    1    2    5    1   47    2    1      1801   10   13    1   10   13   -1  -12   20  -11   -5   -1    4  -14   11   -9   -7   11    5
    1    5   14    1    3    2    1   95    3    1       847   14   -2   -5   20    9   -4  -10   11   -8  -14   -3   -1  -13   23   -4  -11   11    5
    1    5   15    1    2    8    1   40    2    1      2396   11   12    1   10   13   -1  -13   20  -12   -6   -2    3  -15   11   -8   -8   11    3
    1    5   16    1    1    1    1   82    1    1      2569   13   -7    4   12   14   -2  -16    9  -11   -1   -6    0   -5    8   -6   -9   17    5
    1    5   17    1    1    6    1   10    1    1       732   13    2   -4   17   14   -2  -11   11  -11   -1   -5    5   -8    5   -7   -8   12    8
    1    5   18    1    1    5    1   61    1    1      1290   13    3   -6   21   23    3  -10   10  -11   -1   -6    4   -3    6   -6   -8   13    8
    1    5   19    1    2    4    1   93    2    1      3427   10   13   -1   14   14   -2  -15   20  -13   -5    0    7  -14   11   -9   -7   10    5
    1    5   20    1    3    1    1   80    3    1       821   14   -1   -3   19    9   -5  -10    9   -6  -13   -2    0  -13   19   -3  -12   13    5
    1    5   21    1    2    3    1   96    2    1      1539   10   14    0   11   12    0  -14   20  -12   -4   -1    3  -13   10   -9   -7   11    4
    1    5   22    1    3    4    1    4    3    1       853   15   -2   -5   19    8  -10  -10    8   -6  -14   -3    0  -13   18   -4  -12   11    6
    1    5   23    1    2    1    1   97    3    0       961   10   13   -1   10   13   -1  -14   20  -12   -6   -2    4  -13   11   -9   -9   11    4
    1    5   24    1    1    7    1   27    1    1       875   12    3   -4   17    9    3  -10   10  -11   -1   -4    3   -5    8   -5  -10   13    9
    1    5   25    1    1    8    1   51    3    0      1751   13    3   -5   18   13   -1  -16    3  -10   -2   -5    4   -5    7   -6   -9   13   10
    1    5   26    1    2    2    1   16    2    1      1711   10   13   -9   14   14   -1  -13   20   -8   -5   -1    3  -14   11   -9   -7   11    4
    1    5   27    1    2    9    1   85    2    1       841   10   13   -1   11   13   -1  -12   20  -12   -5    0    2  -12   11   -8   -7   11    4
    1    6    1    1    2    2    1   16    2    1      3303   10   13   -9   14   14   -1  -13   20   -8   -5   -1    3  -14   11   -9   -7   11    4
    1    6    2    1    1    1    1   82    1    1      2159   13   -7    4   12   14   -2  -16    9  -11   -1   -6    0   -5    8   -6   -9   17    5
    1    6    3    1    3    2    1   95    3    1      9588   14   -2   -5   20    9   -4  -10   11   -8  -14   -3   -1  -13   23   -4  -11   11    5
    1    6    4    1    1    8    1   51    1    1       977   13    3   -5   18   13   -1  -16    3  -10   -2   -5    4   -5    7   -6   -9   13   10
    1    6    5    1    3    1    1   80    3    1       663   14   -1   -3   19    9   -5  -10    9   -6  -13   -2    0  -13   19   -3  -12   13    5
    1    6    6    1    1    2    1   90    3    0      4218   13    3   -5   18   11   -4  -10   10  -10   -2   -6    5   -5    8   -1  -11   13    9
    1    6    7    1    3    8    1   71    3    1       940   15   -3   -5   20    9   -5  -10    9   -7  -13   -3    0  -13   19   -3  -13   13    6
    1    6    8    1    1    7    1   27    1    1      1219   12    3   -4   17    9    3  -10   10  -11   -1   -4    3   -5    8   -5  -10   13    9
    1    6    9    1    3    5    1   82    3    1      2287   15   -3   -4   20    9   -4  -10    9   -6  -14   -3    0  -12   10   -3  -12   12    5
    1    6   10    1    2    8    1   40    2    1      1392   11   12    1   10   13   -1  -13   20  -12   -6   -2    3  -15   11   -8   -8   11    3
    1    6   11    1    2    6    1   77    2    1       886   10   14    3    3   13   -2  -12   19  -12   -5   -1    4  -15   13   -8   -7   11    4
    1    6   12    1    1    9    1   97    1    1      2064   10    0   -4   17   19    7  -10   11  -10   -2   -7    3  -10   16   -6   -9   13    9
    1    6   13    1    3    4    1    4    3    1       730   15   -2   -5   19    8  -10  -10    8   -6  -14   -3    0  -13   18   -4  -12   11    6
    1    6   14    1    1    4    1   89    1    1      1755   13    3   -5   19   14   -2  -10   10  -12   -1   -6    5   -6    8   -5  -10   12   11
    1    6   15    1    2    5    1   47    2    1      1649   10   13    1   10   13   -1  -12   20  -11   -5   -1    4  -14   11   -9   -7   11    5
    1    6   16    1    1    5    1   61    1    1      1068   13    3   -6   21   23    3  -10   10  -11   -1   -6    4   -3    6   -6   -8   13    8
    1    6   17    1    2    1    1   97    3    0       702   10   13   -1   10   13   -1  -14   20  -12   -6   -2    4  -13   11   -9   -9   11    4
    1    6   18    1    1    3    1   13    3    0      1645   13    2   -6   20   13   -3  -10   10  -11   -1    1    8   -9    3   -7   -8   12   10
    1    6   19    1    3    7    1   64    3    1      1064   15   -3   -5   20    8   -5  -10    8   -7  -11   -3    0  -13   19   -3  -12   13    4
    1    6   20    1    2    9    1   85    2    1      2522   10   13   -1   11   13   -1  -12   20  -12   -5    0    2  -12   11   -8   -7   11    4
    1    6   21    1    3    6    1   89    3    1      1280   15   -2   -5   21    9   -4  -10    9   -7  -14   -3    0  -13   19   -4  -11   13    5
    1    6   22    1    2    4    1   93    2    1      1079   10   13   -1   14   14   -2  -15   20  -13   -5    0    7  -14   11   -9   -7   10    5
    1    6   23    1    3    3    1   65    2    0       741   15   -2   -4   19   10   -5  -10    8   -5  -12   -3    0  -14   20   -2  -13   12    6
    1    6   24    1    2    7    1   14    2    1      1062   11   14   -1   12   13   -3  -14   20  -12   -6    0    2  -14   11  -10   -7   12    5
    1    6   25    1    1    6    1   10    1    1      1334   13    2   -4   17   14   -2  -11   11  -11   -1   -5    5   -8    5   -7   -8   12    8
    1    6   26    1    3    9    1   69    3    1      3130   16   -3   -5   20    9   -5  -10    9   -6  -13   -1    8  -11   21   -3  -13   12    5
    1    6   27    1    2    3    1   96    2    1      1346   10   14    0   11   12    0  -14   20  -12   -4   -1    3  -13   10   -9   -7   11    4
    1    7    1    1    1    2    1   90    3    0      2266   13    3   -5   18   11   -4  -10   10  -10   -2   -6    5   -5    8   -1  -11   13    9
    1    7    2    1    2    1    1   97    2    1      1198   10   13   -1   10   13   -1  -14   20  -12   -6   -2    4  -13   11   -9   -9   11    4
    1    7    3    1    3    3    1   65    3    1       749   15   -2   -4   19   10   -5  -10    8   -5  -12   -3    0  -14   20   -2  -13   12    6
    1    7    4    1    1    4    1   89    1    1      1438   13    3   -5   19   14   -2  -10   10  -12   -1   -6    5   -6    8   -5  -10   12   11
    1    7    5    1    1    6    1   10    1    1       851   13    2   -4   17   14   -2  -11   11  -11   -1   -5    5   -8    5   -7   -8   12    8
    1    7    6    1    2    4    1   93    2    1      1423   10   13   -1   14   14   -2  -15   20  -13   -5    0    7  -14   11   -9   -7   10    5
    1    7    7    1    2    5    1   47    2    1      1012   10   13    1   10   13   -1  -12   20  -11   -5   -1    4  -14   11   -9   -7   11    5
    1    7    8    1    3    7    1   64    3    1       794   15   -3   -5   20    8   -5  -10    8   -7  -11   -3    0  -13   19   -3  -12   13    4
    1    7    9    1    3    1    1   80    3    1       665   14   -1   -3   19    9   -5  -10    9   -6  -13   -2    0  -13   19   -3  -12   13    5
    1    7   10    1    2    2    1   16    3    0       782   10   13   -9   14   14   -1  -13   20   -8   -5   -1    3  -14   11   -9   -7   11    4
    1    7   11    1    1    3    1   13    2    0       732   13    2   -6   20   13   -3  -10   10  -11   -1    1    8   -9    3   -7   -8   12   10
    1    7   12    1    2    9    1   85    2    1      1133   10   13   -1   11   13   -1  -12   20  -12   -5    0    2  -12   11   -8   -7   11    4
    1    7   13    1    1    5    1   61    1    1       798   13    3   -6   21   23    3  -10   10  -11   -1   -6    4   -3    6   -6   -8   13    8
    1    7   14    1    3    8    1   71    3    1       812   15   -3   -5   20    9   -5  -10    9   -7  -13   -3    0  -13   19   -3  -13   13    6
    1    7   15    1    3    9    1   69    3    1       634   16   -3   -5   20    9   -5  -10    9   -6  -13   -1    8  -11   21   -3  -13   12    5
    1    7   16    1    2    7    1   14    2    1       655   11   14   -1   12   13   -3  -14   20  -12   -6    0    2  -14   11  -10   -7   12    5
    1    7   17    1    2    3    1   96    2    1       753   10   14    0   11   12    0  -14   20  -12   -4   -1    3  -13   10   -9   -7   11    4
    1    7   18    1    1    9    1   97    1    1       946   10    0   -4   17   19    7  -10   11  -10   -2   -7    3  -10   16   -6   -9   13    9
    1    7   19    1    3    4    1    4    3    1       778   15   -2   -5   19    8  -10  -10    8   -6  -14   -3    0  -13   18   -4  -12   11    6
    1    7   20    1    1    7    1   27    1    1      1562   12    3   -4   17    9    3  -10   10  -11   -1   -4    3   -5    8   -5  -10   13    9
    1    7   21    1    2    8    1   40    3    0       967   11   12    1   10   13   -1  -13   20  -12   -6   -2    3  -15   11   -8   -8   11    3
    1    7   22    1    1    1    1   82    1    1      1678   13   -7    4   12   14   -2  -16    9  -11   -1   -6    0   -5    8   -6   -9   17    5
    1    7   23    1    3    6    1   89    3    1       873   15   -2   -5   21    9   -4  -10    9   -7  -14   -3    0  -13   19   -4  -11   13    5
    1    7   24    1    3    5    1   82    3    1       786   15   -3   -4   20    9   -4  -10    9   -6  -14   -3    0  -12   10   -3  -12   12    5
    1    7   25    1    3    2    1   95    1    0      2334   14   -2   -5   20    9   -4  -10   11   -8  -14   -3   -1  -13   23   -4  -11   11    5
    1    7   26    1    1    8    1   51    1    1      1578   13    3   -5   18   13   -1  -16    3  -10   -2   -5    4   -5    7   -6   -9   13   10
    1    7   27    1    2    6    1   77    2    1      5203   10   14    3    3   13   -2  -12   19  -12   -5   -1    4  -15   13   -8   -7   11    4
    1    8    1    1    2    5    1   47    2    1      4367   10   13    1   10   13   -1  -12   20  -11   -5   -1    4  -14   11   -9   -7   11    5
    1    8    2    1    3    1    1   80    3    1       833   14   -1   -3   19    9   -5  -10    9   -6  -13   -2    0  -13   19   -3  -12   13    5
    1    8    3    1    2    8    1   40    3    0      1070   11   12    1   10   13   -1  -13   20  -12   -6   -2    3  -15   11   -8   -8   11    3
    1    8    4    1    2    3    1   96    2    1       722   10   14    0   11   12    0  -14   20  -12   -4   -1    3  -13   10   -9   -7   11    4
    1    8    5    1    3    6    1   89    3    1       739   15   -2   -5   21    9   -4  -10    9   -7  -14   -3    0  -13   19   -4  -11   13    5
    1    8    6    1    1    6    1   10    1    1       885   13    2   -4   17   14   -2  -11   11  -11   -1   -5    5   -8    5   -7   -8   12    8
    1    8    7    1    1    4    1   89    1    1       686   13    3   -5   19   14   -2  -10   10  -12   -1   -6    5   -6    8   -5  -10   12   11
    1    8    8    1    1    3    1   13    1    1      1664   13    2   -6   20   13   -3  -10   10  -11   -1    1    8   -9    3   -7   -8   12   10
    1    8    9    1    1    1    1   82    1    1      1802   13   -7    4   12   14   -2  -16    9  -11   -1   -6    0   -5    8   -6   -9   17    5
    1    8   10    1    2    6    1   77    2    1       783   10   14    3    3   13   -2  -12   19  -12   -5   -1    4  -15   13   -8   -7   11    4
    1    8   11    1    3    3    1   65    3    1       638   15   -2   -4   19   10   -5  -10    8   -5  -12   -3    0  -14   20   -2  -13   12    6
    1    8   12    1    3    8    1   71    3    1       594   15   -3   -5   20    9   -5  -10    9   -7  -13   -3    0  -13   19   -3  -13   13    6
    1    8   13    1    1    2    1   90    1    1      1161   13    3   -5   18   11   -4  -10   10  -10   -2   -6    5   -5    8   -1  -11   13    9
    1    8   14    1    3    7    1   64    3    1       648   15   -3   -5   20    8   -5  -10    8   -7  -11   -3    0  -13   19   -3  -12   13    4
    1    8   15    1    1    8    1   51    1    1       861   13    3   -5   18   13   -1  -16    3  -10   -2   -5    4   -5    7   -6   -9   13   10
    1    8   16    1    2    4    1   93    3    0      1096   10   13   -1   14   14   -2  -15   20  -13   -5    0    7  -14   11   -9   -7   10    5
    1    8   17    1    3    5    1   82    3    1       730   15   -3   -4   20    9   -4  -10    9   -6  -14   -3    0  -12   10   -3  -12   12    5
    1    8   18    1    3    4    1    4    3    1       810   15   -2   -5   19    8  -10  -10    8   -6  -14   -3    0  -13   18   -4  -12   11    6
    1    8   19    1    2    9    1   85    2    1      1207   10   13   -1   11   13   -1  -12   20  -12   -5    0    2  -12   11   -8   -7   11    4
    1    8   20    1    1    7    1   27    1    1      1238   12    3   -4   17    9    3  -10   10  -11   -1   -4    3   -5    8   -5  -10   13    9
    1    8   21    1    2    7    1   14    2    1      1234   11   14   -1   12   13   -3  -14   20  -12   -6    0    2  -14   11  -10   -7   12    5
    1    8   22    1    2    1    1   97    2    1      1328   10   13   -1   10   13   -1  -14   20  -12   -6   -2    4  -13   11   -9   -9   11    4
    1    8   23    1    1    9    1   97    1    1       840   10    0   -4   17   19    7  -10   11  -10   -2   -7    3  -10   16   -6   -9   13    9
    1    8   24    1    1    5    1   61    1    1      1012   13    3   -6   21   23    3  -10   10  -11   -1   -6    4   -3    6   -6   -8   13    8
    1    8   25    1    3    9    1   69    3    1       793   16   -3   -5   20    9   -5  -10    9   -6  -13   -1    8  -11   21   -3  -13   12    5
    1    8   26    1    3    2    1   95    3    1      2632   14   -2   -5   20    9   -4  -10   11   -8  -14   -3   -1  -13   23   -4  -11   11    5
    1    8   27    1    2    2    1   16    3    0       875   10   13   -9   14   14   -1  -13   20   -8   -5   -1    3  -14   11   -9   -7   11    4
    1    9    1    1    3    7    1   64    3    1       725   15   -3   -5   20    8   -5  -10    8   -7  -11   -3    0  -13   19   -3  -12   13    4
    1    9    2    1    1    2    1   90    1    1      1492   13    3   -5   18   11   -4  -10   10  -10   -2   -6    5   -5    8   -1  -11   13    9
    1    9    3    1    3    3    1   65    3    1       868   15   -2   -4   19   10   -5  -10    8   -5  -12   -3    0  -14   20   -2  -13   12    6
    1    9    4    1    3    4    1    4    3    1       641   15   -2   -5   19    8  -10  -10    8   -6  -14   -3    0  -13   18   -4  -12   11    6
    1    9    5    1    2    8    1   40    2    1       804   11   12    1   10   13   -1  -13   20  -12   -6   -2    3  -15   11   -8   -8   11    3
    1    9    6    1    1    9    1   97    3    0      1152   10    0   -4   17   19    7  -10   11  -10   -2   -7    3  -10   16   -6   -9   13    9
    1    9    7    1    1    4    1   89    1    1     11900   13    3   -5   19   14   -2  -10   10  -12   -1   -6    5   -6    8   -5  -10   12   11
    1    9    8    1    2    1    1   97    2    1       894   10   13   -1   10   13   -1  -14   20  -12   -6   -2    4  -13   11   -9   -9   11    4
    1    9    9    1    1    1    1   82    1    1      1017   13   -7    4   12   14   -2  -16    9  -11   -1   -6    0   -5    8   -6   -9   17    5
    1    9   10    1    1    6    1   10    1    1       864   13    2   -4   17   14   -2  -11   11  -11   -1   -5    5   -8    5   -7   -8   12    8
    1    9   11    1    1    7    1   27    1    1       588   12    3   -4   17    9    3  -10   10  -11   -1   -4    3   -5    8   -5  -10   13    9
    1    9   12    1    1    5    1   61    1    1       563   13    3   -6   21   23    3  -10   10  -11   -1   -6    4   -3    6   -6   -8   13    8
    1    9   13    1    3    5    1   82    3    1       843   15   -3   -4   20    9   -4  -10    9   -6  -14   -3    0  -12   10   -3  -12   12    5
    1    9   14    1    3    9    1   69    3    1       599   16   -3   -5   20    9   -5  -10    9   -6  -13   -1    8  -11   21   -3  -13   12    5
    1    9   15    1    2    3    1   96    2    1       430   10   14    0   11   12    0  -14   20  -12   -4   -1    3  -13   10   -9   -7   11    4
    1    9   16    1    3    2    1   95    3    1       475   14   -2   -5   20    9   -4  -10   11   -8  -14   -3   -1  -13   23   -4  -11   11    5
    1    9   17    1    3    6    1   89    3    1       631   15   -2   -5   21    9   -4  -10    9   -7  -14   -3    0  -13   19   -4  -11   13    5
    1    9   18    1    2    9    1   85    2    1       573   10   13   -1   11   13   -1  -12   20  -12   -5    0    2  -12   11   -8   -7   11    4
    1    9   19    1    3    8    1   71    3    1       659   15   -3   -5   20    9   -5  -10    9   -7  -13   -3    0  -13   19   -3  -13   13    6
    1    9   20    1    3    1    1   80    3    1       505   14   -1   -3   19    9   -5  -10    9   -6  -13   -2    0  -13   19   -3  -12   13    5
    1    9   21    1    2    7    1   14    2    1       882   11   14   -1   12   13   -3  -14   20  -12   -6    0    2  -14   11  -10   -7   12    5
    1    9   22    1    1    3    1   13    3    0       829   13    2   -6   20   13   -3  -10   10  -11   -1    1    8   -9    3   -7   -8   12   10
    1    9   23    1    2    4    1   93    2    1       940   10   13   -1   14   14   -2  -15   20  -13   -5    0    7  -14   11   -9   -7   10    5
    1    9   24    1    2    2    1   16    3    0       661   10   13   -9   14   14   -1  -13   20   -8   -5   -1    3  -14   11   -9   -7   11    4
    1    9   25    1    1    8    1   51    1    1       795   13    3   -5   18   13   -1  -16    3  -10   -2   -5    4   -5    7   -6   -9   13   10
    1    9   26    1    2    5    1   47    2    1      1866   10   13    1   10   13   -1  -12   20  -11   -5   -1    4  -14   11   -9   -7   11    5
    1    9   27    1    2    6    1   77    2    1      2286   10   14    3    3   13   -2  -12   19  -12   -5   -1    4  -15   13   -8   -7   11    4
    1   10    1    1    1    8    1   51    1    1       690   13    3   -5   18   13   -1  -16    3  -10   -2   -5    4   -5    7   -6   -9   13   10
    1   10    2    1    3    2    1   95    3    1       966   14   -2   -5   20    9   -4  -10   11   -8  -14   -3   -1  -13   23   -4  -11   11    5
    1   10    3    1    2    5    1   47    1    0      1502   10   13    1   10   13   -1  -12   20  -11   -5   -1    4  -14   11   -9   -7   11    5
    1   10    4    1    3    4    1    4    3    1       719   15   -2   -5   19    8  -10  -10    8   -6  -14   -3    0  -13   18   -4  -12   11    6
    1   10    5    1    2    9    1   85    2    1      1569   10   13   -1   11   13   -1  -12   20  -12   -5    0    2  -12   11   -8   -7   11    4
    1   10    6    1    2    7    1   14    2    1       736   11   14   -1   12   13   -3  -14   20  -12   -6    0    2  -14   11  -10   -7   12    5
    1   10    7    1    3    8    1   71    1    0      7968   15   -3   -5   20    9   -5  -10    9   -7  -13   -3    0  -13   19   -3  -13   13    6
    1   10    8    1    2    2    1   16    2    1      3648   10   13   -9   14   14   -1  -13   20   -8   -5   -1    3  -14   11   -9   -7   11    4
    1   10    9    1    1    3    1   13    2    0      2235   13    2   -6   20   13   -3  -10   10  -11   -1    1    8   -9    3   -7   -8   12   10
    1   10   10    1    3    1    1   80    3    1       831   14   -1   -3   19    9   -5  -10    9   -6  -13   -2    0  -13   19   -3  -12   13    5
    1   10   11    1    3    3    1   65    3    1       810   15   -2   -4   19   10   -5  -10    8   -5  -12   -3    0  -14   20   -2  -13   12    6
    1   10   12    1    1    7    1   27    1    1      2122   12    3   -4   17    9    3  -10   10  -11   -1   -4    3   -5    8   -5  -10   13    9
    1   10   13    1    3    5    1   82    3    1      1091   15   -3   -4   20    9   -4  -10    9   -6  -14   -3    0  -12   10   -3  -12   12    5
    1   10   14    1    1    2    1   90    1    1      1687   13    3   -5   18   11   -4  -10   10  -10   -2   -6    5   -5    8   -1  -11   13    9
    1   10   15    1    2    6    1   77    2    1      1361   10   14    3    3   13   -2  -12   19  -12   -5   -1    4  -15   13   -8   -7   11    4
    1   10   16    1    3    7    1   64    3    1       920   15   -3   -5   20    8   -5  -10    8   -7  -11   -3    0  -13   19   -3  -12   13    4
    1   10   17    1    3    6    1   89    3    1      1024   15   -2   -5   21    9   -4  -10    9   -7  -14   -3    0  -13   19   -4  -11   13    5
    1   10   18    1    1    4    1   89    1    1      1061   13    3   -5   19   14   -2  -10   10  -12   -1   -6    5   -6    8   -5  -10   12   11
    1   10   19    1    3    9    1   69    3    1      1976   16   -3   -5   20    9   -5  -10    9   -6  -13   -1    8  -11   21   -3  -13   12    5
    1   10   20    1    2    8    1   40    2    1      1542   11   12    1   10   13   -1  -13   20  -12   -6   -2    3  -15   11   -8   -8   11    3
    1   10   21    1    1    5    1   61    1    1      1944   13    3   -6   21   23    3  -10   10  -11   -1   -6    4   -3    6   -6   -8   13    8
    1   10   22    1    1    1    1   82    1    1      2678   13   -7    4   12   14   -2  -16    9  -11   -1   -6    0   -5    8   -6   -9   17    5
    1   10   23    1    2    1    1   97    2    1      1625   10   13   -1   10   13   -1  -14   20  -12   -6   -2    4  -13   11   -9   -9   11    4
    1   10   24    1    2    3    1   96    2    1       949   10   14    0   11   12    0  -14   20  -12   -4   -1    3  -13   10   -9   -7   11    4
    1   10   25    1    1    9    1   97    1    1      1390   10    0   -4   17   19    7  -10   11  -10   -2   -7    3  -10   16   -6   -9   13    9
    1   10   26    1    1    6    1   10    1    1       898   13    2   -4   17   14   -2  -11   11  -11   -1   -5    5   -8    5   -7   -8   12    8
    1   10   27    1    2    4    1   93    2    1      1019   10   13   -1   14   14   -2  -15   20  -13   -5    0    7  -14   11   -9   -7   10    5
    2    1    1    4    2    1    2  177    2    1      3874   10   15   -1   12   12   -3  -13   19  -10   -7    0    2  -14   10   -7  -10   10    5
    2    1    2    3    2    3    1  128    2    1      1525   15   21    1   10   13   -1  -14   20  -13   -5   -1    3  -14   11   -9   -7   10    2
    2    1    3    3    1    1    1  140    1    1       870   13    4   -5   18   14   -1  -10   10  -11   -1   -5    3   -6    7   -6  -10   13   10
    2    1    4    2    1    0    0    0    1    1       914   13    3   -5   18   14   -2  -10   10  -11   -1   -5    4   -5    8   -6   -9   13    9
    2    1    5    4    3    5    2  163    3    1       490   16   -2   -4   22   10   -3  -11    7   -6  -12   -3   -3  -13   20   -3  -17   14    5
    2    1    6    1    1    4    1   89    1    1       850   13    3   -5   19   14   -2  -10   10  -12   -1   -6    5   -6    8   -5  -10   12   11
    2    1    7    5    2    6    3  115    2    1       860   13   19   -1   10   13   -6  -12   21  -13   -4   -3   -6  -16   14  -18    0   14    1
    2    1    8    4    3    1    2  171    3    1      5704   17    0  -15   24   11   -6   -8    8   -2  -16   -4    1  -12   17   -5  -13   12    6
    2    1    9    5    1    5    3  157    2    0       910    7    2   -4   17   13   -3   -6   14  -19    0   -6    5   -9   14  -11  -14   20    7
    2    1   10    5    1    3    3  195    1    1      1176   18    4   -7   18   21   -5   -9   12  -16  -11   -6   12   -5    9   -5  -10   14   10
    2    1   11    4    1    2    2  132    1    1       933   11    8   -6   19   12   -2  -12   10  -12    1   -6    4   -6    8   -5   -6   13   10
    2    1   12    1    2    3    1   96    2    1       748   10   14    0   11   12    0  -14   20  -12   -4   -1    3  -13   10   -9   -7   11    4
    2    1   13    5    1    1    3  112    1    1      2429   15   -7   -7   19   14   -3  -12   11  -19    0   -5    6    3    6  -14    1   14   11
    2    1   14    1    3    6    1   89    3    1      1017   15   -2   -5   21    9   -4  -10    9   -7  -14   -3    0  -13   19   -4  -11   13    5
    2    1   15    5    1    7    3  171    1    1       942   14    6   -8   18   15   -1  -10   11  -11    0   -3   -4   -4    8   -7  -10   21    9
    2    1   16    1    3    5    1   82    3    1       788   15   -3   -4   20    9   -4  -10    9   -6  -14   -3    0  -12   10   -3  -12   12    5
    2    1   17    5    1    4    3  134    2    0      1857   20    0  -10   11   14   -4  -10    5  -12   -2   -9    9    4   18   -7   -8   13   10
    2    1   18    1    3    2    1   95    3    1      1031   14   -2   -5   20    9   -4  -10   11   -8  -14   -3   -1  -13   23   -4  -11   11    5
    2    1   19    5    2    9    3  124    3    0      5451   11   13   -1   12   17   -1   -9   23   -2  -11    3   -1   -5   13   -9   -6   10    5
    2    1   20    4    1    4    2  104    1    1       749   14    5   -2   21   14   -3   -9   12  -21    1   -6    3   -4    7   -8   -8   13   10
    2    1   21    3    1    3    1  117    1    1       987   13    3   -6   18   14   -2  -10    9  -12    0   -5    4   -5    8   -6   -9   13    9
    2    1   22    5    2    7    3  125    2    1      3583    6   13   -1   11   14   -2  -19   15  -17   -3   -2    5  -16   13  -17    2    3   12
    2    1   23    5    2    3    3  195    3    0      2351   13    9   -2   12   15   -1   -6   20  -13  -11    0    3  -17   18  -12   -8    9    3
    2    1   24    2    3    0    0    0    3    1      1069   15   -2   -5   20    9   -4  -10    9   -7  -13   -3    0  -13   19   -3  -12   12    5
    2    1   25    4    1    6    2  137    2    0      1711   13    1   -3   18   15    0   -9    9  -12   -3  -15   -1   -4   10   -5  -11   13    8
    2    1   26    5    2    4    3  154    2    1       759   11   15   -2   15   12   -1   -8   23  -10    4   -2    4  -19   16   -2  -17   11    3
    2    1   27    1    1    9    1   97    1    1       742   10    0   -4   17   19    7  -10   11  -10   -2   -7    3  -10   16   -6   -9   13    9
    2    1   28    5    3    1    3  182    2    0      2292   14   -2  -11   20    9   -6  -16    7   -7  -22   -8    2  -10   13    4   -3    4    0
    2    1   29    4    2    6    2  162    2    1      2019   18    5    0   12    9   -2  -12   20  -19   -6   -1    4  -15   10   -9   -6   10    5
    2    1   30    4    3    2    2  175    3    1      1841   15   -3   -4   22    8   -3   -9    8   -7  -14  -10    0  -11   17    1  -10   11    6
    2    1   31    1    3    3    1   65    3    1       850   15   -2   -4   19   10   -5  -10    8   -5  -12   -3    0  -14   20   -2  -13   12    6
    2    1   32    4    2    4    2  148    2    1      3117    7    8    1   11   11   -3  -17   21  -13   -5    6   10  -12   10   -9   -8   12    4
    2    1   33    1    1    3    1   13    1    1      2526   13    2   -6   20   13   -3  -10   10  -11   -1    1    8   -9    3   -7   -8   12   10
    2    1   34    1    2    9    1   85    2    1      1446   10   13   -1   11   13   -1  -12   20  -12   -5    0    2  -12   11   -8   -7   11    4
    2    1   35    6    2    0    3  129    1    0      5227   10   12    0   10   13   -4   -6   13   -5    4    0    4  -10    8   -4  -12    4    8
    2    1   36    4    2    2    2  179    2    1       856   11   18    0    9   11   -3  -11   15  -12   -8   -2    3  -14   12  -10   -7    9    4
    2    1   37    1    1    8    1   51    1    1      1172   13    3   -5   18   13   -1  -16    3  -10   -2   -5    4   -5    7   -6   -9   13   10
    2    1   38    5    1    6    3  122    1    1      1184   12    3   -3   12   13   -3  -10    9   -9    0   -4    5    0   15   -1    0   12   10
    2    1   39    5    3    3    3  192    2    0       766   19   -8   -5   19    9   -3   -9    9   -4  -16   -4    0   -7   12    1  -15   12    3
    2    1   40    5    3    5    3  119    3    1       830   17   -4   -6   21    8   -5   -4   15   -2  -17    0    2  -11   16   -3  -11   14    2
    2    1   41    4    1    5    2  143    3    0      3692   14    3   -6   18   16    0  -10    9  -21   -6    2   -3   -5    7   -3  -12   12    8
    2    1   42    1    1    6    1   10    1    1      1129   13    2   -4   17   14   -2  -11   11  -11   -1   -5    5   -8    5   -7   -8   12    8
    2    1   43    1    1    2    1   90    1    1      1240   13    3   -5   18   11   -4  -10   10  -10   -2   -6    5   -5    8   -1  -11   13    9
    2    1   44    5    3    6    3  124    3    1     10208   17   -1   -6   19    9   -5  -11    2   -6  -11  -11   -8  -12   17   -3  -13   11    4
    2    1   45    6    1    0    3  126    2    0       984   20    5   -3   19   15    0   -9    3   -9    0   -7    4   -4    7    3  -12    7    0
    2    1   46    5    1    2    3  150    1    1      2190   10   -4   -6    9   14   -1  -11   11   -6   -3   -3    3   -5   13   -5   -7   17   14
    2    1   47    3    2    1    1  171    2    1       757   11   13    0   11   13   -2  -12   20  -10  -10   -1    2  -14   12   -8   -7   11    4
    2    1   48    3    3    1    1  105    3    1      3541   14   -1   -4   21    9   -3  -10    8   -7  -13    2   -3  -13   19   -1  -14   12    5
    2    1   49    4    3    3    2  128    2    0      1063   14   -4   -4   19   13  -10  -16    7   -8  -13   -2   -1  -12   19    2  -11   11    7
    2    1   50    4    2    3    2  119    2    1       940    5    7   -2   12   13    0  -14   21  -14   -4   -4    3  -23    3   -9   -6   15    2
    2    1   51    3    3    2    1  110    2    0      2916   15   -2   -4   19    8   -4  -10    9   -8  -13   -3    0  -13   19   -2  -13   11    5
    2    1   52    5    3    7    3  158    3    1      3311   19    0   -7   22   12   -4   -9    9   -5  -11   -2    2  -13    9   -8   -7   14    6
    2    1   53    5    2    8    3  179    1    0      4650   13   10   -2    9   12   -1  -14   22  -12   -4    6    8  -15   11  -10   -6   10    3
    2    1   54    6    3    0    3  110    2    0      1084   17   -2    3   22    9   -3  -14   14   -8   -4   -4    1  -14   20  -13  -15    7   12
    2    1   55    1    3    9    1   69    3    1      2252   16   -3   -5   20    9   -5  -10    9   -6  -13   -1    8  -11   21   -3  -13   12    5
    2    1   56    1    2    8    1   40    2    1       891   11   12    1   10   13   -1  -13   20  -12   -6   -2    3  -15   11   -8   -8   11    3
    2    1   57    3    2    2    1  104    3    0      1537   11   14   -1   12   12   -2   -3   22  -12   -5   -5   -6  -14   11   -9   -7   12    5
    2    1   58    1    2    1    1   97    2    1      2817   10   13   -1   10   13   -1  -14   20  -12   -6   -2    4  -13   11   -9   -9   11    4
    2    1   59    1    2    5    1   47    2    1      2366   10   13    1   10   13   -1  -12   20  -11   -5   -1    4  -14   11   -9   -7   11    5
    2    1   60    1    3    4    1    4    3    1      1180   15   -2   -5   19    8  -10  -10    8   -6  -14   -3    0  -13   18   -4  -12   11    6
    2    1   61    4    2    5    2  143    2    1      3243   12   14   -1   12   13    0  -12   19  -13   -6    0    2  -17   15   -7   -5   10   -5
    2    1   62    5    3    4    3  134    3    1       888   23    2   -5   19    2   -1  -12    9   -5  -15   -5    4  -17   14   -4  -11   11    5
    2    1   63    1    3    7    1   64    3    1       771   15   -3   -5   20    8   -5  -10    8   -7  -11   -3    0  -13   19   -3  -12   13    4
    2    1   64    1    1    5    1   61    1    1       786   13    3   -6   21   23    3  -10   10  -11   -1   -6    4   -3    6   -6   -8   13    8
    2    1   65    1    1    1    1   82    1    1       960   13   -7    4   12   14   -2  -16    9  -11   -1   -6    0   -5    8   -6   -9   17    5
    2    1   66    1    2    4    1   93    2    1      1032   10   13   -1   14   14   -2  -15   20  -13   -5    0    7  -14   11   -9   -7   10    5
    2    1   67    4    3    4    2  166    3    1      1085   11    7   -6   19    8   -6  -11   10   -5  -11   -3   -2  -22   20   -4  -13   19    0
    2    1   68    5    3    8    3  145    2    0     12366   13   -3    5   19   15  -10  -12   10   -8   -3   -8    3  -12   18   -1  -10   13    4
    2    1   69    4    3    6    2  116    3    1      1470   15   -3   -4   19    5  -14  -13   11   -4  -15    0    4  -12   19   -2   -7   13    3
    2    1   70    5    1    8    3  124    2    0       755    8   11    1   21   13   -1   -9    6   -8   -6   -5    3   -4   12    1   -3   23    4
    2    1   71    4    1    1    2  170    2    0      3123   21   -3   -1   21   13   -4  -12    8  -18    4  -10    6   -4   10   -4   -8   13    8
    2    1   72    1    2    7    1   14    2    1       674   11   14   -1   12   13   -3  -14   20  -12   -6    0    2  -14   11  -10   -7   12    5
    2    1   73    5    3    9    3  133    3    1       982    7   -5   -7   18    9    4   -9    8   -8  -11    0   -5  -13   20   -4  -12   17   11
    2    1   74    2    2    0    0    0    2    1      1757   10   13    0   11   13   -1  -13   20  -12   -6   -1    3  -14   11   -9   -7   11    4
    2    1   75    3    3    3    1  181    3    1      1029   16   -2   -5   19   10   -5  -10    9   -7  -13   -3   -1  -13   20    4  -12   12    5
    2    1   76    5    2    5    3  114    2    1      5258    0   23    0   10   14   -1  -14   20  -16   -1   -3    0  -14   10   -6   -2   13    2
    2    1   77    4    1    3    2  194    3    0      5973   14    2   -4   17   14   -3  -11   10  -11    0   -3    9   -5    7   -4   -8   14    9
    2    1   78    1    2    6    1   77    2    1      2320   10   14    3    3   13   -2  -12   19  -12   -5   -1    4  -15   13   -8   -7   11    4
    2    1   79    1    1    7    1   27    1    1      4638   12    3   -4   17    9    3  -10   10  -11   -1   -4    3   -5    8   -5  -10   13    9
    2    1   80    1    3    8    1   71    3    1      2588   15   -3   -5   20    9   -5  -10    9   -7  -13   -3    0  -13   19   -3  -13   13    6
    2    1   81    1    2    2    1   16    3    0      1120   10   13   -9   14   14   -1  -13   20   -8   -5   -1    3  -14   11   -9   -7   11    4
    2    1   82    5    2    2    3  189    2    1      1230   12   12   -1   12   16    0   -6   20  -10   -2    0    2  -15   16  -10   -6   17   -2
    2    1   83    3    1    2    1  165    1    1      1222   14    3   -5   18   15   -3  -11   10  -12   -1   -5    4   -5    9   -6   -9   13    9
    2    1   84    5    2    1    3  170    3    0      8251   10   11   -9    6   18    6  -14   21  -13   -6    4   10  -18   12  -13   -9    2    7
    2    1   85    5    1    9    3  147    2    0      1376    9   10   -5   19   16   -1  -17   19   -3    1   -6    4   -6    8  -16   -7   13   11
    2    1   86    1    3    1    1   80    3    1      1799   14   -1   -3   19    9   -5  -10    9   -6  -13   -2    0  -13   19   -3  -12   13    5
    2    1   87    5    3    2    3  125    2    0      1676   16   -3   -4   20   13   -9   -6    5   -3   -8   -4   -2  -11   20   -4  -14   11    7
