    1    1    1    1    2    2    2   16    1    0     90586   12   13   -1   11   12   -5  -15   24  -11   -7   -2    3  -15    9   -7   -9   10    4
    1    1    2    1    2    7    2   14    2    1      9286   10    9   -3    6   14   -1  -12   19  -14  -10   -9    6  -13   10   -7   -9   10    2
    1    1    3    1    3    6    2   89    1    0      1548   14   -3  -14   14    9   -5   -2   12   -4  -10  -13   -1  -11   20    5   -9   13    5
    1    1    4    1    1    3    2   13    1    1      1400   13    4   -6   19   15   -1   -9    9  -10    3   -4    4   -6    7   -6  -11   14   10
    1    1    5    1    2    1    2   97    2    1       825   10   14    0   13   18    2  -13   21  -14   -6    0    3  -16   11  -11   -9   10    2
    1    1    6    1    1    5    2   61    3    0      1282   12    3   -5   17   13   -1   -6   20  -12   -1    0    7   -4    8   -5   -1   14    9
    1    1    7    1    1    7    2   27    2    0      3160   12    4   -5   16   13   -2  -15   11  -12    1   -4    4   -6    8   -8  -10   14    8
    1    1    8    1    2    4    2   93    3    0      2259   10   14   -4   11   14   -1  -12   22  -10   -8    0    2  -13   11   -9   -3   21    2
    1    1    9    1    1    6    2   10    2    0      2369   17    7   -6   20   16   -4   -8   11   -6    4   -4    9  -10    8  -14   -9    8    7
    1    1   10    1    3    4    2    4    2    0      1261   17    2   -4   16   16  -10  -11   10  -12  -12   -5    1   -9   22   -1  -11   12    4
    1    1   11    1    3    3    2   65    1    0      2789   14   -3    0   22    8   -3   -8    8   -8  -13    3    1  -14   19    1  -16   14    4
    1    1   12    1    3    1    2   80    3    1      2223   13    8   -7   19    4   -3  -11    9   -3   -3   -5    2  -12   18   -2  -13   12    6
    1    1   13    1    3    9    2   69    2    0      3139   17   -2   -6   19    9   -3   -3   12   -4  -13   -7   -5  -18   20   -2  -14    9   10
    1    1   14    1    2    8    2   40    1    0      2656   11   11   -2   11   12   -1  -15   20  -13   -7   -3    3  -16   10  -10   -6    9    4
    1    1   15    1    2    6    2   77    2    1      2767   11   13   -5   13   21    1  -14   19  -11   -4    1    3   -4    6   -7   -9    5    4
    1    1   16    1    1    1    2   82    1    1      1946   11    3   -5   19   16   -3   -9    9  -13    6  -12   -1  -11   17   -6   -8   14   11
    1    1   17    1    1    4    2   89    1    1      1669   13    2   -4   18   17   -4   -9   12  -10   -3   -4    4   -4    9   -7   -8   11   10
    1    1   18    1    2    5    2   47    2    1      2156   12   12    1   10   15   -3  -12   20  -12   -8   -3    1  -18   12  -10  -10   10    4
    1    1   19    1    3    2    2   95    3    1       768   15   -1  -10   16   10   -4   -8   19   -5  -13   -4   -5  -14   19   -2  -11   10    7
    1    1   20    1    2    3    2   96    2    1      1133   12   10    6    6   17    1  -11   20  -12   -7    1    1  -15   11  -10    3    9    3
    1    1   21    1    3    5    2   82    1    0      1436   17   -2  -14   17    8   -5  -10   10   -5  -15   -2   -1  -11   20   -2  -11   13    6
    1    1   22    1    1    8    2   51    2    0      1868   15    4  -12   16   14   -1   -7    7  -19    6   -6    2    0    3  -10  -11   11   10
    1    1   23    1    2    9    2   85    1    0      2941    5    9   -2   13    9   -6  -13   18  -11   -7   -1    1  -13   12   -8   -8   10    2
    1    1   24    1    3    8    2   71    2    0       755   14   -2   -7   19    6   -6  -11    9   -8  -15   -3    1  -11   18   -2  -13   12    6
    1    1   25    1    1    2    2   90    1    1       704   15    2   -9   22   15   -2   -8   12   -9   -2   -4    3   -3    6   -6   -8   12   11
    1    1   26    1    3    7    2   64    2    0       559   14   -2   -2   12    8   -7   -9    9   -9  -10   -2   -1  -12   18   -5   -8   16    8
    1    1   27    1    1    9    2   97    1    1       805   12    3   -6   20   11    7  -11   14   -9    0   -5    6   -5    9   -7   -9   15   11
    1    2    1    1    2    5    2   47    3    0      1167   12   12    1   10   15   -3  -12   20  -12   -8   -3    1  -18   12  -10  -10   10    4
    1    2    2    1    2    9    2   85    3    0      1293    5    9   -2   13    9   -6  -13   18  -11   -7   -1    1  -13   12   -8   -8   10    2
    1    2    3    1    3    4    2    4    2    0      1429   17    2   -4   16   16  -10  -11   10  -12  -12   -5    1   -9   22   -1  -11   12    4
    1    2    4    1    3    9    2   69    3    1       713   17   -2   -6   19    9   -3   -3   12   -4  -13   -7   -5  -18   20   -2  -14    9   10
    1    2    5    1    2    1    2   97    1    0      2408   10   14    0   13   18    2  -13   21  -14   -6    0    3  -16   11  -11   -9   10    2
    1    2    6    1    3    3    2   65    2    0      1699   14   -3    0   22    8   -3   -8    8   -8  -13    3    1  -14   19    1  -16   14    4
    1    2    7    1    1    5    2   61    1    1      4585   12    3   -5   17   13   -1   -6   20  -12   -1    0    7   -4    8   -5   -1   14    9
    1    2    8    1    1    7    2   27    1    1      1134   12    4   -5   16   13   -2  -15   11  -12    1   -4    4   -6    8   -8  -10   14    8
    1    2    9    1    3    1    2   80    2    0       971   13    8   -7   19    4   -3  -11    9   -3   -3   -5    2  -12   18   -2  -13   12    6
    1    2   10    1    2    6    2   77    3    0      1247   11   13   -5   13   21    1  -14   19  -11   -4    1    3   -4    6   -7   -9    5    4
    1    2   11    1    1    1    2   82    2    0       535   11    3   -5   19   16   -3   -9    9  -13    6  -12   -1  -11   17   -6   -8   14   11
    1    2   12    1    2    3    2   96    2    1       701   12   10    6    6   17    1  -11   20  -12   -7    1    1  -15   11  -10    3    9    3
    1    2   13    1    2    8    2   40    2    1      1356   11   11   -2   11   12   -1  -15   20  -13   -7   -3    3  -16   10  -10   -6    9    4
    1    2   14    1    3    7    2   64    3    1      1984   14   -2   -2   12    8   -7   -9    9   -9  -10   -2   -1  -12   18   -5   -8   16    8
    1    2   15    1    1    3    2   13    2    0      3354   13    4   -6   19   15   -1   -9    9  -10    3   -4    4   -6    7   -6  -11   14   10
    1    2   16    1    3    8    2   71    2    0      1617   14   -2   -7   19    6   -6  -11    9   -8  -15   -3    1  -11   18   -2  -13   12    6
    1    2   17    1    1    4    2   89    1    1      1340   13    2   -4   18   17   -4   -9   12  -10   -3   -4    4   -4    9   -7   -8   11   10
    1    2   18    1    1    8    2   51    2    0      1715   15    4  -12   16   14   -1   -7    7  -19    6   -6    2    0    3  -10  -11   11   10
    1    2   19    1    3    5    2   82    2    0       586   17   -2  -14   17    8   -5  -10   10   -5  -15   -2   -1  -11   20   -2  -11   13    6
    1    2   20    1    2    7    2   14    2    1       766   10    9   -3    6   14   -1  -12   19  -14  -10   -9    6  -13   10   -7   -9   10    2
    1    2   21    1    2    2    2   16    1    0       828   12   13   -1   11   12   -5  -15   24  -11   -7   -2    3  -15    9   -7   -9   10    4
    1    2   22    1    1    9    2   97    1    1      1433   12    3   -6   20   11    7  -11   14   -9    0   -5    6   -5    9   -7   -9   15   11
    1    2   23    1    2    4    2   93    2    1      1468   10   14   -4   11   14   -1  -12   22  -10   -8    0    2  -13   11   -9   -3   21    2
    1    2   24    1    1    6    2   10    3    0      1852   17    7   -6   20   16   -4   -8   11   -6    4   -4    9  -10    8  -14   -9    8    7
    1    2   25    1    3    6    2   89    2    0       875   14   -3  -14   14    9   -5   -2   12   -4  -10  -13   -1  -11   20    5   -9   13    5
    1    2   26    1    3    2    2   95    3    1      1730   15   -1  -10   16   10   -4   -8   19   -5  -13   -4   -5  -14   19   -2  -11   10    7
    1    2   27    1    1    2    2   90    1    1      2248   15    2   -9   22   15   -2   -8   12   -9   -2   -4    3   -3    6   -6   -8   12   11
    1    3    1    1    2    5    2   47    2    1      1673   12   12    1   10   15   -3  -12   20  -12   -8   -3    1  -18   12  -10  -10   10    4
    1    3    2    1    1    9    2   97    2    0      2384   12    3   -6   20   11    7  -11   14   -9    0   -5    6   -5    9   -7   -9   15   11
    1    3    3    1    2    4    2   93    2    1       828   10   14   -4   11   14   -1  -12   22  -10   -8    0    2  -13   11   -9   -3   21    2
    1    3    4    1    3    1    2   80    1    0      2360   13    8   -7   19    4   -3  -11    9   -3   -3   -5    2  -12   18   -2  -13   12    6
    1    3    5    1    3    5    2   82    2    0      2760   17   -2  -14   17    8   -5  -10   10   -5  -15   -2   -1  -11   20   -2  -11   13    6
    1    3    6    1    2    6    2   77    2    1      1268   11   13   -5   13   21    1  -14   19  -11   -4    1    3   -4    6   -7   -9    5    4
    1    3    7    1    1    8    2   51    1    1      3389   15    4  -12   16   14   -1   -7    7  -19    6   -6    2    0    3  -10  -11   11   10
    1    3    8    1    2    7    2   14    3    0       849   10    9   -3    6   14   -1  -12   19  -14  -10   -9    6  -13   10   -7   -9   10    2
    1    3    9    1    2    8    2   40    2    1       889   11   11   -2   11   12   -1  -15   20  -13   -7   -3    3  -16   10  -10   -6    9    4
    1    3   10    1    3    9    2   69    3    1      1121   17   -2   -6   19    9   -3   -3   12   -4  -13   -7   -5  -18   20   -2  -14    9   10
    1    3   11    1    1    1    2   82    1    1       974   11    3   -5   19   16   -3   -9    9  -13    6  -12   -1  -11   17   -6   -8   14   11
    1    3   12    1    3    2    2   95    3    1      1635   15   -1  -10   16   10   -4   -8   19   -5  -13   -4   -5  -14   19   -2  -11   10    7
    1    3   13    1    1    4    2   89    2    0      1101   13    2   -4   18   17   -4   -9   12  -10   -3   -4    4   -4    9   -7   -8   11   10
    1    3   14    1    1    5    2   61    2    0      3212   12    3   -5   17   13   -1   -6   20  -12   -1    0    7   -4    8   -5   -1   14    9
    1    3   15    1    2    1    2   97    1    0      1544   10   14    0   13   18    2  -13   21  -14   -6    0    3  -16   11  -11   -9   10    2
    1    3   16    1    3    4    2    4    1    0      2215   17    2   -4   16   16  -10  -11   10  -12  -12   -5    1   -9   22   -1  -11   12    4
    1    3   17    1    1    6    2   10    2    0      2603   17    7   -6   20   16   -4   -8   11   -6    4   -4    9  -10    8  -14   -9    8    7
    1    3   18    1    1    3    2   13    1    1      1118   13    4   -6   19   15   -1   -9    9  -10    3   -4    4   -6    7   -6  -11   14   10
    1    3   19    1    1    2    2   90    3    0      1628   15    2   -9   22   15   -2   -8   12   -9   -2   -4    3   -3    6   -6   -8   12   11
    1    3   20    1    2    9    2   85    3    0       853    5    9   -2   13    9   -6  -13   18  -11   -7   -1    1  -13   12   -8   -8   10    2
    1    3   21    1    3    7    2   64    2    0      1053   14   -2   -2   12    8   -7   -9    9   -9  -10   -2   -1  -12   18   -5   -8   16    8
    1    3   22    1    2    3    2   96    3    0       993   12   10    6    6   17    1  -11   20  -12   -7    1    1  -15   11  -10    3    9    3
    1    3   23    1    3    6    2   89    2    0       675   14   -3  -14   14    9   -5   -2   12   -4  -10  -13   -1  -11   20    5   -9   13    5
    1    3   24    1    2    2    2   16    1    0      1283   12   13   -1   11   12   -5  -15   24  -11   -7   -2    3  -15    9   -7   -9   10    4
    1    3   25    1    1    7    2   27    2    0       381   12    4   -5   16   13   -2  -15   11  -12    1   -4    4   -6    8   -8  -10   14    8
    1    3   26    1    3    8    2   71    1    0      1497   14   -2   -7   19    6   -6  -11    9   -8  -15   -3    1  -11   18   -2  -13   12    6
    1    3   27    1    3    3    2   65    2    0       218   14   -3    0   22    8   -3   -8    8   -8  -13    3    1  -14   19    1  -16   14    4
    1    4    1    1    3    1    2   80    3    1      1275   13    8   -7   19    4   -3  -11    9   -3   -3   -5    2  -12   18   -2  -13   12    6
    1    4    2    1    1    8    2   51    2    0      1732   15    4  -12   16   14   -1   -7    7  -19    6   -6    2    0    3  -10  -11   11   10
    1    4    3    1    3    5    2   82    3    1       714   17   -2  -14   17    8   -5  -10   10   -5  -15   -2   -1  -11   20   -2  -11   13    6
    1    4    4    1    2    4    2   93    2    1      1033   10   14   -4   11   14   -1  -12   22  -10   -8    0    2  -13   11   -9   -3   21    2
    1    4    5    1    2    9    2   85    1    0       843    5    9   -2   13    9   -6  -13   18  -11   -7   -1    1  -13   12   -8   -8   10    2
    1    4    6    1    2    1    2   97    1    0       759   10   14    0   13   18    2  -13   21  -14   -6    0    3  -16   11  -11   -9   10    2
    1    4    7    1    2    5    2   47    1    0       726   12   12    1   10   15   -3  -12   20  -12   -8   -3    1  -18   12  -10  -10   10    4
    1    4    8    1    3    6    2   89    2    0       501   14   -3  -14   14    9   -5   -2   12   -4  -10  -13   -1  -11   20    5   -9   13    5
    1    4    9    1    1    7    2   27    2    0      1067   12    4   -5   16   13   -2  -15   11  -12    1   -4    4   -6    8   -8  -10   14    8
    1    4   10    1    1    6    2   10    2    0      1483   17    7   -6   20   16   -4   -8   11   -6    4   -4    9  -10    8  -14   -9    8    7
    1    4   11    1    2    7    2   14    1    0       843   10    9   -3    6   14   -1  -12   19  -14  -10   -9    6  -13   10   -7   -9   10    2
    1    4   12    1    2    3    2   96    1    0      1112   12   10    6    6   17    1  -11   20  -12   -7    1    1  -15   11  -10    3    9    3
    1    4   13    1    3    7    2   64    1    0       568   14   -2   -2   12    8   -7   -9    9   -9  -10   -2   -1  -12   18   -5   -8   16    8
    1    4   14    1    1    5    2   61    1    1       541   12    3   -5   17   13   -1   -6   20  -12   -1    0    7   -4    8   -5   -1   14    9
    1    4   15    1    1    3    2   13    2    0       566   13    4   -6   19   15   -1   -9    9  -10    3   -4    4   -6    7   -6  -11   14   10
    1    4   16    1    1    4    2   89    2    0       907   13    2   -4   18   17   -4   -9   12  -10   -3   -4    4   -4    9   -7   -8   11   10
    1    4   17    1    2    6    2   77    2    1       659   11   13   -5   13   21    1  -14   19  -11   -4    1    3   -4    6   -7   -9    5    4
    1    4   18    1    3    2    2   95    3    1      1430   15   -1  -10   16   10   -4   -8   19   -5  -13   -4   -5  -14   19   -2  -11   10    7
    1    4   19    1    3    8    2   71    1    0      2394   14   -2   -7   19    6   -6  -11    9   -8  -15   -3    1  -11   18   -2  -13   12    6
    1    4   20    1    3    4    2    4    2    0      1288   17    2   -4   16   16  -10  -11   10  -12  -12   -5    1   -9   22   -1  -11   12    4
    1    4   21    1    1    1    2   82    3    0      1280   11    3   -5   19   16   -3   -9    9  -13    6  -12   -1  -11   17   -6   -8   14   11
    1    4   22    1    2    8    2   40    3    0      1001   11   11   -2   11   12   -1  -15   20  -13   -7   -3    3  -16   10  -10   -6    9    4
    1    4   23    1    3    3    2   65    3    1       955   14   -3    0   22    8   -3   -8    8   -8  -13    3    1  -14   19    1  -16   14    4
    1    4   24    1    1    9    2   97    1    1      1567   12    3   -6   20   11    7  -11   14   -9    0   -5    6   -5    9   -7   -9   15   11
    1    4   25    1    3    9    2   69    2    0      1133   17   -2   -6   19    9   -3   -3   12   -4  -13   -7   -5  -18   20   -2  -14    9   10
    1    4   26    1    1    2    2   90    1    1      1675   15    2   -9   22   15   -2   -8   12   -9   -2   -4    3   -3    6   -6   -8   12   11
    1    4   27    1    2    2    2   16    3    0       501   12   13   -1   11   12   -5  -15   24  -11   -7   -2    3  -15    9   -7   -9   10    4
    1    5    1    1    2    3    2   96    2    1      1805   12   10    6    6   17    1  -11   20  -12   -7    1    1  -15   11  -10    3    9    3
    1    5    2    1    1    1    2   82    3    0      1536   11    3   -5   19   16   -3   -9    9  -13    6  -12   -1  -11   17   -6   -8   14   11
    1    5    3    1    3    9    2   69    2    0      2192   17   -2   -6   19    9   -3   -3   12   -4  -13   -7   -5  -18   20   -2  -14    9   10
    1    5    4    1    3    1    2   80    3    1      1235   13    8   -7   19    4   -3  -11    9   -3   -3   -5    2  -12   18   -2  -13   12    6
    1    5    5    1    2    7    2   14    1    0      1965   10    9   -3    6   14   -1  -12   19  -14  -10   -9    6  -13   10   -7   -9   10    2
    1    5    6    1    1    8    2   51    1    1      2187   15    4  -12   16   14   -1   -7    7  -19    6   -6    2    0    3  -10  -11   11   10
    1    5    7    1    3    2    2   95    2    0      1601   15   -1  -10   16   10   -4   -8   19   -5  -13   -4   -5  -14   19   -2  -11   10    7
    1    5    8    1    3    4    2    4    2    0       654   17    2   -4   16   16  -10  -11   10  -12  -12   -5    1   -9   22   -1  -11   12    4
    1    5    9    1    2    2    2   16    3    0      1442   12   13   -1   11   12   -5  -15   24  -11   -7   -2    3  -15    9   -7   -9   10    4
    1    5   10    1    2    1    2   97    3    0       884   10   14    0   13   18    2  -13   21  -14   -6    0    3  -16   11  -11   -9   10    2
    1    5   11    1    1    6    2   10    3    0       588   17    7   -6   20   16   -4   -8   11   -6    4   -4    9  -10    8  -14   -9    8    7
    1    5   12    1    1    7    2   27    3    0       768   12    4   -5   16   13   -2  -15   11  -12    1   -4    4   -6    8   -8  -10   14    8
    1    5   13    1    2    4    2   93    3    0       685   10   14   -4   11   14   -1  -12   22  -10   -8    0    2  -13   11   -9   -3   21    2
    1    5   14    1    2    8    2   40    1    0       763   11   11   -2   11   12   -1  -15   20  -13   -7   -3    3  -16   10  -10   -6    9    4
    1    5   15    1    1    9    2   97    3    0      1193   12    3   -6   20   11    7  -11   14   -9    0   -5    6   -5    9   -7   -9   15   11
    1    5   16    1    3    5    2   82    2    0       836   17   -2  -14   17    8   -5  -10   10   -5  -15   -2   -1  -11   20   -2  -11   13    6
    1    5   17    1    2    9    2   85    1    0       638    5    9   -2   13    9   -6  -13   18  -11   -7   -1    1  -13   12   -8   -8   10    2
    1    5   18    1    1    2    2   90    3    0       448   15    2   -9   22   15   -2   -8   12   -9   -2   -4    3   -3    6   -6   -8   12   11
    1    5   19    1    2    6    2   77    1    0       618   11   13   -5   13   21    1  -14   19  -11   -4    1    3   -4    6   -7   -9    5    4
    1    5   20    1    1    5    2   61    3    0      1022   12    3   -5   17   13   -1   -6   20  -12   -1    0    7   -4    8   -5   -1   14    9
    1    5   21    1    1    3    2   13    1    1       638   13    4   -6   19   15   -1   -9    9  -10    3   -4    4   -6    7   -6  -11   14   10
    1    5   22    1    3    7    2   64    1    0       594   14   -2   -2   12    8   -7   -9    9   -9  -10   -2   -1  -12   18   -5   -8   16    8
    1    5   23    1    3    8    2   71    1    0       536   14   -2   -7   19    6   -6  -11    9   -8  -15   -3    1  -11   18   -2  -13   12    6
    1    5   24    1    1    4    2   89    1    1       559   13    2   -4   18   17   -4   -9   12  -10   -3   -4    4   -4    9   -7   -8   11   10
    1    5   25    1    2    5    2   47    1    0       727   12   12    1   10   15   -3  -12   20  -12   -8   -3    1  -18   12  -10  -10   10    4
    1    5   26    1    3    6    2   89    2    0       344   14   -3  -14   14    9   -5   -2   12   -4  -10  -13   -1  -11   20    5   -9   13    5
    1    5   27    1    3    3    2   65    2    0       247   14   -3    0   22    8   -3   -8    8   -8  -13    3    1  -14   19    1  -16   14    4
    1    6    1    1    1    4    2   89    2    0       250   13    2   -4   18   17   -4   -9   12  -10   -3   -4    4   -4    9   -7   -8   11   10
    1    6    2    1    1    8    2   51    2    0       253   15    4  -12   16   14   -1   -7    7  -19    6   -6    2    0    3  -10  -11   11   10
    1    6    3    1    1    5    2   61    2    0       463   12    3   -5   17   13   -1   -6   20  -12   -1    0    7   -4    8   -5   -1   14    9
    1    6    4    1    3    2    2   95    2    0       330   15   -1  -10   16   10   -4   -8   19   -5  -13   -4   -5  -14   19   -2  -11   10    7
    1    6    5    1    3    3    2   65    2    0       395   14   -3    0   22    8   -3   -8    8   -8  -13    3    1  -14   19    1  -16   14    4
    1    6    6    1    1    9    2   97    3    0       392   12    3   -6   20   11    7  -11   14   -9    0   -5    6   -5    9   -7   -9   15   11
    1    6    7    1    2    2    2   16    1    0       835   12   13   -1   11   12   -5  -15   24  -11   -7   -2    3  -15    9   -7   -9   10    4
    1    6    8    1    1    2    2   90    2    0       303   15    2   -9   22   15   -2   -8   12   -9   -2   -4    3   -3    6   -6   -8   12   11
    1    6    9    1    2    1    2   97    3    0       415   10   14    0   13   18    2  -13   21  -14   -6    0    3  -16   11  -11   -9   10    2
    1    6   10    1    2    4    2   93    2    1       554   10   14   -4   11   14   -1  -12   22  -10   -8    0    2  -13   11   -9   -3   21    2
    1    6   11    1    1    1    2   82    3    0       879   11    3   -5   19   16   -3   -9    9  -13    6  -12   -1  -11   17   -6   -8   14   11
    1    6   12    1    2    7    2   14    3    0      1016   10    9   -3    6   14   -1  -12   19  -14  -10   -9    6  -13   10   -7   -9   10    2
    1    6   13    1    2    6    2   77    3    0       587   11   13   -5   13   21    1  -14   19  -11   -4    1    3   -4    6   -7   -9    5    4
    1    6   14    1    2    9    2   85    1    0      1102    5    9   -2   13    9   -6  -13   18  -11   -7   -1    1  -13   12   -8   -8   10    2
    1    6   15    1    1    6    2   10    1    1       733   17    7   -6   20   16   -4   -8   11   -6    4   -4    9  -10    8  -14   -9    8    7
    1    6   16    1    3    6    2   89    2    0       828   14   -3  -14   14    9   -5   -2   12   -4  -10  -13   -1  -11   20    5   -9   13    5
    1    6   17    1    1    7    2   27    1    1      1255   12    4   -5   16   13   -2  -15   11  -12    1   -4    4   -6    8   -8  -10   14    8
    1    6   18    1    3    1    2   80    3    1       832   13    8   -7   19    4   -3  -11    9   -3   -3   -5    2  -12   18   -2  -13   12    6
    1    6   19    1    3    9    2   69    2    0      1674   17   -2   -6   19    9   -3   -3   12   -4  -13   -7   -5  -18   20   -2  -14    9   10
    1    6   20    1    3    4    2    4    1    0       737   17    2   -4   16   16  -10  -11   10  -12  -12   -5    1   -9   22   -1  -11   12    4
    1    6   21    1    3    5    2   82    2    0      1680   17   -2  -14   17    8   -5  -10   10   -5  -15   -2   -1  -11   20   -2  -11   13    6
    1    6   22    1    1    3    2   13    1    1       809   13    4   -6   19   15   -1   -9    9  -10    3   -4    4   -6    7   -6  -11   14   10
    1    6   23    1    3    7    2   64    2    0      1141   14   -2   -2   12    8   -7   -9    9   -9  -10   -2   -1  -12   18   -5   -8   16    8
    1    6   24    1    2    5    2   47    1    0      1843   12   12    1   10   15   -3  -12   20  -12   -8   -3    1  -18   12  -10  -10   10    4
    1    6   25    1    3    8    2   71    3    1      1062   14   -2   -7   19    6   -6  -11    9   -8  -15   -3    1  -11   18   -2  -13   12    6
    1    6   26    1    2    3    2   96    3    0      1494   12   10    6    6   17    1  -11   20  -12   -7    1    1  -15   11  -10    3    9    3
    1    6   27    1    2    8    2   40    2    1       645   11   11   -2   11   12   -1  -15   20  -13   -7   -3    3  -16   10  -10   -6    9    4
    1    7    1    1    1    8    2   51    2    0       471   15    4  -12   16   14   -1   -7    7  -19    6   -6    2    0    3  -10  -11   11   10
    1    7    2    1    2    6    2   77    1    0      1427   11   13   -5   13   21    1  -14   19  -11   -4    1    3   -4    6   -7   -9    5    4
    1    7    3    1    2    5    2   47    2    1      1190   12   12    1   10   15   -3  -12   20  -12   -8   -3    1  -18   12  -10  -10   10    4
    1    7    4    1    1    9    2   97    3    0      1411   12    3   -6   20   11    7  -11   14   -9    0   -5    6   -5    9   -7   -9   15   11
    1    7    5    1    2    7    2   14    3    0       629   10    9   -3    6   14   -1  -12   19  -14  -10   -9    6  -13   10   -7   -9   10    2
    1    7    6    1    2    3    2   96    3    0       919   12   10    6    6   17    1  -11   20  -12   -7    1    1  -15   11  -10    3    9    3
    1    7    7    1    3    5    2   82    3    1       861   17   -2  -14   17    8   -5  -10   10   -5  -15   -2   -1  -11   20   -2  -11   13    6
    1    7    8    1    3    8    2   71    3    1       743   14   -2   -7   19    6   -6  -11    9   -8  -15   -3    1  -11   18   -2  -13   12    6
    1    7    9    1    2    4    2   93    2    1      1046   10   14   -4   11   14   -1  -12   22  -10   -8    0    2  -13   11   -9   -3   21    2
    1    7   10    1    3    6    2   89    1    0      1449   14   -3  -14   14    9   -5   -2   12   -4  -10  -13   -1  -11   20    5   -9   13    5
    1    7   11    1    1    2    2   90    2    0      3179   15    2   -9   22   15   -2   -8   12   -9   -2   -4    3   -3    6   -6   -8   12   11
    1    7   12    1    2    9    2   85    3    0      2520    5    9   -2   13    9   -6  -13   18  -11   -7   -1    1  -13   12   -8   -8   10    2
    1    7   13    1    1    6    2   10    2    0      1340   17    7   -6   20   16   -4   -8   11   -6    4   -4    9  -10    8  -14   -9    8    7
    1    7   14    1    3    4    2    4    1    0      2897   17    2   -4   16   16  -10  -11   10  -12  -12   -5    1   -9   22   -1  -11   12    4
    1    7   15    1    3    3    2   65    3    1      1146   14   -3    0   22    8   -3   -8    8   -8  -13    3    1  -14   19    1  -16   14    4
    1    7   16    1    1    4    2   89    2    0      1063   13    2   -4   18   17   -4   -9   12  -10   -3   -4    4   -4    9   -7   -8   11   10
    1    7   17    1    2    8    2   40    1    0      3226   11   11   -2   11   12   -1  -15   20  -13   -7   -3    3  -16   10  -10   -6    9    4
    1    7   18    1    1    7    2   27    1    1      1077   12    4   -5   16   13   -2  -15   11  -12    1   -4    4   -6    8   -8  -10   14    8
    1    7   19    1    3    9    2   69    2    0      1031   17   -2   -6   19    9   -3   -3   12   -4  -13   -7   -5  -18   20   -2  -14    9   10
    1    7   20    1    1    5    2   61    3    0      1688   12    3   -5   17   13   -1   -6   20  -12   -1    0    7   -4    8   -5   -1   14    9
    1    7   21    1    3    2    2   95    3    1      1005   15   -1  -10   16   10   -4   -8   19   -5  -13   -4   -5  -14   19   -2  -11   10    7
    1    7   22    1    2    1    2   97    2    1      1680   10   14    0   13   18    2  -13   21  -14   -6    0    3  -16   11  -11   -9   10    2
    1    7   23    1    3    7    2   64    1    0      1354   14   -2   -2   12    8   -7   -9    9   -9  -10   -2   -1  -12   18   -5   -8   16    8
    1    7   24    1    1    1    2   82    3    0      1073   11    3   -5   19   16   -3   -9    9  -13    6  -12   -1  -11   17   -6   -8   14   11
    1    7   25    1    1    3    2   13    1    1       820   13    4   -6   19   15   -1   -9    9  -10    3   -4    4   -6    7   -6  -11   14   10
    1    7   26    1    3    1    2   80    3    1       863   13    8   -7   19    4   -3  -11    9   -3   -3   -5    2  -12   18   -2  -13   12    6
    1    7   27    1    2    2    2   16    2    1      1112   12   13   -1   11   12   -5  -15   24  -11   -7   -2    3  -15    9   -7   -9   10    4
    1    8    1    1    2    1    2   97    1    0      1769   10   14    0   13   18    2  -13   21  -14   -6    0    3  -16   11  -11   -9   10    2
    1    8    2    1    1    1    2   82    1    1      1839   11    3   -5   19   16   -3   -9    9  -13    6  -12   -1  -11   17   -6   -8   14   11
    1    8    3    1    1    8    2   51    2    0       690   15    4  -12   16   14   -1   -7    7  -19    6   -6    2    0    3  -10  -11   11   10
    1    8    4    1    1    3    2   13    1    1       850   13    4   -6   19   15   -1   -9    9  -10    3   -4    4   -6    7   -6  -11   14   10
    1    8    5    1    3    2    2   95    3    1       765   15   -1  -10   16   10   -4   -8   19   -5  -13   -4   -5  -14   19   -2  -11   10    7
    1    8    6    1    2    2    2   16    2    1      1210   12   13   -1   11   12   -5  -15   24  -11   -7   -2    3  -15    9   -7   -9   10    4
    1    8    7    1    1    6    2   10    2    0      2216   17    7   -6   20   16   -4   -8   11   -6    4   -4    9  -10    8  -14   -9    8    7
    1    8    8    1    3    4    2    4    2    0       957   17    2   -4   16   16  -10  -11   10  -12  -12   -5    1   -9   22   -1  -11   12    4
    1    8    9    1    2    8    2   40    1    0      1267   11   11   -2   11   12   -1  -15   20  -13   -7   -3    3  -16   10  -10   -6    9    4
    1    8   10    1    1    7    2   27    1    1      2204   12    4   -5   16   13   -2  -15   11  -12    1   -4    4   -6    8   -8  -10   14    8
    1    8   11    1    2    6    2   77    2    1      1440   11   13   -5   13   21    1  -14   19  -11   -4    1    3   -4    6   -7   -9    5    4
    1    8   12    1    2    5    2   47    1    0      1140   12   12    1   10   15   -3  -12   20  -12   -8   -3    1  -18   12  -10  -10   10    4
    1    8   13    1    1    9    2   97    1    1      1778   12    3   -6   20   11    7  -11   14   -9    0   -5    6   -5    9   -7   -9   15   11
    1    8   14    1    2    9    2   85    2    1      2472    5    9   -2   13    9   -6  -13   18  -11   -7   -1    1  -13   12   -8   -8   10    2
    1    8   15    1    3    6    2   89    2    0      1905   14   -3  -14   14    9   -5   -2   12   -4  -10  -13   -1  -11   20    5   -9   13    5
    1    8   16    1    3    5    2   82    3    1      1041   17   -2  -14   17    8   -5  -10   10   -5  -15   -2   -1  -11   20   -2  -11   13    6
    1    8   17    1    2    3    2   96    3    0      1076   12   10    6    6   17    1  -11   20  -12   -7    1    1  -15   11  -10    3    9    3
    1    8   18    1    1    4    2   89    1    1      1523   13    2   -4   18   17   -4   -9   12  -10   -3   -4    4   -4    9   -7   -8   11   10
    1    8   19    1    2    4    2   93    2    1      1043   10   14   -4   11   14   -1  -12   22  -10   -8    0    2  -13   11   -9   -3   21    2
    1    8   20    1    3    1    2   80    3    1       694   13    8   -7   19    4   -3  -11    9   -3   -3   -5    2  -12   18   -2  -13   12    6
    1    8   21    1    3    8    2   71    2    0      8070   14   -2   -7   19    6   -6  -11    9   -8  -15   -3    1  -11   18   -2  -13   12    6
    1    8   22    1    3    9    2   69    2    0       960   17   -2   -6   19    9   -3   -3   12   -4  -13   -7   -5  -18   20   -2  -14    9   10
    1    8   23    1    3    3    2   65    3    1      1799   14   -3    0   22    8   -3   -8    8   -8  -13    3    1  -14   19    1  -16   14    4
    1    8   24    1    1    2    2   90    2    0       937   15    2   -9   22   15   -2   -8   12   -9   -2   -4    3   -3    6   -6   -8   12   11
    1    8   25    1    2    7    2   14    2    1      1298   10    9   -3    6   14   -1  -12   19  -14  -10   -9    6  -13   10   -7   -9   10    2
    1    8   26    1    3    7    2   64    1    0      1020   14   -2   -2   12    8   -7   -9    9   -9  -10   -2   -1  -12   18   -5   -8   16    8
    1    8   27    1    1    5    2   61    2    0      1203   12    3   -5   17   13   -1   -6   20  -12   -1    0    7   -4    8   -5   -1   14    9
    1    9    1    1    2    9    2   85    3    0      1617    5    9   -2   13    9   -6  -13   18  -11   -7   -1    1  -13   12   -8   -8   10    2
    1    9    2    1    1    8    2   51    1    1      1610   15    4  -12   16   14   -1   -7    7  -19    6   -6    2    0    3  -10  -11   11   10
    1    9    3    1    1    1    2   82    2    0      2710   11    3   -5   19   16   -3   -9    9  -13    6  -12   -1  -11   17   -6   -8   14   11
    1    9    4    1    2    4    2   93    2    1      2134   10   14   -4   11   14   -1  -12   22  -10   -8    0    2  -13   11   -9   -3   21    2
    1    9    5    1    3    4    2    4    1    0      1388   17    2   -4   16   16  -10  -11   10  -12  -12   -5    1   -9   22   -1  -11   12    4
    1    9    6    1    2    7    2   14    1    0       945   10    9   -3    6   14   -1  -12   19  -14  -10   -9    6  -13   10   -7   -9   10    2
    1    9    7    1    2    2    2   16    2    1      1177   12   13   -1   11   12   -5  -15   24  -11   -7   -2    3  -15    9   -7   -9   10    4
    1    9    8    1    2    3    2   96    3    0      3397   12   10    6    6   17    1  -11   20  -12   -7    1    1  -15   11  -10    3    9    3
    1    9    9    1    3    9    2   69    3    1      4503   17   -2   -6   19    9   -3   -3   12   -4  -13   -7   -5  -18   20   -2  -14    9   10
    1    9   10    1    2    1    2   97    2    1      2063   10   14    0   13   18    2  -13   21  -14   -6    0    3  -16   11  -11   -9   10    2
    1    9   11    1    1    6    2   10    1    1      1174   17    7   -6   20   16   -4   -8   11   -6    4   -4    9  -10    8  -14   -9    8    7
    1    9   12    1    2    8    2   40    2    1      3587   11   11   -2   11   12   -1  -15   20  -13   -7   -3    3  -16   10  -10   -6    9    4
    1    9   13    1    3    5    2   82    3    1       752   17   -2  -14   17    8   -5  -10   10   -5  -15   -2   -1  -11   20   -2  -11   13    6
    1    9   14    1    1    4    2   89    3    0      3293   13    2   -4   18   17   -4   -9   12  -10   -3   -4    4   -4    9   -7   -8   11   10
    1    9   15    1    3    6    2   89    2    0      1559   14   -3  -14   14    9   -5   -2   12   -4  -10  -13   -1  -11   20    5   -9   13    5
    1    9   16    1    1    7    2   27    2    0      2454   12    4   -5   16   13   -2  -15   11  -12    1   -4    4   -6    8   -8  -10   14    8
    1    9   17    1    2    5    2   47    2    1       961   12   12    1   10   15   -3  -12   20  -12   -8   -3    1  -18   12  -10  -10   10    4
    1    9   18    1    3    7    2   64    3    1      2663   14   -2   -2   12    8   -7   -9    9   -9  -10   -2   -1  -12   18   -5   -8   16    8
    1    9   19    1    1    5    2   61    1    1      1626   12    3   -5   17   13   -1   -6   20  -12   -1    0    7   -4    8   -5   -1   14    9
    1    9   20    1    3    1    2   80    3    1       789   13    8   -7   19    4   -3  -11    9   -3   -3   -5    2  -12   18   -2  -13   12    6
    1    9   21    1    3    8    2   71    3    1      2081   14   -2   -7   19    6   -6  -11    9   -8  -15   -3    1  -11   18   -2  -13   12    6
    1    9   22    1    3    2    2   95    3    1       763   15   -1  -10   16   10   -4   -8   19   -5  -13   -4   -5  -14   19   -2  -11   10    7
    1    9   23    1    1    2    2   90    1    1       937   15    2   -9   22   15   -2   -8   12   -9   -2   -4    3   -3    6   -6   -8   12   11
    1    9   24    1    1    3    2   13    1    1       865   13    4   -6   19   15   -1   -9    9  -10    3   -4    4   -6    7   -6  -11   14   10
    1    9   25    1    1    9    2   97    1    1      1707   12    3   -6   20   11    7  -11   14   -9    0   -5    6   -5    9   -7   -9   15   11
    1    9   26    1    2    6    2   77    2    1      1555   11   13   -5   13   21    1  -14   19  -11   -4    1    3   -4    6   -7   -9    5    4
    1    9   27    1    3    3    2   65    1    0      1072   14   -3    0   22    8   -3   -8    8   -8  -13    3    1  -14   19    1  -16   14    4
    1   10    1    1    3    9    2   69    1    0      3698   17   -2   -6   19    9   -3   -3   12   -4  -13   -7   -5  -18   20   -2  -14    9   10
    1   10    2    1    2    6    2   77    2    1      2364   11   13   -5   13   21    1  -14   19  -11   -4    1    3   -4    6   -7   -9    5    4
    1   10    3    1    1    1    2   82    1    1      1085   11    3   -5   19   16   -3   -9    9  -13    6  -12   -1  -11   17   -6   -8   14   11
    1   10    4    1    1    6    2   10    1    1      1565   17    7   -6   20   16   -4   -8   11   -6    4   -4    9  -10    8  -14   -9    8    7
    1   10    5    1    2    9    2   85    2    1      3099    5    9   -2   13    9   -6  -13   18  -11   -7   -1    1  -13   12   -8   -8   10    2
    1   10    6    1    3    4    2    4    3    1      2043   17    2   -4   16   16  -10  -11   10  -12  -12   -5    1   -9   22   -1  -11   12    4
    1   10    7    1    1    9    2   97    1    1      1122   12    3   -6   20   11    7  -11   14   -9    0   -5    6   -5    9   -7   -9   15   11
    1   10    8    1    2    4    2   93    3    0       755   10   14   -4   11   14   -1  -12   22  -10   -8    0    2  -13   11   -9   -3   21    2
    1   10    9    1    2    5    2   47    1    0       992   12   12    1   10   15   -3  -12   20  -12   -8   -3    1  -18   12  -10  -10   10    4
    1   10   10    1    3    8    2   71    3    1      1076   14   -2   -7   19    6   -6  -11    9   -8  -15   -3    1  -11   18   -2  -13   12    6
    1   10   11    1    2    7    2   14    1    0      1444   10    9   -3    6   14   -1  -12   19  -14  -10   -9    6  -13   10   -7   -9   10    2
    1   10   12    1    1    4    2   89    1    1       950   13    2   -4   18   17   -4   -9   12  -10   -3   -4    4   -4    9   -7   -8   11   10
    1   10   13    1    2    3    2   96    2    1       972   12   10    6    6   17    1  -11   20  -12   -7    1    1  -15   11  -10    3    9    3
    1   10   14    1    1    3    2   13    1    1       848   13    4   -6   19   15   -1   -9    9  -10    3   -4    4   -6    7   -6  -11   14   10
    1   10   15    1    1    7    2   27    2    0      1611   12    4   -5   16   13   -2  -15   11  -12    1   -4    4   -6    8   -8  -10   14    8
    1   10   16    1    3    7    2   64    2    0      1608   14   -2   -2   12    8   -7   -9    9   -9  -10   -2   -1  -12   18   -5   -8   16    8
    1   10   17    1    2    1    2   97    2    1      1109   10   14    0   13   18    2  -13   21  -14   -6    0    3  -16   11  -11   -9   10    2
    1   10   18    1    2    2    2   16    2    1       793   12   13   -1   11   12   -5  -15   24  -11   -7   -2    3  -15    9   -7   -9   10    4
    1   10   19    1    3    6    2   89    3    1      2329   14   -3  -14   14    9   -5   -2   12   -4  -10  -13   -1  -11   20    5   -9   13    5
    1   10   20    1    2    8    2   40    2    1      1207   11   11   -2   11   12   -1  -15   20  -13   -7   -3    3  -16   10  -10   -6    9    4
    1   10   21    1    3    5    2   82    3    1       899   17   -2  -14   17    8   -5  -10   10   -5  -15   -2   -1  -11   20   -2  -11   13    6
    1   10   22    1    1    2    2   90    1    1       986   15    2   -9   22   15   -2   -8   12   -9   -2   -4    3   -3    6   -6   -8   12   11
    1   10   23    1    3    1    2   80    3    1       752   13    8   -7   19    4   -3  -11    9   -3   -3   -5    2  -12   18   -2  -13   12    6
    1   10   24    1    3    2    2   95    3    1      1708   15   -1  -10   16   10   -4   -8   19   -5  -13   -4   -5  -14   19   -2  -11   10    7
    1   10   25    1    1    5    2   61    1    1      2340   12    3   -5   17   13   -1   -6   20  -12   -1    0    7   -4    8   -5   -1   14    9
    1   10   26    1    3    3    2   65    2    0      2307   14   -3    0   22    8   -3   -8    8   -8  -13    3    1  -14   19    1  -16   14    4
    1   10   27    1    1    8    2   51    2    0      1794   15    4  -12   16   14   -1   -7    7  -19    6   -6    2    0    3  -10  -11   11   10
    2    1    1    4    3    4    2  166    3    1      2301   11    7   -6   19    8   -6  -11   10   -5  -11   -3   -2  -22   20   -4  -13   19    0
    2    1    2    4    1    2    2  132    1    1      1276   11    8   -6   19   12   -2  -12   10  -12    1   -6    4   -6    8   -5   -6   13   10
    2    1    3    6    1    0    3  126    1    1      3524   20    5   -3   19   15    0   -9    3   -9    0   -7    4   -4    7    3  -12    7    0
    2    1    4    3    1    1    1  140    1    1      1107   13    4   -5   18   14   -1  -10   10  -11   -1   -5    3   -6    7   -6  -10   13   10
    2    1    5    5    3    4    3  134    3    1       755   23    2   -5   19    2   -1  -12    9   -5  -15   -5    4  -17   14   -4  -11   11    5
    2    1    6    4    1    3    2  194    1    1       801   14    2   -4   17   14   -3  -11   10  -11    0   -3    9   -5    7   -4   -8   14    9
    2    1    7    1    2    8    2   40    3    0      4989   11   11   -2   11   12   -1  -15   20  -13   -7   -3    3  -16   10  -10   -6    9    4
    2    1    8    5    1    4    3  134    1    1      1553   20    0  -10   11   14   -4  -10    5  -12   -2   -9    9    4   18   -7   -8   13   10
    2    1    9    6    2    0    3  129    1    0      2207   10   12    0   10   13   -4   -6   13   -5    4    0    4  -10    8   -4  -12    4    8
    2    1   10    5    2    8    3  179    2    1      3652   13   10   -2    9   12   -1  -14   22  -12   -4    6    8  -15   11  -10   -6   10    3
    2    1   11    5    2    2    3  189    2    1      1101   12   12   -1   12   16    0   -6   20  -10   -2    0    2  -15   16  -10   -6   17   -2
    2    1   12    1    3    9    2   69    3    1      1103   17   -2   -6   19    9   -3   -3   12   -4  -13   -7   -5  -18   20   -2  -14    9   10
    2    1   13    4    2    2    2  179    2    1      1327   11   18    0    9   11   -3  -11   15  -12   -8   -2    3  -14   12  -10   -7    9    4
    2    1   14    1    3    4    2    4    2    0      1493   17    2   -4   16   16  -10  -11   10  -12  -12   -5    1   -9   22   -1  -11   12    4
    2    1   15    1    1    6    2   10    1    1      1366   17    7   -6   20   16   -4   -8   11   -6    4   -4    9  -10    8  -14   -9    8    7
    2    1   16    1    1    5    2   61    3    0      4075   12    3   -5   17   13   -1   -6   20  -12   -1    0    7   -4    8   -5   -1   14    9
    2    1   17    5    3    6    3  124    1    0      1971   17   -1   -6   19    9   -5  -11    2   -6  -11  -11   -8  -12   17   -3  -13   11    4
    2    1   18    4    1    5    2  143    2    0      1683   14    3   -6   18   16    0  -10    9  -21   -6    2   -3   -5    7   -3  -12   12    8
    2    1   19    5    3    7    3  158    1    0      1084   19    0   -7   22   12   -4   -9    9   -5  -11   -2    2  -13    9   -8   -7   14    6
    2    1   20    4    2    5    2  143    2    1      1135   12   14   -1   12   13    0  -12   19  -13   -6    0    2  -17   15   -7   -5   10   -5
    2    1   21    4    3    5    2  163    3    1      1245   16   -2   -4   22   10   -3  -11    7   -6  -12   -3   -3  -13   20   -3  -17   14    5
    2    1   22    3    3    2    1  110    3    1      1285   15   -2   -4   19    8   -4  -10    9   -8  -13   -3    0  -13   19   -2  -13   11    5
    2    1   23    4    3    6    2  116    3    1      5354   15   -3   -4   19    5  -14  -13   11   -4  -15    0    4  -12   19   -2   -7   13    3
    2    1   24    4    3    2    2  175    3    1       834   15   -3   -4   22    8   -3   -9    8   -7  -14  -10    0  -11   17    1  -10   11    6
    2    1   25    1    3    3    2   65    3    1       909   14   -3    0   22    8   -3   -8    8   -8  -13    3    1  -14   19    1  -16   14    4
    2    1   26    1    3    5    2   82    3    1       724   17   -2  -14   17    8   -5  -10   10   -5  -15   -2   -1  -11   20   -2  -11   13    6
    2    1   27    3    3    1    1  105    3    1      1762   14   -1   -4   21    9   -3  -10    8   -7  -13    2   -3  -13   19   -1  -14   12    5
    2    1   28    1    2    6    2   77    2    1      4199   11   13   -5   13   21    1  -14   19  -11   -4    1    3   -4    6   -7   -9    5    4
    2    1   29    1    2    5    2   47    2    1      1003   12   12    1   10   15   -3  -12   20  -12   -8   -3    1  -18   12  -10  -10   10    4
    2    1   30    3    2    3    1  128    2    1      1359   15   21    1   10   13   -1  -14   20  -13   -5   -1    3  -14   11   -9   -7   10    2
    2    1   31    1    3    8    2   71    3    1       821   14   -2   -7   19    6   -6  -11    9   -8  -15   -3    1  -11   18   -2  -13   12    6
    2    1   32    5    1    6    3  122    2    0       799   12    3   -3   12   13   -3  -10    9   -9    0   -4    5    0   15   -1    0   12   10
    2    1   33    3    1    2    1  165    1    1      1085   14    3   -5   18   15   -3  -11   10  -12   -1   -5    4   -5    9   -6   -9   13    9
    2    1   34    2    1    0    0    0    1    1       766   13    3   -5   18   14   -2  -10   10  -11   -1   -5    4   -5    8   -6   -9   13    9
    2    1   35    5    3    5    3  119    3    1       909   17   -4   -6   21    8   -5   -4   15   -2  -17    0    2  -11   16   -3  -11   14    2
    2    1   36    4    2    1    2  177    2    1       757   10   15   -1   12   12   -3  -13   19  -10   -7    0    2  -14   10   -7  -10   10    5
    2    1   37    1    1    2    2   90    1    1       821   15    2   -9   22   15   -2   -8   12   -9   -2   -4    3   -3    6   -6   -8   12   11
    2    1   38    1    1    8    2   51    2    0      1761   15    4  -12   16   14   -1   -7    7  -19    6   -6    2    0    3  -10  -11   11   10
    2    1   39    1    3    7    2   64    2    0       951   14   -2   -2   12    8   -7   -9    9   -9  -10   -2   -1  -12   18   -5   -8   16    8
    2    1   40    4    2    4    2  148    2    1      4206    7    8    1   11   11   -3  -17   21  -13   -5    6   10  -12   10   -9   -8   12    4
    2    1   41    1    1    4    2   89    1    1       948   13    2   -4   18   17   -4   -9   12  -10   -3   -4    4   -4    9   -7   -8   11   10
    2    1   42    3    2    2    1  104    2    1      1516   11   14   -1   12   12   -2   -3   22  -12   -5   -5   -6  -14   11   -9   -7   12    5
    2    1   43    5    2    5    3  114    2    1      1022    0   23    0   10   14   -1  -14   20  -16   -1   -3    0  -14   10   -6   -2   13    2
    2    1   44    3    2    1    1  171    2    1      1748   11   13    0   11   13   -2  -12   20  -10  -10   -1    2  -14   12   -8   -7   11    4
    2    1   45    5    1    3    3  195    1    1      1068   18    4   -7   18   21   -5   -9   12  -16  -11   -6   12   -5    9   -5  -10   14   10
    2    1   46    1    2    9    2   85    3    0      1536    5    9   -2   13    9   -6  -13   18  -11   -7   -1    1  -13   12   -8   -8   10    2
    2    1   47    3    1    3    1  117    1    1       829   13    3   -6   18   14   -2  -10    9  -12    0   -5    4   -5    8   -6   -9   13    9
    2    1   48    1    3    1    2   80    3    1       714   13    8   -7   19    4   -3  -11    9   -3   -3   -5    2  -12   18   -2  -13   12    6
    2    1   49    1    2    1    2   97    1    0      1322   10   14    0   13   18    2  -13   21  -14   -6    0    3  -16   11  -11   -9   10    2
    2    1   50    4    1    4    2  104    1    1      1987   14    5   -2   21   14   -3   -9   12  -21    1   -6    3   -4    7   -8   -8   13   10
    2    1   51    5    2    4    3  154    2    1       722   11   15   -2   15   12   -1   -8   23  -10    4   -2    4  -19   16   -2  -17   11    3
    2    1   52    4    2    6    2  162    2    1       786   18    5    0   12    9   -2  -12   20  -19   -6   -1    4  -15   10   -9   -6   10    5
    2    1   53    5    1    2    3  150    1    1      1198   10   -4   -6    9   14   -1  -11   11   -6   -3   -3    3   -5   13   -5   -7   17   14
    2    1   54    5    1    8    3  124    2    0       988    8   11    1   21   13   -1   -9    6   -8   -6   -5    3   -4   12    1   -3   23    4
    2    1   55    1    1    1    2   82    1    1       768   11    3   -5   19   16   -3   -9    9  -13    6  -12   -1  -11   17   -6   -8   14   11
    2    1   56    1    2    7    2   14    2    1       783   10    9   -3    6   14   -1  -12   19  -14  -10   -9    6  -13   10   -7   -9   10    2
    2    1   57    1    1    3    2   13    1    1       749   13    4   -6   19   15   -1   -9    9  -10    3   -4    4   -6    7   -6  -11   14   10
    2    1   58    4    2    3    2  119    2    1       733    5    7   -2   12   13    0  -14   21  -14   -4   -4    3  -23    3   -9   -6   15    2
    2    1   59    5    3    9    3  133    3    1       876    7   -5   -7   18    9    4   -9    8   -8  -11    0   -5  -13   20   -4  -12   17   11
    2    1   60    4    3    3    2  128    2    0      1013   14   -4   -4   19   13  -10  -16    7   -8  -13   -2   -1  -12   19    2  -11   11    7
    2    1   61    1    3    2    2   95    3    1      1979   15   -1  -10   16   10   -4   -8   19   -5  -13   -4   -5  -14   19   -2  -11   10    7
    2    1   62    5    1    5    3  157    2    0      1768    7    2   -4   17   13   -3   -6   14  -19    0   -6    5   -9   14  -11  -14   20    7
    2    1   63    5    2    9    3  124    2    1       782   11   13   -1   12   17   -1   -9   23   -2  -11    3   -1   -5   13   -9   -6   10    5
    2    1   64    2    2    0    0    0    2    1       811   10   13    0   11   13   -1  -13   20  -12   -6   -1    3  -14   11   -9   -7   11    4
    2    1   65    1    1    7    2   27    2    0      2713   12    4   -5   16   13   -2  -15   11  -12    1   -4    4   -6    8   -8  -10   14    8
    2    1   66    5    3    1    3  182    1    0       921   14   -2  -11   20    9   -6  -16    7   -7  -22   -8    2  -10   13    4   -3    4    0
    2    1   67    5    2    3    3  195    3    0       913   13    9   -2   12   15   -1   -6   20  -13  -11    0    3  -17   18  -12   -8    9    3
    2    1   68    5    2    7    3  125    1    0      3464    6   13   -1   11   14   -2  -19   15  -17   -3   -2    5  -16   13  -17    2    3   12
    2    1   69    3    3    3    1  181    2    0      1035   16   -2   -5   19   10   -5  -10    9   -7  -13   -3   -1  -13   20    4  -12   12    5
    2    1   70    1    1    9    2   97    1    1      1295   12    3   -6   20   11    7  -11   14   -9    0   -5    6   -5    9   -7   -9   15   11
    2    1   71    1    2    4    2   93    2    1       713   10   14   -4   11   14   -1  -12   22  -10   -8    0    2  -13   11   -9   -3   21    2
    2    1   72    1    2    2    2   16    2    1      1003   12   13   -1   11   12   -5  -15   24  -11   -7   -2    3  -15    9   -7   -9   10    4
    2    1   73    5    3    8    3  145    2    0      3088   13   -3    5   19   15  -10  -12   10   -8   -3   -8    3  -12   18   -1  -10   13    4
    2    1   74    5    1    7    3  171    2    0      1027   14    6   -8   18   15   -1  -10   11  -11    0   -3   -4   -4    8   -7  -10   21    9
    2    1   75    5    3    2    3  125    1    0      1064   16   -3   -4   20   13   -9   -6    5   -3   -8   -4   -2  -11   20   -4  -14   11    7
    2    1   76    6    3    0    3  110    3    1      1100   17   -2    3   22    9   -3  -14   14   -8   -4   -4    1  -14   20  -13  -15    7   12
    2    1   77    5    2    6    3  115    2    1       540   13   19   -1   10   13   -6  -12   21  -13   -4   -3   -6  -16   14  -18    0   14    1
    2    1   78    5    1    9    3  147    1    1      1380    9   10   -5   19   16   -1  -17   19   -3    1   -6    4   -6    8  -16   -7   13   11
    2    1   79    5    1    1    3  112    2    0      1513   15   -7   -7   19   14   -3  -12   11  -19    0   -5    6    3    6  -14    1   14   11
    2    1   80    5    2    1    3  170    1    0      1098   10   11   -9    6   18    6  -14   21  -13   -6    4   10  -18   12  -13   -9    2    7
    2    1   81    1    2    3    2   96    2    1       649   12   10    6    6   17    1  -11   20  -12   -7    1    1  -15   11  -10    3    9    3
    2    1   82    5    3    3    3  192    2    0       637   19   -8   -5   19    9   -3   -9    9   -4  -16   -4    0   -7   12    1  -15   12    3
    2    1   83    4    3    1    2  171    1    0      3185   17    0  -15   24   11   -6   -8    8   -2  -16   -4    1  -12   17   -5  -13   12    6
    2    1   84    2    3    0    0    0    3    1      1021   15   -2   -5   20    9   -4  -10    9   -7  -13   -3    0  -13   19   -3  -12   12    5
    2    1   85    4    1    1    2  170    2    0       879   21   -3   -1   21   13   -4  -12    8  -18    4  -10    6   -4   10   -4   -8   13    8
    2    1   86    1    3    6    2   89    2    0       825   14   -3  -14   14    9   -5   -2   12   -4  -10  -13   -1  -11   20    5   -9   13    5
    2    1   87    4    1    6    2  137    3    0       533   13    1   -3   18   15    0   -9    9  -12   -3  -15   -1   -4   10   -5  -11   13    8
