    1    1    1    1    2    3    3   96    1    0      7857    8   22   -1    9    8    2   -4   12   -5  -16    0    2  -13   13   -9  -12   11    3
    1    1    2    1    1    4    3   89    1    1      3513   14   -5   -3   14   12   -2  -10   11  -13    2  -10    8   -2    5   -4   -9    9   12
    1    1    3    1    3    2    3   95    2    0      1769   13    0   -5   18   10    0   -1   10   -9  -14   -8   -3  -18   15    0   -3    8   10
    1    1    4    1    1    9    3   97    2    0      1888   22   -3   -4   17    6   -4   -3   12   -6    1   -5    3   -1    4  -11  -12   13    8
    1    1    5    1    1    3    3   13    2    0      5489   12    3  -10   22   12   -1  -12   15  -12    0   -8    0   -6   10   -6   -7   12    9
    1    1    6    1    2    8    3   40    1    0      2307    8   14   -7    7   15   -2  -16   18  -12   -8   -6   13  -12   10   -9   -8   13   12
    1    1    7    1    3    6    3   89    3    1      1281   16   -3   -4   20   13    5  -20   18   -8  -12   -4   -3  -23   21   -3  -11    2   -3
    1    1    8    1    1    5    3   61    2    0      2937    9   11   -4   20    7    6  -10   13   -6    1   -9    7   -5   13   -9  -10    8    1
    1    1    9    1    1    7    3   27    3    0      5503   12    3    1   10   13   -5   -9   10   -7    1   -4    4   -5    7   -5   -8   14    9
    1    1   10    1    3    7    3   64    1    0      1199   14   -2   -2   12    4    4  -13    4    2  -16    7   -2  -22   11   -5  -12   10   10
    1    1   11    1    1    2    3   90    2    0       780    7    5  -10   18   15   -2   -8    5   -7  -11  -15   12   -4    7   -5   -9   14    9
    1    1   12    1    3    9    3   69    3    1      1496   17  -12  -12   19    4   -6  -11    9   -8  -14   -8   -2  -18    9    2  -21   11    1
    1    1   13    1    2    9    3   85    1    0       871    9   13    4   12   13   -2   -8   13   -6  -15  -10   -2   -9   11  -11   -9   10    4
    1    1   14    1    2    6    3   77    1    0       721    9   13    1   10    9   -6  -17   15  -13   -5    2   -2  -20   18  -10   -7   12    3
    1    1   15    1    3    4    3    4    1    0      2128   15   -3   -6   20    9   -5  -11   17  -11  -16   -6  -10   -9   14   -9  -13   12   10
    1    1   16    1    1    1    3   82    1    1      3448   12    2   -5   19   14   -4  -17    2   -4   -7    4    0   -1    8    0  -11   11   10
    1    1   17    1    1    8    3   51    1    1      1658   15    7  -12   23   18   -1  -10    7   -9   -3   -1    0  -11    3   -8  -11   13   19
    1    1   18    1    3    1    3   80    2    0      3957   24    6   -7   20    2    0  -10   13   -7  -14   -2    8  -11   18   -8   -9   11    6
    1    1   19    1    2    2    3   16    2    1      3958   10   12    6    5   11   -1  -18   22  -10   -1   -1    4  -14   10  -11   -7   13   -5
    1    1   20    1    3    5    3   82    3    1      1732   13   -1   -7   23   11   -4   -5   16   -2  -11   -9    2  -11    9   -5  -17   18    3
    1    1   21    1    3    3    3   65    3    1      3336   14   -3   -9   22   -1   -7  -11    1   -8  -12   -4    0  -13   18   -4  -11   12   15
    1    1   22    1    2    5    3   47    1    0      1535   12   14    3   10   16   -1  -11   18   -3  -14   -2    4  -17    2  -11  -10    6    1
    1    1   23    1    2    4    3   93    2    1      3691    8    5   -1   11   21    7   -9   14  -19    1   -1    4  -13   10   -9   -8   15    7
    1    1   24    1    3    8    3   71    1    0      3587   16  -10   -6   20   19  -11   -8   11  -13  -22   -3   -1  -18   20   -3  -14   12    4
    1    1   25    1    2    7    3   14    1    0       653   10   14   -2   12   10   -4  -23   22  -14   -6  -11    1  -14   13   -9   -8    3   -1
    1    1   26    1    1    6    3   10    3    0      2221   18   -2   -4   17    4   -8  -11   11  -10   -1   -1    9  -12    7   -4  -10   16    3
    1    1   27    1    2    1    3   97    1    0      1119    9   13   -1    2   14    0   -5   18  -19   -4   -6    1   -8    6  -10   -7   16    6
    1    2    1    1    3    9    3   69    1    0      8269   17  -12  -12   19    4   -6  -11    9   -8  -14   -8   -2  -18    9    2  -21   11    1
    1    2    2    1    3    3    3   65    3    1      1262   14   -3   -9   22   -1   -7  -11    1   -8  -12   -4    0  -13   18   -4  -11   12   15
    1    2    3    1    2    7    3   14    3    0      3094   10   14   -2   12   10   -4  -23   22  -14   -6  -11    1  -14   13   -9   -8    3   -1
    1    2    4    1    1    4    3   89    1    1      1350   14   -5   -3   14   12   -2  -10   11  -13    2  -10    8   -2    5   -4   -9    9   12
    1    2    5    1    2    6    3   77    1    0      2172    9   13    1   10    9   -6  -17   15  -13   -5    2   -2  -20   18  -10   -7   12    3
    1    2    6    1    2    4    3   93    1    0      3775    8    5   -1   11   21    7   -9   14  -19    1   -1    4  -13   10   -9   -8   15    7
    1    2    7    1    2    9    3   85    2    1      2741    9   13    4   12   13   -2   -8   13   -6  -15  -10   -2   -9   11  -11   -9   10    4
    1    2    8    1    1    1    3   82    3    0      5123   12    2   -5   19   14   -4  -17    2   -4   -7    4    0   -1    8    0  -11   11   10
    1    2    9    1    2    5    3   47    3    0      2176   12   14    3   10   16   -1  -11   18   -3  -14   -2    4  -17    2  -11  -10    6    1
    1    2   10    1    3    4    3    4    1    0      2485   15   -3   -6   20    9   -5  -11   17  -11  -16   -6  -10   -9   14   -9  -13   12   10
    1    2   11    1    2    8    3   40    1    0      3359    8   14   -7    7   15   -2  -16   18  -12   -8   -6   13  -12   10   -9   -8   13   12
    1    2   12    1    1    9    3   97    2    0      3587   22   -3   -4   17    6   -4   -3   12   -6    1   -5    3   -1    4  -11  -12   13    8
    1    2   13    1    1    7    3   27    2    0      3662   12    3    1   10   13   -5   -9   10   -7    1   -4    4   -5    7   -5   -8   14    9
    1    2   14    1    3    1    3   80    2    0      2953   24    6   -7   20    2    0  -10   13   -7  -14   -2    8  -11   18   -8   -9   11    6
    1    2   15    1    2    2    3   16    3    0      1998   10   12    6    5   11   -1  -18   22  -10   -1   -1    4  -14   10  -11   -7   13   -5
    1    2   16    1    3    6    3   89    2    0      5771   16   -3   -4   20   13    5  -20   18   -8  -12   -4   -3  -23   21   -3  -11    2   -3
    1    2   17    1    3    8    3   71    2    0      8672   16  -10   -6   20   19  -11   -8   11  -13  -22   -3   -1  -18   20   -3  -14   12    4
    1    2   18    1    2    3    3   96    3    0      1200    8   22   -1    9    8    2   -4   12   -5  -16    0    2  -13   13   -9  -12   11    3
    1    2   19    1    1    3    3   13    2    0      1643   12    3  -10   22   12   -1  -12   15  -12    0   -8    0   -6   10   -6   -7   12    9
    1    2   20    1    1    2    3   90    3    0      3175    7    5  -10   18   15   -2   -8    5   -7  -11  -15   12   -4    7   -5   -9   14    9
    1    2   21    1    3    2    3   95    2    0       339   13    0   -5   18   10    0   -1   10   -9  -14   -8   -3  -18   15    0   -3    8   10
    1    2   22    1    2    1    3   97    2    1      2801    9   13   -1    2   14    0   -5   18  -19   -4   -6    1   -8    6  -10   -7   16    6
    1    2   23    1    3    5    3   82    2    0      3212   13   -1   -7   23   11   -4   -5   16   -2  -11   -9    2  -11    9   -5  -17   18    3
    1    2   24    1    1    5    3   61    2    0       745    9   11   -4   20    7    6  -10   13   -6    1   -9    7   -5   13   -9  -10    8    1
    1    2   25    1    3    7    3   64    2    0       566   14   -2   -2   12    4    4  -13    4    2  -16    7   -2  -22   11   -5  -12   10   10
    1    2   26    1    1    8    3   51    3    0      2828   15    7  -12   23   18   -1  -10    7   -9   -3   -1    0  -11    3   -8  -11   13   19
    1    2   27    1    1    6    3   10    2    0      2133   18   -2   -4   17    4   -8  -11   11  -10   -1   -1    9  -12    7   -4  -10   16    3
    1    3    1    1    3    7    3   64    3    1      1228   14   -2   -2   12    4    4  -13    4    2  -16    7   -2  -22   11   -5  -12   10   10
    1    3    2    1    1    5    3   61    2    0       694    9   11   -4   20    7    6  -10   13   -6    1   -9    7   -5   13   -9  -10    8    1
    1    3    3    1    2    6    3   77    1    0       583    9   13    1   10    9   -6  -17   15  -13   -5    2   -2  -20   18  -10   -7   12    3
    1    3    4    1    3    4    3    4    1    0       909   15   -3   -6   20    9   -5  -11   17  -11  -16   -6  -10   -9   14   -9  -13   12   10
    1    3    5    1    1    9    3   97    3    0      3157   22   -3   -4   17    6   -4   -3   12   -6    1   -5    3   -1    4  -11  -12   13    8
    1    3    6    1    2    8    3   40    1    0      1106    8   14   -7    7   15   -2  -16   18  -12   -8   -6   13  -12   10   -9   -8   13   12
    1    3    7    1    1    1    3   82    3    0      1347   12    2   -5   19   14   -4  -17    2   -4   -7    4    0   -1    8    0  -11   11   10
    1    3    8    1    2    2    3   16    1    0      1497   10   12    6    5   11   -1  -18   22  -10   -1   -1    4  -14   10  -11   -7   13   -5
    1    3    9    1    2    1    3   97    3    0      1706    9   13   -1    2   14    0   -5   18  -19   -4   -6    1   -8    6  -10   -7   16    6
    1    3   10    1    1    6    3   10    3    0      1536   18   -2   -4   17    4   -8  -11   11  -10   -1   -1    9  -12    7   -4  -10   16    3
    1    3   11    1    3    1    3   80    2    0      1262   24    6   -7   20    2    0  -10   13   -7  -14   -2    8  -11   18   -8   -9   11    6
    1    3   12    1    2    7    3   14    2    1      2983   10   14   -2   12   10   -4  -23   22  -14   -6  -11    1  -14   13   -9   -8    3   -1
    1    3   13    1    2    3    3   96    3    0      1549    8   22   -1    9    8    2   -4   12   -5  -16    0    2  -13   13   -9  -12   11    3
    1    3   14    1    2    5    3   47    1    0      1306   12   14    3   10   16   -1  -11   18   -3  -14   -2    4  -17    2  -11  -10    6    1
    1    3   15    1    1    3    3   13    2    0      3090   12    3  -10   22   12   -1  -12   15  -12    0   -8    0   -6   10   -6   -7   12    9
    1    3   16    1    3    5    3   82    3    1       449   13   -1   -7   23   11   -4   -5   16   -2  -11   -9    2  -11    9   -5  -17   18    3
    1    3   17    1    1    4    3   89    1    1       409   14   -5   -3   14   12   -2  -10   11  -13    2  -10    8   -2    5   -4   -9    9   12
    1    3   18    1    3    8    3   71    2    0       182   16  -10   -6   20   19  -11   -8   11  -13  -22   -3   -1  -18   20   -3  -14   12    4
    1    3   19    1    1    2    3   90    1    1       411    7    5  -10   18   15   -2   -8    5   -7  -11  -15   12   -4    7   -5   -9   14    9
    1    3   20    1    3    3    3   65    3    1       215   14   -3   -9   22   -1   -7  -11    1   -8  -12   -4    0  -13   18   -4  -11   12   15
    1    3   21    1    2    9    3   85    1    0       299    9   13    4   12   13   -2   -8   13   -6  -15  -10   -2   -9   11  -11   -9   10    4
    1    3   22    1    3    2    3   95    1    0       444   13    0   -5   18   10    0   -1   10   -9  -14   -8   -3  -18   15    0   -3    8   10
    1    3   23    1    1    7    3   27    2    0      1255   12    3    1   10   13   -5   -9   10   -7    1   -4    4   -5    7   -5   -8   14    9
    1    3   24    1    2    4    3   93    1    0       802    8    5   -1   11   21    7   -9   14  -19    1   -1    4  -13   10   -9   -8   15    7
    1    3   25    1    3    9    3   69    3    1      2797   17  -12  -12   19    4   -6  -11    9   -8  -14   -8   -2  -18    9    2  -21   11    1
    1    3   26    1    1    8    3   51    1    1       152   15    7  -12   23   18   -1  -10    7   -9   -3   -1    0  -11    3   -8  -11   13   19
    1    3   27    1    3    6    3   89    3    1      2398   16   -3   -4   20   13    5  -20   18   -8  -12   -4   -3  -23   21   -3  -11    2   -3
    1    4    1    1    1    3    3   13    1    1       474   12    3  -10   22   12   -1  -12   15  -12    0   -8    0   -6   10   -6   -7   12    9
    1    4    2    1    3    8    3   71    3    1       244   16  -10   -6   20   19  -11   -8   11  -13  -22   -3   -1  -18   20   -3  -14   12    4
    1    4    3    1    1    2    3   90    1    1       307    7    5  -10   18   15   -2   -8    5   -7  -11  -15   12   -4    7   -5   -9   14    9
    1    4    4    1    3    2    3   95    2    0       182   13    0   -5   18   10    0   -1   10   -9  -14   -8   -3  -18   15    0   -3    8   10
    1    4    5    1    2    3    3   96    1    0       203    8   22   -1    9    8    2   -4   12   -5  -16    0    2  -13   13   -9  -12   11    3
    1    4    6    1    3    6    3   89    3    1      1663   16   -3   -4   20   13    5  -20   18   -8  -12   -4   -3  -23   21   -3  -11    2   -3
    1    4    7    1    2    4    3   93    1    0       265    8    5   -1   11   21    7   -9   14  -19    1   -1    4  -13   10   -9   -8   15    7
    1    4    8    1    2    8    3   40    3    0       363    8   14   -7    7   15   -2  -16   18  -12   -8   -6   13  -12   10   -9   -8   13   12
    1    4    9    1    1    9    3   97    1    1       425   22   -3   -4   17    6   -4   -3   12   -6    1   -5    3   -1    4  -11  -12   13    8
    1    4   10    1    1    6    3   10    3    0      1428   18   -2   -4   17    4   -8  -11   11  -10   -1   -1    9  -12    7   -4  -10   16    3
    1    4   11    1    1    1    3   82    1    1      1429   12    2   -5   19   14   -4  -17    2   -4   -7    4    0   -1    8    0  -11   11   10
    1    4   12    1    1    7    3   27    3    0       345   12    3    1   10   13   -5   -9   10   -7    1   -4    4   -5    7   -5   -8   14    9
    1    4   13    1    2    9    3   85    1    0       375    9   13    4   12   13   -2   -8   13   -6  -15  -10   -2   -9   11  -11   -9   10    4
    1    4   14    1    2    2    3   16    2    1       406   10   12    6    5   11   -1  -18   22  -10   -1   -1    4  -14   10  -11   -7   13   -5
    1    4   15    1    2    5    3   47    2    1       336   12   14    3   10   16   -1  -11   18   -3  -14   -2    4  -17    2  -11  -10    6    1
    1    4   16    1    2    6    3   77    2    1       592    9   13    1   10    9   -6  -17   15  -13   -5    2   -2  -20   18  -10   -7   12    3
    1    4   17    1    3    3    3   65    3    1      1476   14   -3   -9   22   -1   -7  -11    1   -8  -12   -4    0  -13   18   -4  -11   12   15
    1    4   18    1    2    1    3   97    1    0       693    9   13   -1    2   14    0   -5   18  -19   -4   -6    1   -8    6  -10   -7   16    6
    1    4   19    1    3    4    3    4    2    0       356   15   -3   -6   20    9   -5  -11   17  -11  -16   -6  -10   -9   14   -9  -13   12   10
    1    4   20    1    2    7    3   14    2    1       405   10   14   -2   12   10   -4  -23   22  -14   -6  -11    1  -14   13   -9   -8    3   -1
    1    4   21    1    1    4    3   89    3    0       273   14   -5   -3   14   12   -2  -10   11  -13    2  -10    8   -2    5   -4   -9    9   12
    1    4   22    1    3    5    3   82    3    1      1683   13   -1   -7   23   11   -4   -5   16   -2  -11   -9    2  -11    9   -5  -17   18    3
    1    4   23    1    1    5    3   61    1    1       315    9   11   -4   20    7    6  -10   13   -6    1   -9    7   -5   13   -9  -10    8    1
    1    4   24    1    3    9    3   69    3    1       236   17  -12  -12   19    4   -6  -11    9   -8  -14   -8   -2  -18    9    2  -21   11    1
    1    4   25    1    3    1    3   80    1    0       461   24    6   -7   20    2    0  -10   13   -7  -14   -2    8  -11   18   -8   -9   11    6
    1    4   26    1    1    8    3   51    2    0      1945   15    7  -12   23   18   -1  -10    7   -9   -3   -1    0  -11    3   -8  -11   13   19
    1    4   27    1    3    7    3   64    3    1       839   14   -2   -2   12    4    4  -13    4    2  -16    7   -2  -22   11   -5  -12   10   10
    1    5    1    1    2    5    3   47    2    1      1793   12   14    3   10   16   -1  -11   18   -3  -14   -2    4  -17    2  -11  -10    6    1
    1    5    2    1    2    3    3   96    3    0      1093    8   22   -1    9    8    2   -4   12   -5  -16    0    2  -13   13   -9  -12   11    3
    1    5    3    1    1    2    3   90    2    0      1396    7    5  -10   18   15   -2   -8    5   -7  -11  -15   12   -4    7   -5   -9   14    9
    1    5    4    1    3    8    3   71    3    1       954   16  -10   -6   20   19  -11   -8   11  -13  -22   -3   -1  -18   20   -3  -14   12    4
    1    5    5    1    3    6    3   89    1    0       543   16   -3   -4   20   13    5  -20   18   -8  -12   -4   -3  -23   21   -3  -11    2   -3
    1    5    6    1    3    7    3   64    3    1       518   14   -2   -2   12    4    4  -13    4    2  -16    7   -2  -22   11   -5  -12   10   10
    1    5    7    1    2    8    3   40    2    1      2187    8   14   -7    7   15   -2  -16   18  -12   -8   -6   13  -12   10   -9   -8   13   12
    1    5    8    1    1    3    3   13    1    1       445   12    3  -10   22   12   -1  -12   15  -12    0   -8    0   -6   10   -6   -7   12    9
    1    5    9    1    2    7    3   14    3    0       296   10   14   -2   12   10   -4  -23   22  -14   -6  -11    1  -14   13   -9   -8    3   -1
    1    5   10    1    1    5    3   61    2    0       423    9   11   -4   20    7    6  -10   13   -6    1   -9    7   -5   13   -9  -10    8    1
    1    5   11    1    3    4    3    4    1    0      1300   15   -3   -6   20    9   -5  -11   17  -11  -16   -6  -10   -9   14   -9  -13   12   10
    1    5   12    1    3    9    3   69    1    0       368   17  -12  -12   19    4   -6  -11    9   -8  -14   -8   -2  -18    9    2  -21   11    1
    1    5   13    1    1    9    3   97    2    0      1036   22   -3   -4   17    6   -4   -3   12   -6    1   -5    3   -1    4  -11  -12   13    8
    1    5   14    1    3    3    3   65    3    1       336   14   -3   -9   22   -1   -7  -11    1   -8  -12   -4    0  -13   18   -4  -11   12   15
    1    5   15    1    2    1    3   97    1    0       414    9   13   -1    2   14    0   -5   18  -19   -4   -6    1   -8    6  -10   -7   16    6
    1    5   16    1    1    4    3   89    3    0       538   14   -5   -3   14   12   -2  -10   11  -13    2  -10    8   -2    5   -4   -9    9   12
    1    5   17    1    2    4    3   93    3    0      1631    8    5   -1   11   21    7   -9   14  -19    1   -1    4  -13   10   -9   -8   15    7
    1    5   18    1    1    8    3   51    1    1      1017   15    7  -12   23   18   -1  -10    7   -9   -3   -1    0  -11    3   -8  -11   13   19
    1    5   19    1    2    2    3   16    2    1       302   10   12    6    5   11   -1  -18   22  -10   -1   -1    4  -14   10  -11   -7   13   -5
    1    5   20    1    3    2    3   95    1    0       463   13    0   -5   18   10    0   -1   10   -9  -14   -8   -3  -18   15    0   -3    8   10
    1    5   21    1    1    1    3   82    3    0       697   12    2   -5   19   14   -4  -17    2   -4   -7    4    0   -1    8    0  -11   11   10
    1    5   22    1    3    1    3   80    2    0       330   24    6   -7   20    2    0  -10   13   -7  -14   -2    8  -11   18   -8   -9   11    6
    1    5   23    1    3    5    3   82    1    0       186   13   -1   -7   23   11   -4   -5   16   -2  -11   -9    2  -11    9   -5  -17   18    3
    1    5   24    1    1    7    3   27    1    1         0   12    3    1   10   13   -5   -9   10   -7    1   -4    4   -5    7   -5   -8   14    9
    1    5   25    1    2    9    3   85    3    0       574    9   13    4   12   13   -2   -8   13   -6  -15  -10   -2   -9   11  -11   -9   10    4
    1    5   26    1    2    6    3   77    2    1       227    9   13    1   10    9   -6  -17   15  -13   -5    2   -2  -20   18  -10   -7   12    3
    1    5   27    1    1    6    3   10    1    1       710   18   -2   -4   17    4   -8  -11   11  -10   -1   -1    9  -12    7   -4  -10   16    3
    1    6    1    1    2    7    3   14    3    0       310   10   14   -2   12   10   -4  -23   22  -14   -6  -11    1  -14   13   -9   -8    3   -1
    1    6    2    1    2    2    3   16    2    1      2101   10   12    6    5   11   -1  -18   22  -10   -1   -1    4  -14   10  -11   -7   13   -5
    1    6    3    1    1    4    3   89    1    1      2030   14   -5   -3   14   12   -2  -10   11  -13    2  -10    8   -2    5   -4   -9    9   12
    1    6    4    1    2    5    3   47    2    1       362   12   14    3   10   16   -1  -11   18   -3  -14   -2    4  -17    2  -11  -10    6    1
    1    6    5    1    2    9    3   85    2    1       520    9   13    4   12   13   -2   -8   13   -6  -15  -10   -2   -9   11  -11   -9   10    4
    1    6    6    1    1    9    3   97    2    0       400   22   -3   -4   17    6   -4   -3   12   -6    1   -5    3   -1    4  -11  -12   13    8
    1    6    7    1    1    7    3   27    3    0       476   12    3    1   10   13   -5   -9   10   -7    1   -4    4   -5    7   -5   -8   14    9
    1    6    8    1    3    9    3   69    2    0      4261   17  -12  -12   19    4   -6  -11    9   -8  -14   -8   -2  -18    9    2  -21   11    1
    1    6    9    1    1    1    3   82    3    0       375   12    2   -5   19   14   -4  -17    2   -4   -7    4    0   -1    8    0  -11   11   10
    1    6   10    1    3    2    3   95    1    0       755   13    0   -5   18   10    0   -1   10   -9  -14   -8   -3  -18   15    0   -3    8   10
    1    6   11    1    2    4    3   93    3    0       639    8    5   -1   11   21    7   -9   14  -19    1   -1    4  -13   10   -9   -8   15    7
    1    6   12    1    2    1    3   97    1    0       415    9   13   -1    2   14    0   -5   18  -19   -4   -6    1   -8    6  -10   -7   16    6
    1    6   13    1    3    3    3   65    1    0       395   14   -3   -9   22   -1   -7  -11    1   -8  -12   -4    0  -13   18   -4  -11   12   15
    1    6   14    1    1    6    3   10    3    0       425   18   -2   -4   17    4   -8  -11   11  -10   -1   -1    9  -12    7   -4  -10   16    3
    1    6   15    1    1    8    3   51    3    0       262   15    7  -12   23   18   -1  -10    7   -9   -3   -1    0  -11    3   -8  -11   13   19
    1    6   16    1    3    6    3   89    3    1       122   16   -3   -4   20   13    5  -20   18   -8  -12   -4   -3  -23   21   -3  -11    2   -3
    1    6   17    1    3    5    3   82    2    0       178   13   -1   -7   23   11   -4   -5   16   -2  -11   -9    2  -11    9   -5  -17   18    3
    1    6   18    1    2    3    3   96    3    0       426    8   22   -1    9    8    2   -4   12   -5  -16    0    2  -13   13   -9  -12   11    3
    1    6   19    1    1    5    3   61    2    0       215    9   11   -4   20    7    6  -10   13   -6    1   -9    7   -5   13   -9  -10    8    1
    1    6   20    1    3    7    3   64    2    0       396   14   -2   -2   12    4    4  -13    4    2  -16    7   -2  -22   11   -5  -12   10   10
    1    6   21    1    2    8    3   40    1    0         0    8   14   -7    7   15   -2  -16   18  -12   -8   -6   13  -12   10   -9   -8   13   12
    1    6   22    1    2    6    3   77    3    0         9    9   13    1   10    9   -6  -17   15  -13   -5    2   -2  -20   18  -10   -7   12    3
    1    6   23    1    3    4    3    4    2    0         0   15   -3   -6   20    9   -5  -11   17  -11  -16   -6  -10   -9   14   -9  -13   12   10
    1    6   24    1    1    2    3   90    1    1        81    7    5  -10   18   15   -2   -8    5   -7  -11  -15   12   -4    7   -5   -9   14    9
    1    6   25    1    3    1    3   80    2    0        75   24    6   -7   20    2    0  -10   13   -7  -14   -2    8  -11   18   -8   -9   11    6
    1    6   26    1    3    8    3   71    1    0         0   16  -10   -6   20   19  -11   -8   11  -13  -22   -3   -1  -18   20   -3  -14   12    4
    1    6   27    1    1    3    3   13    1    1       115   12    3  -10   22   12   -1  -12   15  -12    0   -8    0   -6   10   -6   -7   12    9
    1    7    1    1    3    4    3    4    2    0        54   15   -3   -6   20    9   -5  -11   17  -11  -16   -6  -10   -9   14   -9  -13   12   10
    1    7    2    1    1    3    3   13    2    0         0   12    3  -10   22   12   -1  -12   15  -12    0   -8    0   -6   10   -6   -7   12    9
    1    7    3    1    1    9    3   97    3    0         0   22   -3   -4   17    6   -4   -3   12   -6    1   -5    3   -1    4  -11  -12   13    8
    1    7    4    1    1    5    3   61    1    1       289    9   11   -4   20    7    6  -10   13   -6    1   -9    7   -5   13   -9  -10    8    1
    1    7    5    1    1    7    3   27    1    1        50   12    3    1   10   13   -5   -9   10   -7    1   -4    4   -5    7   -5   -8   14    9
    1    7    6    1    3    9    3   69    1    0       381   17  -12  -12   19    4   -6  -11    9   -8  -14   -8   -2  -18    9    2  -21   11    1
    1    7    7    1    3    6    3   89    3    1       299   16   -3   -4   20   13    5  -20   18   -8  -12   -4   -3  -23   21   -3  -11    2   -3
    1    7    8    1    1    8    3   51    2    0       606   15    7  -12   23   18   -1  -10    7   -9   -3   -1    0  -11    3   -8  -11   13   19
    1    7    9    1    3    2    3   95    2    0       597   13    0   -5   18   10    0   -1   10   -9  -14   -8   -3  -18   15    0   -3    8   10
    1    7   10    1    2    8    3   40    1    0       138    8   14   -7    7   15   -2  -16   18  -12   -8   -6   13  -12   10   -9   -8   13   12
    1    7   11    1    1    1    3   82    2    0       210   12    2   -5   19   14   -4  -17    2   -4   -7    4    0   -1    8    0  -11   11   10
    1    7   12    1    3    3    3   65    2    0       116   14   -3   -9   22   -1   -7  -11    1   -8  -12   -4    0  -13   18   -4  -11   12   15
    1    7   13    1    2    7    3   14    3    0       971   10   14   -2   12   10   -4  -23   22  -14   -6  -11    1  -14   13   -9   -8    3   -1
    1    7   14    1    3    5    3   82    1    0      1070   13   -1   -7   23   11   -4   -5   16   -2  -11   -9    2  -11    9   -5  -17   18    3
    1    7   15    1    2    2    3   16    2    1      1439   10   12    6    5   11   -1  -18   22  -10   -1   -1    4  -14   10  -11   -7   13   -5
    1    7   16    1    2    1    3   97    3    0      2979    9   13   -1    2   14    0   -5   18  -19   -4   -6    1   -8    6  -10   -7   16    6
    1    7   17    1    1    6    3   10    1    1       377   18   -2   -4   17    4   -8  -11   11  -10   -1   -1    9  -12    7   -4  -10   16    3
    1    7   18    1    2    5    3   47    2    1       324   12   14    3   10   16   -1  -11   18   -3  -14   -2    4  -17    2  -11  -10    6    1
    1    7   19    1    3    1    3   80    3    1       210   24    6   -7   20    2    0  -10   13   -7  -14   -2    8  -11   18   -8   -9   11    6
    1    7   20    1    1    2    3   90    3    0       517    7    5  -10   18   15   -2   -8    5   -7  -11  -15   12   -4    7   -5   -9   14    9
    1    7   21    1    2    6    3   77    3    0       363    9   13    1   10    9   -6  -17   15  -13   -5    2   -2  -20   18  -10   -7   12    3
    1    7   22    1    2    9    3   85    3    0       329    9   13    4   12   13   -2   -8   13   -6  -15  -10   -2   -9   11  -11   -9   10    4
    1    7   23    1    3    7    3   64    2    0      1065   14   -2   -2   12    4    4  -13    4    2  -16    7   -2  -22   11   -5  -12   10   10
    1    7   24    1    3    8    3   71    3    1         0   16  -10   -6   20   19  -11   -8   11  -13  -22   -3   -1  -18   20   -3  -14   12    4
    1    7   25    1    1    4    3   89    1    1      1178   14   -5   -3   14   12   -2  -10   11  -13    2  -10    8   -2    5   -4   -9    9   12
    1    7   26    1    2    3    3   96    1    0       519    8   22   -1    9    8    2   -4   12   -5  -16    0    2  -13   13   -9  -12   11    3
    1    7   27    1    2    4    3   93    2    1       736    8    5   -1   11   21    7   -9   14  -19    1   -1    4  -13   10   -9   -8   15    7
    1    8    1    1    2    6    3   77    3    0      1261    9   13    1   10    9   -6  -17   15  -13   -5    2   -2  -20   18  -10   -7   12    3
    1    8    2    1    2    5    3   47    2    1      1334   12   14    3   10   16   -1  -11   18   -3  -14   -2    4  -17    2  -11  -10    6    1
    1    8    3    1    1    8    3   51    2    0      1164   15    7  -12   23   18   -1  -10    7   -9   -3   -1    0  -11    3   -8  -11   13   19
    1    8    4    1    2    7    3   14    1    0       346   10   14   -2   12   10   -4  -23   22  -14   -6  -11    1  -14   13   -9   -8    3   -1
    1    8    5    1    3    8    3   71    2    0       408   16  -10   -6   20   19  -11   -8   11  -13  -22   -3   -1  -18   20   -3  -14   12    4
    1    8    6    1    3    3    3   65    3    1       210   14   -3   -9   22   -1   -7  -11    1   -8  -12   -4    0  -13   18   -4  -11   12   15
    1    8    7    1    3    6    3   89    3    1         0   16   -3   -4   20   13    5  -20   18   -8  -12   -4   -3  -23   21   -3  -11    2   -3
    1    8    8    1    2    8    3   40    2    1       377    8   14   -7    7   15   -2  -16   18  -12   -8   -6   13  -12   10   -9   -8   13   12
    1    8    9    1    1    5    3   61    1    1        62    9   11   -4   20    7    6  -10   13   -6    1   -9    7   -5   13   -9  -10    8    1
    1    8   10    1    1    3    3   13    1    1         0   12    3  -10   22   12   -1  -12   15  -12    0   -8    0   -6   10   -6   -7   12    9
    1    8   11    1    1    6    3   10    3    0      1191   18   -2   -4   17    4   -8  -11   11  -10   -1   -1    9  -12    7   -4  -10   16    3
    1    8   12    1    3    1    3   80    1    0        92   24    6   -7   20    2    0  -10   13   -7  -14   -2    8  -11   18   -8   -9   11    6
    1    8   13    1    2    3    3   96    1    0      1093    8   22   -1    9    8    2   -4   12   -5  -16    0    2  -13   13   -9  -12   11    3
    1    8   14    1    2    1    3   97    2    1       925    9   13   -1    2   14    0   -5   18  -19   -4   -6    1   -8    6  -10   -7   16    6
    1    8   15    1    3    5    3   82    3    1        29   13   -1   -7   23   11   -4   -5   16   -2  -11   -9    2  -11    9   -5  -17   18    3
    1    8   16    1    1    1    3   82    2    0      1159   12    2   -5   19   14   -4  -17    2   -4   -7    4    0   -1    8    0  -11   11   10
    1    8   17    1    2    4    3   93    2    1         0    8    5   -1   11   21    7   -9   14  -19    1   -1    4  -13   10   -9   -8   15    7
    1    8   18    1    1    4    3   89    2    0      1180   14   -5   -3   14   12   -2  -10   11  -13    2  -10    8   -2    5   -4   -9    9   12
    1    8   19    1    2    2    3   16    1    0         0   10   12    6    5   11   -1  -18   22  -10   -1   -1    4  -14   10  -11   -7   13   -5
    1    8   20    1    1    2    3   90    3    0         0    7    5  -10   18   15   -2   -8    5   -7  -11  -15   12   -4    7   -5   -9   14    9
    1    8   21    1    3    2    3   95    2    0        18   13    0   -5   18   10    0   -1   10   -9  -14   -8   -3  -18   15    0   -3    8   10
    1    8   22    1    3    7    3   64    2    0         0   14   -2   -2   12    4    4  -13    4    2  -16    7   -2  -22   11   -5  -12   10   10
    1    8   23    1    2    9    3   85    3    0         0    9   13    4   12   13   -2   -8   13   -6  -15  -10   -2   -9   11  -11   -9   10    4
    1    8   24    1    3    9    3   69    1    0      1146   17  -12  -12   19    4   -6  -11    9   -8  -14   -8   -2  -18    9    2  -21   11    1
    1    8   25    1    1    9    3   97    3    0       751   22   -3   -4   17    6   -4   -3   12   -6    1   -5    3   -1    4  -11  -12   13    8
    1    8   26    1    3    4    3    4    1    0       189   15   -3   -6   20    9   -5  -11   17  -11  -16   -6  -10   -9   14   -9  -13   12   10
    1    8   27    1    1    7    3   27    1    1       785   12    3    1   10   13   -5   -9   10   -7    1   -4    4   -5    7   -5   -8   14    9
    1    9    1    1    1    8    3   51    3    0       107   15    7  -12   23   18   -1  -10    7   -9   -3   -1    0  -11    3   -8  -11   13   19
    1    9    2    1    3    7    3   64    2    0       451   14   -2   -2   12    4    4  -13    4    2  -16    7   -2  -22   11   -5  -12   10   10
    1    9    3    1    2    2    3   16    3    0       381   10   12    6    5   11   -1  -18   22  -10   -1   -1    4  -14   10  -11   -7   13   -5
    1    9    4    1    3    5    3   82    3    1      2507   13   -1   -7   23   11   -4   -5   16   -2  -11   -9    2  -11    9   -5  -17   18    3
    1    9    5    1    1    2    3   90    2    0       354    7    5  -10   18   15   -2   -8    5   -7  -11  -15   12   -4    7   -5   -9   14    9
    1    9    6    1    2    8    3   40    1    0       210    8   14   -7    7   15   -2  -16   18  -12   -8   -6   13  -12   10   -9   -8   13   12
    1    9    7    1    2    7    3   14    2    1       435   10   14   -2   12   10   -4  -23   22  -14   -6  -11    1  -14   13   -9   -8    3   -1
    1    9    8    1    1    5    3   61    2    0       700    9   11   -4   20    7    6  -10   13   -6    1   -9    7   -5   13   -9  -10    8    1
    1    9    9    1    3    4    3    4    3    1       346   15   -3   -6   20    9   -5  -11   17  -11  -16   -6  -10   -9   14   -9  -13   12   10
    1    9   10    1    1    7    3   27    1    1       582   12    3    1   10   13   -5   -9   10   -7    1   -4    4   -5    7   -5   -8   14    9
    1    9   11    1    1    9    3   97    3    0       841   22   -3   -4   17    6   -4   -3   12   -6    1   -5    3   -1    4  -11  -12   13    8
    1    9   12    1    2    6    3   77    2    1       320    9   13    1   10    9   -6  -17   15  -13   -5    2   -2  -20   18  -10   -7   12    3
    1    9   13    1    1    1    3   82    3    0       317   12    2   -5   19   14   -4  -17    2   -4   -7    4    0   -1    8    0  -11   11   10
    1    9   14    1    2    4    3   93    1    0       244    8    5   -1   11   21    7   -9   14  -19    1   -1    4  -13   10   -9   -8   15    7
    1    9   15    1    3    1    3   80    1    0        70   24    6   -7   20    2    0  -10   13   -7  -14   -2    8  -11   18   -8   -9   11    6
    1    9   16    1    3    3    3   65    2    0       272   14   -3   -9   22   -1   -7  -11    1   -8  -12   -4    0  -13   18   -4  -11   12   15
    1    9   17    1    1    6    3   10    1    1       833   18   -2   -4   17    4   -8  -11   11  -10   -1   -1    9  -12    7   -4  -10   16    3
    1    9   18    1    2    5    3   47    1    0       471   12   14    3   10   16   -1  -11   18   -3  -14   -2    4  -17    2  -11  -10    6    1
    1    9   19    1    1    4    3   89    1    1      1117   14   -5   -3   14   12   -2  -10   11  -13    2  -10    8   -2    5   -4   -9    9   12
    1    9   20    1    2    9    3   85    1    0       345    9   13    4   12   13   -2   -8   13   -6  -15  -10   -2   -9   11  -11   -9   10    4
    1    9   21    1    3    2    3   95    1    0       499   13    0   -5   18   10    0   -1   10   -9  -14   -8   -3  -18   15    0   -3    8   10
    1    9   22    1    3    8    3   71    2    0      1319   16  -10   -6   20   19  -11   -8   11  -13  -22   -3   -1  -18   20   -3  -14   12    4
    1    9   23    1    3    6    3   89    3    1       320   16   -3   -4   20   13    5  -20   18   -8  -12   -4   -3  -23   21   -3  -11    2   -3
    1    9   24    1    3    9    3   69    3    1       656   17  -12  -12   19    4   -6  -11    9   -8  -14   -8   -2  -18    9    2  -21   11    1
    1    9   25    1    2    1    3   97    1    0       176    9   13   -1    2   14    0   -5   18  -19   -4   -6    1   -8    6  -10   -7   16    6
    1    9   26    1    1    3    3   13    2    0       484   12    3  -10   22   12   -1  -12   15  -12    0   -8    0   -6   10   -6   -7   12    9
    1    9   27    1    2    3    3   96    3    0       380    8   22   -1    9    8    2   -4   12   -5  -16    0    2  -13   13   -9  -12   11    3
    1   10    1    1    2    5    3   47    2    1         0   12   14    3   10   16   -1  -11   18   -3  -14   -2    4  -17    2  -11  -10    6    1
    1   10    2    1    3    5    3   82    2    0       949   13   -1   -7   23   11   -4   -5   16   -2  -11   -9    2  -11    9   -5  -17   18    3
    1   10    3    1    1    5    3   61    1    1      1564    9   11   -4   20    7    6  -10   13   -6    1   -9    7   -5   13   -9  -10    8    1
    1   10    4    1    1    3    3   13    3    0       234   12    3  -10   22   12   -1  -12   15  -12    0   -8    0   -6   10   -6   -7   12    9
    1   10    5    1    1    4    3   89    3    0       380   14   -5   -3   14   12   -2  -10   11  -13    2  -10    8   -2    5   -4   -9    9   12
    1   10    6    1    1    6    3   10    1    1         0   18   -2   -4   17    4   -8  -11   11  -10   -1   -1    9  -12    7   -4  -10   16    3
    1   10    7    1    1    2    3   90    1    1        21    7    5  -10   18   15   -2   -8    5   -7  -11  -15   12   -4    7   -5   -9   14    9
    1   10    8    1    1    8    3   51    1    1      1758   15    7  -12   23   18   -1  -10    7   -9   -3   -1    0  -11    3   -8  -11   13   19
    1   10    9    1    3    8    3   71    1    0       467   16  -10   -6   20   19  -11   -8   11  -13  -22   -3   -1  -18   20   -3  -14   12    4
    1   10   10    1    2    1    3   97    3    0      4666    9   13   -1    2   14    0   -5   18  -19   -4   -6    1   -8    6  -10   -7   16    6
    1   10   11    1    2    2    3   16    2    1      1164   10   12    6    5   11   -1  -18   22  -10   -1   -1    4  -14   10  -11   -7   13   -5
    1   10   12    1    2    3    3   96    2    1       523    8   22   -1    9    8    2   -4   12   -5  -16    0    2  -13   13   -9  -12   11    3
    1   10   13    1    2    6    3   77    2    1      1250    9   13    1   10    9   -6  -17   15  -13   -5    2   -2  -20   18  -10   -7   12    3
    1   10   14    1    3    3    3   65    3    1      1581   14   -3   -9   22   -1   -7  -11    1   -8  -12   -4    0  -13   18   -4  -11   12   15
    1   10   15    1    1    1    3   82    3    0       442   12    2   -5   19   14   -4  -17    2   -4   -7    4    0   -1    8    0  -11   11   10
    1   10   16    1    3    4    3    4    1    0      2277   15   -3   -6   20    9   -5  -11   17  -11  -16   -6  -10   -9   14   -9  -13   12   10
    1   10   17    1    3    9    3   69    1    0      1542   17  -12  -12   19    4   -6  -11    9   -8  -14   -8   -2  -18    9    2  -21   11    1
    1   10   18    1    3    6    3   89    1    0      3315   16   -3   -4   20   13    5  -20   18   -8  -12   -4   -3  -23   21   -3  -11    2   -3
    1   10   19    1    2    9    3   85    3    0      1723    9   13    4   12   13   -2   -8   13   -6  -15  -10   -2   -9   11  -11   -9   10    4
    1   10   20    1    1    9    3   97    2    0       529   22   -3   -4   17    6   -4   -3   12   -6    1   -5    3   -1    4  -11  -12   13    8
    1   10   21    1    2    7    3   14    3    0      1129   10   14   -2   12   10   -4  -23   22  -14   -6  -11    1  -14   13   -9   -8    3   -1
    1   10   22    1    3    1    3   80    2    0       953   24    6   -7   20    2    0  -10   13   -7  -14   -2    8  -11   18   -8   -9   11    6
    1   10   23    1    2    8    3   40    1    0       335    8   14   -7    7   15   -2  -16   18  -12   -8   -6   13  -12   10   -9   -8   13   12
    1   10   24    1    2    4    3   93    1    0      1901    8    5   -1   11   21    7   -9   14  -19    1   -1    4  -13   10   -9   -8   15    7
    1   10   25    1    3    2    3   95    2    0       925   13    0   -5   18   10    0   -1   10   -9  -14   -8   -3  -18   15    0   -3    8   10
    1   10   26    1    1    7    3   27    2    0         0   12    3    1   10   13   -5   -9   10   -7    1   -4    4   -5    7   -5   -8   14    9
    1   10   27    1    3    7    3   64    3    1       579   14   -2   -2   12    4    4  -13    4    2  -16    7   -2  -22   11   -5  -12   10   10
    2    1    1    5    2    1    3  170    1    0      1964   10   11   -9    6   18    6  -14   21  -13   -6    4   10  -18   12  -13   -9    2    7
    2    1    2    4    3    1    2  171    3    1      1049   17    0  -15   24   11   -6   -8    8   -2  -16   -4    1  -12   17   -5  -13   12    6
    2    1    3    5    2    7    3  125    2    1       828    6   13   -1   11   14   -2  -19   15  -17   -3   -2    5  -16   13  -17    2    3   12
    2    1    4    4    3    5    2  163    1    0      1687   16   -2   -4   22   10   -3  -11    7   -6  -12   -3   -3  -13   20   -3  -17   14    5
    2    1    5    5    2    8    3  179    1    0       880   13   10   -2    9   12   -1  -14   22  -12   -4    6    8  -15   11  -10   -6   10    3
    2    1    6    3    3    1    1  105    2    0      1722   14   -1   -4   21    9   -3  -10    8   -7  -13    2   -3  -13   19   -1  -14   12    5
    2    1    7    1    2    3    3   96    1    0      1026    8   22   -1    9    8    2   -4   12   -5  -16    0    2  -13   13   -9  -12   11    3
    2    1    8    5    3    9    3  133    3    1       614    7   -5   -7   18    9    4   -9    8   -8  -11    0   -5  -13   20   -4  -12   17   11
    2    1    9    1    3    9    3   69    2    0       475   17  -12  -12   19    4   -6  -11    9   -8  -14   -8   -2  -18    9    2  -21   11    1
    2    1   10    1    3    7    3   64    1    0       550   14   -2   -2   12    4    4  -13    4    2  -16    7   -2  -22   11   -5  -12   10   10
    2    1   11    5    1    7    3  171    3    0       380   14    6   -8   18   15   -1  -10   11  -11    0   -3   -4   -4    8   -7  -10   21    9
    2    1   12    1    2    8    3   40    2    1       698    8   14   -7    7   15   -2  -16   18  -12   -8   -6   13  -12   10   -9   -8   13   12
    2    1   13    5    2    3    3  195    3    0       746   13    9   -2   12   15   -1   -6   20  -13  -11    0    3  -17   18  -12   -8    9    3
    2    1   14    1    2    4    3   93    1    0       985    8    5   -1   11   21    7   -9   14  -19    1   -1    4  -13   10   -9   -8   15    7
    2    1   15    4    2    6    2  162    2    1      1599   18    5    0   12    9   -2  -12   20  -19   -6   -1    4  -15   10   -9   -6   10    5
    2    1   16    1    2    1    3   97    3    0      1099    9   13   -1    2   14    0   -5   18  -19   -4   -6    1   -8    6  -10   -7   16    6
    2    1   17    3    3    3    1  181    1    0       364   16   -2   -5   19   10   -5  -10    9   -7  -13   -3   -1  -13   20    4  -12   12    5
    2    1   18    5    2    6    3  115    1    0       316   13   19   -1   10   13   -6  -12   21  -13   -4   -3   -6  -16   14  -18    0   14    1
    2    1   19    6    2    0    3  129    2    1       331   10   12    0   10   13   -4   -6   13   -5    4    0    4  -10    8   -4  -12    4    8
    2    1   20    1    3    3    3   65    3    1      2923   14   -3   -9   22   -1   -7  -11    1   -8  -12   -4    0  -13   18   -4  -11   12   15
    2    1   21    5    2    9    3  124    2    1       851   11   13   -1   12   17   -1   -9   23   -2  -11    3   -1   -5   13   -9   -6   10    5
    2    1   22    5    2    4    3  154    2    1      4574   11   15   -2   15   12   -1   -8   23  -10    4   -2    4  -19   16   -2  -17   11    3
    2    1   23    6    1    0    3  126    3    0      1381   20    5   -3   19   15    0   -9    3   -9    0   -7    4   -4    7    3  -12    7    0
    2    1   24    4    3    4    2  166    1    0        76   11    7   -6   19    8   -6  -11   10   -5  -11   -3   -2  -22   20   -4  -13   19    0
    2    1   25    6    3    0    3  110    1    0       357   17   -2    3   22    9   -3  -14   14   -8   -4   -4    1  -14   20  -13  -15    7   12
    2    1   26    1    3    5    3   82    1    0        35   13   -1   -7   23   11   -4   -5   16   -2  -11   -9    2  -11    9   -5  -17   18    3
    2    1   27    5    1    5    3  157    2    0       174    7    2   -4   17   13   -3   -6   14  -19    0   -6    5   -9   14  -11  -14   20    7
    2    1   28    2    3    0    0    0    3    1       614   15   -2   -5   20    9   -4  -10    9   -7  -13   -3    0  -13   19   -3  -12   12    5
    2    1   29    4    1    5    2  143    1    1       236   14    3   -6   18   16    0  -10    9  -21   -6    2   -3   -5    7   -3  -12   12    8
    2    1   30    4    1    2    2  132    2    0       737   11    8   -6   19   12   -2  -12   10  -12    1   -6    4   -6    8   -5   -6   13   10
    2    1   31    4    2    2    2  179    3    0        83   11   18    0    9   11   -3  -11   15  -12   -8   -2    3  -14   12  -10   -7    9    4
    2    1   32    1    1    6    3   10    1    1       350   18   -2   -4   17    4   -8  -11   11  -10   -1   -1    9  -12    7   -4  -10   16    3
    2    1   33    1    1    7    3   27    2    0         0   12    3    1   10   13   -5   -9   10   -7    1   -4    4   -5    7   -5   -8   14    9
    2    1   34    3    3    2    1  110    1    0      1259   15   -2   -4   19    8   -4  -10    9   -8  -13   -3    0  -13   19   -2  -13   11    5
    2    1   35    2    2    0    0    0    2    1       645   10   13    0   11   13   -1  -13   20  -12   -6   -1    3  -14   11   -9   -7   11    4
    2    1   36    1    3    2    3   95    3    1       695   13    0   -5   18   10    0   -1   10   -9  -14   -8   -3  -18   15    0   -3    8   10
    2    1   37    4    1    1    2  170    1    1       328   21   -3   -1   21   13   -4  -12    8  -18    4  -10    6   -4   10   -4   -8   13    8
    2    1   38    5    1    2    3  150    3    0       361   10   -4   -6    9   14   -1  -11   11   -6   -3   -3    3   -5   13   -5   -7   17   14
    2    1   39    4    2    5    2  143    2    1       295   12   14   -1   12   13    0  -12   19  -13   -6    0    2  -17   15   -7   -5   10   -5
    2    1   40    1    2    9    3   85    3    0       121    9   13    4   12   13   -2   -8   13   -6  -15  -10   -2   -9   11  -11   -9   10    4
    2    1   41    5    1    3    3  195    3    0       801   18    4   -7   18   21   -5   -9   12  -16  -11   -6   12   -5    9   -5  -10   14   10
    2    1   42    1    3    8    3   71    1    0       462   16  -10   -6   20   19  -11   -8   11  -13  -22   -3   -1  -18   20   -3  -14   12    4
    2    1   43    1    3    1    3   80    1    0      1128   24    6   -7   20    2    0  -10   13   -7  -14   -2    8  -11   18   -8   -9   11    6
    2    1   44    4    2    3    2  119    3    0       791    5    7   -2   12   13    0  -14   21  -14   -4   -4    3  -23    3   -9   -6   15    2
    2    1   45    5    1    1    3  112    2    0         7   15   -7   -7   19   14   -3  -12   11  -19    0   -5    6    3    6  -14    1   14   11
    2    1   46    5    1    9    3  147    2    0      1029    9   10   -5   19   16   -1  -17   19   -3    1   -6    4   -6    8  -16   -7   13   11
    2    1   47    4    3    2    2  175    2    0       345   15   -3   -4   22    8   -3   -9    8   -7  -14  -10    0  -11   17    1  -10   11    6
    2    1   48    5    3    6    3  124    1    0        10   17   -1   -6   19    9   -5  -11    2   -6  -11  -11   -8  -12   17   -3  -13   11    4
    2    1   49    5    1    6    3  122    1    1       566   12    3   -3   12   13   -3  -10    9   -9    0   -4    5    0   15   -1    0   12   10
    2    1   50    4    3    6    2  116    1    0      1245   15   -3   -4   19    5  -14  -13   11   -4  -15    0    4  -12   19   -2   -7   13    3
    2    1   51    1    2    2    3   16    2    1      2950   10   12    6    5   11   -1  -18   22  -10   -1   -1    4  -14   10  -11   -7   13   -5
    2    1   52    5    1    8    3  124    2    0       750    8   11    1   21   13   -1   -9    6   -8   -6   -5    3   -4   12    1   -3   23    4
    2    1   53    3    2    1    1  171    3    0       188   11   13    0   11   13   -2  -12   20  -10  -10   -1    2  -14   12   -8   -7   11    4
    2    1   54    1    1    5    3   61    2    0       257    9   11   -4   20    7    6  -10   13   -6    1   -9    7   -5   13   -9  -10    8    1
    2    1   55    3    1    3    1  117    1    1       146   13    3   -6   18   14   -2  -10    9  -12    0   -5    4   -5    8   -6   -9   13    9
    2    1   56    5    3    7    3  158    1    0       776   19    0   -7   22   12   -4   -9    9   -5  -11   -2    2  -13    9   -8   -7   14    6
    2    1   57    1    3    6    3   89    3    1         0   16   -3   -4   20   13    5  -20   18   -8  -12   -4   -3  -23   21   -3  -11    2   -3
    2    1   58    1    3    4    3    4    1    0       245   15   -3   -6   20    9   -5  -11   17  -11  -16   -6  -10   -9   14   -9  -13   12   10
    2    1   59    5    3    2    3  125    3    1        24   16   -3   -4   20   13   -9   -6    5   -3   -8   -4   -2  -11   20   -4  -14   11    7
    2    1   60    4    2    4    2  148    1    0       195    7    8    1   11   11   -3  -17   21  -13   -5    6   10  -12   10   -9   -8   12    4
    2    1   61    3    1    2    1  165    3    0         0   14    3   -5   18   15   -3  -11   10  -12   -1   -5    4   -5    9   -6   -9   13    9
    2    1   62    5    3    8    3  145    2    0       246   13   -3    5   19   15  -10  -12   10   -8   -3   -8    3  -12   18   -1  -10   13    4
    2    1   63    5    2    2    3  189    1    0       136   12   12   -1   12   16    0   -6   20  -10   -2    0    2  -15   16  -10   -6   17   -2
    2    1   64    5    2    5    3  114    3    0       944    0   23    0   10   14   -1  -14   20  -16   -1   -3    0  -14   10   -6   -2   13    2
    2    1   65    1    1    1    3   82    3    0       182   12    2   -5   19   14   -4  -17    2   -4   -7    4    0   -1    8    0  -11   11   10
    2    1   66    5    3    1    3  182    2    0       155   14   -2  -11   20    9   -6  -16    7   -7  -22   -8    2  -10   13    4   -3    4    0
    2    1   67    4    1    4    2  104    2    0      2656   14    5   -2   21   14   -3   -9   12  -21    1   -6    3   -4    7   -8   -8   13   10
    2    1   68    2    1    0    0    0    2    0       611   13    3   -5   18   14   -2  -10   10  -11   -1   -5    4   -5    8   -6   -9   13    9
    2    1   69    5    3    4    3  134    2    0       248   23    2   -5   19    2   -1  -12    9   -5  -15   -5    4  -17   14   -4  -11   11    5
    2    1   70    3    2    3    1  128    1    0       186   15   21    1   10   13   -1  -14   20  -13   -5   -1    3  -14   11   -9   -7   10    2
    2    1   71    5    3    3    3  192    2    0       193   19   -8   -5   19    9   -3   -9    9   -4  -16   -4    0   -7   12    1  -15   12    3
    2    1   72    4    3    3    2  128    3    1       518   14   -4   -4   19   13  -10  -16    7   -8  -13   -2   -1  -12   19    2  -11   11    7
    2    1   73    1    1    9    3   97    2    0       480   22   -3   -4   17    6   -4   -3   12   -6    1   -5    3   -1    4  -11  -12   13    8
    2    1   74    1    2    6    3   77    2    1       474    9   13    1   10    9   -6  -17   15  -13   -5    2   -2  -20   18  -10   -7   12    3
    2    1   75    4    2    1    2  177    1    0       356   10   15   -1   12   12   -3  -13   19  -10   -7    0    2  -14   10   -7  -10   10    5
    2    1   76    4    1    6    2  137    3    0      1028   13    1   -3   18   15    0   -9    9  -12   -3  -15   -1   -4   10   -5  -11   13    8
    2    1   77    1    2    5    3   47    2    1       138   12   14    3   10   16   -1  -11   18   -3  -14   -2    4  -17    2  -11  -10    6    1
    2    1   78    1    1    2    3   90    2    0     10482    7    5  -10   18   15   -2   -8    5   -7  -11  -15   12   -4    7   -5   -9   14    9
    2    1   79    5    3    5    3  119    2    0      1160   17   -4   -6   21    8   -5   -4   15   -2  -17    0    2  -11   16   -3  -11   14    2
    2    1   80    1    1    4    3   89    2    0       468   14   -5   -3   14   12   -2  -10   11  -13    2  -10    8   -2    5   -4   -9    9   12
    2    1   81    4    1    3    2  194    1    1       476   14    2   -4   17   14   -3  -11   10  -11    0   -3    9   -5    7   -4   -8   14    9
    2    1   82    1    1    3    3   13    3    0       627   12    3  -10   22   12   -1  -12   15  -12    0   -8    0   -6   10   -6   -7   12    9
    2    1   83    1    1    8    3   51    1    1       404   15    7  -12   23   18   -1  -10    7   -9   -3   -1    0  -11    3   -8  -11   13   19
    2    1   84    3    2    2    1  104    1    0      1249   11   14   -1   12   12   -2   -3   22  -12   -5   -5   -6  -14   11   -9   -7   12    5
    2    1   85    5    1    4    3  134    3    0      2874   20    0  -10   11   14   -4  -10    5  -12   -2   -9    9    4   18   -7   -8   13   10
    2    1   86    1    2    7    3   14    2    1       929   10   14   -2   12   10   -4  -23   22  -14   -6  -11    1  -14   13   -9   -8    3   -1
    2    1   87    3    1    1    1  140    1    1      4890   13    4   -5   18   14   -1  -10   10  -11   -1   -5    3   -6    7   -6  -10   13   10
