    1    1    1    1    3    3    1   65    1    0      6668   15   -2   -4   19   10   -5  -10    8   -5  -12   -3    0  -14   20   -2  -13   12    6
    1    1    2    1    1    6    1   10    2    0      1011   13    2   -4   17   14   -2  -11   11  -11   -1   -5    5   -8    5   -7   -8   12    8
    1    1    3    1    1    8    1   51    1    1      2022   13    3   -5   18   13   -1  -16    3  -10   -2   -5    4   -5    7   -6   -9   13   10
    1    1    4    1    3    2    1   95    3    1      3794   14   -2   -5   20    9   -4  -10   11   -8  -14   -3   -1  -13   23   -4  -11   11    5
    1    1    5    1    3    7    1   64    2    0      3655   15   -3   -5   20    8   -5  -10    8   -7  -11   -3    0  -13   19   -3  -12   13    4
    1    1    6    1    3    8    1   71    3    1      1393   15   -3   -5   20    9   -5  -10    9   -7  -13   -3    0  -13   19   -3  -13   13    6
    1    1    7    1    2    2    1   16    2    1      1734   10   13   -9   14   14   -1  -13   20   -8   -5   -1    3  -14   11   -9   -7   11    4
    1    1    8    1    2    9    1   85    1    0      6204   10   13   -1   11   13   -1  -12   20  -12   -5    0    2  -12   11   -8   -7   11    4
    1    1    9    1    2    8    1   40    3    0      2514   11   12    1   10   13   -1  -13   20  -12   -6   -2    3  -15   11   -8   -8   11    3
    1    1   10    1    1    3    1   13    1    1      1017   13    2   -6   20   13   -3  -10   10  -11   -1    1    8   -9    3   -7   -8   12   10
    1    1   11    1    3    4    1    4    2    0      1197   15   -2   -5   19    8  -10  -10    8   -6  -14   -3    0  -13   18   -4  -12   11    6
    1    1   12    1    2    1    1   97    1    0       730   10   13   -1   10   13   -1  -14   20  -12   -6   -2    4  -13   11   -9   -9   11    4
    1    1   13    1    2    5    1   47    1    0      5785   10   13    1   10   13   -1  -12   20  -11   -5   -1    4  -14   11   -9   -7   11    5
    1    1   14    1    1    2    1   90    1    1      5486   13    3   -5   18   11   -4  -10   10  -10   -2   -6    5   -5    8   -1  -11   13    9
    1    1   15    1    3    5    1   82    3    1      1343   15   -3   -4   20    9   -4  -10    9   -6  -14   -3    0  -12   10   -3  -12   12    5
    1    1   16    1    2    3    1   96    1    0       998   10   14    0   11   12    0  -14   20  -12   -4   -1    3  -13   10   -9   -7   11    4
    1    1   17    1    2    6    1   77    2    1      1195   10   14    3    3   13   -2  -12   19  -12   -5   -1    4  -15   13   -8   -7   11    4
    1    1   18    1    1    9    1   97    1    1      1304   10    0   -4   17   19    7  -10   11  -10   -2   -7    3  -10   16   -6   -9   13    9
    1    1   19    1    2    7    1   14    3    0      2176   11   14   -1   12   13   -3  -14   20  -12   -6    0    2  -14   11  -10   -7   12    5
    1    1   20    1    3    6    1   89    3    1      1046   15   -2   -5   21    9   -4  -10    9   -7  -14   -3    0  -13   19   -4  -11   13    5
    1    1   21    1    3    9    1   69    3    1      1608   16   -3   -5   20    9   -5  -10    9   -6  -13   -1    8  -11   21   -3  -13   12    5
    1    1   22    1    2    4    1   93    2    1      1014   10   13   -1   14   14   -2  -15   20  -13   -5    0    7  -14   11   -9   -7   10    5
    1    1   23    1    1    1    1   82    3    0      1898   13   -7    4   12   14   -2  -16    9  -11   -1   -6    0   -5    8   -6   -9   17    5
    1    1   24    1    1    7    1   27    3    0      2538   12    3   -4   17    9    3  -10   10  -11   -1   -4    3   -5    8   -5  -10   13    9
    1    1   25    1    1    4    1   89    1    1       688   13    3   -5   19   14   -2  -10   10  -12   -1   -6    5   -6    8   -5  -10   12   11
    1    1   26    1    1    5    1   61    2    0      1345   13    3   -6   21   23    3  -10   10  -11   -1   -6    4   -3    6   -6   -8   13    8
    1    1   27    1    3    1    1   80    3    1      3465   14   -1   -3   19    9   -5  -10    9   -6  -13   -2    0  -13   19   -3  -12   13    5
    1    2    1    1    2    1    1   97    1    0       813   10   13   -1   10   13   -1  -14   20  -12   -6   -2    4  -13   11   -9   -9   11    4
    1    2    2    1    1    4    1   89    1    1      1689   13    3   -5   19   14   -2  -10   10  -12   -1   -6    5   -6    8   -5  -10   12   11
    1    2    3    1    1    3    1   13    2    0       691   13    2   -6   20   13   -3  -10   10  -11   -1    1    8   -9    3   -7   -8   12   10
    1    2    4    1    2    7    1   14    1    0      1381   11   14   -1   12   13   -3  -14   20  -12   -6    0    2  -14   11  -10   -7   12    5
    1    2    5    1    2    3    1   96    2    1       363   10   14    0   11   12    0  -14   20  -12   -4   -1    3  -13   10   -9   -7   11    4
    1    2    6    1    3    2    1   95    3    1       713   14   -2   -5   20    9   -4  -10   11   -8  -14   -3   -1  -13   23   -4  -11   11    5
    1    2    7    1    1    6    1   10    1    1       858   13    2   -4   17   14   -2  -11   11  -11   -1   -5    5   -8    5   -7   -8   12    8
    1    2    8    1    3    8    1   71    3    1       757   15   -3   -5   20    9   -5  -10    9   -7  -13   -3    0  -13   19   -3  -13   13    6
    1    2    9    1    3    7    1   64    3    1       820   15   -3   -5   20    8   -5  -10    8   -7  -11   -3    0  -13   19   -3  -12   13    4
    1    2   10    1    2    4    1   93    2    1       814   10   13   -1   14   14   -2  -15   20  -13   -5    0    7  -14   11   -9   -7   10    5
    1    2   11    1    1    5    1   61    3    0      2139   13    3   -6   21   23    3  -10   10  -11   -1   -6    4   -3    6   -6   -8   13    8
    1    2   12    1    3    6    1   89    3    1      3025   15   -2   -5   21    9   -4  -10    9   -7  -14   -3    0  -13   19   -4  -11   13    5
    1    2   13    1    2    2    1   16    2    1      1316   10   13   -9   14   14   -1  -13   20   -8   -5   -1    3  -14   11   -9   -7   11    4
    1    2   14    1    2    9    1   85    1    0       364   10   13   -1   11   13   -1  -12   20  -12   -5    0    2  -12   11   -8   -7   11    4
    1    2   15    1    3    3    1   65    3    1       746   15   -2   -4   19   10   -5  -10    8   -5  -12   -3    0  -14   20   -2  -13   12    6
    1    2   16    1    1    2    1   90    1    1      1145   13    3   -5   18   11   -4  -10   10  -10   -2   -6    5   -5    8   -1  -11   13    9
    1    2   17    1    3    1    1   80    2    0      1384   14   -1   -3   19    9   -5  -10    9   -6  -13   -2    0  -13   19   -3  -12   13    5
    1    2   18    1    2    5    1   47    2    1       717   10   13    1   10   13   -1  -12   20  -11   -5   -1    4  -14   11   -9   -7   11    5
    1    2   19    1    3    4    1    4    3    1      1085   15   -2   -5   19    8  -10  -10    8   -6  -14   -3    0  -13   18   -4  -12   11    6
    1    2   20    1    3    9    1   69    1    0      1838   16   -3   -5   20    9   -5  -10    9   -6  -13   -1    8  -11   21   -3  -13   12    5
    1    2   21    1    2    6    1   77    2    1      1137   10   14    3    3   13   -2  -12   19  -12   -5   -1    4  -15   13   -8   -7   11    4
    1    2   22    1    2    8    1   40    2    1       577   11   12    1   10   13   -1  -13   20  -12   -6   -2    3  -15   11   -8   -8   11    3
    1    2   23    1    1    1    1   82    1    1       696   13   -7    4   12   14   -2  -16    9  -11   -1   -6    0   -5    8   -6   -9   17    5
    1    2   24    1    1    9    1   97    1    1       681   10    0   -4   17   19    7  -10   11  -10   -2   -7    3  -10   16   -6   -9   13    9
    1    2   25    1    1    8    1   51    1    1       505   13    3   -5   18   13   -1  -16    3  -10   -2   -5    4   -5    7   -6   -9   13   10
    1    2   26    1    1    7    1   27    1    1       802   12    3   -4   17    9    3  -10   10  -11   -1   -4    3   -5    8   -5  -10   13    9
    1    2   27    1    3    5    1   82    3    1       687   15   -3   -4   20    9   -4  -10    9   -6  -14   -3    0  -12   10   -3  -12   12    5
    1    3    1    1    2    2    1   16    2    1      2321   10   13   -9   14   14   -1  -13   20   -8   -5   -1    3  -14   11   -9   -7   11    4
    1    3    2    1    1    1    1   82    1    1      1040   13   -7    4   12   14   -2  -16    9  -11   -1   -6    0   -5    8   -6   -9   17    5
    1    3    3    1    3    5    1   82    3    1       801   15   -3   -4   20    9   -4  -10    9   -6  -14   -3    0  -12   10   -3  -12   12    5
    1    3    4    1    2    5    1   47    2    1      1422   10   13    1   10   13   -1  -12   20  -11   -5   -1    4  -14   11   -9   -7   11    5
    1    3    5    1    2    9    1   85    2    1       785   10   13   -1   11   13   -1  -12   20  -12   -5    0    2  -12   11   -8   -7   11    4
    1    3    6    1    3    8    1   71    3    1       828   15   -3   -5   20    9   -5  -10    9   -7  -13   -3    0  -13   19   -3  -13   13    6
    1    3    7    1    1    2    1   90    1    1      2533   13    3   -5   18   11   -4  -10   10  -10   -2   -6    5   -5    8   -1  -11   13    9
    1    3    8    1    2    6    1   77    2    1      3163   10   14    3    3   13   -2  -12   19  -12   -5   -1    4  -15   13   -8   -7   11    4
    1    3    9    1    1    5    1   61    1    1      1194   13    3   -6   21   23    3  -10   10  -11   -1   -6    4   -3    6   -6   -8   13    8
    1    3   10    1    2    1    1   97    2    1      3013   10   13   -1   10   13   -1  -14   20  -12   -6   -2    4  -13   11   -9   -9   11    4
    1    3   11    1    1    7    1   27    1    1       825   12    3   -4   17    9    3  -10   10  -11   -1   -4    3   -5    8   -5  -10   13    9
    1    3   12    1    1    8    1   51    1    1       773   13    3   -5   18   13   -1  -16    3  -10   -2   -5    4   -5    7   -6   -9   13   10
    1    3   13    1    1    6    1   10    1    1       578   13    2   -4   17   14   -2  -11   11  -11   -1   -5    5   -8    5   -7   -8   12    8
    1    3   14    1    3    1    1   80    3    1       855   14   -1   -3   19    9   -5  -10    9   -6  -13   -2    0  -13   19   -3  -12   13    5
    1    3   15    1    3    2    1   95    3    1       641   14   -2   -5   20    9   -4  -10   11   -8  -14   -3   -1  -13   23   -4  -11   11    5
    1    3   16    1    3    4    1    4    3    1       661   15   -2   -5   19    8  -10  -10    8   -6  -14   -3    0  -13   18   -4  -12   11    6
    1    3   17    1    2    8    1   40    2    1      1624   11   12    1   10   13   -1  -13   20  -12   -6   -2    3  -15   11   -8   -8   11    3
    1    3   18    1    1    9    1   97    1    1       992   10    0   -4   17   19    7  -10   11  -10   -2   -7    3  -10   16   -6   -9   13    9
    1    3   19    1    3    9    1   69    3    1      1765   16   -3   -5   20    9   -5  -10    9   -6  -13   -1    8  -11   21   -3  -13   12    5
    1    3   20    1    2    4    1   93    2    1      1722   10   13   -1   14   14   -2  -15   20  -13   -5    0    7  -14   11   -9   -7   10    5
    1    3   21    1    2    3    1   96    2    1       576   10   14    0   11   12    0  -14   20  -12   -4   -1    3  -13   10   -9   -7   11    4
    1    3   22    1    1    3    1   13    1    1      1781   13    2   -6   20   13   -3  -10   10  -11   -1    1    8   -9    3   -7   -8   12   10
    1    3   23    1    2    7    1   14    2    1       745   11   14   -1   12   13   -3  -14   20  -12   -6    0    2  -14   11  -10   -7   12    5
    1    3   24    1    3    7    1   64    3    1       677   15   -3   -5   20    8   -5  -10    8   -7  -11   -3    0  -13   19   -3  -12   13    4
    1    3   25    1    3    3    1   65    3    1       582   15   -2   -4   19   10   -5  -10    8   -5  -12   -3    0  -14   20   -2  -13   12    6
    1    3   26    1    1    4    1   89    1    1      3115   13    3   -5   19   14   -2  -10   10  -12   -1   -6    5   -6    8   -5  -10   12   11
    1    3   27    1    3    6    1   89    3    1       747   15   -2   -5   21    9   -4  -10    9   -7  -14   -3    0  -13   19   -4  -11   13    5
    1    4    1    1    1    3    1   13    1    1      3178   13    2   -6   20   13   -3  -10   10  -11   -1    1    8   -9    3   -7   -8   12   10
    1    4    2    1    2    4    1   93    2    1       599   10   13   -1   14   14   -2  -15   20  -13   -5    0    7  -14   11   -9   -7   10    5
    1    4    3    1    3    5    1   82    3    1       859   15   -3   -4   20    9   -4  -10    9   -6  -14   -3    0  -12   10   -3  -12   12    5
    1    4    4    1    3    8    1   71    3    1       576   15   -3   -5   20    9   -5  -10    9   -7  -13   -3    0  -13   19   -3  -13   13    6
    1    4    5    1    3    2    1   95    3    1       517   14   -2   -5   20    9   -4  -10   11   -8  -14   -3   -1  -13   23   -4  -11   11    5
    1    4    6    1    3    7    1   64    3    1       428   15   -3   -5   20    8   -5  -10    8   -7  -11   -3    0  -13   19   -3  -12   13    4
    1    4    7    1    1    1    1   82    1    1      1080   13   -7    4   12   14   -2  -16    9  -11   -1   -6    0   -5    8   -6   -9   17    5
    1    4    8    1    3    3    1   65    3    1      3384   15   -2   -4   19   10   -5  -10    8   -5  -12   -3    0  -14   20   -2  -13   12    6
    1    4    9    1    2    3    1   96    3    0       908   10   14    0   11   12    0  -14   20  -12   -4   -1    3  -13   10   -9   -7   11    4
    1    4   10    1    1    6    1   10    1    1      3556   13    2   -4   17   14   -2  -11   11  -11   -1   -5    5   -8    5   -7   -8   12    8
    1    4   11    1    3    4    1    4    3    1      1651   15   -2   -5   19    8  -10  -10    8   -6  -14   -3    0  -13   18   -4  -12   11    6
    1    4   12    1    1    7    1   27    1    1      2847   12    3   -4   17    9    3  -10   10  -11   -1   -4    3   -5    8   -5  -10   13    9
    1    4   13    1    3    6    1   89    3    1      2857   15   -2   -5   21    9   -4  -10    9   -7  -14   -3    0  -13   19   -4  -11   13    5
    1    4   14    1    2    1    1   97    2    1       723   10   13   -1   10   13   -1  -14   20  -12   -6   -2    4  -13   11   -9   -9   11    4
    1    4   15    1    3    9    1   69    3    1       623   16   -3   -5   20    9   -5  -10    9   -6  -13   -1    8  -11   21   -3  -13   12    5
    1    4   16    1    3    1    1   80    3    1       468   14   -1   -3   19    9   -5  -10    9   -6  -13   -2    0  -13   19   -3  -12   13    5
    1    4   17    1    2    9    1   85    2    1      1678   10   13   -1   11   13   -1  -12   20  -12   -5    0    2  -12   11   -8   -7   11    4
    1    4   18    1    1    4    1   89    1    1       906   13    3   -5   19   14   -2  -10   10  -12   -1   -6    5   -6    8   -5  -10   12   11
    1    4   19    1    2    2    1   16    2    1      2914   10   13   -9   14   14   -1  -13   20   -8   -5   -1    3  -14   11   -9   -7   11    4
    1    4   20    1    2    8    1   40    2    1      6121   11   12    1   10   13   -1  -13   20  -12   -6   -2    3  -15   11   -8   -8   11    3
    1    4   21    1    2    6    1   77    2    1       722   10   14    3    3   13   -2  -12   19  -12   -5   -1    4  -15   13   -8   -7   11    4
    1    4   22    1    2    7    1   14    2    1       707   11   14   -1   12   13   -3  -14   20  -12   -6    0    2  -14   11  -10   -7   12    5
    1    4   23    1    1    8    1   51    1    1       932   13    3   -5   18   13   -1  -16    3  -10   -2   -5    4   -5    7   -6   -9   13   10
    1    4   24    1    2    5    1   47    2    1      4827   10   13    1   10   13   -1  -12   20  -11   -5   -1    4  -14   11   -9   -7   11    5
    1    4   25    1    1    9    1   97    1    1       726   10    0   -4   17   19    7  -10   11  -10   -2   -7    3  -10   16   -6   -9   13    9
    1    4   26    1    1    2    1   90    1    1      1205   13    3   -5   18   11   -4  -10   10  -10   -2   -6    5   -5    8   -1  -11   13    9
    1    4   27    1    1    5    1   61    1    1       592   13    3   -6   21   23    3  -10   10  -11   -1   -6    4   -3    6   -6   -8   13    8
    1    5    1    1    1    6    1   10    1    1       662   13    2   -4   17   14   -2  -11   11  -11   -1   -5    5   -8    5   -7   -8   12    8
    1    5    2    1    3    4    1    4    3    1       728   15   -2   -5   19    8  -10  -10    8   -6  -14   -3    0  -13   18   -4  -12   11    6
    1    5    3    1    3    7    1   64    3    1       567   15   -3   -5   20    8   -5  -10    8   -7  -11   -3    0  -13   19   -3  -12   13    4
    1    5    4    1    3    8    1   71    3    1       845   15   -3   -5   20    9   -5  -10    9   -7  -13   -3    0  -13   19   -3  -13   13    6
    1    5    5    1    2    8    1   40    2    1      1191   11   12    1   10   13   -1  -13   20  -12   -6   -2    3  -15   11   -8   -8   11    3
    1    5    6    1    2    9    1   85    2    1       547   10   13   -1   11   13   -1  -12   20  -12   -5    0    2  -12   11   -8   -7   11    4
    1    5    7    1    1    7    1   27    1    1       649   12    3   -4   17    9    3  -10   10  -11   -1   -4    3   -5    8   -5  -10   13    9
    1    5    8    1    1    9    1   97    1    1       523   10    0   -4   17   19    7  -10   11  -10   -2   -7    3  -10   16   -6   -9   13    9
    1    5    9    1    3    5    1   82    3    1      1188   15   -3   -4   20    9   -4  -10    9   -6  -14   -3    0  -12   10   -3  -12   12    5
    1    5   10    1    3    1    1   80    3    1       512   14   -1   -3   19    9   -5  -10    9   -6  -13   -2    0  -13   19   -3  -12   13    5
    1    5   11    1    3    2    1   95    3    1       711   14   -2   -5   20    9   -4  -10   11   -8  -14   -3   -1  -13   23   -4  -11   11    5
    1    5   12    1    1    8    1   51    1    1       917   13    3   -5   18   13   -1  -16    3  -10   -2   -5    4   -5    7   -6   -9   13   10
    1    5   13    1    2    3    1   96    2    1       988   10   14    0   11   12    0  -14   20  -12   -4   -1    3  -13   10   -9   -7   11    4
    1    5   14    1    1    3    1   13    1    1       688   13    2   -6   20   13   -3  -10   10  -11   -1    1    8   -9    3   -7   -8   12   10
    1    5   15    1    3    9    1   69    3    1       641   16   -3   -5   20    9   -5  -10    9   -6  -13   -1    8  -11   21   -3  -13   12    5
    1    5   16    1    1    5    1   61    1    1       820   13    3   -6   21   23    3  -10   10  -11   -1   -6    4   -3    6   -6   -8   13    8
    1    5   17    1    2    4    1   93    2    1      1503   10   13   -1   14   14   -2  -15   20  -13   -5    0    7  -14   11   -9   -7   10    5
    1    5   18    1    2    5    1   47    2    1      1853   10   13    1   10   13   -1  -12   20  -11   -5   -1    4  -14   11   -9   -7   11    5
    1    5   19    1    3    3    1   65    3    1       673   15   -2   -4   19   10   -5  -10    8   -5  -12   -3    0  -14   20   -2  -13   12    6
    1    5   20    1    2    6    1   77    2    1       819   10   14    3    3   13   -2  -12   19  -12   -5   -1    4  -15   13   -8   -7   11    4
    1    5   21    1    2    2    1   16    2    1       670   10   13   -9   14   14   -1  -13   20   -8   -5   -1    3  -14   11   -9   -7   11    4
    1    5   22    1    2    7    1   14    2    1       704   11   14   -1   12   13   -3  -14   20  -12   -6    0    2  -14   11  -10   -7   12    5
    1    5   23    1    1    1    1   82    1    1       704   13   -7    4   12   14   -2  -16    9  -11   -1   -6    0   -5    8   -6   -9   17    5
    1    5   24    1    1    2    1   90    1    1       625   13    3   -5   18   11   -4  -10   10  -10   -2   -6    5   -5    8   -1  -11   13    9
    1    5   25    1    1    4    1   89    1    1       661   13    3   -5   19   14   -2  -10   10  -12   -1   -6    5   -6    8   -5  -10   12   11
    1    5   26    1    2    1    1   97    2    1       775   10   13   -1   10   13   -1  -14   20  -12   -6   -2    4  -13   11   -9   -9   11    4
    1    5   27    1    3    6    1   89    3    1       436   15   -2   -5   21    9   -4  -10    9   -7  -14   -3    0  -13   19   -4  -11   13    5
    1    6    1    1    1    3    1   13    1    1       863   13    2   -6   20   13   -3  -10   10  -11   -1    1    8   -9    3   -7   -8   12   10
    1    6    2    1    3    9    1   69    3    1       505   16   -3   -5   20    9   -5  -10    9   -6  -13   -1    8  -11   21   -3  -13   12    5
    1    6    3    1    1    6    1   10    1    1       705   13    2   -4   17   14   -2  -11   11  -11   -1   -5    5   -8    5   -7   -8   12    8
    1    6    4    1    1    1    1   82    1    1       548   13   -7    4   12   14   -2  -16    9  -11   -1   -6    0   -5    8   -6   -9   17    5
    1    6    5    1    3    1    1   80    3    1       522   14   -1   -3   19    9   -5  -10    9   -6  -13   -2    0  -13   19   -3  -12   13    5
    1    6    6    1    3    2    1   95    3    1       914   14   -2   -5   20    9   -4  -10   11   -8  -14   -3   -1  -13   23   -4  -11   11    5
    1    6    7    1    2    7    1   14    2    1       890   11   14   -1   12   13   -3  -14   20  -12   -6    0    2  -14   11  -10   -7   12    5
    1    6    8    1    1    8    1   51    1    1       706   13    3   -5   18   13   -1  -16    3  -10   -2   -5    4   -5    7   -6   -9   13   10
    1    6    9    1    1    4    1   89    1    1       643   13    3   -5   19   14   -2  -10   10  -12   -1   -6    5   -6    8   -5  -10   12   11
    1    6   10    1    2    8    1   40    2    1       775   11   12    1   10   13   -1  -13   20  -12   -6   -2    3  -15   11   -8   -8   11    3
    1    6   11    1    2    2    1   16    2    1      1524   10   13   -9   14   14   -1  -13   20   -8   -5   -1    3  -14   11   -9   -7   11    4
    1    6   12    1    2    6    1   77    2    1      1058   10   14    3    3   13   -2  -12   19  -12   -5   -1    4  -15   13   -8   -7   11    4
    1    6   13    1    1    9    1   97    1    1       957   10    0   -4   17   19    7  -10   11  -10   -2   -7    3  -10   16   -6   -9   13    9
    1    6   14    1    2    1    1   97    2    1      2132   10   13   -1   10   13   -1  -14   20  -12   -6   -2    4  -13   11   -9   -9   11    4
    1    6   15    1    2    5    1   47    2    1       524   10   13    1   10   13   -1  -12   20  -11   -5   -1    4  -14   11   -9   -7   11    5
    1    6   16    1    3    5    1   82    3    1       886   15   -3   -4   20    9   -4  -10    9   -6  -14   -3    0  -12   10   -3  -12   12    5
    1    6   17    1    2    9    1   85    2    1      1519   10   13   -1   11   13   -1  -12   20  -12   -5    0    2  -12   11   -8   -7   11    4
    1    6   18    1    3    8    1   71    3    1       720   15   -3   -5   20    9   -5  -10    9   -7  -13   -3    0  -13   19   -3  -13   13    6
    1    6   19    1    1    7    1   27    1    1       944   12    3   -4   17    9    3  -10   10  -11   -1   -4    3   -5    8   -5  -10   13    9
    1    6   20    1    3    6    1   89    3    1       903   15   -2   -5   21    9   -4  -10    9   -7  -14   -3    0  -13   19   -4  -11   13    5
    1    6   21    1    1    2    1   90    1    1      1474   13    3   -5   18   11   -4  -10   10  -10   -2   -6    5   -5    8   -1  -11   13    9
    1    6   22    1    3    7    1   64    3    1       643   15   -3   -5   20    8   -5  -10    8   -7  -11   -3    0  -13   19   -3  -12   13    4
    1    6   23    1    3    4    1    4    3    1       487   15   -2   -5   19    8  -10  -10    8   -6  -14   -3    0  -13   18   -4  -12   11    6
    1    6   24    1    3    3    1   65    3    1       480   15   -2   -4   19   10   -5  -10    8   -5  -12   -3    0  -14   20   -2  -13   12    6
    1    6   25    1    2    3    1   96    2    1      1034   10   14    0   11   12    0  -14   20  -12   -4   -1    3  -13   10   -9   -7   11    4
    1    6   26    1    2    4    1   93    2    1       813   10   13   -1   14   14   -2  -15   20  -13   -5    0    7  -14   11   -9   -7   10    5
    1    6   27    1    1    5    1   61    1    1       683   13    3   -6   21   23    3  -10   10  -11   -1   -6    4   -3    6   -6   -8   13    8
    1    7    1    1    2    1    1   97    2    1       700   10   13   -1   10   13   -1  -14   20  -12   -6   -2    4  -13   11   -9   -9   11    4
    1    7    2    1    1    7    1   27    3    0       476   12    3   -4   17    9    3  -10   10  -11   -1   -4    3   -5    8   -5  -10   13    9
    1    7    3    1    1    4    1   89    1    1       708   13    3   -5   19   14   -2  -10   10  -12   -1   -6    5   -6    8   -5  -10   12   11
    1    7    4    1    1    1    1   82    1    1       726   13   -7    4   12   14   -2  -16    9  -11   -1   -6    0   -5    8   -6   -9   17    5
    1    7    5    1    1    9    1   97    1    1       551   10    0   -4   17   19    7  -10   11  -10   -2   -7    3  -10   16   -6   -9   13    9
    1    7    6    1    2    7    1   14    2    1      1710   11   14   -1   12   13   -3  -14   20  -12   -6    0    2  -14   11  -10   -7   12    5
    1    7    7    1    3    7    1   64    3    1      1337   15   -3   -5   20    8   -5  -10    8   -7  -11   -3    0  -13   19   -3  -12   13    4
    1    7    8    1    3    3    1   65    3    1       465   15   -2   -4   19   10   -5  -10    8   -5  -12   -3    0  -14   20   -2  -13   12    6
    1    7    9    1    3    2    1   95    3    1       508   14   -2   -5   20    9   -4  -10   11   -8  -14   -3   -1  -13   23   -4  -11   11    5
    1    7   10    1    3    4    1    4    3    1       485   15   -2   -5   19    8  -10  -10    8   -6  -14   -3    0  -13   18   -4  -12   11    6
    1    7   11    1    2    6    1   77    2    1       862   10   14    3    3   13   -2  -12   19  -12   -5   -1    4  -15   13   -8   -7   11    4
    1    7   12    1    2    5    1   47    2    1       585   10   13    1   10   13   -1  -12   20  -11   -5   -1    4  -14   11   -9   -7   11    5
    1    7   13    1    3    5    1   82    3    1      1422   15   -3   -4   20    9   -4  -10    9   -6  -14   -3    0  -12   10   -3  -12   12    5
    1    7   14    1    3    9    1   69    3    1       562   16   -3   -5   20    9   -5  -10    9   -6  -13   -1    8  -11   21   -3  -13   12    5
    1    7   15    1    1    3    1   13    1    1       858   13    2   -6   20   13   -3  -10   10  -11   -1    1    8   -9    3   -7   -8   12   10
    1    7   16    1    1    8    1   51    1    1       534   13    3   -5   18   13   -1  -16    3  -10   -2   -5    4   -5    7   -6   -9   13   10
    1    7   17    1    1    2    1   90    1    1       878   13    3   -5   18   11   -4  -10   10  -10   -2   -6    5   -5    8   -1  -11   13    9
    1    7   18    1    3    8    1   71    3    1      1016   15   -3   -5   20    9   -5  -10    9   -7  -13   -3    0  -13   19   -3  -13   13    6
    1    7   19    1    1    6    1   10    1    1       622   13    2   -4   17   14   -2  -11   11  -11   -1   -5    5   -8    5   -7   -8   12    8
    1    7   20    1    2    3    1   96    2    1      1458   10   14    0   11   12    0  -14   20  -12   -4   -1    3  -13   10   -9   -7   11    4
    1    7   21    1    2    8    1   40    2    1       534   11   12    1   10   13   -1  -13   20  -12   -6   -2    3  -15   11   -8   -8   11    3
    1    7   22    1    2    2    1   16    2    1      1149   10   13   -9   14   14   -1  -13   20   -8   -5   -1    3  -14   11   -9   -7   11    4
    1    7   23    1    2    9    1   85    2    1       781   10   13   -1   11   13   -1  -12   20  -12   -5    0    2  -12   11   -8   -7   11    4
    1    7   24    1    1    5    1   61    1    1       476   13    3   -6   21   23    3  -10   10  -11   -1   -6    4   -3    6   -6   -8   13    8
    1    7   25    1    3    6    1   89    3    1       503   15   -2   -5   21    9   -4  -10    9   -7  -14   -3    0  -13   19   -4  -11   13    5
    1    7   26    1    2    4    1   93    2    1       799   10   13   -1   14   14   -2  -15   20  -13   -5    0    7  -14   11   -9   -7   10    5
    1    7   27    1    3    1    1   80    3    1       668   14   -1   -3   19    9   -5  -10    9   -6  -13   -2    0  -13   19   -3  -12   13    5
    1    8    1    1    2    9    1   85    2    1       879   10   13   -1   11   13   -1  -12   20  -12   -5    0    2  -12   11   -8   -7   11    4
    1    8    2    1    2    5    1   47    2    1       537   10   13    1   10   13   -1  -12   20  -11   -5   -1    4  -14   11   -9   -7   11    5
    1    8    3    1    1    3    1   13    1    1       769   13    2   -6   20   13   -3  -10   10  -11   -1    1    8   -9    3   -7   -8   12   10
    1    8    4    1    2    7    1   14    2    1       687   11   14   -1   12   13   -3  -14   20  -12   -6    0    2  -14   11  -10   -7   12    5
    1    8    5    1    1    1    1   82    1    1       746   13   -7    4   12   14   -2  -16    9  -11   -1   -6    0   -5    8   -6   -9   17    5
    1    8    6    1    2    8    1   40    2    1      2474   11   12    1   10   13   -1  -13   20  -12   -6   -2    3  -15   11   -8   -8   11    3
    1    8    7    1    3    1    1   80    3    1       469   14   -1   -3   19    9   -5  -10    9   -6  -13   -2    0  -13   19   -3  -12   13    5
    1    8    8    1    2    1    1   97    2    1      2207   10   13   -1   10   13   -1  -14   20  -12   -6   -2    4  -13   11   -9   -9   11    4
    1    8    9    1    3    7    1   64    3    1       596   15   -3   -5   20    8   -5  -10    8   -7  -11   -3    0  -13   19   -3  -12   13    4
    1    8   10    1    2    2    1   16    2    1      1145   10   13   -9   14   14   -1  -13   20   -8   -5   -1    3  -14   11   -9   -7   11    4
    1    8   11    1    3    9    1   69    3    1      1641   16   -3   -5   20    9   -5  -10    9   -6  -13   -1    8  -11   21   -3  -13   12    5
    1    8   12    1    2    3    1   96    2    1      1125   10   14    0   11   12    0  -14   20  -12   -4   -1    3  -13   10   -9   -7   11    4
    1    8   13    1    1    5    1   61    1    1      1620   13    3   -6   21   23    3  -10   10  -11   -1   -6    4   -3    6   -6   -8   13    8
    1    8   14    1    1    7    1   27    1    1      1089   12    3   -4   17    9    3  -10   10  -11   -1   -4    3   -5    8   -5  -10   13    9
    1    8   15    1    1    4    1   89    1    1      1011   13    3   -5   19   14   -2  -10   10  -12   -1   -6    5   -6    8   -5  -10   12   11
    1    8   16    1    3    8    1   71    3    1      1080   15   -3   -5   20    9   -5  -10    9   -7  -13   -3    0  -13   19   -3  -13   13    6
    1    8   17    1    1    2    1   90    1    1       890   13    3   -5   18   11   -4  -10   10  -10   -2   -6    5   -5    8   -1  -11   13    9
    1    8   18    1    2    6    1   77    2    1       963   10   14    3    3   13   -2  -12   19  -12   -5   -1    4  -15   13   -8   -7   11    4
    1    8   19    1    3    6    1   89    3    1       746   15   -2   -5   21    9   -4  -10    9   -7  -14   -3    0  -13   19   -4  -11   13    5
    1    8   20    1    1    9    1   97    1    1      1001   10    0   -4   17   19    7  -10   11  -10   -2   -7    3  -10   16   -6   -9   13    9
    1    8   21    1    1    8    1   51    1    1       734   13    3   -5   18   13   -1  -16    3  -10   -2   -5    4   -5    7   -6   -9   13   10
    1    8   22    1    3    4    1    4    3    1      1342   15   -2   -5   19    8  -10  -10    8   -6  -14   -3    0  -13   18   -4  -12   11    6
    1    8   23    1    2    4    1   93    2    1       534   10   13   -1   14   14   -2  -15   20  -13   -5    0    7  -14   11   -9   -7   10    5
    1    8   24    1    1    6    1   10    1    1       973   13    2   -4   17   14   -2  -11   11  -11   -1   -5    5   -8    5   -7   -8   12    8
    1    8   25    1    3    2    1   95    3    1       867   14   -2   -5   20    9   -4  -10   11   -8  -14   -3   -1  -13   23   -4  -11   11    5
    1    8   26    1    3    5    1   82    3    1       669   15   -3   -4   20    9   -4  -10    9   -6  -14   -3    0  -12   10   -3  -12   12    5
    1    8   27    1    3    3    1   65    3    1       847   15   -2   -4   19   10   -5  -10    8   -5  -12   -3    0  -14   20   -2  -13   12    6
    1    9    1    1    3    2    1   95    3    1       922   14   -2   -5   20    9   -4  -10   11   -8  -14   -3   -1  -13   23   -4  -11   11    5
    1    9    2    1    2    2    1   16    3    0      1121   10   13   -9   14   14   -1  -13   20   -8   -5   -1    3  -14   11   -9   -7   11    4
    1    9    3    1    1    3    1   13    1    1       768   13    2   -6   20   13   -3  -10   10  -11   -1    1    8   -9    3   -7   -8   12   10
    1    9    4    1    1    6    1   10    1    1      1037   13    2   -4   17   14   -2  -11   11  -11   -1   -5    5   -8    5   -7   -8   12    8
    1    9    5    1    1    8    1   51    1    1       609   13    3   -5   18   13   -1  -16    3  -10   -2   -5    4   -5    7   -6   -9   13   10
    1    9    6    1    1    9    1   97    1    1       422   10    0   -4   17   19    7  -10   11  -10   -2   -7    3  -10   16   -6   -9   13    9
    1    9    7    1    2    9    1   85    2    1       576   10   13   -1   11   13   -1  -12   20  -12   -5    0    2  -12   11   -8   -7   11    4
    1    9    8    1    3    6    1   89    3    1       838   15   -2   -5   21    9   -4  -10    9   -7  -14   -3    0  -13   19   -4  -11   13    5
    1    9    9    1    3    7    1   64    3    1      1042   15   -3   -5   20    8   -5  -10    8   -7  -11   -3    0  -13   19   -3  -12   13    4
    1    9   10    1    3    3    1   65    3    1       726   15   -2   -4   19   10   -5  -10    8   -5  -12   -3    0  -14   20   -2  -13   12    6
    1    9   11    1    2    6    1   77    2    1       935   10   14    3    3   13   -2  -12   19  -12   -5   -1    4  -15   13   -8   -7   11    4
    1    9   12    1    2    8    1   40    2    1       718   11   12    1   10   13   -1  -13   20  -12   -6   -2    3  -15   11   -8   -8   11    3
    1    9   13    1    2    7    1   14    2    1       734   11   14   -1   12   13   -3  -14   20  -12   -6    0    2  -14   11  -10   -7   12    5
    1    9   14    1    3    4    1    4    3    1       718   15   -2   -5   19    8  -10  -10    8   -6  -14   -3    0  -13   18   -4  -12   11    6
    1    9   15    1    1    5    1   61    1    1      1198   13    3   -6   21   23    3  -10   10  -11   -1   -6    4   -3    6   -6   -8   13    8
    1    9   16    1    3    5    1   82    3    1       778   15   -3   -4   20    9   -4  -10    9   -6  -14   -3    0  -12   10   -3  -12   12    5
    1    9   17    1    2    1    1   97    2    1       857   10   13   -1   10   13   -1  -14   20  -12   -6   -2    4  -13   11   -9   -9   11    4
    1    9   18    1    1    4    1   89    1    1       660   13    3   -5   19   14   -2  -10   10  -12   -1   -6    5   -6    8   -5  -10   12   11
    1    9   19    1    3    1    1   80    3    1      3029   14   -1   -3   19    9   -5  -10    9   -6  -13   -2    0  -13   19   -3  -12   13    5
    1    9   20    1    2    4    1   93    2    1       873   10   13   -1   14   14   -2  -15   20  -13   -5    0    7  -14   11   -9   -7   10    5
    1    9   21    1    3    9    1   69    3    1       756   16   -3   -5   20    9   -5  -10    9   -6  -13   -1    8  -11   21   -3  -13   12    5
    1    9   22    1    2    5    1   47    2    1       882   10   13    1   10   13   -1  -12   20  -11   -5   -1    4  -14   11   -9   -7   11    5
    1    9   23    1    2    3    1   96    2    1       604   10   14    0   11   12    0  -14   20  -12   -4   -1    3  -13   10   -9   -7   11    4
    1    9   24    1    1    7    1   27    1    1       770   12    3   -4   17    9    3  -10   10  -11   -1   -4    3   -5    8   -5  -10   13    9
    1    9   25    1    1    1    1   82    1    1       688   13   -7    4   12   14   -2  -16    9  -11   -1   -6    0   -5    8   -6   -9   17    5
    1    9   26    1    1    2    1   90    1    1      1281   13    3   -5   18   11   -4  -10   10  -10   -2   -6    5   -5    8   -1  -11   13    9
    1    9   27    1    3    8    1   71    3    1       491   15   -3   -5   20    9   -5  -10    9   -7  -13   -3    0  -13   19   -3  -13   13    6
    1   10    1    1    2    2    1   16    2    1       549   10   13   -9   14   14   -1  -13   20   -8   -5   -1    3  -14   11   -9   -7   11    4
    1   10    2    1    2    7    1   14    2    1       956   11   14   -1   12   13   -3  -14   20  -12   -6    0    2  -14   11  -10   -7   12    5
    1   10    3    1    1    1    1   82    1    1       707   13   -7    4   12   14   -2  -16    9  -11   -1   -6    0   -5    8   -6   -9   17    5
    1   10    4    1    3    9    1   69    3    1       789   16   -3   -5   20    9   -5  -10    9   -6  -13   -1    8  -11   21   -3  -13   12    5
    1   10    5    1    3    5    1   82    3    1       769   15   -3   -4   20    9   -4  -10    9   -6  -14   -3    0  -12   10   -3  -12   12    5
    1   10    6    1    1    9    1   97    1    1       862   10    0   -4   17   19    7  -10   11  -10   -2   -7    3  -10   16   -6   -9   13    9
    1   10    7    1    1    6    1   10    1    1       585   13    2   -4   17   14   -2  -11   11  -11   -1   -5    5   -8    5   -7   -8   12    8
    1   10    8    1    1    4    1   89    1    1       734   13    3   -5   19   14   -2  -10   10  -12   -1   -6    5   -6    8   -5  -10   12   11
    1   10    9    1    2    4    1   93    2    1       974   10   13   -1   14   14   -2  -15   20  -13   -5    0    7  -14   11   -9   -7   10    5
    1   10   10    1    2    5    1   47    2    1       724   10   13    1   10   13   -1  -12   20  -11   -5   -1    4  -14   11   -9   -7   11    5
    1   10   11    1    3    3    1   65    3    1       725   15   -2   -4   19   10   -5  -10    8   -5  -12   -3    0  -14   20   -2  -13   12    6
    1   10   12    1    2    1    1   97    2    1      1430   10   13   -1   10   13   -1  -14   20  -12   -6   -2    4  -13   11   -9   -9   11    4
    1   10   13    1    3    7    1   64    3    1       825   15   -3   -5   20    8   -5  -10    8   -7  -11   -3    0  -13   19   -3  -12   13    4
    1   10   14    1    2    9    1   85    2    1      1428   10   13   -1   11   13   -1  -12   20  -12   -5    0    2  -12   11   -8   -7   11    4
    1   10   15    1    3    2    1   95    3    1       806   14   -2   -5   20    9   -4  -10   11   -8  -14   -3   -1  -13   23   -4  -11   11    5
    1   10   16    1    2    3    1   96    2    1      1155   10   14    0   11   12    0  -14   20  -12   -4   -1    3  -13   10   -9   -7   11    4
    1   10   17    1    1    2    1   90    1    1       753   13    3   -5   18   11   -4  -10   10  -10   -2   -6    5   -5    8   -1  -11   13    9
    1   10   18    1    3    6    1   89    3    1       815   15   -2   -5   21    9   -4  -10    9   -7  -14   -3    0  -13   19   -4  -11   13    5
    1   10   19    1    1    5    1   61    1    1       715   13    3   -6   21   23    3  -10   10  -11   -1   -6    4   -3    6   -6   -8   13    8
    1   10   20    1    3    4    1    4    3    1      1306   15   -2   -5   19    8  -10  -10    8   -6  -14   -3    0  -13   18   -4  -12   11    6
    1   10   21    1    1    8    1   51    1    1       930   13    3   -5   18   13   -1  -16    3  -10   -2   -5    4   -5    7   -6   -9   13   10
    1   10   22    1    2    8    1   40    2    1       761   11   12    1   10   13   -1  -13   20  -12   -6   -2    3  -15   11   -8   -8   11    3
    1   10   23    1    2    6    1   77    2    1       600   10   14    3    3   13   -2  -12   19  -12   -5   -1    4  -15   13   -8   -7   11    4
    1   10   24    1    3    8    1   71    3    1       700   15   -3   -5   20    9   -5  -10    9   -7  -13   -3    0  -13   19   -3  -13   13    6
    1   10   25    1    1    3    1   13    1    1       718   13    2   -6   20   13   -3  -10   10  -11   -1    1    8   -9    3   -7   -8   12   10
    1   10   26    1    1    7    1   27    1    1       796   12    3   -4   17    9    3  -10   10  -11   -1   -4    3   -5    8   -5  -10   13    9
    1   10   27    1    3    1    1   80    3    1       761   14   -1   -3   19    9   -5  -10    9   -6  -13   -2    0  -13   19   -3  -12   13    5
    2    1    1    1    2    5    1   47    2    1      7734   10   13    1   10   13   -1  -12   20  -11   -5   -1    4  -14   11   -9   -7   11    5
    2    1    2    4    1    4    2  104    1    1      1022   14    5   -2   21   14   -3   -9   12  -21    1   -6    3   -4    7   -8   -8   13   10
    2    1    3    1    2    6    1   77    2    1       849   10   14    3    3   13   -2  -12   19  -12   -5   -1    4  -15   13   -8   -7   11    4
    2    1    4    5    2    5    3  114    1    0      2476    0   23    0   10   14   -1  -14   20  -16   -1   -3    0  -14   10   -6   -2   13    2
    2    1    5    5    2    8    3  179    2    1      1028   13   10   -2    9   12   -1  -14   22  -12   -4    6    8  -15   11  -10   -6   10    3
    2    1    6    5    3    1    3  182    1    0      1001   14   -2  -11   20    9   -6  -16    7   -7  -22   -8    2  -10   13    4   -3    4    0
    2    1    7    5    2    7    3  125    1    0       990    6   13   -1   11   14   -2  -19   15  -17   -3   -2    5  -16   13  -17    2    3   12
    2    1    8    5    3    3    3  192    3    1      2596   19   -8   -5   19    9   -3   -9    9   -4  -16   -4    0   -7   12    1  -15   12    3
    2    1    9    2    1    0    0    0    1    1       696   13    3   -5   18   14   -2  -10   10  -11   -1   -5    4   -5    8   -6   -9   13    9
    2    1   10    1    3    6    1   89    3    1      2426   15   -2   -5   21    9   -4  -10    9   -7  -14   -3    0  -13   19   -4  -11   13    5
    2    1   11    3    3    1    1  105    3    1       646   14   -1   -4   21    9   -3  -10    8   -7  -13    2   -3  -13   19   -1  -14   12    5
    2    1   12    1    3    3    1   65    3    1       473   15   -2   -4   19   10   -5  -10    8   -5  -12   -3    0  -14   20   -2  -13   12    6
    2    1   13    1    2    8    1   40    2    1       772   11   12    1   10   13   -1  -13   20  -12   -6   -2    3  -15   11   -8   -8   11    3
    2    1   14    1    3    8    1   71    3    1      2097   15   -3   -5   20    9   -5  -10    9   -7  -13   -3    0  -13   19   -3  -13   13    6
    2    1   15    3    2    3    1  128    2    1       730   15   21    1   10   13   -1  -14   20  -13   -5   -1    3  -14   11   -9   -7   10    2
    2    1   16    3    3    2    1  110    3    1       697   15   -2   -4   19    8   -4  -10    9   -8  -13   -3    0  -13   19   -2  -13   11    5
    2    1   17    3    2    1    1  171    2    1      1370   11   13    0   11   13   -2  -12   20  -10  -10   -1    2  -14   12   -8   -7   11    4
    2    1   18    4    3    4    2  166    3    1       896   11    7   -6   19    8   -6  -11   10   -5  -11   -3   -2  -22   20   -4  -13   19    0
    2    1   19    4    1    2    2  132    1    1       787   11    8   -6   19   12   -2  -12   10  -12    1   -6    4   -6    8   -5   -6   13   10
    2    1   20    5    2    1    3  170    2    1       688   10   11   -9    6   18    6  -14   21  -13   -6    4   10  -18   12  -13   -9    2    7
    2    1   21    4    2    3    2  119    2    1      4498    5    7   -2   12   13    0  -14   21  -14   -4   -4    3  -23    3   -9   -6   15    2
    2    1   22    1    2    4    1   93    2    1       684   10   13   -1   14   14   -2  -15   20  -13   -5    0    7  -14   11   -9   -7   10    5
    2    1   23    5    1    8    3  124    1    1       991    8   11    1   21   13   -1   -9    6   -8   -6   -5    3   -4   12    1   -3   23    4
    2    1   24    1    1    6    1   10    1    1       692   13    2   -4   17   14   -2  -11   11  -11   -1   -5    5   -8    5   -7   -8   12    8
    2    1   25    4    3    5    2  163    3    1      1078   16   -2   -4   22   10   -3  -11    7   -6  -12   -3   -3  -13   20   -3  -17   14    5
    2    1   26    5    1    9    3  147    1    1       552    9   10   -5   19   16   -1  -17   19   -3    1   -6    4   -6    8  -16   -7   13   11
    2    1   27    3    2    2    1  104    2    1       863   11   14   -1   12   12   -2   -3   22  -12   -5   -5   -6  -14   11   -9   -7   12    5
    2    1   28    5    1    6    3  122    3    0      4424   12    3   -3   12   13   -3  -10    9   -9    0   -4    5    0   15   -1    0   12   10
    2    1   29    5    3    6    3  124    2    0      2050   17   -1   -6   19    9   -5  -11    2   -6  -11  -11   -8  -12   17   -3  -13   11    4
    2    1   30    5    2    2    3  189    2    1       686   12   12   -1   12   16    0   -6   20  -10   -2    0    2  -15   16  -10   -6   17   -2
    2    1   31    1    1    3    1   13    1    1       496   13    2   -6   20   13   -3  -10   10  -11   -1    1    8   -9    3   -7   -8   12   10
    2    1   32    4    3    1    2  171    3    1       601   17    0  -15   24   11   -6   -8    8   -2  -16   -4    1  -12   17   -5  -13   12    6
    2    1   33    5    2    6    3  115    1    0      4205   13   19   -1   10   13   -6  -12   21  -13   -4   -3   -6  -16   14  -18    0   14    1
    2    1   34    1    3    9    1   69    3    1       914   16   -3   -5   20    9   -5  -10    9   -6  -13   -1    8  -11   21   -3  -13   12    5
    2    1   35    5    1    1    3  112    2    0      2010   15   -7   -7   19   14   -3  -12   11  -19    0   -5    6    3    6  -14    1   14   11
    2    1   36    4    2    2    2  179    2    1       630   11   18    0    9   11   -3  -11   15  -12   -8   -2    3  -14   12  -10   -7    9    4
    2    1   37    4    1    6    2  137    1    1      1066   13    1   -3   18   15    0   -9    9  -12   -3  -15   -1   -4   10   -5  -11   13    8
    2    1   38    1    3    2    1   95    3    1      1133   14   -2   -5   20    9   -4  -10   11   -8  -14   -3   -1  -13   23   -4  -11   11    5
    2    1   39    1    3    5    1   82    3    1       500   15   -3   -4   20    9   -4  -10    9   -6  -14   -3    0  -12   10   -3  -12   12    5
    2    1   40    4    3    2    2  175    1    0      2158   15   -3   -4   22    8   -3   -9    8   -7  -14  -10    0  -11   17    1  -10   11    6
    2    1   41    5    3    8    3  145    1    0      1989   13   -3    5   19   15  -10  -12   10   -8   -3   -8    3  -12   18   -1  -10   13    4
    2    1   42    1    2    2    1   16    2    1      1059   10   13   -9   14   14   -1  -13   20   -8   -5   -1    3  -14   11   -9   -7   11    4
    2    1   43    4    3    3    2  128    1    0       611   14   -4   -4   19   13  -10  -16    7   -8  -13   -2   -1  -12   19    2  -11   11    7
    2    1   44    4    2    6    2  162    1    0      1352   18    5    0   12    9   -2  -12   20  -19   -6   -1    4  -15   10   -9   -6   10    5
    2    1   45    3    1    3    1  117    1    1       703   13    3   -6   18   14   -2  -10    9  -12    0   -5    4   -5    8   -6   -9   13    9
    2    1   46    4    2    5    2  143    2    1      2128   12   14   -1   12   13    0  -12   19  -13   -6    0    2  -17   15   -7   -5   10   -5
    2    1   47    5    1    3    3  195    1    1       617   18    4   -7   18   21   -5   -9   12  -16  -11   -6   12   -5    9   -5  -10   14   10
    2    1   48    1    2    7    1   14    2    1       702   11   14   -1   12   13   -3  -14   20  -12   -6    0    2  -14   11  -10   -7   12    5
    2    1   49    1    1    5    1   61    1    1       719   13    3   -6   21   23    3  -10   10  -11   -1   -6    4   -3    6   -6   -8   13    8
    2    1   50    1    1    7    1   27    1    1       528   12    3   -4   17    9    3  -10   10  -11   -1   -4    3   -5    8   -5  -10   13    9
    2    1   51    3    3    3    1  181    1    0       856   16   -2   -5   19   10   -5  -10    9   -7  -13   -3   -1  -13   20    4  -12   12    5
    2    1   52    5    2    9    3  124    1    0      2274   11   13   -1   12   17   -1   -9   23   -2  -11    3   -1   -5   13   -9   -6   10    5
    2    1   53    1    1    4    1   89    1    1       628   13    3   -5   19   14   -2  -10   10  -12   -1   -6    5   -6    8   -5  -10   12   11
    2    1   54    1    2    1    1   97    2    1       872   10   13   -1   10   13   -1  -14   20  -12   -6   -2    4  -13   11   -9   -9   11    4
    2    1   55    6    1    0    3  126    1    1       849   20    5   -3   19   15    0   -9    3   -9    0   -7    4   -4    7    3  -12    7    0
    2    1   56    5    3    9    3  133    3    1       893    7   -5   -7   18    9    4   -9    8   -8  -11    0   -5  -13   20   -4  -12   17   11
    2    1   57    5    1    4    3  134    1    1       614   20    0  -10   11   14   -4  -10    5  -12   -2   -9    9    4   18   -7   -8   13   10
    2    1   58    5    2    3    3  195    2    1       922   13    9   -2   12   15   -1   -6   20  -13  -11    0    3  -17   18  -12   -8    9    3
    2    1   59    2    3    0    0    0    3    1       594   15   -2   -5   20    9   -4  -10    9   -7  -13   -3    0  -13   19   -3  -12   12    5
    2    1   60    5    1    5    3  157    1    1       630    7    2   -4   17   13   -3   -6   14  -19    0   -6    5   -9   14  -11  -14   20    7
    2    1   61    5    3    4    3  134    3    1       473   23    2   -5   19    2   -1  -12    9   -5  -15   -5    4  -17   14   -4  -11   11    5
    2    1   62    1    3    1    1   80    3    1       628   14   -1   -3   19    9   -5  -10    9   -6  -13   -2    0  -13   19   -3  -12   13    5
    2    1   63    3    1    1    1  140    1    1       553   13    4   -5   18   14   -1  -10   10  -11   -1   -5    3   -6    7   -6  -10   13   10
    2    1   64    1    2    9    1   85    2    1       816   10   13   -1   11   13   -1  -12   20  -12   -5    0    2  -12   11   -8   -7   11    4
    2    1   65    5    2    4    3  154    1    0       557   11   15   -2   15   12   -1   -8   23  -10    4   -2    4  -19   16   -2  -17   11    3
    2    1   66    5    1    2    3  150    2    0       660   10   -4   -6    9   14   -1  -11   11   -6   -3   -3    3   -5   13   -5   -7   17   14
    2    1   67    1    2    3    1   96    2    1       614   10   14    0   11   12    0  -14   20  -12   -4   -1    3  -13   10   -9   -7   11    4
    2    1   68    2    2    0    0    0    2    1       714   10   13    0   11   13   -1  -13   20  -12   -6   -1    3  -14   11   -9   -7   11    4
    2    1   69    6    2    0    3  129    1    0       537   10   12    0   10   13   -4   -6   13   -5    4    0    4  -10    8   -4  -12    4    8
    2    1   70    5    3    7    3  158    3    1      4544   19    0   -7   22   12   -4   -9    9   -5  -11   -2    2  -13    9   -8   -7   14    6
    2    1   71    4    1    5    2  143    1    1       744   14    3   -6   18   16    0  -10    9  -21   -6    2   -3   -5    7   -3  -12   12    8
    2    1   72    5    3    5    3  119    3    1      3255   17   -4   -6   21    8   -5   -4   15   -2  -17    0    2  -11   16   -3  -11   14    2
    2    1   73    1    3    4    1    4    3    1      1266   15   -2   -5   19    8  -10  -10    8   -6  -14   -3    0  -13   18   -4  -12   11    6
    2    1   74    4    3    6    2  116    1    0      5237   15   -3   -4   19    5  -14  -13   11   -4  -15    0    4  -12   19   -2   -7   13    3
    2    1   75    3    1    2    1  165    1    1       978   14    3   -5   18   15   -3  -11   10  -12   -1   -5    4   -5    9   -6   -9   13    9
    2    1   76    1    1    2    1   90    1    1       681   13    3   -5   18   11   -4  -10   10  -10   -2   -6    5   -5    8   -1  -11   13    9
    2    1   77    5    1    7    3  171    1    1       922   14    6   -8   18   15   -1  -10   11  -11    0   -3   -4   -4    8   -7  -10   21    9
    2    1   78    4    1    1    2  170    1    1       675   21   -3   -1   21   13   -4  -12    8  -18    4  -10    6   -4   10   -4   -8   13    8
    2    1   79    5    3    2    3  125    1    0      1349   16   -3   -4   20   13   -9   -6    5   -3   -8   -4   -2  -11   20   -4  -14   11    7
    2    1   80    1    1    8    1   51    1    1      1419   13    3   -5   18   13   -1  -16    3  -10   -2   -5    4   -5    7   -6   -9   13   10
    2    1   81    1    1    9    1   97    1    1       527   10    0   -4   17   19    7  -10   11  -10   -2   -7    3  -10   16   -6   -9   13    9
    2    1   82    1    3    7    1   64    3    1      1143   15   -3   -5   20    8   -5  -10    8   -7  -11   -3    0  -13   19   -3  -12   13    4
    2    1   83    6    3    0    3  110    1    0       759   17   -2    3   22    9   -3  -14   14   -8   -4   -4    1  -14   20  -13  -15    7   12
    2    1   84    1    1    1    1   82    1    1       614   13   -7    4   12   14   -2  -16    9  -11   -1   -6    0   -5    8   -6   -9   17    5
    2    1   85    4    2    1    2  177    2    1       746   10   15   -1   12   12   -3  -13   19  -10   -7    0    2  -14   10   -7  -10   10    5
    2    1   86    4    1    3    2  194    1    1       503   14    2   -4   17   14   -3  -11   10  -11    0   -3    9   -5    7   -4   -8   14    9
    2    1   87    4    2    4    2  148    2    1       736    7    8    1   11   11   -3  -17   21  -13   -5    6   10  -12   10   -9   -8   12    4
