    1    1    1    1    3    4    1   95    1    0      2577   14   -2   -5   20    9   -4  -10   11   -8  -14   -3   -1  -13   23   -4  -11   11    5
    1    1    2    1    2    3    3   15    2    1      1624   20   18    6    1    9    0   -4   15  -14  -11   -2    4  -14    3   -7  -11   12    0
    1    1    3    1    2    8    2   79    1    0       837    9   13   -1   11   11    1  -11   18  -16  -13    3    1  -15   12  -10   -6    8   -1
    1    1    4    1    3    8    2   92    3    1       960   14   -1    0   14    7   -6   -9    8   -5  -14   -3    1  -15   23   -3  -13   11    5
    1    1    5    1    3    3    3   68    1    0      1032   20    2   -3   21    9   -5  -10   10  -11  -21   -3    1  -19   16   -2  -11   12    3
    1    1    6    1    1    5    2   63    2    0      1052   15    2   -7   19   15   -2   -9   12  -11   -2   -2    1   -4   10   -7   -8   12   10
    1    1    7    1    1    1    1   82    1    1      4928   13   -7    4   12   14   -2  -16    9  -11   -1   -6    0   -5    8   -6   -9   17    5
    1    1    8    1    2    4    1   16    3    0      1224   10   13   -9   14   14   -1  -13   20   -8   -5   -1    3  -14   11   -9   -7   11    4
    1    1    9    1    1    3    3   28    2    0      2725   22    3   -7   20    9    6   -9    9  -16    1   -4    6   -2   10  -10  -12   12   10
    1    1   10    1    3    7    1   65    3    1      1430   15   -2   -4   19   10   -5  -10    8   -5  -12   -3    0  -14   20   -2  -13   12    6
    1    1   11    1    3    6    3   76    2    0      2076   12   -4    3   19   10   -3    0    0  -15  -17   -6   -9  -13   14   -4  -11   20   13
    1    1   12    1    1    4    1   90    2    0      1590   13    3   -5   18   11   -4  -10   10  -10   -2   -6    5   -5    8   -1  -11   13    9
    1    1   13    1    2    6    3   42    3    0      5605   11   13    0   12   12   -1  -10   20   -8  -10   -5   -7  -16   18   -8   -6   10   -6
    1    1   14    1    1    7    1   13    1    1      2051   13    2   -6   20   13   -3  -10   10  -11   -1    1    8   -9    3   -7   -8   12   10
    1    1   15    1    2    9    3   90    1    0      1630    6   17    4    9   21   -4  -15   22  -11   -7  -10    7  -15   18  -13  -13    2    5
    1    1   16    1    3    9    3   73    1    0      3114   14    3   -9   12    6   -6  -17    2   -8  -13   -4   -1  -14   19  -11   -7    7    2
    1    1   17    1    3    1    1   80    3    1       793   14   -1   -3   19    9   -5  -10    9   -6  -13   -2    0  -13   19   -3  -12   13    5
    1    1   18    1    2    7    1   96    2    1      3463   10   14    0   11   12    0  -14   20  -12   -4   -1    3  -13   10   -9   -7   11    4
    1    1   19    1    1    8    2   10    1    1      2540   17    7   -6   20   16   -4   -8   11   -6    4   -4    9  -10    8  -14   -9    8    7
    1    1   20    1    2    1    1   97    2    1      1237   10   13   -1   10   13   -1  -14   20  -12   -6   -2    4  -13   11   -9   -9   11    4
    1    1   21    1    1    6    3   55    1    1      2210   19    7    2   11   21  -12  -13    7   -8    1   -8    6   -1    6    0   -8   17    1
    1    1   22    1    3    2    2    4    3    1      4086   17    2   -4   16   16  -10  -11   10  -12  -12   -5    1   -9   22   -1  -11   12    4
    1    1   23    1    2    2    2   96    2    1      5456   12   10    6    6   17    1  -11   20  -12   -7    1    1  -15   11  -10    3    9    3
    1    1   24    1    2    5    2   49    3    0      3507   11   13    1   11   14    1  -13   21  -14   -5   -3    2  -18   16   -6  -10   11    6
    1    1   25    1    1    9    3   94    1    1      3797   18    3   -8   14    8    0  -11    8  -19  -10   -7    1  -15    2  -11  -16   19   18
    1    1   26    1    1    2    2   92    2    0      2106   14    3   -5   17   22    6  -10    9  -12    0   -4    3   -3    7   -6  -10    8   10
    1    1   27    1    3    5    2   85    3    1      3698   15   -3   -4   19    8   -3   -9    8   -8  -14   -4    5  -15   21   -2  -10   11    6
    1    2    1    1    2    8    2   79    3    0       893    9   13   -1   11   11    1  -11   18  -16  -13    3    1  -15   12  -10   -6    8   -1
    1    2    2    1    1    3    3   28    2    0      2599   22    3   -7   20    9    6   -9    9  -16    1   -4    6   -2   10  -10  -12   12   10
    1    2    3    1    3    5    2   85    3    1      1835   15   -3   -4   19    8   -3   -9    8   -8  -14   -4    5  -15   21   -2  -10   11    6
    1    2    4    1    3    9    3   73    2    0      4111   14    3   -9   12    6   -6  -17    2   -8  -13   -4   -1  -14   19  -11   -7    7    2
    1    2    5    1    1    8    2   10    2    0      2599   17    7   -6   20   16   -4   -8   11   -6    4   -4    9  -10    8  -14   -9    8    7
    1    2    6    1    2    9    3   90    2    1      2044    6   17    4    9   21   -4  -15   22  -11   -7  -10    7  -15   18  -13  -13    2    5
    1    2    7    1    1    7    1   13    1    1      2551   13    2   -6   20   13   -3  -10   10  -11   -1    1    8   -9    3   -7   -8   12   10
    1    2    8    1    2    7    1   96    2    1      1294   10   14    0   11   12    0  -14   20  -12   -4   -1    3  -13   10   -9   -7   11    4
    1    2    9    1    2    3    3   15    1    0      3542   20   18    6    1    9    0   -4   15  -14  -11   -2    4  -14    3   -7  -11   12    0
    1    2   10    1    2    4    1   16    1    0      2439   10   13   -9   14   14   -1  -13   20   -8   -5   -1    3  -14   11   -9   -7   11    4
    1    2   11    1    2    1    1   97    2    1      1394   10   13   -1   10   13   -1  -14   20  -12   -6   -2    4  -13   11   -9   -9   11    4
    1    2   12    1    3    7    1   65    3    1      3047   15   -2   -4   19   10   -5  -10    8   -5  -12   -3    0  -14   20   -2  -13   12    6
    1    2   13    1    1    5    2   63    2    0      1883   15    2   -7   19   15   -2   -9   12  -11   -2   -2    1   -4   10   -7   -8   12   10
    1    2   14    1    3    1    1   80    3    1      1597   14   -1   -3   19    9   -5  -10    9   -6  -13   -2    0  -13   19   -3  -12   13    5
    1    2   15    1    3    2    2    4    2    0      5962   17    2   -4   16   16  -10  -11   10  -12  -12   -5    1   -9   22   -1  -11   12    4
    1    2   16    1    1    9    3   94    1    1      3498   18    3   -8   14    8    0  -11    8  -19  -10   -7    1  -15    2  -11  -16   19   18
    1    2   17    1    1    1    1   82    2    0      1051   13   -7    4   12   14   -2  -16    9  -11   -1   -6    0   -5    8   -6   -9   17    5
    1    2   18    1    1    4    1   90    3    0      4990   13    3   -5   18   11   -4  -10   10  -10   -2   -6    5   -5    8   -1  -11   13    9
    1    2   19    1    2    2    2   96    2    1      1348   12   10    6    6   17    1  -11   20  -12   -7    1    1  -15   11  -10    3    9    3
    1    2   20    1    2    5    2   49    2    1      1867   11   13    1   11   14    1  -13   21  -14   -5   -3    2  -18   16   -6  -10   11    6
    1    2   21    1    3    6    3   76    2    0      4845   12   -4    3   19   10   -3    0    0  -15  -17   -6   -9  -13   14   -4  -11   20   13
    1    2   22    1    2    6    3   42    1    0      1641   11   13    0   12   12   -1  -10   20   -8  -10   -5   -7  -16   18   -8   -6   10   -6
    1    2   23    1    1    2    2   92    1    1      2707   14    3   -5   17   22    6  -10    9  -12    0   -4    3   -3    7   -6  -10    8   10
    1    2   24    1    3    4    1   95    1    0      1858   14   -2   -5   20    9   -4  -10   11   -8  -14   -3   -1  -13   23   -4  -11   11    5
    1    2   25    1    3    3    3   68    2    0      9958   20    2   -3   21    9   -5  -10   10  -11  -21   -3    1  -19   16   -2  -11   12    3
    1    2   26    1    1    6    3   55    1    1      1510   19    7    2   11   21  -12  -13    7   -8    1   -8    6   -1    6    0   -8   17    1
    1    2   27    1    3    8    2   92    3    1       742   14   -1    0   14    7   -6   -9    8   -5  -14   -3    1  -15   23   -3  -13   11    5
    1    3    1    1    2    1    1   97    2    1       535   10   13   -1   10   13   -1  -14   20  -12   -6   -2    4  -13   11   -9   -9   11    4
    1    3    2    1    2    6    3   42    1    0      1024   11   13    0   12   12   -1  -10   20   -8  -10   -5   -7  -16   18   -8   -6   10   -6
    1    3    3    1    3    7    1   65    3    1      1026   15   -2   -4   19   10   -5  -10    8   -5  -12   -3    0  -14   20   -2  -13   12    6
    1    3    4    1    1    3    3   28    1    1      1431   22    3   -7   20    9    6   -9    9  -16    1   -4    6   -2   10  -10  -12   12   10
    1    3    5    1    3    2    2    4    3    1      2858   17    2   -4   16   16  -10  -11   10  -12  -12   -5    1   -9   22   -1  -11   12    4
    1    3    6    1    2    5    2   49    2    1      2597   11   13    1   11   14    1  -13   21  -14   -5   -3    2  -18   16   -6  -10   11    6
    1    3    7    1    1    9    3   94    1    1      1514   18    3   -8   14    8    0  -11    8  -19  -10   -7    1  -15    2  -11  -16   19   18
    1    3    8    1    3    9    3   73    2    0      7019   14    3   -9   12    6   -6  -17    2   -8  -13   -4   -1  -14   19  -11   -7    7    2
    1    3    9    1    3    4    1   95    3    1       864   14   -2   -5   20    9   -4  -10   11   -8  -14   -3   -1  -13   23   -4  -11   11    5
    1    3   10    1    3    8    2   92    3    1       747   14   -1    0   14    7   -6   -9    8   -5  -14   -3    1  -15   23   -3  -13   11    5
    1    3   11    1    2    4    1   16    2    1      2170   10   13   -9   14   14   -1  -13   20   -8   -5   -1    3  -14   11   -9   -7   11    4
    1    3   12    1    2    8    2   79    2    1      5743    9   13   -1   11   11    1  -11   18  -16  -13    3    1  -15   12  -10   -6    8   -1
    1    3   13    1    2    7    1   96    2    1       822   10   14    0   11   12    0  -14   20  -12   -4   -1    3  -13   10   -9   -7   11    4
    1    3   14    1    2    2    2   96    1    0      4914   12   10    6    6   17    1  -11   20  -12   -7    1    1  -15   11  -10    3    9    3
    1    3   15    1    2    9    3   90    1    0      1467    6   17    4    9   21   -4  -15   22  -11   -7  -10    7  -15   18  -13  -13    2    5
    1    3   16    1    3    3    3   68    3    1      1486   20    2   -3   21    9   -5  -10   10  -11  -21   -3    1  -19   16   -2  -11   12    3
    1    3   17    1    1    1    1   82    2    0      1088   13   -7    4   12   14   -2  -16    9  -11   -1   -6    0   -5    8   -6   -9   17    5
    1    3   18    1    3    5    2   85    3    1      1282   15   -3   -4   19    8   -3   -9    8   -8  -14   -4    5  -15   21   -2  -10   11    6
    1    3   19    1    3    1    1   80    3    1       813   14   -1   -3   19    9   -5  -10    9   -6  -13   -2    0  -13   19   -3  -12   13    5
    1    3   20    1    3    6    3   76    2    0      3323   12   -4    3   19   10   -3    0    0  -15  -17   -6   -9  -13   14   -4  -11   20   13
    1    3   21    1    1    2    2   92    1    1      1010   14    3   -5   17   22    6  -10    9  -12    0   -4    3   -3    7   -6  -10    8   10
    1    3   22    1    1    6    3   55    1    1      6247   19    7    2   11   21  -12  -13    7   -8    1   -8    6   -1    6    0   -8   17    1
    1    3   23    1    1    8    2   10    2    0      2060   17    7   -6   20   16   -4   -8   11   -6    4   -4    9  -10    8  -14   -9    8    7
    1    3   24    1    1    5    2   63    2    0      1910   15    2   -7   19   15   -2   -9   12  -11   -2   -2    1   -4   10   -7   -8   12   10
    1    3   25    1    1    4    1   90    3    0       967   13    3   -5   18   11   -4  -10   10  -10   -2   -6    5   -5    8   -1  -11   13    9
    1    3   26    1    1    7    1   13    2    0      1166   13    2   -6   20   13   -3  -10   10  -11   -1    1    8   -9    3   -7   -8   12   10
    1    3   27    1    2    3    3   15    2    1      2539   20   18    6    1    9    0   -4   15  -14  -11   -2    4  -14    3   -7  -11   12    0
    1    4    1    1    3    6    3   76    2    0      2178   12   -4    3   19   10   -3    0    0  -15  -17   -6   -9  -13   14   -4  -11   20   13
    1    4    2    1    1    3    3   28    1    1      3479   22    3   -7   20    9    6   -9    9  -16    1   -4    6   -2   10  -10  -12   12   10
    1    4    3    1    3    4    1   95    3    1       678   14   -2   -5   20    9   -4  -10   11   -8  -14   -3   -1  -13   23   -4  -11   11    5
    1    4    4    1    3    2    2    4    3    1      1594   17    2   -4   16   16  -10  -11   10  -12  -12   -5    1   -9   22   -1  -11   12    4
    1    4    5    1    2    3    3   15    1    0      1256   20   18    6    1    9    0   -4   15  -14  -11   -2    4  -14    3   -7  -11   12    0
    1    4    6    1    2    9    3   90    1    0      1170    6   17    4    9   21   -4  -15   22  -11   -7  -10    7  -15   18  -13  -13    2    5
    1    4    7    1    2    4    1   16    1    0       800   10   13   -9   14   14   -1  -13   20   -8   -5   -1    3  -14   11   -9   -7   11    4
    1    4    8    1    1    5    2   63    2    0      1949   15    2   -7   19   15   -2   -9   12  -11   -2   -2    1   -4   10   -7   -8   12   10
    1    4    9    1    1    2    2   92    1    1      1437   14    3   -5   17   22    6  -10    9  -12    0   -4    3   -3    7   -6  -10    8   10
    1    4   10    1    3    7    1   65    3    1       786   15   -2   -4   19   10   -5  -10    8   -5  -12   -3    0  -14   20   -2  -13   12    6
    1    4   11    1    3    3    3   68    3    1      1089   20    2   -3   21    9   -5  -10   10  -11  -21   -3    1  -19   16   -2  -11   12    3
    1    4   12    1    2    2    2   96    2    1      5668   12   10    6    6   17    1  -11   20  -12   -7    1    1  -15   11  -10    3    9    3
    1    4   13    1    1    9    3   94    3    0      4991   18    3   -8   14    8    0  -11    8  -19  -10   -7    1  -15    2  -11  -16   19   18
    1    4   14    1    1    1    1   82    2    0      1732   13   -7    4   12   14   -2  -16    9  -11   -1   -6    0   -5    8   -6   -9   17    5
    1    4   15    1    1    4    1   90    3    0       892   13    3   -5   18   11   -4  -10   10  -10   -2   -6    5   -5    8   -1  -11   13    9
    1    4   16    1    2    5    2   49    2    1      1270   11   13    1   11   14    1  -13   21  -14   -5   -3    2  -18   16   -6  -10   11    6
    1    4   17    1    3    9    3   73    2    0      2353   14    3   -9   12    6   -6  -17    2   -8  -13   -4   -1  -14   19  -11   -7    7    2
    1    4   18    1    2    1    1   97    2    1      2270   10   13   -1   10   13   -1  -14   20  -12   -6   -2    4  -13   11   -9   -9   11    4
    1    4   19    1    2    6    3   42    2    1      5282   11   13    0   12   12   -1  -10   20   -8  -10   -5   -7  -16   18   -8   -6   10   -6
    1    4   20    1    2    8    2   79    1    0      4381    9   13   -1   11   11    1  -11   18  -16  -13    3    1  -15   12  -10   -6    8   -1
    1    4   21    1    1    8    2   10    1    1      1450   17    7   -6   20   16   -4   -8   11   -6    4   -4    9  -10    8  -14   -9    8    7
    1    4   22    1    1    6    3   55    1    1      1820   19    7    2   11   21  -12  -13    7   -8    1   -8    6   -1    6    0   -8   17    1
    1    4   23    1    2    7    1   96    2    1      1200   10   14    0   11   12    0  -14   20  -12   -4   -1    3  -13   10   -9   -7   11    4
    1    4   24    1    3    1    1   80    3    1      3086   14   -1   -3   19    9   -5  -10    9   -6  -13   -2    0  -13   19   -3  -12   13    5
    1    4   25    1    1    7    1   13    1    1      2895   13    2   -6   20   13   -3  -10   10  -11   -1    1    8   -9    3   -7   -8   12   10
    1    4   26    1    3    5    2   85    3    1      5480   15   -3   -4   19    8   -3   -9    8   -8  -14   -4    5  -15   21   -2  -10   11    6
    1    4   27    1    3    8    2   92    3    1       684   14   -1    0   14    7   -6   -9    8   -5  -14   -3    1  -15   23   -3  -13   11    5
    1    5    1    1    2    3    3   15    2    1      3167   20   18    6    1    9    0   -4   15  -14  -11   -2    4  -14    3   -7  -11   12    0
    1    5    2    1    2    9    3   90    1    0      1662    6   17    4    9   21   -4  -15   22  -11   -7  -10    7  -15   18  -13  -13    2    5
    1    5    3    1    1    9    3   94    1    1      3944   18    3   -8   14    8    0  -11    8  -19  -10   -7    1  -15    2  -11  -16   19   18
    1    5    4    1    1    4    1   90    3    0       842   13    3   -5   18   11   -4  -10   10  -10   -2   -6    5   -5    8   -1  -11   13    9
    1    5    5    1    3    8    2   92    3    1       856   14   -1    0   14    7   -6   -9    8   -5  -14   -3    1  -15   23   -3  -13   11    5
    1    5    6    1    2    2    2   96    2    1      1539   12   10    6    6   17    1  -11   20  -12   -7    1    1  -15   11  -10    3    9    3
    1    5    7    1    3    6    3   76    2    0      1876   12   -4    3   19   10   -3    0    0  -15  -17   -6   -9  -13   14   -4  -11   20   13
    1    5    8    1    1    3    3   28    1    1      3270   22    3   -7   20    9    6   -9    9  -16    1   -4    6   -2   10  -10  -12   12   10
    1    5    9    1    3    9    3   73    2    0      2465   14    3   -9   12    6   -6  -17    2   -8  -13   -4   -1  -14   19  -11   -7    7    2
    1    5   10    1    1    8    2   10    1    1      1275   17    7   -6   20   16   -4   -8   11   -6    4   -4    9  -10    8  -14   -9    8    7
    1    5   11    1    3    1    1   80    3    1       693   14   -1   -3   19    9   -5  -10    9   -6  -13   -2    0  -13   19   -3  -12   13    5
    1    5   12    1    1    1    1   82    2    0      1290   13   -7    4   12   14   -2  -16    9  -11   -1   -6    0   -5    8   -6   -9   17    5
    1    5   13    1    3    5    2   85    3    1       740   15   -3   -4   19    8   -3   -9    8   -8  -14   -4    5  -15   21   -2  -10   11    6
    1    5   14    1    3    3    3   68    3    1      1685   20    2   -3   21    9   -5  -10   10  -11  -21   -3    1  -19   16   -2  -11   12    3
    1    5   15    1    1    6    3   55    1    1      2272   19    7    2   11   21  -12  -13    7   -8    1   -8    6   -1    6    0   -8   17    1
    1    5   16    1    3    7    1   65    3    1      1634   15   -2   -4   19   10   -5  -10    8   -5  -12   -3    0  -14   20   -2  -13   12    6
    1    5   17    1    1    7    1   13    1    1      9198   13    2   -6   20   13   -3  -10   10  -11   -1    1    8   -9    3   -7   -8   12   10
    1    5   18    1    2    5    2   49    2    1     15341   11   13    1   11   14    1  -13   21  -14   -5   -3    2  -18   16   -6  -10   11    6
    1    5   19    1    1    2    2   92    1    1      2053   14    3   -5   17   22    6  -10    9  -12    0   -4    3   -3    7   -6  -10    8   10
    1    5   20    1    2    4    1   16    1    0      7584   10   13   -9   14   14   -1  -13   20   -8   -5   -1    3  -14   11   -9   -7   11    4
    1    5   21    1    2    6    3   42    1    0      3071   11   13    0   12   12   -1  -10   20   -8  -10   -5   -7  -16   18   -8   -6   10   -6
    1    5   22    1    3    2    2    4    1    0      3409   17    2   -4   16   16  -10  -11   10  -12  -12   -5    1   -9   22   -1  -11   12    4
    1    5   23    1    2    1    1   97    2    1      1030   10   13   -1   10   13   -1  -14   20  -12   -6   -2    4  -13   11   -9   -9   11    4
    1    5   24    1    2    8    2   79    2    1      2251    9   13   -1   11   11    1  -11   18  -16  -13    3    1  -15   12  -10   -6    8   -1
    1    5   25    1    3    4    1   95    3    1      2255   14   -2   -5   20    9   -4  -10   11   -8  -14   -3   -1  -13   23   -4  -11   11    5
    1    5   26    1    2    7    1   96    2    1      1699   10   14    0   11   12    0  -14   20  -12   -4   -1    3  -13   10   -9   -7   11    4
    1    5   27    1    1    5    2   63    1    1      1933   15    2   -7   19   15   -2   -9   12  -11   -2   -2    1   -4   10   -7   -8   12   10
    1    6    1    1    1    3    3   28    1    1      2078   22    3   -7   20    9    6   -9    9  -16    1   -4    6   -2   10  -10  -12   12   10
    1    6    2    1    2    7    1   96    2    1       665   10   14    0   11   12    0  -14   20  -12   -4   -1    3  -13   10   -9   -7   11    4
    1    6    3    1    3    9    3   73    3    1      1886   14    3   -9   12    6   -6  -17    2   -8  -13   -4   -1  -14   19  -11   -7    7    2
    1    6    4    1    1    5    2   63    1    1      3937   15    2   -7   19   15   -2   -9   12  -11   -2   -2    1   -4   10   -7   -8   12   10
    1    6    5    1    2    4    1   16    1    0      4194   10   13   -9   14   14   -1  -13   20   -8   -5   -1    3  -14   11   -9   -7   11    4
    1    6    6    1    3    1    1   80    3    1      1384   14   -1   -3   19    9   -5  -10    9   -6  -13   -2    0  -13   19   -3  -12   13    5
    1    6    7    1    1    6    3   55    1    1      3936   19    7    2   11   21  -12  -13    7   -8    1   -8    6   -1    6    0   -8   17    1
    1    6    8    1    3    4    1   95    3    1       945   14   -2   -5   20    9   -4  -10   11   -8  -14   -3   -1  -13   23   -4  -11   11    5
    1    6    9    1    2    9    3   90    2    1      2250    6   17    4    9   21   -4  -15   22  -11   -7  -10    7  -15   18  -13  -13    2    5
    1    6   10    1    1    2    2   92    2    0      6047   14    3   -5   17   22    6  -10    9  -12    0   -4    3   -3    7   -6  -10    8   10
    1    6   11    1    3    7    1   65    3    1       634   15   -2   -4   19   10   -5  -10    8   -5  -12   -3    0  -14   20   -2  -13   12    6
    1    6   12    1    2    1    1   97    2    1       960   10   13   -1   10   13   -1  -14   20  -12   -6   -2    4  -13   11   -9   -9   11    4
    1    6   13    1    2    8    2   79    2    1      2136    9   13   -1   11   11    1  -11   18  -16  -13    3    1  -15   12  -10   -6    8   -1
    1    6   14    1    3    8    2   92    3    1       673   14   -1    0   14    7   -6   -9    8   -5  -14   -3    1  -15   23   -3  -13   11    5
    1    6   15    1    1    8    2   10    1    1      5781   17    7   -6   20   16   -4   -8   11   -6    4   -4    9  -10    8  -14   -9    8    7
    1    6   16    1    1    1    1   82    2    0      4252   13   -7    4   12   14   -2  -16    9  -11   -1   -6    0   -5    8   -6   -9   17    5
    1    6   17    1    1    9    3   94    1    1      2224   18    3   -8   14    8    0  -11    8  -19  -10   -7    1  -15    2  -11  -16   19   18
    1    6   18    1    3    3    3   68    3    1      4389   20    2   -3   21    9   -5  -10   10  -11  -21   -3    1  -19   16   -2  -11   12    3
    1    6   19    1    3    6    3   76    2    0      2515   12   -4    3   19   10   -3    0    0  -15  -17   -6   -9  -13   14   -4  -11   20   13
    1    6   20    1    1    7    1   13    1    1       973   13    2   -6   20   13   -3  -10   10  -11   -1    1    8   -9    3   -7   -8   12   10
    1    6   21    1    2    6    3   42    1    0      7748   11   13    0   12   12   -1  -10   20   -8  -10   -5   -7  -16   18   -8   -6   10   -6
    1    6   22    1    1    4    1   90    1    1       842   13    3   -5   18   11   -4  -10   10  -10   -2   -6    5   -5    8   -1  -11   13    9
    1    6   23    1    2    2    2   96    3    0      1366   12   10    6    6   17    1  -11   20  -12   -7    1    1  -15   11  -10    3    9    3
    1    6   24    1    3    2    2    4    3    1       974   17    2   -4   16   16  -10  -11   10  -12  -12   -5    1   -9   22   -1  -11   12    4
    1    6   25    1    2    3    3   15    2    1      1542   20   18    6    1    9    0   -4   15  -14  -11   -2    4  -14    3   -7  -11   12    0
    1    6   26    1    3    5    2   85    3    1       918   15   -3   -4   19    8   -3   -9    8   -8  -14   -4    5  -15   21   -2  -10   11    6
    1    6   27    1    2    5    2   49    2    1      3264   11   13    1   11   14    1  -13   21  -14   -5   -3    2  -18   16   -6  -10   11    6
    1    7    1    1    1    4    1   90    1    1      2827   13    3   -5   18   11   -4  -10   10  -10   -2   -6    5   -5    8   -1  -11   13    9
    1    7    2    1    3    7    1   65    3    1       615   15   -2   -4   19   10   -5  -10    8   -5  -12   -3    0  -14   20   -2  -13   12    6
    1    7    3    1    2    5    2   49    2    1      2507   11   13    1   11   14    1  -13   21  -14   -5   -3    2  -18   16   -6  -10   11    6
    1    7    4    1    2    3    3   15    2    1      3701   20   18    6    1    9    0   -4   15  -14  -11   -2    4  -14    3   -7  -11   12    0
    1    7    5    1    1    8    2   10    1    1      5533   17    7   -6   20   16   -4   -8   11   -6    4   -4    9  -10    8  -14   -9    8    7
    1    7    6    1    1    5    2   63    2    0      2236   15    2   -7   19   15   -2   -9   12  -11   -2   -2    1   -4   10   -7   -8   12   10
    1    7    7    1    3    3    3   68    3    1       815   20    2   -3   21    9   -5  -10   10  -11  -21   -3    1  -19   16   -2  -11   12    3
    1    7    8    1    1    2    2   92    1    1      1789   14    3   -5   17   22    6  -10    9  -12    0   -4    3   -3    7   -6  -10    8   10
    1    7    9    1    1    1    1   82    2    0      1061   13   -7    4   12   14   -2  -16    9  -11   -1   -6    0   -5    8   -6   -9   17    5
    1    7   10    1    3    2    2    4    3    1      1145   17    2   -4   16   16  -10  -11   10  -12  -12   -5    1   -9   22   -1  -11   12    4
    1    7   11    1    1    6    3   55    3    0      3482   19    7    2   11   21  -12  -13    7   -8    1   -8    6   -1    6    0   -8   17    1
    1    7   12    1    2    4    1   16    1    0      5374   10   13   -9   14   14   -1  -13   20   -8   -5   -1    3  -14   11   -9   -7   11    4
    1    7   13    1    2    2    2   96    3    0      2115   12   10    6    6   17    1  -11   20  -12   -7    1    1  -15   11  -10    3    9    3
    1    7   14    1    2    7    1   96    2    1      1117   10   14    0   11   12    0  -14   20  -12   -4   -1    3  -13   10   -9   -7   11    4
    1    7   15    1    3    9    3   73    1    0      1279   14    3   -9   12    6   -6  -17    2   -8  -13   -4   -1  -14   19  -11   -7    7    2
    1    7   16    1    2    6    3   42    1    0      1479   11   13    0   12   12   -1  -10   20   -8  -10   -5   -7  -16   18   -8   -6   10   -6
    1    7   17    1    3    8    2   92    3    1      1195   14   -1    0   14    7   -6   -9    8   -5  -14   -3    1  -15   23   -3  -13   11    5
    1    7   18    1    2    8    2   79    3    0      4602    9   13   -1   11   11    1  -11   18  -16  -13    3    1  -15   12  -10   -6    8   -1
    1    7   19    1    3    1    1   80    3    1       688   14   -1   -3   19    9   -5  -10    9   -6  -13   -2    0  -13   19   -3  -12   13    5
    1    7   20    1    3    6    3   76    3    1      2195   12   -4    3   19   10   -3    0    0  -15  -17   -6   -9  -13   14   -4  -11   20   13
    1    7   21    1    1    7    1   13    1    1      4713   13    2   -6   20   13   -3  -10   10  -11   -1    1    8   -9    3   -7   -8   12   10
    1    7   22    1    1    9    3   94    1    1      1067   18    3   -8   14    8    0  -11    8  -19  -10   -7    1  -15    2  -11  -16   19   18
    1    7   23    1    2    9    3   90    2    1      4622    6   17    4    9   21   -4  -15   22  -11   -7  -10    7  -15   18  -13  -13    2    5
    1    7   24    1    3    4    1   95    3    1      1107   14   -2   -5   20    9   -4  -10   11   -8  -14   -3   -1  -13   23   -4  -11   11    5
    1    7   25    1    3    5    2   85    3    1       948   15   -3   -4   19    8   -3   -9    8   -8  -14   -4    5  -15   21   -2  -10   11    6
    1    7   26    1    1    3    3   28    1    1      6253   22    3   -7   20    9    6   -9    9  -16    1   -4    6   -2   10  -10  -12   12   10
    1    7   27    1    2    1    1   97    2    1       961   10   13   -1   10   13   -1  -14   20  -12   -6   -2    4  -13   11   -9   -9   11    4
    1    8    1    1    1    5    2   63    1    1      6024   15    2   -7   19   15   -2   -9   12  -11   -2   -2    1   -4   10   -7   -8   12   10
    1    8    2    1    3    4    1   95    3    1       757   14   -2   -5   20    9   -4  -10   11   -8  -14   -3   -1  -13   23   -4  -11   11    5
    1    8    3    1    3    5    2   85    3    1       870   15   -3   -4   19    8   -3   -9    8   -8  -14   -4    5  -15   21   -2  -10   11    6
    1    8    4    1    3    9    3   73    3    1      1537   14    3   -9   12    6   -6  -17    2   -8  -13   -4   -1  -14   19  -11   -7    7    2
    1    8    5    1    2    8    2   79    2    1      1074    9   13   -1   11   11    1  -11   18  -16  -13    3    1  -15   12  -10   -6    8   -1
    1    8    6    1    3    8    2   92    3    1       676   14   -1    0   14    7   -6   -9    8   -5  -14   -3    1  -15   23   -3  -13   11    5
    1    8    7    1    1    4    1   90    1    1      2408   13    3   -5   18   11   -4  -10   10  -10   -2   -6    5   -5    8   -1  -11   13    9
    1    8    8    1    2    3    3   15    2    1      1110   20   18    6    1    9    0   -4   15  -14  -11   -2    4  -14    3   -7  -11   12    0
    1    8    9    1    2    5    2   49    2    1      1880   11   13    1   11   14    1  -13   21  -14   -5   -3    2  -18   16   -6  -10   11    6
    1    8   10    1    1    8    2   10    1    1      1674   17    7   -6   20   16   -4   -8   11   -6    4   -4    9  -10    8  -14   -9    8    7
    1    8   11    1    1    6    3   55    1    1      2087   19    7    2   11   21  -12  -13    7   -8    1   -8    6   -1    6    0   -8   17    1
    1    8   12    1    1    2    2   92    2    0      3507   14    3   -5   17   22    6  -10    9  -12    0   -4    3   -3    7   -6  -10    8   10
    1    8   13    1    2    2    2   96    2    1      2932   12   10    6    6   17    1  -11   20  -12   -7    1    1  -15   11  -10    3    9    3
    1    8   14    1    1    9    3   94    1    1      2942   18    3   -8   14    8    0  -11    8  -19  -10   -7    1  -15    2  -11  -16   19   18
    1    8   15    1    1    1    1   82    2    0       822   13   -7    4   12   14   -2  -16    9  -11   -1   -6    0   -5    8   -6   -9   17    5
    1    8   16    1    3    3    3   68    3    1      1314   20    2   -3   21    9   -5  -10   10  -11  -21   -3    1  -19   16   -2  -11   12    3
    1    8   17    1    2    7    1   96    2    1       906   10   14    0   11   12    0  -14   20  -12   -4   -1    3  -13   10   -9   -7   11    4
    1    8   18    1    2    4    1   16    1    0      1348   10   13   -9   14   14   -1  -13   20   -8   -5   -1    3  -14   11   -9   -7   11    4
    1    8   19    1    2    1    1   97    2    1       731   10   13   -1   10   13   -1  -14   20  -12   -6   -2    4  -13   11   -9   -9   11    4
    1    8   20    1    3    1    1   80    3    1       794   14   -1   -3   19    9   -5  -10    9   -6  -13   -2    0  -13   19   -3  -12   13    5
    1    8   21    1    1    7    1   13    1    1       920   13    2   -6   20   13   -3  -10   10  -11   -1    1    8   -9    3   -7   -8   12   10
    1    8   22    1    3    6    3   76    3    1      1760   12   -4    3   19   10   -3    0    0  -15  -17   -6   -9  -13   14   -4  -11   20   13
    1    8   23    1    3    7    1   65    3    1       581   15   -2   -4   19   10   -5  -10    8   -5  -12   -3    0  -14   20   -2  -13   12    6
    1    8   24    1    2    6    3   42    1    0      1994   11   13    0   12   12   -1  -10   20   -8  -10   -5   -7  -16   18   -8   -6   10   -6
    1    8   25    1    2    9    3   90    2    1      3128    6   17    4    9   21   -4  -15   22  -11   -7  -10    7  -15   18  -13  -13    2    5
    1    8   26    1    3    2    2    4    3    1      1018   17    2   -4   16   16  -10  -11   10  -12  -12   -5    1   -9   22   -1  -11   12    4
    1    8   27    1    1    3    3   28    1    1      2206   22    3   -7   20    9    6   -9    9  -16    1   -4    6   -2   10  -10  -12   12   10
    1    9    1    1    3    2    2    4    3    1       900   17    2   -4   16   16  -10  -11   10  -12  -12   -5    1   -9   22   -1  -11   12    4
    1    9    2    1    3    9    3   73    3    1      1948   14    3   -9   12    6   -6  -17    2   -8  -13   -4   -1  -14   19  -11   -7    7    2
    1    9    3    1    2    9    3   90    1    0      3003    6   17    4    9   21   -4  -15   22  -11   -7  -10    7  -15   18  -13  -13    2    5
    1    9    4    1    1    6    3   55    3    0      1007   19    7    2   11   21  -12  -13    7   -8    1   -8    6   -1    6    0   -8   17    1
    1    9    5    1    1    7    1   13    2    0      1043   13    2   -6   20   13   -3  -10   10  -11   -1    1    8   -9    3   -7   -8   12   10
    1    9    6    1    2    7    1   96    2    1       694   10   14    0   11   12    0  -14   20  -12   -4   -1    3  -13   10   -9   -7   11    4
    1    9    7    1    3    4    1   95    3    1       615   14   -2   -5   20    9   -4  -10   11   -8  -14   -3   -1  -13   23   -4  -11   11    5
    1    9    8    1    3    8    2   92    3    1       508   14   -1    0   14    7   -6   -9    8   -5  -14   -3    1  -15   23   -3  -13   11    5
    1    9    9    1    3    3    3   68    3    1       949   20    2   -3   21    9   -5  -10   10  -11  -21   -3    1  -19   16   -2  -11   12    3
    1    9   10    1    3    6    3   76    3    1      1500   12   -4    3   19   10   -3    0    0  -15  -17   -6   -9  -13   14   -4  -11   20   13
    1    9   11    1    2    1    1   97    2    1       830   10   13   -1   10   13   -1  -14   20  -12   -6   -2    4  -13   11   -9   -9   11    4
    1    9   12    1    3    1    1   80    3    1       650   14   -1   -3   19    9   -5  -10    9   -6  -13   -2    0  -13   19   -3  -12   13    5
    1    9   13    1    3    7    1   65    3    1       672   15   -2   -4   19   10   -5  -10    8   -5  -12   -3    0  -14   20   -2  -13   12    6
    1    9   14    1    2    3    3   15    2    1      4401   20   18    6    1    9    0   -4   15  -14  -11   -2    4  -14    3   -7  -11   12    0
    1    9   15    1    2    5    2   49    2    1      1678   11   13    1   11   14    1  -13   21  -14   -5   -3    2  -18   16   -6  -10   11    6
    1    9   16    1    2    4    1   16    1    0      1321   10   13   -9   14   14   -1  -13   20   -8   -5   -1    3  -14   11   -9   -7   11    4
    1    9   17    1    1    1    1   82    2    0       865   13   -7    4   12   14   -2  -16    9  -11   -1   -6    0   -5    8   -6   -9   17    5
    1    9   18    1    2    2    2   96    2    1      2220   12   10    6    6   17    1  -11   20  -12   -7    1    1  -15   11  -10    3    9    3
    1    9   19    1    2    8    2   79    2    1      2095    9   13   -1   11   11    1  -11   18  -16  -13    3    1  -15   12  -10   -6    8   -1
    1    9   20    1    1    3    3   28    1    1       936   22    3   -7   20    9    6   -9    9  -16    1   -4    6   -2   10  -10  -12   12   10
    1    9   21    1    2    6    3   42    2    1       897   11   13    0   12   12   -1  -10   20   -8  -10   -5   -7  -16   18   -8   -6   10   -6
    1    9   22    1    1    4    1   90    1    1      3466   13    3   -5   18   11   -4  -10   10  -10   -2   -6    5   -5    8   -1  -11   13    9
    1    9   23    1    1    5    2   63    1    1      1005   15    2   -7   19   15   -2   -9   12  -11   -2   -2    1   -4   10   -7   -8   12   10
    1    9   24    1    1    2    2   92    1    1       739   14    3   -5   17   22    6  -10    9  -12    0   -4    3   -3    7   -6  -10    8   10
    1    9   25    1    1    8    2   10    1    1       820   17    7   -6   20   16   -4   -8   11   -6    4   -4    9  -10    8  -14   -9    8    7
    1    9   26    1    3    5    2   85    3    1       625   15   -3   -4   19    8   -3   -9    8   -8  -14   -4    5  -15   21   -2  -10   11    6
    1    9   27    1    1    9    3   94    1    1       981   18    3   -8   14    8    0  -11    8  -19  -10   -7    1  -15    2  -11  -16   19   18
    1   10    1    1    2    2    2   96    2    1      3019   12   10    6    6   17    1  -11   20  -12   -7    1    1  -15   11  -10    3    9    3
    1   10    2    1    2    1    1   97    2    1    104268   10   13   -1   10   13   -1  -14   20  -12   -6   -2    4  -13   11   -9   -9   11    4
    1   10    3    1    2    8    2   79    2    1      1906    9   13   -1   11   11    1  -11   18  -16  -13    3    1  -15   12  -10   -6    8   -1
    1   10    4    1    1    3    3   28    1    1      1076   22    3   -7   20    9    6   -9    9  -16    1   -4    6   -2   10  -10  -12   12   10
    1   10    5    1    1    9    3   94    1    1      3719   18    3   -8   14    8    0  -11    8  -19  -10   -7    1  -15    2  -11  -16   19   18
    1   10    6    1    3    8    2   92    3    1       610   14   -1    0   14    7   -6   -9    8   -5  -14   -3    1  -15   23   -3  -13   11    5
    1   10    7    1    2    3    3   15    2    1      1736   20   18    6    1    9    0   -4   15  -14  -11   -2    4  -14    3   -7  -11   12    0
    1   10    8    1    3    6    3   76    3    1      1105   12   -4    3   19   10   -3    0    0  -15  -17   -6   -9  -13   14   -4  -11   20   13
    1   10    9    1    2    7    1   96    2    1      1330   10   14    0   11   12    0  -14   20  -12   -4   -1    3  -13   10   -9   -7   11    4
    1   10   10    1    1    6    3   55    3    0      1627   19    7    2   11   21  -12  -13    7   -8    1   -8    6   -1    6    0   -8   17    1
    1   10   11    1    2    9    3   90    2    1      3944    6   17    4    9   21   -4  -15   22  -11   -7  -10    7  -15   18  -13  -13    2    5
    1   10   12    1    1    5    2   63    1    1       569   15    2   -7   19   15   -2   -9   12  -11   -2   -2    1   -4   10   -7   -8   12   10
    1   10   13    1    2    4    1   16    1    0       993   10   13   -9   14   14   -1  -13   20   -8   -5   -1    3  -14   11   -9   -7   11    4
    1   10   14    1    3    1    1   80    3    1       600   14   -1   -3   19    9   -5  -10    9   -6  -13   -2    0  -13   19   -3  -12   13    5
    1   10   15    1    1    4    1   90    1    1      1708   13    3   -5   18   11   -4  -10   10  -10   -2   -6    5   -5    8   -1  -11   13    9
    1   10   16    1    1    1    1   82    2    0      1221   13   -7    4   12   14   -2  -16    9  -11   -1   -6    0   -5    8   -6   -9   17    5
    1   10   17    1    3    3    3   68    3    1       658   20    2   -3   21    9   -5  -10   10  -11  -21   -3    1  -19   16   -2  -11   12    3
    1   10   18    1    3    5    2   85    3    1      1653   15   -3   -4   19    8   -3   -9    8   -8  -14   -4    5  -15   21   -2  -10   11    6
    1   10   19    1    2    6    3   42    2    1       957   11   13    0   12   12   -1  -10   20   -8  -10   -5   -7  -16   18   -8   -6   10   -6
    1   10   20    1    1    7    1   13    1    1       788   13    2   -6   20   13   -3  -10   10  -11   -1    1    8   -9    3   -7   -8   12   10
    1   10   21    1    1    2    2   92    1    1      1201   14    3   -5   17   22    6  -10    9  -12    0   -4    3   -3    7   -6  -10    8   10
    1   10   22    1    2    5    2   49    2    1      1759   11   13    1   11   14    1  -13   21  -14   -5   -3    2  -18   16   -6  -10   11    6
    1   10   23    1    3    2    2    4    3    1      1397   17    2   -4   16   16  -10  -11   10  -12  -12   -5    1   -9   22   -1  -11   12    4
    1   10   24    1    3    9    3   73    1    0      1547   14    3   -9   12    6   -6  -17    2   -8  -13   -4   -1  -14   19  -11   -7    7    2
    1   10   25    1    1    8    2   10    1    1      1148   17    7   -6   20   16   -4   -8   11   -6    4   -4    9  -10    8  -14   -9    8    7
    1   10   26    1    3    4    1   95    3    1       619   14   -2   -5   20    9   -4  -10   11   -8  -14   -3   -1  -13   23   -4  -11   11    5
    1   10   27    1    3    7    1   65    3    1       591   15   -2   -4   19   10   -5  -10    8   -5  -12   -3    0  -14   20   -2  -13   12    6
    2    1    1    6    1    0    3  126    1    1      3791   20    5   -3   19   15    0   -9    3   -9    0   -7    4   -4    7    3  -12    7    0
    2    1    2    3    3    3    1  181    3    1       565   16   -2   -5   19   10   -5  -10    9   -7  -13   -3   -1  -13   20    4  -12   12    5
    2    1    3    5    2    4    3  154    2    1      1147   11   15   -2   15   12   -1   -8   23  -10    4   -2    4  -19   16   -2  -17   11    3
    2    1    4    4    2    3    2  119    2    1      4316    5    7   -2   12   13    0  -14   21  -14   -4   -4    3  -23    3   -9   -6   15    2
    2    1    5    1    1    4    1   90    3    0      1005   13    3   -5   18   11   -4  -10   10  -10   -2   -6    5   -5    8   -1  -11   13    9
    2    1    6    5    2    6    3  115    2    1       895   13   19   -1   10   13   -6  -12   21  -13   -4   -3   -6  -16   14  -18    0   14    1
    2    1    7    5    2    2    3  189    2    1       921   12   12   -1   12   16    0   -6   20  -10   -2    0    2  -15   16  -10   -6   17   -2
    2    1    8    4    2    5    2  143    2    1      1026   12   14   -1   12   13    0  -12   19  -13   -6    0    2  -17   15   -7   -5   10   -5
    2    1    9    5    1    7    3  171    1    1      1032   14    6   -8   18   15   -1  -10   11  -11    0   -3   -4   -4    8   -7  -10   21    9
    2    1   10    1    2    3    3   15    2    1      4781   20   18    6    1    9    0   -4   15  -14  -11   -2    4  -14    3   -7  -11   12    0
    2    1   11    1    2    8    2   79    2    1      1293    9   13   -1   11   11    1  -11   18  -16  -13    3    1  -15   12  -10   -6    8   -1
    2    1   12    1    3    8    2   92    3    1       568   14   -1    0   14    7   -6   -9    8   -5  -14   -3    1  -15   23   -3  -13   11    5
    2    1   13    1    1    1    1   82    2    0       767   13   -7    4   12   14   -2  -16    9  -11   -1   -6    0   -5    8   -6   -9   17    5
    2    1   14    5    1    2    3  150    1    1       830   10   -4   -6    9   14   -1  -11   11   -6   -3   -3    3   -5   13   -5   -7   17   14
    2    1   15    2    3    0    0    0    3    1       572   15   -2   -5   20    9   -4  -10    9   -7  -13   -3    0  -13   19   -3  -12   12    5
    2    1   16    3    2    1    1  171    2    1       595   11   13    0   11   13   -2  -12   20  -10  -10   -1    2  -14   12   -8   -7   11    4
    2    1   17    5    2    1    3  170    1    0      3050   10   11   -9    6   18    6  -14   21  -13   -6    4   10  -18   12  -13   -9    2    7
    2    1   18    4    3    6    2  116    3    1      1036   15   -3   -4   19    5  -14  -13   11   -4  -15    0    4  -12   19   -2   -7   13    3
    2    1   19    1    1    9    3   94    1    1      1072   18    3   -8   14    8    0  -11    8  -19  -10   -7    1  -15    2  -11  -16   19   18
    2    1   20    4    1    2    2  132    1    1      1218   11    8   -6   19   12   -2  -12   10  -12    1   -6    4   -6    8   -5   -6   13   10
    2    1   21    1    3    3    3   68    3    1       640   20    2   -3   21    9   -5  -10   10  -11  -21   -3    1  -19   16   -2  -11   12    3
    2    1   22    1    3    1    1   80    3    1       514   14   -1   -3   19    9   -5  -10    9   -6  -13   -2    0  -13   19   -3  -12   13    5
    2    1   23    5    3    1    3  182    2    0      1707   14   -2  -11   20    9   -6  -16    7   -7  -22   -8    2  -10   13    4   -3    4    0
    2    1   24    4    3    5    2  163    3    1       692   16   -2   -4   22   10   -3  -11    7   -6  -12   -3   -3  -13   20   -3  -17   14    5
    2    1   25    2    2    0    0    0    2    1       757   10   13    0   11   13   -1  -13   20  -12   -6   -1    3  -14   11   -9   -7   11    4
    2    1   26    1    3    6    3   76    3    1      1331   12   -4    3   19   10   -3    0    0  -15  -17   -6   -9  -13   14   -4  -11   20   13
    2    1   27    4    1    6    2  137    1    1      1018   13    1   -3   18   15    0   -9    9  -12   -3  -15   -1   -4   10   -5  -11   13    8
    2    1   28    5    2    7    3  125    2    1      2496    6   13   -1   11   14   -2  -19   15  -17   -3   -2    5  -16   13  -17    2    3   12
    2    1   29    3    1    3    1  117    1    1       842   13    3   -6   18   14   -2  -10    9  -12    0   -5    4   -5    8   -6   -9   13    9
    2    1   30    1    3    4    1   95    3    1       552   14   -2   -5   20    9   -4  -10   11   -8  -14   -3   -1  -13   23   -4  -11   11    5
    2    1   31    4    3    2    2  175    3    1      3887   15   -3   -4   22    8   -3   -9    8   -7  -14  -10    0  -11   17    1  -10   11    6
    2    1   32    1    2    4    1   16    1    0      1698   10   13   -9   14   14   -1  -13   20   -8   -5   -1    3  -14   11   -9   -7   11    4
    2    1   33    5    3    9    3  133    3    1      4365    7   -5   -7   18    9    4   -9    8   -8  -11    0   -5  -13   20   -4  -12   17   11
    2    1   34    4    1    4    2  104    2    0      1611   14    5   -2   21   14   -3   -9   12  -21    1   -6    3   -4    7   -8   -8   13   10
    2    1   35    3    1    2    1  165    1    1       776   14    3   -5   18   15   -3  -11   10  -12   -1   -5    4   -5    9   -6   -9   13    9
    2    1   36    5    3    5    3  119    3    1      1368   17   -4   -6   21    8   -5   -4   15   -2  -17    0    2  -11   16   -3  -11   14    2
    2    1   37    1    3    9    3   73    1    0      2414   14    3   -9   12    6   -6  -17    2   -8  -13   -4   -1  -14   19  -11   -7    7    2
    2    1   38    5    1    8    3  124    3    0      1548    8   11    1   21   13   -1   -9    6   -8   -6   -5    3   -4   12    1   -3   23    4
    2    1   39    1    1    3    3   28    2    0      3434   22    3   -7   20    9    6   -9    9  -16    1   -4    6   -2   10  -10  -12   12   10
    2    1   40    1    2    2    2   96    3    0      1424   12   10    6    6   17    1  -11   20  -12   -7    1    1  -15   11  -10    3    9    3
    2    1   41    5    2    8    3  179    2    1      2291   13   10   -2    9   12   -1  -14   22  -12   -4    6    8  -15   11  -10   -6   10    3
    2    1   42    1    1    7    1   13    1    1      1813   13    2   -6   20   13   -3  -10   10  -11   -1    1    8   -9    3   -7   -8   12   10
    2    1   43    5    3    6    3  124    3    1      1533   17   -1   -6   19    9   -5  -11    2   -6  -11  -11   -8  -12   17   -3  -13   11    4
    2    1   44    5    2    9    3  124    3    0      1582   11   13   -1   12   17   -1   -9   23   -2  -11    3   -1   -5   13   -9   -6   10    5
    2    1   45    5    3    3    3  192    2    0       974   19   -8   -5   19    9   -3   -9    9   -4  -16   -4    0   -7   12    1  -15   12    3
    2    1   46    1    2    1    1   97    2    1       614   10   13   -1   10   13   -1  -14   20  -12   -6   -2    4  -13   11   -9   -9   11    4
    2    1   47    3    3    1    1  105    3    1       571   14   -1   -4   21    9   -3  -10    8   -7  -13    2   -3  -13   19   -1  -14   12    5
    2    1   48    3    2    2    1  104    2    1      1154   11   14   -1   12   12   -2   -3   22  -12   -5   -5   -6  -14   11   -9   -7   12    5
    2    1   49    4    2    4    2  148    3    0      1057    7    8    1   11   11   -3  -17   21  -13   -5    6   10  -12   10   -9   -8   12    4
    2    1   50    1    2    7    1   96    2    1       693   10   14    0   11   12    0  -14   20  -12   -4   -1    3  -13   10   -9   -7   11    4
    2    1   51    1    3    7    1   65    3    1       553   15   -2   -4   19   10   -5  -10    8   -5  -12   -3    0  -14   20   -2  -13   12    6
    2    1   52    5    2    5    3  114    2    1       801    0   23    0   10   14   -1  -14   20  -16   -1   -3    0  -14   10   -6   -2   13    2
    2    1   53    5    1    4    3  134    1    1       543   20    0  -10   11   14   -4  -10    5  -12   -2   -9    9    4   18   -7   -8   13   10
    2    1   54    4    1    5    2  143    2    0      1160   14    3   -6   18   16    0  -10    9  -21   -6    2   -3   -5    7   -3  -12   12    8
    2    1   55    1    3    2    2    4    3    1       823   17    2   -4   16   16  -10  -11   10  -12  -12   -5    1   -9   22   -1  -11   12    4
    2    1   56    4    1    1    2  170    1    1      2709   21   -3   -1   21   13   -4  -12    8  -18    4  -10    6   -4   10   -4   -8   13    8
    2    1   57    2    1    0    0    0    1    1       727   13    3   -5   18   14   -2  -10   10  -11   -1   -5    4   -5    8   -6   -9   13    9
    2    1   58    4    3    1    2  171    3    1       874   17    0  -15   24   11   -6   -8    8   -2  -16   -4    1  -12   17   -5  -13   12    6
    2    1   59    1    1    8    2   10    1    1      1237   17    7   -6   20   16   -4   -8   11   -6    4   -4    9  -10    8  -14   -9    8    7
    2    1   60    5    1    5    3  157    2    0       802    7    2   -4   17   13   -3   -6   14  -19    0   -6    5   -9   14  -11  -14   20    7
    2    1   61    5    3    7    3  158    3    1      3936   19    0   -7   22   12   -4   -9    9   -5  -11   -2    2  -13    9   -8   -7   14    6
    2    1   62    4    2    1    2  177    2    1       705   10   15   -1   12   12   -3  -13   19  -10   -7    0    2  -14   10   -7  -10   10    5
    2    1   63    5    3    8    3  145    3    1      3444   13   -3    5   19   15  -10  -12   10   -8   -3   -8    3  -12   18   -1  -10   13    4
    2    1   64    1    1    5    2   63    1    1      1577   15    2   -7   19   15   -2   -9   12  -11   -2   -2    1   -4   10   -7   -8   12   10
    2    1   65    1    3    5    2   85    3    1       760   15   -3   -4   19    8   -3   -9    8   -8  -14   -4    5  -15   21   -2  -10   11    6
    2    1   66    3    1    1    1  140    1    1       808   13    4   -5   18   14   -1  -10   10  -11   -1   -5    3   -6    7   -6  -10   13   10
    2    1   67    3    3    2    1  110    3    1       613   15   -2   -4   19    8   -4  -10    9   -8  -13   -3    0  -13   19   -2  -13   11    5
    2    1   68    1    2    6    3   42    2    1      7196   11   13    0   12   12   -1  -10   20   -8  -10   -5   -7  -16   18   -8   -6   10   -6
    2    1   69    5    3    2    3  125    3    1      1257   16   -3   -4   20   13   -9   -6    5   -3   -8   -4   -2  -11   20   -4  -14   11    7
    2    1   70    4    3    3    2  128    2    0     14948   14   -4   -4   19   13  -10  -16    7   -8  -13   -2   -1  -12   19    2  -11   11    7
    2    1   71    5    2    3    3  195    2    1      1915   13    9   -2   12   15   -1   -6   20  -13  -11    0    3  -17   18  -12   -8    9    3
    2    1   72    1    2    5    2   49    2    1       955   11   13    1   11   14    1  -13   21  -14   -5   -3    2  -18   16   -6  -10   11    6
    2    1   73    5    3    4    3  134    2    0      4259   23    2   -5   19    2   -1  -12    9   -5  -15   -5    4  -17   14   -4  -11   11    5
    2    1   74    4    1    3    2  194    1    1      1015   14    2   -4   17   14   -3  -11   10  -11    0   -3    9   -5    7   -4   -8   14    9
    2    1   75    1    2    9    3   90    2    1      1277    6   17    4    9   21   -4  -15   22  -11   -7  -10    7  -15   18  -13  -13    2    5
    2    1   76    1    1    2    2   92    1    1       678   14    3   -5   17   22    6  -10    9  -12    0   -4    3   -3    7   -6  -10    8   10
    2    1   77    4    2    6    2  162    2    1      1449   18    5    0   12    9   -2  -12   20  -19   -6   -1    4  -15   10   -9   -6   10    5
    2    1   78    4    3    4    2  166    3    1       782   11    7   -6   19    8   -6  -11   10   -5  -11   -3   -2  -22   20   -4  -13   19    0
    2    1   79    4    2    2    2  179    2    1       701   11   18    0    9   11   -3  -11   15  -12   -8   -2    3  -14   12  -10   -7    9    4
    2    1   80    5    1    3    3  195    1    1       688   18    4   -7   18   21   -5   -9   12  -16  -11   -6   12   -5    9   -5  -10   14   10
    2    1   81    6    3    0    3  110    2    0      1220   17   -2    3   22    9   -3  -14   14   -8   -4   -4    1  -14   20  -13  -15    7   12
    2    1   82    1    1    6    3   55    1    1      1777   19    7    2   11   21  -12  -13    7   -8    1   -8    6   -1    6    0   -8   17    1
    2    1   83    3    2    3    1  128    2    1       649   15   21    1   10   13   -1  -14   20  -13   -5   -1    3  -14   11   -9   -7   10    2
    2    1   84    5    1    1    3  112    1    1      1390   15   -7   -7   19   14   -3  -12   11  -19    0   -5    6    3    6  -14    1   14   11
    2    1   85    5    1    6    3  122    1    1      1077   12    3   -3   12   13   -3  -10    9   -9    0   -4    5    0   15   -1    0   12   10
    2    1   86    6    2    0    3  129    2    1      1657   10   12    0   10   13   -4   -6   13   -5    4    0    4  -10    8   -4  -12    4    8
    2    1   87    5    1    9    3  147    2    0      1030    9   10   -5   19   16   -1  -17   19   -3    1   -6    4   -6    8  -16   -7   13   11
