    1    1    1    1    3    8    2   71    1    0      3525   14   -2   -7   19    6   -6  -11    9   -8  -15   -3    1  -11   18   -2  -13   12    6
    1    1    2    1    2    5    2   47    3    0       787   12   12    1   10   15   -3  -12   20  -12   -8   -3    1  -18   12  -10  -10   10    4
    1    1    3    1    3    3    2   65    1    0      1085   14   -3    0   22    8   -3   -8    8   -8  -13    3    1  -14   19    1  -16   14    4
    1    1    4    1    3    9    2   69    1    0      1041   17   -2   -6   19    9   -3   -3   12   -4  -13   -7   -5  -18   20   -2  -14    9   10
    1    1    5    1    3    4    2    4    1    0      1720   17    2   -4   16   16  -10  -11   10  -12  -12   -5    1   -9   22   -1  -11   12    4
    1    1    6    1    1    2    2   90    3    0       773   15    2   -9   22   15   -2   -8   12   -9   -2   -4    3   -3    6   -6   -8   12   11
    1    1    7    1    1    3    2   13    2    0      1136   13    4   -6   19   15   -1   -9    9  -10    3   -4    4   -6    7   -6  -11   14   10
    1    1    8    1    2    1    2   97    3    0      1300   10   14    0   13   18    2  -13   21  -14   -6    0    3  -16   11  -11   -9   10    2
    1    1    9    1    2    4    2   93    2    1      2094   10   14   -4   11   14   -1  -12   22  -10   -8    0    2  -13   11   -9   -3   21    2
    1    1   10    1    2    9    2   85    2    1      2561    5    9   -2   13    9   -6  -13   18  -11   -7   -1    1  -13   12   -8   -8   10    2
    1    1   11    1    1    4    2   89    1    1      1465   13    2   -4   18   17   -4   -9   12  -10   -3   -4    4   -4    9   -7   -8   11   10
    1    1   12    1    2    6    2   77    2    1      2014   11   13   -5   13   21    1  -14   19  -11   -4    1    3   -4    6   -7   -9    5    4
    1    1   13    1    3    5    2   82    3    1      1111   17   -2  -14   17    8   -5  -10   10   -5  -15   -2   -1  -11   20   -2  -11   13    6
    1    1   14    1    1    7    2   27    1    1       846   12    4   -5   16   13   -2  -15   11  -12    1   -4    4   -6    8   -8  -10   14    8
    1    1   15    1    1    6    2   10    2    0      1228   17    7   -6   20   16   -4   -8   11   -6    4   -4    9  -10    8  -14   -9    8    7
    1    1   16    1    1    1    2   82    2    0      1382   11    3   -5   19   16   -3   -9    9  -13    6  -12   -1  -11   17   -6   -8   14   11
    1    1   17    1    1    9    2   97    1    1      1641   12    3   -6   20   11    7  -11   14   -9    0   -5    6   -5    9   -7   -9   15   11
    1    1   18    1    2    3    2   96    2    1      1154   12   10    6    6   17    1  -11   20  -12   -7    1    1  -15   11  -10    3    9    3
    1    1   19    1    1    5    2   61    2    0      1574   12    3   -5   17   13   -1   -6   20  -12   -1    0    7   -4    8   -5   -1   14    9
    1    1   20    1    3    6    2   89    3    1      1155   14   -3  -14   14    9   -5   -2   12   -4  -10  -13   -1  -11   20    5   -9   13    5
    1    1   21    1    2    8    2   40    2    1      1596   11   11   -2   11   12   -1  -15   20  -13   -7   -3    3  -16   10  -10   -6    9    4
    1    1   22    1    1    8    2   51    2    0      1702   15    4  -12   16   14   -1   -7    7  -19    6   -6    2    0    3  -10  -11   11   10
    1    1   23    1    2    7    2   14    1    0      1195   10    9   -3    6   14   -1  -12   19  -14  -10   -9    6  -13   10   -7   -9   10    2
    1    1   24    1    2    2    2   16    1    0      1004   12   13   -1   11   12   -5  -15   24  -11   -7   -2    3  -15    9   -7   -9   10    4
    1    1   25    1    3    7    2   64    1    0       895   14   -2   -2   12    8   -7   -9    9   -9  -10   -2   -1  -12   18   -5   -8   16    8
    1    1   26    1    3    1    2   80    1    0      1860   13    8   -7   19    4   -3  -11    9   -3   -3   -5    2  -12   18   -2  -13   12    6
    1    1   27    1    3    2    2   95    2    0      1458   15   -1  -10   16   10   -4   -8   19   -5  -13   -4   -5  -14   19   -2  -11   10    7
    1    2    1    1    2    7    2   14    2    1      1867   10    9   -3    6   14   -1  -12   19  -14  -10   -9    6  -13   10   -7   -9   10    2
    1    2    2    1    3    1    2   80    1    0       946   13    8   -7   19    4   -3  -11    9   -3   -3   -5    2  -12   18   -2  -13   12    6
    1    2    3    1    3    5    2   82    2    0      1031   17   -2  -14   17    8   -5  -10   10   -5  -15   -2   -1  -11   20   -2  -11   13    6
    1    2    4    1    1    5    2   61    2    0       970   12    3   -5   17   13   -1   -6   20  -12   -1    0    7   -4    8   -5   -1   14    9
    1    2    5    1    2    8    2   40    2    1      3638   11   11   -2   11   12   -1  -15   20  -13   -7   -3    3  -16   10  -10   -6    9    4
    1    2    6    1    3    4    2    4    3    1       734   17    2   -4   16   16  -10  -11   10  -12  -12   -5    1   -9   22   -1  -11   12    4
    1    2    7    1    2    1    2   97    1    0      3754   10   14    0   13   18    2  -13   21  -14   -6    0    3  -16   11  -11   -9   10    2
    1    2    8    1    1    2    2   90    1    1      1026   15    2   -9   22   15   -2   -8   12   -9   -2   -4    3   -3    6   -6   -8   12   11
    1    2    9    1    3    3    2   65    2    0      1379   14   -3    0   22    8   -3   -8    8   -8  -13    3    1  -14   19    1  -16   14    4
    1    2   10    1    3    7    2   64    2    0       641   14   -2   -2   12    8   -7   -9    9   -9  -10   -2   -1  -12   18   -5   -8   16    8
    1    2   11    1    1    8    2   51    2    0       851   15    4  -12   16   14   -1   -7    7  -19    6   -6    2    0    3  -10  -11   11   10
    1    2   12    1    1    4    2   89    1    1       838   13    2   -4   18   17   -4   -9   12  -10   -3   -4    4   -4    9   -7   -8   11   10
    1    2   13    1    2    2    2   16    2    1      1271   12   13   -1   11   12   -5  -15   24  -11   -7   -2    3  -15    9   -7   -9   10    4
    1    2   14    1    1    1    2   82    3    0      3359   11    3   -5   19   16   -3   -9    9  -13    6  -12   -1  -11   17   -6   -8   14   11
    1    2   15    1    2    5    2   47    1    0      2164   12   12    1   10   15   -3  -12   20  -12   -8   -3    1  -18   12  -10  -10   10    4
    1    2   16    1    3    8    2   71    2    0      1764   14   -2   -7   19    6   -6  -11    9   -8  -15   -3    1  -11   18   -2  -13   12    6
    1    2   17    1    1    9    2   97    1    1       911   12    3   -6   20   11    7  -11   14   -9    0   -5    6   -5    9   -7   -9   15   11
    1    2   18    1    2    4    2   93    2    1      2149   10   14   -4   11   14   -1  -12   22  -10   -8    0    2  -13   11   -9   -3   21    2
    1    2   19    1    3    9    2   69    3    1       596   17   -2   -6   19    9   -3   -3   12   -4  -13   -7   -5  -18   20   -2  -14    9   10
    1    2   20    1    1    6    2   10    1    1       775   17    7   -6   20   16   -4   -8   11   -6    4   -4    9  -10    8  -14   -9    8    7
    1    2   21    1    2    6    2   77    2    1      1003   11   13   -5   13   21    1  -14   19  -11   -4    1    3   -4    6   -7   -9    5    4
    1    2   22    1    3    2    2   95    3    1      1989   15   -1  -10   16   10   -4   -8   19   -5  -13   -4   -5  -14   19   -2  -11   10    7
    1    2   23    1    1    3    2   13    1    1       759   13    4   -6   19   15   -1   -9    9  -10    3   -4    4   -6    7   -6  -11   14   10
    1    2   24    1    2    3    2   96    2    1       689   12   10    6    6   17    1  -11   20  -12   -7    1    1  -15   11  -10    3    9    3
    1    2   25    1    2    9    2   85    3    0       393    5    9   -2   13    9   -6  -13   18  -11   -7   -1    1  -13   12   -8   -8   10    2
    1    2   26    1    1    7    2   27    1    1       777   12    4   -5   16   13   -2  -15   11  -12    1   -4    4   -6    8   -8  -10   14    8
    1    2   27    1    3    6    2   89    3    1       950   14   -3  -14   14    9   -5   -2   12   -4  -10  -13   -1  -11   20    5   -9   13    5
    1    3    1    1    3    9    2   69    3    1      2593   17   -2   -6   19    9   -3   -3   12   -4  -13   -7   -5  -18   20   -2  -14    9   10
    1    3    2    1    2    9    2   85    2    1      1788    5    9   -2   13    9   -6  -13   18  -11   -7   -1    1  -13   12   -8   -8   10    2
    1    3    3    1    2    5    2   47    2    1      2208   12   12    1   10   15   -3  -12   20  -12   -8   -3    1  -18   12  -10  -10   10    4
    1    3    4    1    3    2    2   95    3    1      1328   15   -1  -10   16   10   -4   -8   19   -5  -13   -4   -5  -14   19   -2  -11   10    7
    1    3    5    1    3    5    2   82    3    1     10102   17   -2  -14   17    8   -5  -10   10   -5  -15   -2   -1  -11   20   -2  -11   13    6
    1    3    6    1    2    2    2   16    1    0      1311   12   13   -1   11   12   -5  -15   24  -11   -7   -2    3  -15    9   -7   -9   10    4
    1    3    7    1    1    7    2   27    1    1       701   12    4   -5   16   13   -2  -15   11  -12    1   -4    4   -6    8   -8  -10   14    8
    1    3    8    1    2    8    2   40    2    1      1036   11   11   -2   11   12   -1  -15   20  -13   -7   -3    3  -16   10  -10   -6    9    4
    1    3    9    1    1    2    2   90    1    1       662   15    2   -9   22   15   -2   -8   12   -9   -2   -4    3   -3    6   -6   -8   12   11
    1    3   10    1    1    9    2   97    1    1       734   12    3   -6   20   11    7  -11   14   -9    0   -5    6   -5    9   -7   -9   15   11
    1    3   11    1    3    8    2   71    3    1       892   14   -2   -7   19    6   -6  -11    9   -8  -15   -3    1  -11   18   -2  -13   12    6
    1    3   12    1    3    6    2   89    3    1      1115   14   -3  -14   14    9   -5   -2   12   -4  -10  -13   -1  -11   20    5   -9   13    5
    1    3   13    1    1    6    2   10    1    1      1489   17    7   -6   20   16   -4   -8   11   -6    4   -4    9  -10    8  -14   -9    8    7
    1    3   14    1    1    4    2   89    2    0       968   13    2   -4   18   17   -4   -9   12  -10   -3   -4    4   -4    9   -7   -8   11   10
    1    3   15    1    3    1    2   80    2    0       725   13    8   -7   19    4   -3  -11    9   -3   -3   -5    2  -12   18   -2  -13   12    6
    1    3   16    1    1    8    2   51    2    0      1298   15    4  -12   16   14   -1   -7    7  -19    6   -6    2    0    3  -10  -11   11   10
    1    3   17    1    2    6    2   77    2    1      1090   11   13   -5   13   21    1  -14   19  -11   -4    1    3   -4    6   -7   -9    5    4
    1    3   18    1    2    3    2   96    1    0      1832   12   10    6    6   17    1  -11   20  -12   -7    1    1  -15   11  -10    3    9    3
    1    3   19    1    3    3    2   65    3    1       848   14   -3    0   22    8   -3   -8    8   -8  -13    3    1  -14   19    1  -16   14    4
    1    3   20    1    2    4    2   93    3    0       938   10   14   -4   11   14   -1  -12   22  -10   -8    0    2  -13   11   -9   -3   21    2
    1    3   21    1    3    7    2   64    2    0      1020   14   -2   -2   12    8   -7   -9    9   -9  -10   -2   -1  -12   18   -5   -8   16    8
    1    3   22    1    2    1    2   97    1    0       732   10   14    0   13   18    2  -13   21  -14   -6    0    3  -16   11  -11   -9   10    2
    1    3   23    1    1    1    2   82    1    1       640   11    3   -5   19   16   -3   -9    9  -13    6  -12   -1  -11   17   -6   -8   14   11
    1    3   24    1    2    7    2   14    2    1      1065   10    9   -3    6   14   -1  -12   19  -14  -10   -9    6  -13   10   -7   -9   10    2
    1    3   25    1    1    5    2   61    3    0       927   12    3   -5   17   13   -1   -6   20  -12   -1    0    7   -4    8   -5   -1   14    9
    1    3   26    1    3    4    2    4    1    0      1661   17    2   -4   16   16  -10  -11   10  -12  -12   -5    1   -9   22   -1  -11   12    4
    1    3   27    1    1    3    2   13    1    1       571   13    4   -6   19   15   -1   -9    9  -10    3   -4    4   -6    7   -6  -11   14   10
    1    4    1    1    3    6    2   89    3    1       692   14   -3  -14   14    9   -5   -2   12   -4  -10  -13   -1  -11   20    5   -9   13    5
    1    4    2    1    1    9    2   97    1    1       706   12    3   -6   20   11    7  -11   14   -9    0   -5    6   -5    9   -7   -9   15   11
    1    4    3    1    1    2    2   90    1    1       861   15    2   -9   22   15   -2   -8   12   -9   -2   -4    3   -3    6   -6   -8   12   11
    1    4    4    1    3    1    2   80    3    1      1243   13    8   -7   19    4   -3  -11    9   -3   -3   -5    2  -12   18   -2  -13   12    6
    1    4    5    1    1    1    2   82    1    1       883   11    3   -5   19   16   -3   -9    9  -13    6  -12   -1  -11   17   -6   -8   14   11
    1    4    6    1    2    1    2   97    2    1      1122   10   14    0   13   18    2  -13   21  -14   -6    0    3  -16   11  -11   -9   10    2
    1    4    7    1    3    7    2   64    3    1      3151   14   -2   -2   12    8   -7   -9    9   -9  -10   -2   -1  -12   18   -5   -8   16    8
    1    4    8    1    2    6    2   77    2    1      1556   11   13   -5   13   21    1  -14   19  -11   -4    1    3   -4    6   -7   -9    5    4
    1    4    9    1    1    7    2   27    1    1       550   12    4   -5   16   13   -2  -15   11  -12    1   -4    4   -6    8   -8  -10   14    8
    1    4   10    1    3    3    2   65    3    1       970   14   -3    0   22    8   -3   -8    8   -8  -13    3    1  -14   19    1  -16   14    4
    1    4   11    1    3    2    2   95    3    1      1337   15   -1  -10   16   10   -4   -8   19   -5  -13   -4   -5  -14   19   -2  -11   10    7
    1    4   12    1    1    3    2   13    1    1      1271   13    4   -6   19   15   -1   -9    9  -10    3   -4    4   -6    7   -6  -11   14   10
    1    4   13    1    2    7    2   14    2    1      1342   10    9   -3    6   14   -1  -12   19  -14  -10   -9    6  -13   10   -7   -9   10    2
    1    4   14    1    2    3    2   96    1    0      4444   12   10    6    6   17    1  -11   20  -12   -7    1    1  -15   11  -10    3    9    3
    1    4   15    1    3    5    2   82    3    1       813   17   -2  -14   17    8   -5  -10   10   -5  -15   -2   -1  -11   20   -2  -11   13    6
    1    4   16    1    1    5    2   61    2    0      1200   12    3   -5   17   13   -1   -6   20  -12   -1    0    7   -4    8   -5   -1   14    9
    1    4   17    1    1    8    2   51    2    0      1363   15    4  -12   16   14   -1   -7    7  -19    6   -6    2    0    3  -10  -11   11   10
    1    4   18    1    3    8    2   71    3    1       607   14   -2   -7   19    6   -6  -11    9   -8  -15   -3    1  -11   18   -2  -13   12    6
    1    4   19    1    3    4    2    4    2    0      1410   17    2   -4   16   16  -10  -11   10  -12  -12   -5    1   -9   22   -1  -11   12    4
    1    4   20    1    2    2    2   16    2    1      1372   12   13   -1   11   12   -5  -15   24  -11   -7   -2    3  -15    9   -7   -9   10    4
    1    4   21    1    2    5    2   47    1    0       847   12   12    1   10   15   -3  -12   20  -12   -8   -3    1  -18   12  -10  -10   10    4
    1    4   22    1    3    9    2   69    2    0     10240   17   -2   -6   19    9   -3   -3   12   -4  -13   -7   -5  -18   20   -2  -14    9   10
    1    4   23    1    1    6    2   10    2    0       692   17    7   -6   20   16   -4   -8   11   -6    4   -4    9  -10    8  -14   -9    8    7
    1    4   24    1    2    8    2   40    2    1       612   11   11   -2   11   12   -1  -15   20  -13   -7   -3    3  -16   10  -10   -6    9    4
    1    4   25    1    1    4    2   89    1    1      1065   13    2   -4   18   17   -4   -9   12  -10   -3   -4    4   -4    9   -7   -8   11   10
    1    4   26    1    2    9    2   85    2    1      1042    5    9   -2   13    9   -6  -13   18  -11   -7   -1    1  -13   12   -8   -8   10    2
    1    4   27    1    2    4    2   93    2    1      2397   10   14   -4   11   14   -1  -12   22  -10   -8    0    2  -13   11   -9   -3   21    2
    1    5    1    1    3    2    2   95    3    1       609   15   -1  -10   16   10   -4   -8   19   -5  -13   -4   -5  -14   19   -2  -11   10    7
    1    5    2    1    1    7    2   27    1    1      2404   12    4   -5   16   13   -2  -15   11  -12    1   -4    4   -6    8   -8  -10   14    8
    1    5    3    1    3    4    2    4    2    0      1279   17    2   -4   16   16  -10  -11   10  -12  -12   -5    1   -9   22   -1  -11   12    4
    1    5    4    1    2    1    2   97    2    1      1246   10   14    0   13   18    2  -13   21  -14   -6    0    3  -16   11  -11   -9   10    2
    1    5    5    1    2    2    2   16    1    0       689   12   13   -1   11   12   -5  -15   24  -11   -7   -2    3  -15    9   -7   -9   10    4
    1    5    6    1    1    4    2   89    1    1       817   13    2   -4   18   17   -4   -9   12  -10   -3   -4    4   -4    9   -7   -8   11   10
    1    5    7    1    2    4    2   93    1    0      1267   10   14   -4   11   14   -1  -12   22  -10   -8    0    2  -13   11   -9   -3   21    2
    1    5    8    1    3    8    2   71    3    1       997   14   -2   -7   19    6   -6  -11    9   -8  -15   -3    1  -11   18   -2  -13   12    6
    1    5    9    1    2    9    2   85    3    0       834    5    9   -2   13    9   -6  -13   18  -11   -7   -1    1  -13   12   -8   -8   10    2
    1    5   10    1    3    3    2   65    3    1      1283   14   -3    0   22    8   -3   -8    8   -8  -13    3    1  -14   19    1  -16   14    4
    1    5   11    1    3    1    2   80    3    1      1027   13    8   -7   19    4   -3  -11    9   -3   -3   -5    2  -12   18   -2  -13   12    6
    1    5   12    1    2    6    2   77    2    1      1190   11   13   -5   13   21    1  -14   19  -11   -4    1    3   -4    6   -7   -9    5    4
    1    5   13    1    3    5    2   82    3    1       984   17   -2  -14   17    8   -5  -10   10   -5  -15   -2   -1  -11   20   -2  -11   13    6
    1    5   14    1    2    5    2   47    2    1      1460   12   12    1   10   15   -3  -12   20  -12   -8   -3    1  -18   12  -10  -10   10    4
    1    5   15    1    1    8    2   51    1    1      1173   15    4  -12   16   14   -1   -7    7  -19    6   -6    2    0    3  -10  -11   11   10
    1    5   16    1    1    9    2   97    1    1      1536   12    3   -6   20   11    7  -11   14   -9    0   -5    6   -5    9   -7   -9   15   11
    1    5   17    1    1    6    2   10    2    0      3012   17    7   -6   20   16   -4   -8   11   -6    4   -4    9  -10    8  -14   -9    8    7
    1    5   18    1    1    3    2   13    1    1       837   13    4   -6   19   15   -1   -9    9  -10    3   -4    4   -6    7   -6  -11   14   10
    1    5   19    1    3    9    2   69    3    1       896   17   -2   -6   19    9   -3   -3   12   -4  -13   -7   -5  -18   20   -2  -14    9   10
    1    5   20    1    2    8    2   40    2    1       664   11   11   -2   11   12   -1  -15   20  -13   -7   -3    3  -16   10  -10   -6    9    4
    1    5   21    1    3    7    2   64    3    1      1184   14   -2   -2   12    8   -7   -9    9   -9  -10   -2   -1  -12   18   -5   -8   16    8
    1    5   22    1    1    2    2   90    1    1      2950   15    2   -9   22   15   -2   -8   12   -9   -2   -4    3   -3    6   -6   -8   12   11
    1    5   23    1    3    6    2   89    3    1       835   14   -3  -14   14    9   -5   -2   12   -4  -10  -13   -1  -11   20    5   -9   13    5
    1    5   24    1    1    5    2   61    2    0      1086   12    3   -5   17   13   -1   -6   20  -12   -1    0    7   -4    8   -5   -1   14    9
    1    5   25    1    1    1    2   82    3    0      1085   11    3   -5   19   16   -3   -9    9  -13    6  -12   -1  -11   17   -6   -8   14   11
    1    5   26    1    2    7    2   14    3    0       902   10    9   -3    6   14   -1  -12   19  -14  -10   -9    6  -13   10   -7   -9   10    2
    1    5   27    1    2    3    2   96    1    0      1671   12   10    6    6   17    1  -11   20  -12   -7    1    1  -15   11  -10    3    9    3
    1    6    1    1    1    7    2   27    2    0      1398   12    4   -5   16   13   -2  -15   11  -12    1   -4    4   -6    8   -8  -10   14    8
    1    6    2    1    1    5    2   61    2    0       738   12    3   -5   17   13   -1   -6   20  -12   -1    0    7   -4    8   -5   -1   14    9
    1    6    3    1    3    2    2   95    3    1       719   15   -1  -10   16   10   -4   -8   19   -5  -13   -4   -5  -14   19   -2  -11   10    7
    1    6    4    1    3    3    2   65    2    0      2717   14   -3    0   22    8   -3   -8    8   -8  -13    3    1  -14   19    1  -16   14    4
    1    6    5    1    1    8    2   51    2    0      1700   15    4  -12   16   14   -1   -7    7  -19    6   -6    2    0    3  -10  -11   11   10
    1    6    6    1    2    5    2   47    2    1      1995   12   12    1   10   15   -3  -12   20  -12   -8   -3    1  -18   12  -10  -10   10    4
    1    6    7    1    1    3    2   13    1    1       945   13    4   -6   19   15   -1   -9    9  -10    3   -4    4   -6    7   -6  -11   14   10
    1    6    8    1    3    9    2   69    3    1      1095   17   -2   -6   19    9   -3   -3   12   -4  -13   -7   -5  -18   20   -2  -14    9   10
    1    6    9    1    3    5    2   82    3    1       950   17   -2  -14   17    8   -5  -10   10   -5  -15   -2   -1  -11   20   -2  -11   13    6
    1    6   10    1    2    8    2   40    2    1       869   11   11   -2   11   12   -1  -15   20  -13   -7   -3    3  -16   10  -10   -6    9    4
    1    6   11    1    1    9    2   97    1    1       638   12    3   -6   20   11    7  -11   14   -9    0   -5    6   -5    9   -7   -9   15   11
    1    6   12    1    2    3    2   96    1    0      2576   12   10    6    6   17    1  -11   20  -12   -7    1    1  -15   11  -10    3    9    3
    1    6   13    1    3    8    2   71    2    0      1164   14   -2   -7   19    6   -6  -11    9   -8  -15   -3    1  -11   18   -2  -13   12    6
    1    6   14    1    1    4    2   89    1    1      1354   13    2   -4   18   17   -4   -9   12  -10   -3   -4    4   -4    9   -7   -8   11   10
    1    6   15    1    1    2    2   90    1    1       776   15    2   -9   22   15   -2   -8   12   -9   -2   -4    3   -3    6   -6   -8   12   11
    1    6   16    1    3    1    2   80    3    1      2124   13    8   -7   19    4   -3  -11    9   -3   -3   -5    2  -12   18   -2  -13   12    6
    1    6   17    1    3    6    2   89    2    0      1130   14   -3  -14   14    9   -5   -2   12   -4  -10  -13   -1  -11   20    5   -9   13    5
    1    6   18    1    1    1    2   82    1    1       879   11    3   -5   19   16   -3   -9    9  -13    6  -12   -1  -11   17   -6   -8   14   11
    1    6   19    1    1    6    2   10    2    0      1168   17    7   -6   20   16   -4   -8   11   -6    4   -4    9  -10    8  -14   -9    8    7
    1    6   20    1    2    7    2   14    3    0      1171   10    9   -3    6   14   -1  -12   19  -14  -10   -9    6  -13   10   -7   -9   10    2
    1    6   21    1    3    7    2   64    2    0      1216   14   -2   -2   12    8   -7   -9    9   -9  -10   -2   -1  -12   18   -5   -8   16    8
    1    6   22    1    2    9    2   85    2    1      1578    5    9   -2   13    9   -6  -13   18  -11   -7   -1    1  -13   12   -8   -8   10    2
    1    6   23    1    2    2    2   16    2    1      1365   12   13   -1   11   12   -5  -15   24  -11   -7   -2    3  -15    9   -7   -9   10    4
    1    6   24    1    3    4    2    4    1    0      1865   17    2   -4   16   16  -10  -11   10  -12  -12   -5    1   -9   22   -1  -11   12    4
    1    6   25    1    2    4    2   93    2    1      3721   10   14   -4   11   14   -1  -12   22  -10   -8    0    2  -13   11   -9   -3   21    2
    1    6   26    1    2    6    2   77    3    0      1440   11   13   -5   13   21    1  -14   19  -11   -4    1    3   -4    6   -7   -9    5    4
    1    6   27    1    2    1    2   97    1    0      1210   10   14    0   13   18    2  -13   21  -14   -6    0    3  -16   11  -11   -9   10    2
    1    7    1    1    2    4    2   93    1    0      2821   10   14   -4   11   14   -1  -12   22  -10   -8    0    2  -13   11   -9   -3   21    2
    1    7    2    1    3    3    2   65    3    1       760   14   -3    0   22    8   -3   -8    8   -8  -13    3    1  -14   19    1  -16   14    4
    1    7    3    1    1    5    2   61    2    0      1613   12    3   -5   17   13   -1   -6   20  -12   -1    0    7   -4    8   -5   -1   14    9
    1    7    4    1    2    2    2   16    2    1      1848   12   13   -1   11   12   -5  -15   24  -11   -7   -2    3  -15    9   -7   -9   10    4
    1    7    5    1    3    8    2   71    2    0      1250   14   -2   -7   19    6   -6  -11    9   -8  -15   -3    1  -11   18   -2  -13   12    6
    1    7    6    1    3    6    2   89    3    1      1597   14   -3  -14   14    9   -5   -2   12   -4  -10  -13   -1  -11   20    5   -9   13    5
    1    7    7    1    1    2    2   90    1    1      1232   15    2   -9   22   15   -2   -8   12   -9   -2   -4    3   -3    6   -6   -8   12   11
    1    7    8    1    3    7    2   64    3    1      1047   14   -2   -2   12    8   -7   -9    9   -9  -10   -2   -1  -12   18   -5   -8   16    8
    1    7    9    1    2    3    2   96    1    0      3201   12   10    6    6   17    1  -11   20  -12   -7    1    1  -15   11  -10    3    9    3
    1    7   10    1    3    9    2   69    3    1       820   17   -2   -6   19    9   -3   -3   12   -4  -13   -7   -5  -18   20   -2  -14    9   10
    1    7   11    1    2    6    2   77    2    1      1733   11   13   -5   13   21    1  -14   19  -11   -4    1    3   -4    6   -7   -9    5    4
    1    7   12    1    3    2    2   95    3    1       900   15   -1  -10   16   10   -4   -8   19   -5  -13   -4   -5  -14   19   -2  -11   10    7
    1    7   13    1    1    1    2   82    1    1      1010   11    3   -5   19   16   -3   -9    9  -13    6  -12   -1  -11   17   -6   -8   14   11
    1    7   14    1    2    8    2   40    2    1       924   11   11   -2   11   12   -1  -15   20  -13   -7   -3    3  -16   10  -10   -6    9    4
    1    7   15    1    1    7    2   27    1    1       895   12    4   -5   16   13   -2  -15   11  -12    1   -4    4   -6    8   -8  -10   14    8
    1    7   16    1    1    4    2   89    1    1       720   13    2   -4   18   17   -4   -9   12  -10   -3   -4    4   -4    9   -7   -8   11   10
    1    7   17    1    2    5    2   47    3    0       838   12   12    1   10   15   -3  -12   20  -12   -8   -3    1  -18   12  -10  -10   10    4
    1    7   18    1    3    5    2   82    3    1       680   17   -2  -14   17    8   -5  -10   10   -5  -15   -2   -1  -11   20   -2  -11   13    6
    1    7   19    1    2    7    2   14    3    0      1047   10    9   -3    6   14   -1  -12   19  -14  -10   -9    6  -13   10   -7   -9   10    2
    1    7   20    1    2    1    2   97    3    0      1907   10   14    0   13   18    2  -13   21  -14   -6    0    3  -16   11  -11   -9   10    2
    1    7   21    1    1    8    2   51    1    1      1948   15    4  -12   16   14   -1   -7    7  -19    6   -6    2    0    3  -10  -11   11   10
    1    7   22    1    1    3    2   13    1    1       906   13    4   -6   19   15   -1   -9    9  -10    3   -4    4   -6    7   -6  -11   14   10
    1    7   23    1    3    1    2   80    3    1       945   13    8   -7   19    4   -3  -11    9   -3   -3   -5    2  -12   18   -2  -13   12    6
    1    7   24    1    1    9    2   97    1    1      1623   12    3   -6   20   11    7  -11   14   -9    0   -5    6   -5    9   -7   -9   15   11
    1    7   25    1    3    4    2    4    3    1      1473   17    2   -4   16   16  -10  -11   10  -12  -12   -5    1   -9   22   -1  -11   12    4
    1    7   26    1    1    6    2   10    2    0       923   17    7   -6   20   16   -4   -8   11   -6    4   -4    9  -10    8  -14   -9    8    7
    1    7   27    1    2    9    2   85    2    1       881    5    9   -2   13    9   -6  -13   18  -11   -7   -1    1  -13   12   -8   -8   10    2
    1    8    1    1    1    9    2   97    1    1       776   12    3   -6   20   11    7  -11   14   -9    0   -5    6   -5    9   -7   -9   15   11
    1    8    2    1    3    5    2   82    3    1      2059   17   -2  -14   17    8   -5  -10   10   -5  -15   -2   -1  -11   20   -2  -11   13    6
    1    8    3    1    3    4    2    4    1    0      2691   17    2   -4   16   16  -10  -11   10  -12  -12   -5    1   -9   22   -1  -11   12    4
    1    8    4    1    3    7    2   64    3    1       820   14   -2   -2   12    8   -7   -9    9   -9  -10   -2   -1  -12   18   -5   -8   16    8
    1    8    5    1    1    2    2   90    1    1       927   15    2   -9   22   15   -2   -8   12   -9   -2   -4    3   -3    6   -6   -8   12   11
    1    8    6    1    2    7    2   14    3    0       790   10    9   -3    6   14   -1  -12   19  -14  -10   -9    6  -13   10   -7   -9   10    2
    1    8    7    1    3    3    2   65    3    1       826   14   -3    0   22    8   -3   -8    8   -8  -13    3    1  -14   19    1  -16   14    4
    1    8    8    1    1    3    2   13    1    1       988   13    4   -6   19   15   -1   -9    9  -10    3   -4    4   -6    7   -6  -11   14   10
    1    8    9    1    3    9    2   69    3    1      1831   17   -2   -6   19    9   -3   -3   12   -4  -13   -7   -5  -18   20   -2  -14    9   10
    1    8   10    1    2    5    2   47    1    0      6340   12   12    1   10   15   -3  -12   20  -12   -8   -3    1  -18   12  -10  -10   10    4
    1    8   11    1    2    8    2   40    2    1      2937   11   11   -2   11   12   -1  -15   20  -13   -7   -3    3  -16   10  -10   -6    9    4
    1    8   12    1    1    8    2   51    2    0       941   15    4  -12   16   14   -1   -7    7  -19    6   -6    2    0    3  -10  -11   11   10
    1    8   13    1    3    6    2   89    3    1       690   14   -3  -14   14    9   -5   -2   12   -4  -10  -13   -1  -11   20    5   -9   13    5
    1    8   14    1    2    1    2   97    3    0       886   10   14    0   13   18    2  -13   21  -14   -6    0    3  -16   11  -11   -9   10    2
    1    8   15    1    2    6    2   77    2    1      1799   11   13   -5   13   21    1  -14   19  -11   -4    1    3   -4    6   -7   -9    5    4
    1    8   16    1    1    6    2   10    1    1      1026   17    7   -6   20   16   -4   -8   11   -6    4   -4    9  -10    8  -14   -9    8    7
    1    8   17    1    3    8    2   71    3    1      1131   14   -2   -7   19    6   -6  -11    9   -8  -15   -3    1  -11   18   -2  -13   12    6
    1    8   18    1    1    5    2   61    1    1       842   12    3   -5   17   13   -1   -6   20  -12   -1    0    7   -4    8   -5   -1   14    9
    1    8   19    1    3    1    2   80    3    1       673   13    8   -7   19    4   -3  -11    9   -3   -3   -5    2  -12   18   -2  -13   12    6
    1    8   20    1    2    2    2   16    1    0      1560   12   13   -1   11   12   -5  -15   24  -11   -7   -2    3  -15    9   -7   -9   10    4
    1    8   21    1    2    4    2   93    2    1       882   10   14   -4   11   14   -1  -12   22  -10   -8    0    2  -13   11   -9   -3   21    2
    1    8   22    1    2    9    2   85    2    1      1546    5    9   -2   13    9   -6  -13   18  -11   -7   -1    1  -13   12   -8   -8   10    2
    1    8   23    1    1    1    2   82    1    1       712   11    3   -5   19   16   -3   -9    9  -13    6  -12   -1  -11   17   -6   -8   14   11
    1    8   24    1    3    2    2   95    3    1       965   15   -1  -10   16   10   -4   -8   19   -5  -13   -4   -5  -14   19   -2  -11   10    7
    1    8   25    1    2    3    2   96    1    0      1218   12   10    6    6   17    1  -11   20  -12   -7    1    1  -15   11  -10    3    9    3
    1    8   26    1    1    7    2   27    1    1       797   12    4   -5   16   13   -2  -15   11  -12    1   -4    4   -6    8   -8  -10   14    8
    1    8   27    1    1    4    2   89    1    1       831   13    2   -4   18   17   -4   -9   12  -10   -3   -4    4   -4    9   -7   -8   11   10
    1    9    1    1    2    3    2   96    1    0      1022   12   10    6    6   17    1  -11   20  -12   -7    1    1  -15   11  -10    3    9    3
    1    9    2    1    2    7    2   14    1    0      2232   10    9   -3    6   14   -1  -12   19  -14  -10   -9    6  -13   10   -7   -9   10    2
    1    9    3    1    3    8    2   71    3    1       795   14   -2   -7   19    6   -6  -11    9   -8  -15   -3    1  -11   18   -2  -13   12    6
    1    9    4    1    1    3    2   13    1    1       766   13    4   -6   19   15   -1   -9    9  -10    3   -4    4   -6    7   -6  -11   14   10
    1    9    5    1    3    4    2    4    2    0      1746   17    2   -4   16   16  -10  -11   10  -12  -12   -5    1   -9   22   -1  -11   12    4
    1    9    6    1    2    4    2   93    1    0       759   10   14   -4   11   14   -1  -12   22  -10   -8    0    2  -13   11   -9   -3   21    2
    1    9    7    1    3    2    2   95    3    1       811   15   -1  -10   16   10   -4   -8   19   -5  -13   -4   -5  -14   19   -2  -11   10    7
    1    9    8    1    1    9    2   97    1    1      2996   12    3   -6   20   11    7  -11   14   -9    0   -5    6   -5    9   -7   -9   15   11
    1    9    9    1    3    1    2   80    3    1       933   13    8   -7   19    4   -3  -11    9   -3   -3   -5    2  -12   18   -2  -13   12    6
    1    9   10    1    1    1    2   82    1    1       812   11    3   -5   19   16   -3   -9    9  -13    6  -12   -1  -11   17   -6   -8   14   11
    1    9   11    1    3    7    2   64    3    1       853   14   -2   -2   12    8   -7   -9    9   -9  -10   -2   -1  -12   18   -5   -8   16    8
    1    9   12    1    1    6    2   10    1    1       682   17    7   -6   20   16   -4   -8   11   -6    4   -4    9  -10    8  -14   -9    8    7
    1    9   13    1    1    4    2   89    1    1       633   13    2   -4   18   17   -4   -9   12  -10   -3   -4    4   -4    9   -7   -8   11   10
    1    9   14    1    1    2    2   90    1    1       546   15    2   -9   22   15   -2   -8   12   -9   -2   -4    3   -3    6   -6   -8   12   11
    1    9   15    1    2    8    2   40    2    1      1383   11   11   -2   11   12   -1  -15   20  -13   -7   -3    3  -16   10  -10   -6    9    4
    1    9   16    1    2    9    2   85    3    0      1276    5    9   -2   13    9   -6  -13   18  -11   -7   -1    1  -13   12   -8   -8   10    2
    1    9   17    1    2    6    2   77    2    1       778   11   13   -5   13   21    1  -14   19  -11   -4    1    3   -4    6   -7   -9    5    4
    1    9   18    1    2    1    2   97    1    0       590   10   14    0   13   18    2  -13   21  -14   -6    0    3  -16   11  -11   -9   10    2
    1    9   19    1    3    9    2   69    2    0       560   17   -2   -6   19    9   -3   -3   12   -4  -13   -7   -5  -18   20   -2  -14    9   10
    1    9   20    1    3    3    2   65    3    1      1390   14   -3    0   22    8   -3   -8    8   -8  -13    3    1  -14   19    1  -16   14    4
    1    9   21    1    3    6    2   89    3    1      1602   14   -3  -14   14    9   -5   -2   12   -4  -10  -13   -1  -11   20    5   -9   13    5
    1    9   22    1    2    5    2   47    2    1      1573   12   12    1   10   15   -3  -12   20  -12   -8   -3    1  -18   12  -10  -10   10    4
    1    9   23    1    1    5    2   61    2    0      1785   12    3   -5   17   13   -1   -6   20  -12   -1    0    7   -4    8   -5   -1   14    9
    1    9   24    1    2    2    2   16    2    1       893   12   13   -1   11   12   -5  -15   24  -11   -7   -2    3  -15    9   -7   -9   10    4
    1    9   25    1    1    7    2   27    1    1       908   12    4   -5   16   13   -2  -15   11  -12    1   -4    4   -6    8   -8  -10   14    8
    1    9   26    1    1    8    2   51    2    0      1027   15    4  -12   16   14   -1   -7    7  -19    6   -6    2    0    3  -10  -11   11   10
    1    9   27    1    3    5    2   82    2    0      1268   17   -2  -14   17    8   -5  -10   10   -5  -15   -2   -1  -11   20   -2  -11   13    6
    1   10    1    1    3    8    2   71    3    1       823   14   -2   -7   19    6   -6  -11    9   -8  -15   -3    1  -11   18   -2  -13   12    6
    1   10    2    1    2    2    2   16    2    1       946   12   13   -1   11   12   -5  -15   24  -11   -7   -2    3  -15    9   -7   -9   10    4
    1   10    3    1    3    9    2   69    3    1      1161   17   -2   -6   19    9   -3   -3   12   -4  -13   -7   -5  -18   20   -2  -14    9   10
    1   10    4    1    2    1    2   97    1    0       910   10   14    0   13   18    2  -13   21  -14   -6    0    3  -16   11  -11   -9   10    2
    1   10    5    1    3    1    2   80    3    1      1293   13    8   -7   19    4   -3  -11    9   -3   -3   -5    2  -12   18   -2  -13   12    6
    1   10    6    1    1    7    2   27    2    0       766   12    4   -5   16   13   -2  -15   11  -12    1   -4    4   -6    8   -8  -10   14    8
    1   10    7    1    2    4    2   93    2    1       939   10   14   -4   11   14   -1  -12   22  -10   -8    0    2  -13   11   -9   -3   21    2
    1   10    8    1    1    4    2   89    1    1       694   13    2   -4   18   17   -4   -9   12  -10   -3   -4    4   -4    9   -7   -8   11   10
    1   10    9    1    2    6    2   77    2    1      1141   11   13   -5   13   21    1  -14   19  -11   -4    1    3   -4    6   -7   -9    5    4
    1   10   10    1    1    9    2   97    1    1       797   12    3   -6   20   11    7  -11   14   -9    0   -5    6   -5    9   -7   -9   15   11
    1   10   11    1    1    8    2   51    2    0       847   15    4  -12   16   14   -1   -7    7  -19    6   -6    2    0    3  -10  -11   11   10
    1   10   12    1    2    8    2   40    2    1       746   11   11   -2   11   12   -1  -15   20  -13   -7   -3    3  -16   10  -10   -6    9    4
    1   10   13    1    3    4    2    4    1    0      2607   17    2   -4   16   16  -10  -11   10  -12  -12   -5    1   -9   22   -1  -11   12    4
    1   10   14    1    3    7    2   64    3    1      1026   14   -2   -2   12    8   -7   -9    9   -9  -10   -2   -1  -12   18   -5   -8   16    8
    1   10   15    1    3    6    2   89    3    1       996   14   -3  -14   14    9   -5   -2   12   -4  -10  -13   -1  -11   20    5   -9   13    5
    1   10   16    1    3    2    2   95    3    1       863   15   -1  -10   16   10   -4   -8   19   -5  -13   -4   -5  -14   19   -2  -11   10    7
    1   10   17    1    2    9    2   85    2    1       952    5    9   -2   13    9   -6  -13   18  -11   -7   -1    1  -13   12   -8   -8   10    2
    1   10   18    1    1    2    2   90    1    1       870   15    2   -9   22   15   -2   -8   12   -9   -2   -4    3   -3    6   -6   -8   12   11
    1   10   19    1    1    3    2   13    1    1       759   13    4   -6   19   15   -1   -9    9  -10    3   -4    4   -6    7   -6  -11   14   10
    1   10   20    1    2    7    2   14    3    0      1899   10    9   -3    6   14   -1  -12   19  -14  -10   -9    6  -13   10   -7   -9   10    2
    1   10   21    1    2    5    2   47    2    1      1090   12   12    1   10   15   -3  -12   20  -12   -8   -3    1  -18   12  -10  -10   10    4
    1   10   22    1    2    3    2   96    1    0       729   12   10    6    6   17    1  -11   20  -12   -7    1    1  -15   11  -10    3    9    3
    1   10   23    1    3    3    2   65    3    1       821   14   -3    0   22    8   -3   -8    8   -8  -13    3    1  -14   19    1  -16   14    4
    1   10   24    1    1    5    2   61    2    0      2775   12    3   -5   17   13   -1   -6   20  -12   -1    0    7   -4    8   -5   -1   14    9
    1   10   25    1    1    6    2   10    1    1      1058   17    7   -6   20   16   -4   -8   11   -6    4   -4    9  -10    8  -14   -9    8    7
    1   10   26    1    1    1    2   82    1    1       770   11    3   -5   19   16   -3   -9    9  -13    6  -12   -1  -11   17   -6   -8   14   11
    1   10   27    1    3    5    2   82    3    1       966   17   -2  -14   17    8   -5  -10   10   -5  -15   -2   -1  -11   20   -2  -11   13    6
    2    1    1    3    2    3    1  128    2    1      2585   15   21    1   10   13   -1  -14   20  -13   -5   -1    3  -14   11   -9   -7   10    2
    2    1    2    1    3    6    2   89    3    1       756   14   -3  -14   14    9   -5   -2   12   -4  -10  -13   -1  -11   20    5   -9   13    5
    2    1    3    5    3    6    3  124    1    0      2745   17   -1   -6   19    9   -5  -11    2   -6  -11  -11   -8  -12   17   -3  -13   11    4
    2    1    4    1    1    8    2   51    1    1      1358   15    4  -12   16   14   -1   -7    7  -19    6   -6    2    0    3  -10  -11   11   10
    2    1    5    5    2    7    3  125    2    1      2219    6   13   -1   11   14   -2  -19   15  -17   -3   -2    5  -16   13  -17    2    3   12
    2    1    6    1    3    5    2   82    3    1       776   17   -2  -14   17    8   -5  -10   10   -5  -15   -2   -1  -11   20   -2  -11   13    6
    2    1    7    5    1    4    3  134    1    1      5143   20    0  -10   11   14   -4  -10    5  -12   -2   -9    9    4   18   -7   -8   13   10
    2    1    8    5    1    7    3  171    1    1      1332   14    6   -8   18   15   -1  -10   11  -11    0   -3   -4   -4    8   -7  -10   21    9
    2    1    9    3    1    3    1  117    1    1      1203   13    3   -6   18   14   -2  -10    9  -12    0   -5    4   -5    8   -6   -9   13    9
    2    1   10    2    3    0    0    0    3    1       894   15   -2   -5   20    9   -4  -10    9   -7  -13   -3    0  -13   19   -3  -12   12    5
    2    1   11    5    2    6    3  115    2    1      1029   13   19   -1   10   13   -6  -12   21  -13   -4   -3   -6  -16   14  -18    0   14    1
    2    1   12    5    1    5    3  157    1    1      1647    7    2   -4   17   13   -3   -6   14  -19    0   -6    5   -9   14  -11  -14   20    7
    2    1   13    1    3    8    2   71    3    1       761   14   -2   -7   19    6   -6  -11    9   -8  -15   -3    1  -11   18   -2  -13   12    6
    2    1   14    3    1    2    1  165    1    1       965   14    3   -5   18   15   -3  -11   10  -12   -1   -5    4   -5    9   -6   -9   13    9
    2    1   15    5    2    9    3  124    3    0       865   11   13   -1   12   17   -1   -9   23   -2  -11    3   -1   -5   13   -9   -6   10    5
    2    1   16    5    1    3    3  195    2    0      2498   18    4   -7   18   21   -5   -9   12  -16  -11   -6   12   -5    9   -5  -10   14   10
    2    1   17    3    3    3    1  181    3    1       768   16   -2   -5   19   10   -5  -10    9   -7  -13   -3   -1  -13   20    4  -12   12    5
    2    1   18    4    1    6    2  137    1    1      1229   13    1   -3   18   15    0   -9    9  -12   -3  -15   -1   -4   10   -5  -11   13    8
    2    1   19    1    1    7    2   27    2    0      3239   12    4   -5   16   13   -2  -15   11  -12    1   -4    4   -6    8   -8  -10   14    8
    2    1   20    4    1    3    2  194    1    1      1104   14    2   -4   17   14   -3  -11   10  -11    0   -3    9   -5    7   -4   -8   14    9
    2    1   21    1    2    6    2   77    2    1      2679   11   13   -5   13   21    1  -14   19  -11   -4    1    3   -4    6   -7   -9    5    4
    2    1   22    5    2    2    3  189    2    1      1424   12   12   -1   12   16    0   -6   20  -10   -2    0    2  -15   16  -10   -6   17   -2
    2    1   23    5    1    9    3  147    2    0      1714    9   10   -5   19   16   -1  -17   19   -3    1   -6    4   -6    8  -16   -7   13   11
    2    1   24    6    3    0    3  110    3    1      2050   17   -2    3   22    9   -3  -14   14   -8   -4   -4    1  -14   20  -13  -15    7   12
    2    1   25    1    3    1    2   80    3    1      1211   13    8   -7   19    4   -3  -11    9   -3   -3   -5    2  -12   18   -2  -13   12    6
    2    1   26    4    2    6    2  162    3    0      2533   18    5    0   12    9   -2  -12   20  -19   -6   -1    4  -15   10   -9   -6   10    5
    2    1   27    5    1    8    3  124    3    0      1914    8   11    1   21   13   -1   -9    6   -8   -6   -5    3   -4   12    1   -3   23    4
    2    1   28    5    3    2    3  125    1    0      1569   16   -3   -4   20   13   -9   -6    5   -3   -8   -4   -2  -11   20   -4  -14   11    7
    2    1   29    4    2    4    2  148    2    1      1629    7    8    1   11   11   -3  -17   21  -13   -5    6   10  -12   10   -9   -8   12    4
    2    1   30    3    2    2    1  104    2    1      3013   11   14   -1   12   12   -2   -3   22  -12   -5   -5   -6  -14   11   -9   -7   12    5
    2    1   31    1    3    9    2   69    2    0       926   17   -2   -6   19    9   -3   -3   12   -4  -13   -7   -5  -18   20   -2  -14    9   10
    2    1   32    3    3    1    1  105    3    1       843   14   -1   -4   21    9   -3  -10    8   -7  -13    2   -3  -13   19   -1  -14   12    5
    2    1   33    1    1    4    2   89    1    1      1102   13    2   -4   18   17   -4   -9   12  -10   -3   -4    4   -4    9   -7   -8   11   10
    2    1   34    1    3    2    2   95    3    1       709   15   -1  -10   16   10   -4   -8   19   -5  -13   -4   -5  -14   19   -2  -11   10    7
    2    1   35    4    1    5    2  143    2    0      1707   14    3   -6   18   16    0  -10    9  -21   -6    2   -3   -5    7   -3  -12   12    8
    2    1   36    1    1    5    2   61    2    0      1018   12    3   -5   17   13   -1   -6   20  -12   -1    0    7   -4    8   -5   -1   14    9
    2    1   37    1    1    1    2   82    1    1       707   11    3   -5   19   16   -3   -9    9  -13    6  -12   -1  -11   17   -6   -8   14   11
    2    1   38    1    1    3    2   13    1    1      1009   13    4   -6   19   15   -1   -9    9  -10    3   -4    4   -6    7   -6  -11   14   10
    2    1   39    5    1    2    3  150    1    1      1988   10   -4   -6    9   14   -1  -11   11   -6   -3   -3    3   -5   13   -5   -7   17   14
    2    1   40    5    3    7    3  158    3    1       871   19    0   -7   22   12   -4   -9    9   -5  -11   -2    2  -13    9   -8   -7   14    6
    2    1   41    5    2    5    3  114    2    1       865    0   23    0   10   14   -1  -14   20  -16   -1   -3    0  -14   10   -6   -2   13    2
    2    1   42    4    1    1    2  170    1    1       896   21   -3   -1   21   13   -4  -12    8  -18    4  -10    6   -4   10   -4   -8   13    8
    2    1   43    5    2    4    3  154    2    1       840   11   15   -2   15   12   -1   -8   23  -10    4   -2    4  -19   16   -2  -17   11    3
    2    1   44    4    3    1    2  171    3    1       840   17    0  -15   24   11   -6   -8    8   -2  -16   -4    1  -12   17   -5  -13   12    6
    2    1   45    1    2    4    2   93    2    1      3121   10   14   -4   11   14   -1  -12   22  -10   -8    0    2  -13   11   -9   -3   21    2
    2    1   46    4    3    6    2  116    2    0       741   15   -3   -4   19    5  -14  -13   11   -4  -15    0    4  -12   19   -2   -7   13    3
    2    1   47    5    2    8    3  179    3    0      2178   13   10   -2    9   12   -1  -14   22  -12   -4    6    8  -15   11  -10   -6   10    3
    2    1   48    1    2    5    2   47    2    1       784   12   12    1   10   15   -3  -12   20  -12   -8   -3    1  -18   12  -10  -10   10    4
    2    1   49    4    3    3    2  128    2    0      1274   14   -4   -4   19   13  -10  -16    7   -8  -13   -2   -1  -12   19    2  -11   11    7
    2    1   50    5    3    3    3  192    3    1      1013   19   -8   -5   19    9   -3   -9    9   -4  -16   -4    0   -7   12    1  -15   12    3
    2    1   51    1    2    3    2   96    3    0      1415   12   10    6    6   17    1  -11   20  -12   -7    1    1  -15   11  -10    3    9    3
    2    1   52    1    2    8    2   40    2    1       851   11   11   -2   11   12   -1  -15   20  -13   -7   -3    3  -16   10  -10   -6    9    4
    2    1   53    1    1    9    2   97    1    1       893   12    3   -6   20   11    7  -11   14   -9    0   -5    6   -5    9   -7   -9   15   11
    2    1   54    1    2    7    2   14    3    0      1123   10    9   -3    6   14   -1  -12   19  -14  -10   -9    6  -13   10   -7   -9   10    2
    2    1   55    4    3    4    2  166    3    1       848   11    7   -6   19    8   -6  -11   10   -5  -11   -3   -2  -22   20   -4  -13   19    0
    2    1   56    4    3    2    2  175    2    0       771   15   -3   -4   22    8   -3   -9    8   -7  -14  -10    0  -11   17    1  -10   11    6
    2    1   57    5    1    6    3  122    2    0      1095   12    3   -3   12   13   -3  -10    9   -9    0   -4    5    0   15   -1    0   12   10
    2    1   58    4    2    1    2  177    2    1       702   10   15   -1   12   12   -3  -13   19  -10   -7    0    2  -14   10   -7  -10   10    5
    2    1   59    1    1    6    2   10    1    1       621   17    7   -6   20   16   -4   -8   11   -6    4   -4    9  -10    8  -14   -9    8    7
    2    1   60    6    1    0    3  126    1    1       806   20    5   -3   19   15    0   -9    3   -9    0   -7    4   -4    7    3  -12    7    0
    2    1   61    3    1    1    1  140    1    1       696   13    4   -5   18   14   -1  -10   10  -11   -1   -5    3   -6    7   -6  -10   13   10
    2    1   62    1    3    3    2   65    3    1       804   14   -3    0   22    8   -3   -8    8   -8  -13    3    1  -14   19    1  -16   14    4
    2    1   63    4    1    4    2  104    1    1       999   14    5   -2   21   14   -3   -9   12  -21    1   -6    3   -4    7   -8   -8   13   10
    2    1   64    5    3    8    3  145    3    1      4201   13   -3    5   19   15  -10  -12   10   -8   -3   -8    3  -12   18   -1  -10   13    4
    2    1   65    2    1    0    0    0    1    1       684   13    3   -5   18   14   -2  -10   10  -11   -1   -5    4   -5    8   -6   -9   13    9
    2    1   66    5    3    4    3  134    3    1      1154   23    2   -5   19    2   -1  -12    9   -5  -15   -5    4  -17   14   -4  -11   11    5
    2    1   67    4    1    2    2  132    1    1       679   11    8   -6   19   12   -2  -12   10  -12    1   -6    4   -6    8   -5   -6   13   10
    2    1   68    5    2    1    3  170    2    1      2485   10   11   -9    6   18    6  -14   21  -13   -6    4   10  -18   12  -13   -9    2    7
    2    1   69    5    3    1    3  182    3    1       759   14   -2  -11   20    9   -6  -16    7   -7  -22   -8    2  -10   13    4   -3    4    0
    2    1   70    5    3    9    3  133    3    1      1622    7   -5   -7   18    9    4   -9    8   -8  -11    0   -5  -13   20   -4  -12   17   11
    2    1   71    1    2    9    2   85    2    1      1089    5    9   -2   13    9   -6  -13   18  -11   -7   -1    1  -13   12   -8   -8   10    2
    2    1   72    1    2    1    2   97    3    0       860   10   14    0   13   18    2  -13   21  -14   -6    0    3  -16   11  -11   -9   10    2
    2    1   73    3    3    2    1  110    3    1       821   15   -2   -4   19    8   -4  -10    9   -8  -13   -3    0  -13   19   -2  -13   11    5
    2    1   74    5    3    5    3  119    2    0       889   17   -4   -6   21    8   -5   -4   15   -2  -17    0    2  -11   16   -3  -11   14    2
    2    1   75    4    2    2    2  179    1    0       970   11   18    0    9   11   -3  -11   15  -12   -8   -2    3  -14   12  -10   -7    9    4
    2    1   76    2    2    0    0    0    3    0       998   10   13    0   11   13   -1  -13   20  -12   -6   -1    3  -14   11   -9   -7   11    4
    2    1   77    3    2    1    1  171    2    1       705   11   13    0   11   13   -2  -12   20  -10  -10   -1    2  -14   12   -8   -7   11    4
    2    1   78    1    3    7    2   64    3    1       682   14   -2   -2   12    8   -7   -9    9   -9  -10   -2   -1  -12   18   -5   -8   16    8
    2    1   79    5    1    1    3  112    2    0       779   15   -7   -7   19   14   -3  -12   11  -19    0   -5    6    3    6  -14    1   14   11
    2    1   80    5    2    3    3  195    3    0       847   13    9   -2   12   15   -1   -6   20  -13  -11    0    3  -17   18  -12   -8    9    3
    2    1   81    4    3    5    2  163    3    1       816   16   -2   -4   22   10   -3  -11    7   -6  -12   -3   -3  -13   20   -3  -17   14    5
    2    1   82    6    2    0    3  129    2    1       721   10   12    0   10   13   -4   -6   13   -5    4    0    4  -10    8   -4  -12    4    8
    2    1   83    1    2    2    2   16    2    1      2383   12   13   -1   11   12   -5  -15   24  -11   -7   -2    3  -15    9   -7   -9   10    4
    2    1   84    4    2    3    2  119    3    0       755    5    7   -2   12   13    0  -14   21  -14   -4   -4    3  -23    3   -9   -6   15    2
    2    1   85    4    2    5    2  143    3    0       688   12   14   -1   12   13    0  -12   19  -13   -6    0    2  -17   15   -7   -5   10   -5
    2    1   86    1    1    2    2   90    1    1       511   15    2   -9   22   15   -2   -8   12   -9   -2   -4    3   -3    6   -6   -8   12   11
    2    1   87    1    3    4    2    4    2    0      1749   17    2   -4   16   16  -10  -11   10  -12  -12   -5    1   -9   22   -1  -11   12    4
