    1    1    1    1    2    9    3   90    1    0       767    6   17    4    9   21   -4  -15   22  -11   -7  -10    7  -15   18  -13  -13    2    5
    1    1    2    1    2    8    2   79    1    0      1219    9   13   -1   11   11    1  -11   18  -16  -13    3    1  -15   12  -10   -6    8   -1
    1    1    3    1    3    3    3   68    2    0       749   20    2   -3   21    9   -5  -10   10  -11  -21   -3    1  -19   16   -2  -11   12    3
    1    1    4    1    1    4    1   90    2    0      1770   13    3   -5   18   11   -4  -10   10  -10   -2   -6    5   -5    8   -1  -11   13    9
    1    1    5    1    3    7    1   65    2    0      2383   15   -2   -4   19   10   -5  -10    8   -5  -12   -3    0  -14   20   -2  -13   12    6
    1    1    6    1    2    5    2   49    2    1       924   11   13    1   11   14    1  -13   21  -14   -5   -3    2  -18   16   -6  -10   11    6
    1    1    7    1    2    7    1   96    2    1      1076   10   14    0   11   12    0  -14   20  -12   -4   -1    3  -13   10   -9   -7   11    4
    1    1    8    1    3    1    1   80    3    1       822   14   -1   -3   19    9   -5  -10    9   -6  -13   -2    0  -13   19   -3  -12   13    5
    1    1    9    1    1    5    2   63    2    0       801   15    2   -7   19   15   -2   -9   12  -11   -2   -2    1   -4   10   -7   -8   12   10
    1    1   10    1    3    2    2    4    1    0      1469   17    2   -4   16   16  -10  -11   10  -12  -12   -5    1   -9   22   -1  -11   12    4
    1    1   11    1    3    9    3   73    2    0      2574   14    3   -9   12    6   -6  -17    2   -8  -13   -4   -1  -14   19  -11   -7    7    2
    1    1   12    1    1    6    3   55    1    1      1124   19    7    2   11   21  -12  -13    7   -8    1   -8    6   -1    6    0   -8   17    1
    1    1   13    1    1    3    3   28    3    0      2481   22    3   -7   20    9    6   -9    9  -16    1   -4    6   -2   10  -10  -12   12   10
    1    1   14    1    2    2    2   96    1    0      1658   12   10    6    6   17    1  -11   20  -12   -7    1    1  -15   11  -10    3    9    3
    1    1   15    1    3    4    1   95    3    1      2371   14   -2   -5   20    9   -4  -10   11   -8  -14   -3   -1  -13   23   -4  -11   11    5
    1    1   16    1    1    8    2   10    1    1      2494   17    7   -6   20   16   -4   -8   11   -6    4   -4    9  -10    8  -14   -9    8    7
    1    1   17    1    1    2    2   92    2    0      2120   14    3   -5   17   22    6  -10    9  -12    0   -4    3   -3    7   -6  -10    8   10
    1    1   18    1    1    9    3   94    3    0      1535   18    3   -8   14    8    0  -11    8  -19  -10   -7    1  -15    2  -11  -16   19   18
    1    1   19    1    1    1    1   82    2    0      1805   13   -7    4   12   14   -2  -16    9  -11   -1   -6    0   -5    8   -6   -9   17    5
    1    1   20    1    3    8    2   92    3    1       817   14   -1    0   14    7   -6   -9    8   -5  -14   -3    1  -15   23   -3  -13   11    5
    1    1   21    1    2    1    1   97    2    1      1836   10   13   -1   10   13   -1  -14   20  -12   -6   -2    4  -13   11   -9   -9   11    4
    1    1   22    1    1    7    1   13    1    1      1295   13    2   -6   20   13   -3  -10   10  -11   -1    1    8   -9    3   -7   -8   12   10
    1    1   23    1    3    6    3   76    3    1       984   12   -4    3   19   10   -3    0    0  -15  -17   -6   -9  -13   14   -4  -11   20   13
    1    1   24    1    3    5    2   85    2    0       668   15   -3   -4   19    8   -3   -9    8   -8  -14   -4    5  -15   21   -2  -10   11    6
    1    1   25    1    2    6    3   42    1    0      1053   11   13    0   12   12   -1  -10   20   -8  -10   -5   -7  -16   18   -8   -6   10   -6
    1    1   26    1    2    4    1   16    2    1       991   10   13   -9   14   14   -1  -13   20   -8   -5   -1    3  -14   11   -9   -7   11    4
    1    1   27    1    2    3    3   15    3    0      1028   20   18    6    1    9    0   -4   15  -14  -11   -2    4  -14    3   -7  -11   12    0
    1    2    1    1    2    7    1   96    1    0      3237   10   14    0   11   12    0  -14   20  -12   -4   -1    3  -13   10   -9   -7   11    4
    1    2    2    1    3    8    2   92    3    1       623   14   -1    0   14    7   -6   -9    8   -5  -14   -3    1  -15   23   -3  -13   11    5
    1    2    3    1    1    3    3   28    1    1      1169   22    3   -7   20    9    6   -9    9  -16    1   -4    6   -2   10  -10  -12   12   10
    1    2    4    1    1    9    3   94    1    1       990   18    3   -8   14    8    0  -11    8  -19  -10   -7    1  -15    2  -11  -16   19   18
    1    2    5    1    3    7    1   65    3    1       819   15   -2   -4   19   10   -5  -10    8   -5  -12   -3    0  -14   20   -2  -13   12    6
    1    2    6    1    3    3    3   68    2    0       830   20    2   -3   21    9   -5  -10   10  -11  -21   -3    1  -19   16   -2  -11   12    3
    1    2    7    1    1    6    3   55    1    1      1160   19    7    2   11   21  -12  -13    7   -8    1   -8    6   -1    6    0   -8   17    1
    1    2    8    1    3    6    3   76    2    0      1366   12   -4    3   19   10   -3    0    0  -15  -17   -6   -9  -13   14   -4  -11   20   13
    1    2    9    1    2    1    1   97    3    0       699   10   13   -1   10   13   -1  -14   20  -12   -6   -2    4  -13   11   -9   -9   11    4
    1    2   10    1    2    4    1   16    2    1      1051   10   13   -9   14   14   -1  -13   20   -8   -5   -1    3  -14   11   -9   -7   11    4
    1    2   11    1    2    5    2   49    3    0      1133   11   13    1   11   14    1  -13   21  -14   -5   -3    2  -18   16   -6  -10   11    6
    1    2   12    1    1    5    2   63    2    0       825   15    2   -7   19   15   -2   -9   12  -11   -2   -2    1   -4   10   -7   -8   12   10
    1    2   13    1    3    1    1   80    3    1       963   14   -1   -3   19    9   -5  -10    9   -6  -13   -2    0  -13   19   -3  -12   13    5
    1    2   14    1    1    8    2   10    1    1      1496   17    7   -6   20   16   -4   -8   11   -6    4   -4    9  -10    8  -14   -9    8    7
    1    2   15    1    3    5    2   85    2    0       903   15   -3   -4   19    8   -3   -9    8   -8  -14   -4    5  -15   21   -2  -10   11    6
    1    2   16    1    2    9    3   90    1    0      1088    6   17    4    9   21   -4  -15   22  -11   -7  -10    7  -15   18  -13  -13    2    5
    1    2   17    1    3    4    1   95    2    0       800   14   -2   -5   20    9   -4  -10   11   -8  -14   -3   -1  -13   23   -4  -11   11    5
    1    2   18    1    1    7    1   13    1    1      1294   13    2   -6   20   13   -3  -10   10  -11   -1    1    8   -9    3   -7   -8   12   10
    1    2   19    1    3    2    2    4    1    0      2936   17    2   -4   16   16  -10  -11   10  -12  -12   -5    1   -9   22   -1  -11   12    4
    1    2   20    1    1    1    1   82    2    0       846   13   -7    4   12   14   -2  -16    9  -11   -1   -6    0   -5    8   -6   -9   17    5
    1    2   21    1    1    2    2   92    2    0      1240   14    3   -5   17   22    6  -10    9  -12    0   -4    3   -3    7   -6  -10    8   10
    1    2   22    1    3    9    3   73    2    0      1090   14    3   -9   12    6   -6  -17    2   -8  -13   -4   -1  -14   19  -11   -7    7    2
    1    2   23    1    2    8    2   79    1    0       947    9   13   -1   11   11    1  -11   18  -16  -13    3    1  -15   12  -10   -6    8   -1
    1    2   24    1    2    6    3   42    3    0      1673   11   13    0   12   12   -1  -10   20   -8  -10   -5   -7  -16   18   -8   -6   10   -6
    1    2   25    1    2    2    2   96    2    1      1024   12   10    6    6   17    1  -11   20  -12   -7    1    1  -15   11  -10    3    9    3
    1    2   26    1    1    4    1   90    2    0       915   13    3   -5   18   11   -4  -10   10  -10   -2   -6    5   -5    8   -1  -11   13    9
    1    2   27    1    2    3    3   15    1    0       890   20   18    6    1    9    0   -4   15  -14  -11   -2    4  -14    3   -7  -11   12    0
    1    3    1    1    3    1    1   80    2    0       933   14   -1   -3   19    9   -5  -10    9   -6  -13   -2    0  -13   19   -3  -12   13    5
    1    3    2    1    1    3    3   28    2    0      2379   22    3   -7   20    9    6   -9    9  -16    1   -4    6   -2   10  -10  -12   12   10
    1    3    3    1    1    9    3   94    1    1       824   18    3   -8   14    8    0  -11    8  -19  -10   -7    1  -15    2  -11  -16   19   18
    1    3    4    1    1    4    1   90    1    1      2388   13    3   -5   18   11   -4  -10   10  -10   -2   -6    5   -5    8   -1  -11   13    9
    1    3    5    1    2    3    3   15    1    0      1009   20   18    6    1    9    0   -4   15  -14  -11   -2    4  -14    3   -7  -11   12    0
    1    3    6    1    3    2    2    4    3    1      1286   17    2   -4   16   16  -10  -11   10  -12  -12   -5    1   -9   22   -1  -11   12    4
    1    3    7    1    2    9    3   90    1    0       956    6   17    4    9   21   -4  -15   22  -11   -7  -10    7  -15   18  -13  -13    2    5
    1    3    8    1    2    8    2   79    2    1      1329    9   13   -1   11   11    1  -11   18  -16  -13    3    1  -15   12  -10   -6    8   -1
    1    3    9    1    2    7    1   96    1    0      1208   10   14    0   11   12    0  -14   20  -12   -4   -1    3  -13   10   -9   -7   11    4
    1    3   10    1    1    8    2   10    1    1      1156   17    7   -6   20   16   -4   -8   11   -6    4   -4    9  -10    8  -14   -9    8    7
    1    3   11    1    2    2    2   96    3    0      1025   12   10    6    6   17    1  -11   20  -12   -7    1    1  -15   11  -10    3    9    3
    1    3   12    1    3    8    2   92    2    0       821   14   -1    0   14    7   -6   -9    8   -5  -14   -3    1  -15   23   -3  -13   11    5
    1    3   13    1    2    6    3   42    1    0       943   11   13    0   12   12   -1  -10   20   -8  -10   -5   -7  -16   18   -8   -6   10   -6
    1    3   14    1    1    1    1   82    2    0      1638   13   -7    4   12   14   -2  -16    9  -11   -1   -6    0   -5    8   -6   -9   17    5
    1    3   15    1    3    5    2   85    1    0      1168   15   -3   -4   19    8   -3   -9    8   -8  -14   -4    5  -15   21   -2  -10   11    6
    1    3   16    1    1    7    1   13    2    0      1758   13    2   -6   20   13   -3  -10   10  -11   -1    1    8   -9    3   -7   -8   12   10
    1    3   17    1    2    5    2   49    1    0      4501   11   13    1   11   14    1  -13   21  -14   -5   -3    2  -18   16   -6  -10   11    6
    1    3   18    1    2    1    1   97    2    1       605   10   13   -1   10   13   -1  -14   20  -12   -6   -2    4  -13   11   -9   -9   11    4
    1    3   19    1    3    3    3   68    3    1      1410   20    2   -3   21    9   -5  -10   10  -11  -21   -3    1  -19   16   -2  -11   12    3
    1    3   20    1    2    4    1   16    3    0      1622   10   13   -9   14   14   -1  -13   20   -8   -5   -1    3  -14   11   -9   -7   11    4
    1    3   21    1    3    7    1   65    3    1      2143   15   -2   -4   19   10   -5  -10    8   -5  -12   -3    0  -14   20   -2  -13   12    6
    1    3   22    1    1    6    3   55    1    1       965   19    7    2   11   21  -12  -13    7   -8    1   -8    6   -1    6    0   -8   17    1
    1    3   23    1    1    2    2   92    1    1      2043   14    3   -5   17   22    6  -10    9  -12    0   -4    3   -3    7   -6  -10    8   10
    1    3   24    1    1    5    2   63    2    0      1157   15    2   -7   19   15   -2   -9   12  -11   -2   -2    1   -4   10   -7   -8   12   10
    1    3   25    1    3    4    1   95    3    1      3364   14   -2   -5   20    9   -4  -10   11   -8  -14   -3   -1  -13   23   -4  -11   11    5
    1    3   26    1    3    6    3   76    1    0      2393   12   -4    3   19   10   -3    0    0  -15  -17   -6   -9  -13   14   -4  -11   20   13
    1    3   27    1    3    9    3   73    3    1      1653   14    3   -9   12    6   -6  -17    2   -8  -13   -4   -1  -14   19  -11   -7    7    2
    1    4    1    1    1    6    3   55    1    1      1933   19    7    2   11   21  -12  -13    7   -8    1   -8    6   -1    6    0   -8   17    1
    1    4    2    1    2    5    2   49    2    1      4251   11   13    1   11   14    1  -13   21  -14   -5   -3    2  -18   16   -6  -10   11    6
    1    4    3    1    2    1    1   97    2    1       846   10   13   -1   10   13   -1  -14   20  -12   -6   -2    4  -13   11   -9   -9   11    4
    1    4    4    1    1    4    1   90    1    1      1817   13    3   -5   18   11   -4  -10   10  -10   -2   -6    5   -5    8   -1  -11   13    9
    1    4    5    1    2    8    2   79    3    0      1661    9   13   -1   11   11    1  -11   18  -16  -13    3    1  -15   12  -10   -6    8   -1
    1    4    6    1    2    7    1   96    2    1      1255   10   14    0   11   12    0  -14   20  -12   -4   -1    3  -13   10   -9   -7   11    4
    1    4    7    1    3    7    1   65    3    1      1009   15   -2   -4   19   10   -5  -10    8   -5  -12   -3    0  -14   20   -2  -13   12    6
    1    4    8    1    1    7    1   13    1    1      1429   13    2   -6   20   13   -3  -10   10  -11   -1    1    8   -9    3   -7   -8   12   10
    1    4    9    1    2    3    3   15    3    0      8553   20   18    6    1    9    0   -4   15  -14  -11   -2    4  -14    3   -7  -11   12    0
    1    4   10    1    2    4    1   16    3    0      1551   10   13   -9   14   14   -1  -13   20   -8   -5   -1    3  -14   11   -9   -7   11    4
    1    4   11    1    3    3    3   68    3    1       845   20    2   -3   21    9   -5  -10   10  -11  -21   -3    1  -19   16   -2  -11   12    3
    1    4   12    1    3    8    2   92    1    0      4839   14   -1    0   14    7   -6   -9    8   -5  -14   -3    1  -15   23   -3  -13   11    5
    1    4   13    1    1    2    2   92    1    1      1314   14    3   -5   17   22    6  -10    9  -12    0   -4    3   -3    7   -6  -10    8   10
    1    4   14    1    3    4    1   95    3    1      1243   14   -2   -5   20    9   -4  -10   11   -8  -14   -3   -1  -13   23   -4  -11   11    5
    1    4   15    1    1    3    3   28    1    1       964   22    3   -7   20    9    6   -9    9  -16    1   -4    6   -2   10  -10  -12   12   10
    1    4   16    1    1    8    2   10    1    1       922   17    7   -6   20   16   -4   -8   11   -6    4   -4    9  -10    8  -14   -9    8    7
    1    4   17    1    3    9    3   73    3    1      1393   14    3   -9   12    6   -6  -17    2   -8  -13   -4   -1  -14   19  -11   -7    7    2
    1    4   18    1    3    1    1   80    3    1      1143   14   -1   -3   19    9   -5  -10    9   -6  -13   -2    0  -13   19   -3  -12   13    5
    1    4   19    1    1    9    3   94    1    1       966   18    3   -8   14    8    0  -11    8  -19  -10   -7    1  -15    2  -11  -16   19   18
    1    4   20    1    1    1    1   82    2    0      1660   13   -7    4   12   14   -2  -16    9  -11   -1   -6    0   -5    8   -6   -9   17    5
    1    4   21    1    3    2    2    4    2    0      2199   17    2   -4   16   16  -10  -11   10  -12  -12   -5    1   -9   22   -1  -11   12    4
    1    4   22    1    3    6    3   76    1    0      2588   12   -4    3   19   10   -3    0    0  -15  -17   -6   -9  -13   14   -4  -11   20   13
    1    4   23    1    1    5    2   63    2    0      1282   15    2   -7   19   15   -2   -9   12  -11   -2   -2    1   -4   10   -7   -8   12   10
    1    4   24    1    2    2    2   96    3    0      3179   12   10    6    6   17    1  -11   20  -12   -7    1    1  -15   11  -10    3    9    3
    1    4   25    1    2    9    3   90    3    0      4102    6   17    4    9   21   -4  -15   22  -11   -7  -10    7  -15   18  -13  -13    2    5
    1    4   26    1    3    5    2   85    3    1      1982   15   -3   -4   19    8   -3   -9    8   -8  -14   -4    5  -15   21   -2  -10   11    6
    1    4   27    1    2    6    3   42    1    0      1771   11   13    0   12   12   -1  -10   20   -8  -10   -5   -7  -16   18   -8   -6   10   -6
    1    5    1    1    1    7    1   13    1    1      5794   13    2   -6   20   13   -3  -10   10  -11   -1    1    8   -9    3   -7   -8   12   10
    1    5    2    1    1    8    2   10    1    1      1512   17    7   -6   20   16   -4   -8   11   -6    4   -4    9  -10    8  -14   -9    8    7
    1    5    3    1    1    4    1   90    1    1       794   13    3   -5   18   11   -4  -10   10  -10   -2   -6    5   -5    8   -1  -11   13    9
    1    5    4    1    2    1    1   97    1    0       903   10   13   -1   10   13   -1  -14   20  -12   -6   -2    4  -13   11   -9   -9   11    4
    1    5    5    1    2    4    1   16    3    0      1792   10   13   -9   14   14   -1  -13   20   -8   -5   -1    3  -14   11   -9   -7   11    4
    1    5    6    1    3    1    1   80    3    1      4613   14   -1   -3   19    9   -5  -10    9   -6  -13   -2    0  -13   19   -3  -12   13    5
    1    5    7    1    2    3    3   15    2    1      3016   20   18    6    1    9    0   -4   15  -14  -11   -2    4  -14    3   -7  -11   12    0
    1    5    8    1    3    8    2   92    3    1      1900   14   -1    0   14    7   -6   -9    8   -5  -14   -3    1  -15   23   -3  -13   11    5
    1    5    9    1    2    7    1   96    1    0      1418   10   14    0   11   12    0  -14   20  -12   -4   -1    3  -13   10   -9   -7   11    4
    1    5   10    1    1    6    3   55    1    1      1100   19    7    2   11   21  -12  -13    7   -8    1   -8    6   -1    6    0   -8   17    1
    1    5   11    1    3    5    2   85    3    1      6749   15   -3   -4   19    8   -3   -9    8   -8  -14   -4    5  -15   21   -2  -10   11    6
    1    5   12    1    2    8    2   79    3    0       954    9   13   -1   11   11    1  -11   18  -16  -13    3    1  -15   12  -10   -6    8   -1
    1    5   13    1    1    2    2   92    1    1      2047   14    3   -5   17   22    6  -10    9  -12    0   -4    3   -3    7   -6  -10    8   10
    1    5   14    1    1    3    3   28    1    1       650   22    3   -7   20    9    6   -9    9  -16    1   -4    6   -2   10  -10  -12   12   10
    1    5   15    1    3    4    1   95    3    1      2987   14   -2   -5   20    9   -4  -10   11   -8  -14   -3   -1  -13   23   -4  -11   11    5
    1    5   16    1    2    9    3   90    2    1      3391    6   17    4    9   21   -4  -15   22  -11   -7  -10    7  -15   18  -13  -13    2    5
    1    5   17    1    2    6    3   42    2    1      3267   11   13    0   12   12   -1  -10   20   -8  -10   -5   -7  -16   18   -8   -6   10   -6
    1    5   18    1    3    6    3   76    1    0      1773   12   -4    3   19   10   -3    0    0  -15  -17   -6   -9  -13   14   -4  -11   20   13
    1    5   19    1    2    5    2   49    2    1      1682   11   13    1   11   14    1  -13   21  -14   -5   -3    2  -18   16   -6  -10   11    6
    1    5   20    1    2    2    2   96    3    0      4123   12   10    6    6   17    1  -11   20  -12   -7    1    1  -15   11  -10    3    9    3
    1    5   21    1    3    7    1   65    3    1      6051   15   -2   -4   19   10   -5  -10    8   -5  -12   -3    0  -14   20   -2  -13   12    6
    1    5   22    1    3    9    3   73    1    0      3548   14    3   -9   12    6   -6  -17    2   -8  -13   -4   -1  -14   19  -11   -7    7    2
    1    5   23    1    1    5    2   63    2    0     11835   15    2   -7   19   15   -2   -9   12  -11   -2   -2    1   -4   10   -7   -8   12   10
    1    5   24    1    1    9    3   94    1    1      2540   18    3   -8   14    8    0  -11    8  -19  -10   -7    1  -15    2  -11  -16   19   18
    1    5   25    1    3    3    3   68    3    1      4035   20    2   -3   21    9   -5  -10   10  -11  -21   -3    1  -19   16   -2  -11   12    3
    1    5   26    1    3    2    2    4    2    0      4300   17    2   -4   16   16  -10  -11   10  -12  -12   -5    1   -9   22   -1  -11   12    4
    1    5   27    1    1    1    1   82    1    1      1531   13   -7    4   12   14   -2  -16    9  -11   -1   -6    0   -5    8   -6   -9   17    5
    1    6    1    1    3    1    1   80    3    1       843   14   -1   -3   19    9   -5  -10    9   -6  -13   -2    0  -13   19   -3  -12   13    5
    1    6    2    1    2    6    3   42    2    1      1508   11   13    0   12   12   -1  -10   20   -8  -10   -5   -7  -16   18   -8   -6   10   -6
    1    6    3    1    2    4    1   16    1    0      1973   10   13   -9   14   14   -1  -13   20   -8   -5   -1    3  -14   11   -9   -7   11    4
    1    6    4    1    2    2    2   96    3    0      1410   12   10    6    6   17    1  -11   20  -12   -7    1    1  -15   11  -10    3    9    3
    1    6    5    1    1    1    1   82    2    0      1157   13   -7    4   12   14   -2  -16    9  -11   -1   -6    0   -5    8   -6   -9   17    5
    1    6    6    1    2    7    1   96    1    0      1812   10   14    0   11   12    0  -14   20  -12   -4   -1    3  -13   10   -9   -7   11    4
    1    6    7    1    2    1    1   97    2    1      2249   10   13   -1   10   13   -1  -14   20  -12   -6   -2    4  -13   11   -9   -9   11    4
    1    6    8    1    2    5    2   49    2    1      1995   11   13    1   11   14    1  -13   21  -14   -5   -3    2  -18   16   -6  -10   11    6
    1    6    9    1    1    8    2   10    1    1      2904   17    7   -6   20   16   -4   -8   11   -6    4   -4    9  -10    8  -14   -9    8    7
    1    6   10    1    1    7    1   13    2    0      1824   13    2   -6   20   13   -3  -10   10  -11   -1    1    8   -9    3   -7   -8   12   10
    1    6   11    1    3    5    2   85    3    1       947   15   -3   -4   19    8   -3   -9    8   -8  -14   -4    5  -15   21   -2  -10   11    6
    1    6   12    1    3    3    3   68    3    1       938   20    2   -3   21    9   -5  -10   10  -11  -21   -3    1  -19   16   -2  -11   12    3
    1    6   13    1    1    5    2   63    2    0      2449   15    2   -7   19   15   -2   -9   12  -11   -2   -2    1   -4   10   -7   -8   12   10
    1    6   14    1    2    8    2   79    3    0      2267    9   13   -1   11   11    1  -11   18  -16  -13    3    1  -15   12  -10   -6    8   -1
    1    6   15    1    3    2    2    4    3    1      5229   17    2   -4   16   16  -10  -11   10  -12  -12   -5    1   -9   22   -1  -11   12    4
    1    6   16    1    2    3    3   15    1    0      2648   20   18    6    1    9    0   -4   15  -14  -11   -2    4  -14    3   -7  -11   12    0
    1    6   17    1    3    8    2   92    3    1       746   14   -1    0   14    7   -6   -9    8   -5  -14   -3    1  -15   23   -3  -13   11    5
    1    6   18    1    2    9    3   90    1    0      3162    6   17    4    9   21   -4  -15   22  -11   -7  -10    7  -15   18  -13  -13    2    5
    1    6   19    1    3    6    3   76    3    1      2311   12   -4    3   19   10   -3    0    0  -15  -17   -6   -9  -13   14   -4  -11   20   13
    1    6   20    1    1    6    3   55    1    1      1192   19    7    2   11   21  -12  -13    7   -8    1   -8    6   -1    6    0   -8   17    1
    1    6   21    1    1    4    1   90    1    1       789   13    3   -5   18   11   -4  -10   10  -10   -2   -6    5   -5    8   -1  -11   13    9
    1    6   22    1    3    7    1   65    3    1       979   15   -2   -4   19   10   -5  -10    8   -5  -12   -3    0  -14   20   -2  -13   12    6
    1    6   23    1    1    9    3   94    1    1      1687   18    3   -8   14    8    0  -11    8  -19  -10   -7    1  -15    2  -11  -16   19   18
    1    6   24    1    3    4    1   95    3    1       705   14   -2   -5   20    9   -4  -10   11   -8  -14   -3   -1  -13   23   -4  -11   11    5
    1    6   25    1    3    9    3   73    1    0      2273   14    3   -9   12    6   -6  -17    2   -8  -13   -4   -1  -14   19  -11   -7    7    2
    1    6   26    1    1    3    3   28    1    1      2243   22    3   -7   20    9    6   -9    9  -16    1   -4    6   -2   10  -10  -12   12   10
    1    6   27    1    1    2    2   92    1    1      2888   14    3   -5   17   22    6  -10    9  -12    0   -4    3   -3    7   -6  -10    8   10
    1    7    1    1    3    6    3   76    3    1       946   12   -4    3   19   10   -3    0    0  -15  -17   -6   -9  -13   14   -4  -11   20   13
    1    7    2    1    1    3    3   28    1    1      1320   22    3   -7   20    9    6   -9    9  -16    1   -4    6   -2   10  -10  -12   12   10
    1    7    3    1    1    7    1   13    2    0      1103   13    2   -6   20   13   -3  -10   10  -11   -1    1    8   -9    3   -7   -8   12   10
    1    7    4    1    3    5    2   85    3    1       704   15   -3   -4   19    8   -3   -9    8   -8  -14   -4    5  -15   21   -2  -10   11    6
    1    7    5    1    1    2    2   92    1    1       945   14    3   -5   17   22    6  -10    9  -12    0   -4    3   -3    7   -6  -10    8   10
    1    7    6    1    2    6    3   42    2    1      2088   11   13    0   12   12   -1  -10   20   -8  -10   -5   -7  -16   18   -8   -6   10   -6
    1    7    7    1    3    7    1   65    3    1       785   15   -2   -4   19   10   -5  -10    8   -5  -12   -3    0  -14   20   -2  -13   12    6
    1    7    8    1    2    3    3   15    2    1      1919   20   18    6    1    9    0   -4   15  -14  -11   -2    4  -14    3   -7  -11   12    0
    1    7    9    1    3    8    2   92    3    1       783   14   -1    0   14    7   -6   -9    8   -5  -14   -3    1  -15   23   -3  -13   11    5
    1    7   10    1    1    8    2   10    1    1       763   17    7   -6   20   16   -4   -8   11   -6    4   -4    9  -10    8  -14   -9    8    7
    1    7   11    1    1    5    2   63    2    0      2729   15    2   -7   19   15   -2   -9   12  -11   -2   -2    1   -4   10   -7   -8   12   10
    1    7   12    1    3    3    3   68    3    1       745   20    2   -3   21    9   -5  -10   10  -11  -21   -3    1  -19   16   -2  -11   12    3
    1    7   13    1    2    1    1   97    1    0      2536   10   13   -1   10   13   -1  -14   20  -12   -6   -2    4  -13   11   -9   -9   11    4
    1    7   14    1    1    4    1   90    1    1       814   13    3   -5   18   11   -4  -10   10  -10   -2   -6    5   -5    8   -1  -11   13    9
    1    7   15    1    1    6    3   55    1    1      2937   19    7    2   11   21  -12  -13    7   -8    1   -8    6   -1    6    0   -8   17    1
    1    7   16    1    2    4    1   16    3    0       881   10   13   -9   14   14   -1  -13   20   -8   -5   -1    3  -14   11   -9   -7   11    4
    1    7   17    1    1    9    3   94    1    1      5979   18    3   -8   14    8    0  -11    8  -19  -10   -7    1  -15    2  -11  -16   19   18
    1    7   18    1    3    2    2    4    2    0      1496   17    2   -4   16   16  -10  -11   10  -12  -12   -5    1   -9   22   -1  -11   12    4
    1    7   19    1    2    9    3   90    3    0      3032    6   17    4    9   21   -4  -15   22  -11   -7  -10    7  -15   18  -13  -13    2    5
    1    7   20    1    2    5    2   49    2    1      1978   11   13    1   11   14    1  -13   21  -14   -5   -3    2  -18   16   -6  -10   11    6
    1    7   21    1    2    2    2   96    1    0      7734   12   10    6    6   17    1  -11   20  -12   -7    1    1  -15   11  -10    3    9    3
    1    7   22    1    2    7    1   96    2    1       988   10   14    0   11   12    0  -14   20  -12   -4   -1    3  -13   10   -9   -7   11    4
    1    7   23    1    1    1    1   82    2    0      1057   13   -7    4   12   14   -2  -16    9  -11   -1   -6    0   -5    8   -6   -9   17    5
    1    7   24    1    3    1    1   80    3    1       931   14   -1   -3   19    9   -5  -10    9   -6  -13   -2    0  -13   19   -3  -12   13    5
    1    7   25    1    2    8    2   79    3    0      2266    9   13   -1   11   11    1  -11   18  -16  -13    3    1  -15   12  -10   -6    8   -1
    1    7   26    1    3    9    3   73    1    0     18059   14    3   -9   12    6   -6  -17    2   -8  -13   -4   -1  -14   19  -11   -7    7    2
    1    7   27    1    3    4    1   95    3    1       836   14   -2   -5   20    9   -4  -10   11   -8  -14   -3   -1  -13   23   -4  -11   11    5
    1    8    1    1    2    1    1   97    2    1      1022   10   13   -1   10   13   -1  -14   20  -12   -6   -2    4  -13   11   -9   -9   11    4
    1    8    2    1    3    6    3   76    3    1       945   12   -4    3   19   10   -3    0    0  -15  -17   -6   -9  -13   14   -4  -11   20   13
    1    8    3    1    3    5    2   85    3    1      1031   15   -3   -4   19    8   -3   -9    8   -8  -14   -4    5  -15   21   -2  -10   11    6
    1    8    4    1    3    9    3   73    2    0      2106   14    3   -9   12    6   -6  -17    2   -8  -13   -4   -1  -14   19  -11   -7    7    2
    1    8    5    1    1    7    1   13    2    0      1906   13    2   -6   20   13   -3  -10   10  -11   -1    1    8   -9    3   -7   -8   12   10
    1    8    6    1    1    2    2   92    1    1      1475   14    3   -5   17   22    6  -10    9  -12    0   -4    3   -3    7   -6  -10    8   10
    1    8    7    1    2    8    2   79    1    0      2917    9   13   -1   11   11    1  -11   18  -16  -13    3    1  -15   12  -10   -6    8   -1
    1    8    8    1    3    7    1   65    3    1       668   15   -2   -4   19   10   -5  -10    8   -5  -12   -3    0  -14   20   -2  -13   12    6
    1    8    9    1    1    4    1   90    1    1      4270   13    3   -5   18   11   -4  -10   10  -10   -2   -6    5   -5    8   -1  -11   13    9
    1    8   10    1    3    3    3   68    3    1      1091   20    2   -3   21    9   -5  -10   10  -11  -21   -3    1  -19   16   -2  -11   12    3
    1    8   11    1    1    9    3   94    1    1      4788   18    3   -8   14    8    0  -11    8  -19  -10   -7    1  -15    2  -11  -16   19   18
    1    8   12    1    1    3    3   28    1    1      1234   22    3   -7   20    9    6   -9    9  -16    1   -4    6   -2   10  -10  -12   12   10
    1    8   13    1    2    3    3   15    2    1      1742   20   18    6    1    9    0   -4   15  -14  -11   -2    4  -14    3   -7  -11   12    0
    1    8   14    1    3    2    2    4    3    1      1604   17    2   -4   16   16  -10  -11   10  -12  -12   -5    1   -9   22   -1  -11   12    4
    1    8   15    1    2    9    3   90    3    0      2751    6   17    4    9   21   -4  -15   22  -11   -7  -10    7  -15   18  -13  -13    2    5
    1    8   16    1    2    2    2   96    1    0      3228   12   10    6    6   17    1  -11   20  -12   -7    1    1  -15   11  -10    3    9    3
    1    8   17    1    1    5    2   63    1    1      1879   15    2   -7   19   15   -2   -9   12  -11   -2   -2    1   -4   10   -7   -8   12   10
    1    8   18    1    2    7    1   96    2    1      1193   10   14    0   11   12    0  -14   20  -12   -4   -1    3  -13   10   -9   -7   11    4
    1    8   19    1    3    4    1   95    3    1       821   14   -2   -5   20    9   -4  -10   11   -8  -14   -3   -1  -13   23   -4  -11   11    5
    1    8   20    1    1    1    1   82    2    0      2272   13   -7    4   12   14   -2  -16    9  -11   -1   -6    0   -5    8   -6   -9   17    5
    1    8   21    1    3    8    2   92    3    1       850   14   -1    0   14    7   -6   -9    8   -5  -14   -3    1  -15   23   -3  -13   11    5
    1    8   22    1    2    6    3   42    1    0      6076   11   13    0   12   12   -1  -10   20   -8  -10   -5   -7  -16   18   -8   -6   10   -6
    1    8   23    1    3    1    1   80    3    1       854   14   -1   -3   19    9   -5  -10    9   -6  -13   -2    0  -13   19   -3  -12   13    5
    1    8   24    1    1    8    2   10    1    1      1615   17    7   -6   20   16   -4   -8   11   -6    4   -4    9  -10    8  -14   -9    8    7
    1    8   25    1    1    6    3   55    2    0      1547   19    7    2   11   21  -12  -13    7   -8    1   -8    6   -1    6    0   -8   17    1
    1    8   26    1    2    5    2   49    2    1      1051   11   13    1   11   14    1  -13   21  -14   -5   -3    2  -18   16   -6  -10   11    6
    1    8   27    1    2    4    1   16    2    1      4397   10   13   -9   14   14   -1  -13   20   -8   -5   -1    3  -14   11   -9   -7   11    4
    1    9    1    1    2    6    3   42    2    1      1706   11   13    0   12   12   -1  -10   20   -8  -10   -5   -7  -16   18   -8   -6   10   -6
    1    9    2    1    3    9    3   73    3    1      2355   14    3   -9   12    6   -6  -17    2   -8  -13   -4   -1  -14   19  -11   -7    7    2
    1    9    3    1    2    3    3   15    1    0      2386   20   18    6    1    9    0   -4   15  -14  -11   -2    4  -14    3   -7  -11   12    0
    1    9    4    1    3    4    1   95    3    1       847   14   -2   -5   20    9   -4  -10   11   -8  -14   -3   -1  -13   23   -4  -11   11    5
    1    9    5    1    1    8    2   10    1    1      2632   17    7   -6   20   16   -4   -8   11   -6    4   -4    9  -10    8  -14   -9    8    7
    1    9    6    1    1    2    2   92    1    1      1852   14    3   -5   17   22    6  -10    9  -12    0   -4    3   -3    7   -6  -10    8   10
    1    9    7    1    3    3    3   68    3    1       734   20    2   -3   21    9   -5  -10   10  -11  -21   -3    1  -19   16   -2  -11   12    3
    1    9    8    1    3    1    1   80    3    1       732   14   -1   -3   19    9   -5  -10    9   -6  -13   -2    0  -13   19   -3  -12   13    5
    1    9    9    1    2    9    3   90    3    0      3611    6   17    4    9   21   -4  -15   22  -11   -7  -10    7  -15   18  -13  -13    2    5
    1    9   10    1    1    3    3   28    1    1      1910   22    3   -7   20    9    6   -9    9  -16    1   -4    6   -2   10  -10  -12   12   10
    1    9   11    1    1    1    1   82    2    0      2087   13   -7    4   12   14   -2  -16    9  -11   -1   -6    0   -5    8   -6   -9   17    5
    1    9   12    1    2    1    1   97    1    0      3297   10   13   -1   10   13   -1  -14   20  -12   -6   -2    4  -13   11   -9   -9   11    4
    1    9   13    1    2    2    2   96    2    1      5708   12   10    6    6   17    1  -11   20  -12   -7    1    1  -15   11  -10    3    9    3
    1    9   14    1    2    4    1   16    2    1      4036   10   13   -9   14   14   -1  -13   20   -8   -5   -1    3  -14   11   -9   -7   11    4
    1    9   15    1    1    7    1   13    2    0      2094   13    2   -6   20   13   -3  -10   10  -11   -1    1    8   -9    3   -7   -8   12   10
    1    9   16    1    3    6    3   76    3    1       936   12   -4    3   19   10   -3    0    0  -15  -17   -6   -9  -13   14   -4  -11   20   13
    1    9   17    1    3    7    1   65    3    1       847   15   -2   -4   19   10   -5  -10    8   -5  -12   -3    0  -14   20   -2  -13   12    6
    1    9   18    1    3    5    2   85    3    1      1163   15   -3   -4   19    8   -3   -9    8   -8  -14   -4    5  -15   21   -2  -10   11    6
    1    9   19    1    3    8    2   92    3    1       730   14   -1    0   14    7   -6   -9    8   -5  -14   -3    1  -15   23   -3  -13   11    5
    1    9   20    1    1    5    2   63    2    0      2009   15    2   -7   19   15   -2   -9   12  -11   -2   -2    1   -4   10   -7   -8   12   10
    1    9   21    1    2    8    2   79    1    0      9605    9   13   -1   11   11    1  -11   18  -16  -13    3    1  -15   12  -10   -6    8   -1
    1    9   22    1    2    5    2   49    2    1      1122   11   13    1   11   14    1  -13   21  -14   -5   -3    2  -18   16   -6  -10   11    6
    1    9   23    1    1    6    3   55    1    1      3474   19    7    2   11   21  -12  -13    7   -8    1   -8    6   -1    6    0   -8   17    1
    1    9   24    1    1    9    3   94    1    1      6882   18    3   -8   14    8    0  -11    8  -19  -10   -7    1  -15    2  -11  -16   19   18
    1    9   25    1    3    2    2    4    3    1      1787   17    2   -4   16   16  -10  -11   10  -12  -12   -5    1   -9   22   -1  -11   12    4
    1    9   26    1    2    7    1   96    2    1      1470   10   14    0   11   12    0  -14   20  -12   -4   -1    3  -13   10   -9   -7   11    4
    1    9   27    1    1    4    1   90    2    0      2353   13    3   -5   18   11   -4  -10   10  -10   -2   -6    5   -5    8   -1  -11   13    9
    1   10    1    1    2    4    1   16    2    1      3328   10   13   -9   14   14   -1  -13   20   -8   -5   -1    3  -14   11   -9   -7   11    4
    1   10    2    1    3    8    2   92    3    1       808   14   -1    0   14    7   -6   -9    8   -5  -14   -3    1  -15   23   -3  -13   11    5
    1   10    3    1    2    7    1   96    2    1      1125   10   14    0   11   12    0  -14   20  -12   -4   -1    3  -13   10   -9   -7   11    4
    1   10    4    1    3    1    1   80    3    1       709   14   -1   -3   19    9   -5  -10    9   -6  -13   -2    0  -13   19   -3  -12   13    5
    1   10    5    1    3    4    1   95    3    1       739   14   -2   -5   20    9   -4  -10   11   -8  -14   -3   -1  -13   23   -4  -11   11    5
    1   10    6    1    1    3    3   28    1    1      1378   22    3   -7   20    9    6   -9    9  -16    1   -4    6   -2   10  -10  -12   12   10
    1   10    7    1    1    5    2   63    2    0      1704   15    2   -7   19   15   -2   -9   12  -11   -2   -2    1   -4   10   -7   -8   12   10
    1   10    8    1    1    6    3   55    1    1      1008   19    7    2   11   21  -12  -13    7   -8    1   -8    6   -1    6    0   -8   17    1
    1   10    9    1    3    6    3   76    3    1       838   12   -4    3   19   10   -3    0    0  -15  -17   -6   -9  -13   14   -4  -11   20   13
    1   10   10    1    2    9    3   90    2    1      3249    6   17    4    9   21   -4  -15   22  -11   -7  -10    7  -15   18  -13  -13    2    5
    1   10   11    1    1    2    2   92    1    1      1323   14    3   -5   17   22    6  -10    9  -12    0   -4    3   -3    7   -6  -10    8   10
    1   10   12    1    2    8    2   79    2    1      1859    9   13   -1   11   11    1  -11   18  -16  -13    3    1  -15   12  -10   -6    8   -1
    1   10   13    1    3    7    1   65    3    1       725   15   -2   -4   19   10   -5  -10    8   -5  -12   -3    0  -14   20   -2  -13   12    6
    1   10   14    1    2    5    2   49    2    1      1219   11   13    1   11   14    1  -13   21  -14   -5   -3    2  -18   16   -6  -10   11    6
    1   10   15    1    2    6    3   42    1    0      1086   11   13    0   12   12   -1  -10   20   -8  -10   -5   -7  -16   18   -8   -6   10   -6
    1   10   16    1    2    1    1   97    2    1      1663   10   13   -1   10   13   -1  -14   20  -12   -6   -2    4  -13   11   -9   -9   11    4
    1   10   17    1    3    3    3   68    3    1       778   20    2   -3   21    9   -5  -10   10  -11  -21   -3    1  -19   16   -2  -11   12    3
    1   10   18    1    3    2    2    4    2    0      1784   17    2   -4   16   16  -10  -11   10  -12  -12   -5    1   -9   22   -1  -11   12    4
    1   10   19    1    1    8    2   10    1    1      2158   17    7   -6   20   16   -4   -8   11   -6    4   -4    9  -10    8  -14   -9    8    7
    1   10   20    1    3    9    3   73    2    0      5989   14    3   -9   12    6   -6  -17    2   -8  -13   -4   -1  -14   19  -11   -7    7    2
    1   10   21    1    1    1    1   82    1    1      3779   13   -7    4   12   14   -2  -16    9  -11   -1   -6    0   -5    8   -6   -9   17    5
    1   10   22    1    3    5    2   85    3    1      2792   15   -3   -4   19    8   -3   -9    8   -8  -14   -4    5  -15   21   -2  -10   11    6
    1   10   23    1    1    4    1   90    2    0      1091   13    3   -5   18   11   -4  -10   10  -10   -2   -6    5   -5    8   -1  -11   13    9
    1   10   24    1    1    9    3   94    1    1      1589   18    3   -8   14    8    0  -11    8  -19  -10   -7    1  -15    2  -11  -16   19   18
    1   10   25    1    2    3    3   15    2    1      1459   20   18    6    1    9    0   -4   15  -14  -11   -2    4  -14    3   -7  -11   12    0
    1   10   26    1    2    2    2   96    3    0      4358   12   10    6    6   17    1  -11   20  -12   -7    1    1  -15   11  -10    3    9    3
    1   10   27    1    1    7    1   13    2    0      1636   13    2   -6   20   13   -3  -10   10  -11   -1    1    8   -9    3   -7   -8   12   10
    2    1    1    5    1    3    3  195    1    1      2037   18    4   -7   18   21   -5   -9   12  -16  -11   -6   12   -5    9   -5  -10   14   10
    2    1    2    1    1    3    3   28    1    1      1729   22    3   -7   20    9    6   -9    9  -16    1   -4    6   -2   10  -10  -12   12   10
    2    1    3    5    3    9    3  133    3    1      1225    7   -5   -7   18    9    4   -9    8   -8  -11    0   -5  -13   20   -4  -12   17   11
    2    1    4    4    2    3    2  119    2    1      3380    5    7   -2   12   13    0  -14   21  -14   -4   -4    3  -23    3   -9   -6   15    2
    2    1    5    1    2    3    3   15    2    1      1993   20   18    6    1    9    0   -4   15  -14  -11   -2    4  -14    3   -7  -11   12    0
    2    1    6    5    1    6    3  122    2    0      5591   12    3   -3   12   13   -3  -10    9   -9    0   -4    5    0   15   -1    0   12   10
    2    1    7    1    2    5    2   49    2    1      6882   11   13    1   11   14    1  -13   21  -14   -5   -3    2  -18   16   -6  -10   11    6
    2    1    8    1    1    1    1   82    2    0      8091   13   -7    4   12   14   -2  -16    9  -11   -1   -6    0   -5    8   -6   -9   17    5
    2    1    9    5    3    2    3  125    3    1      2452   16   -3   -4   20   13   -9   -6    5   -3   -8   -4   -2  -11   20   -4  -14   11    7
    2    1   10    5    2    6    3  115    2    1      1309   13   19   -1   10   13   -6  -12   21  -13   -4   -3   -6  -16   14  -18    0   14    1
    2    1   11    2    3    0    0    0    3    1       805   15   -2   -5   20    9   -4  -10    9   -7  -13   -3    0  -13   19   -3  -12   12    5
    2    1   12    4    2    2    2  179    2    1      3521   11   18    0    9   11   -3  -11   15  -12   -8   -2    3  -14   12  -10   -7    9    4
    2    1   13    4    2    4    2  148    2    1      7775    7    8    1   11   11   -3  -17   21  -13   -5    6   10  -12   10   -9   -8   12    4
    2    1   14    5    3    8    3  145    3    1      3077   13   -3    5   19   15  -10  -12   10   -8   -3   -8    3  -12   18   -1  -10   13    4
    2    1   15    4    2    5    2  143    1    0      3861   12   14   -1   12   13    0  -12   19  -13   -6    0    2  -17   15   -7   -5   10   -5
    2    1   16    1    3    8    2   92    3    1      1383   14   -1    0   14    7   -6   -9    8   -5  -14   -3    1  -15   23   -3  -13   11    5
    2    1   17    5    3    1    3  182    3    1       700   14   -2  -11   20    9   -6  -16    7   -7  -22   -8    2  -10   13    4   -3    4    0
    2    1   18    3    1    1    1  140    1    1      3611   13    4   -5   18   14   -1  -10   10  -11   -1   -5    3   -6    7   -6  -10   13   10
    2    1   19    1    3    3    3   68    3    1       825   20    2   -3   21    9   -5  -10   10  -11  -21   -3    1  -19   16   -2  -11   12    3
    2    1   20    1    2    6    3   42    2    1      5365   11   13    0   12   12   -1  -10   20   -8  -10   -5   -7  -16   18   -8   -6   10   -6
    2    1   21    3    2    1    1  171    2    1      1659   11   13    0   11   13   -2  -12   20  -10  -10   -1    2  -14   12   -8   -7   11    4
    2    1   22    5    1    8    3  124    1    1      3509    8   11    1   21   13   -1   -9    6   -8   -6   -5    3   -4   12    1   -3   23    4
    2    1   23    5    2    4    3  154    3    0      5334   11   15   -2   15   12   -1   -8   23  -10    4   -2    4  -19   16   -2  -17   11    3
    2    1   24    5    2    8    3  179    1    0      6380   13   10   -2    9   12   -1  -14   22  -12   -4    6    8  -15   11  -10   -6   10    3
    2    1   25    4    1    2    2  132    1    1      1594   11    8   -6   19   12   -2  -12   10  -12    1   -6    4   -6    8   -5   -6   13   10
    2    1   26    2    1    0    0    0    1    1      2582   13    3   -5   18   14   -2  -10   10  -11   -1   -5    4   -5    8   -6   -9   13    9
    2    1   27    4    1    4    2  104    1    1     15196   14    5   -2   21   14   -3   -9   12  -21    1   -6    3   -4    7   -8   -8   13   10
    2    1   28    1    1    2    2   92    2    0      8201   14    3   -5   17   22    6  -10    9  -12    0   -4    3   -3    7   -6  -10    8   10
    2    1   29    4    3    3    2  128    3    1      1709   14   -4   -4   19   13  -10  -16    7   -8  -13   -2   -1  -12   19    2  -11   11    7
    2    1   30    1    2    1    1   97    2    1      1638   10   13   -1   10   13   -1  -14   20  -12   -6   -2    4  -13   11   -9   -9   11    4
    2    1   31    5    1    1    3  112    1    1      2817   15   -7   -7   19   14   -3  -12   11  -19    0   -5    6    3    6  -14    1   14   11
    2    1   32    1    2    8    2   79    3    0      2510    9   13   -1   11   11    1  -11   18  -16  -13    3    1  -15   12  -10   -6    8   -1
    2    1   33    1    3    6    3   76    3    1       773   12   -4    3   19   10   -3    0    0  -15  -17   -6   -9  -13   14   -4  -11   20   13
    2    1   34    5    3    4    3  134    3    1      2257   23    2   -5   19    2   -1  -12    9   -5  -15   -5    4  -17   14   -4  -11   11    5
    2    1   35    4    2    1    2  177    2    1       995   10   15   -1   12   12   -3  -13   19  -10   -7    0    2  -14   10   -7  -10   10    5
    2    1   36    5    3    3    3  192    3    1      1656   19   -8   -5   19    9   -3   -9    9   -4  -16   -4    0   -7   12    1  -15   12    3
    2    1   37    5    2    3    3  195    2    1      5811   13    9   -2   12   15   -1   -6   20  -13  -11    0    3  -17   18  -12   -8    9    3
    2    1   38    4    3    5    2  163    3    1      2774   16   -2   -4   22   10   -3  -11    7   -6  -12   -3   -3  -13   20   -3  -17   14    5
    2    1   39    5    2    7    3  125    1    0      6612    6   13   -1   11   14   -2  -19   15  -17   -3   -2    5  -16   13  -17    2    3   12
    2    1   40    3    1    3    1  117    1    1      2392   13    3   -6   18   14   -2  -10    9  -12    0   -5    4   -5    8   -6   -9   13    9
    2    1   41    1    2    4    1   16    2    1      3941   10   13   -9   14   14   -1  -13   20   -8   -5   -1    3  -14   11   -9   -7   11    4
    2    1   42    5    1    5    3  157    1    1      3141    7    2   -4   17   13   -3   -6   14  -19    0   -6    5   -9   14  -11  -14   20    7
    2    1   43    5    3    6    3  124    3    1      7827   17   -1   -6   19    9   -5  -11    2   -6  -11  -11   -8  -12   17   -3  -13   11    4
    2    1   44    4    3    2    2  175    3    1      1253   15   -3   -4   22    8   -3   -9    8   -7  -14  -10    0  -11   17    1  -10   11    6
    2    1   45    2    2    0    0    0    2    1      1245   10   13    0   11   13   -1  -13   20  -12   -6   -1    3  -14   11   -9   -7   11    4
    2    1   46    5    2    9    3  124    3    0      2456   11   13   -1   12   17   -1   -9   23   -2  -11    3   -1   -5   13   -9   -6   10    5
    2    1   47    4    3    4    2  166    3    1      1519   11    7   -6   19    8   -6  -11   10   -5  -11   -3   -2  -22   20   -4  -13   19    0
    2    1   48    1    2    7    1   96    2    1       923   10   14    0   11   12    0  -14   20  -12   -4   -1    3  -13   10   -9   -7   11    4
    2    1   49    5    1    9    3  147    2    0      9939    9   10   -5   19   16   -1  -17   19   -3    1   -6    4   -6    8  -16   -7   13   11
    2    1   50    4    1    3    2  194    1    1      1073   14    2   -4   17   14   -3  -11   10  -11    0   -3    9   -5    7   -4   -8   14    9
    2    1   51    1    3    9    3   73    2    0      1683   14    3   -9   12    6   -6  -17    2   -8  -13   -4   -1  -14   19  -11   -7    7    2
    2    1   52    4    1    1    2  170    1    1      5453   21   -3   -1   21   13   -4  -12    8  -18    4  -10    6   -4   10   -4   -8   13    8
    2    1   53    3    2    2    1  104    2    1      1839   11   14   -1   12   12   -2   -3   22  -12   -5   -5   -6  -14   11   -9   -7   12    5
    2    1   54    1    1    9    3   94    1    1      2002   18    3   -8   14    8    0  -11    8  -19  -10   -7    1  -15    2  -11  -16   19   18
    2    1   55    3    3    1    1  105    3    1      1053   14   -1   -4   21    9   -3  -10    8   -7  -13    2   -3  -13   19   -1  -14   12    5
    2    1   56    6    2    0    3  129    2    1      3774   10   12    0   10   13   -4   -6   13   -5    4    0    4  -10    8   -4  -12    4    8
    2    1   57    4    3    1    2  171    3    1       963   17    0  -15   24   11   -6   -8    8   -2  -16   -4    1  -12   17   -5  -13   12    6
    2    1   58    1    1    8    2   10    1    1      1175   17    7   -6   20   16   -4   -8   11   -6    4   -4    9  -10    8  -14   -9    8    7
    2    1   59    4    1    5    2  143    1    1      6022   14    3   -6   18   16    0  -10    9  -21   -6    2   -3   -5    7   -3  -12   12    8
    2    1   60    1    2    9    3   90    2    1      6098    6   17    4    9   21   -4  -15   22  -11   -7  -10    7  -15   18  -13  -13    2    5
    2    1   61    1    3    2    2    4    2    0      3002   17    2   -4   16   16  -10  -11   10  -12  -12   -5    1   -9   22   -1  -11   12    4
    2    1   62    1    3    1    1   80    3    1       766   14   -1   -3   19    9   -5  -10    9   -6  -13   -2    0  -13   19   -3  -12   13    5
    2    1   63    1    3    4    1   95    3    1       731   14   -2   -5   20    9   -4  -10   11   -8  -14   -3   -1  -13   23   -4  -11   11    5
    2    1   64    3    1    2    1  165    1    1      2969   14    3   -5   18   15   -3  -11   10  -12   -1   -5    4   -5    9   -6   -9   13    9
    2    1   65    5    3    7    3  158    2    0      7967   19    0   -7   22   12   -4   -9    9   -5  -11   -2    2  -13    9   -8   -7   14    6
    2    1   66    1    3    5    2   85    3    1       653   15   -3   -4   19    8   -3   -9    8   -8  -14   -4    5  -15   21   -2  -10   11    6
    2    1   67    4    1    6    2  137    1    1      4845   13    1   -3   18   15    0   -9    9  -12   -3  -15   -1   -4   10   -5  -11   13    8
    2    1   68    3    3    3    1  181    3    1       746   16   -2   -5   19   10   -5  -10    9   -7  -13   -3   -1  -13   20    4  -12   12    5
    2    1   69    4    3    6    2  116    2    0      2552   15   -3   -4   19    5  -14  -13   11   -4  -15    0    4  -12   19   -2   -7   13    3
    2    1   70    1    1    5    2   63    1    1      4927   15    2   -7   19   15   -2   -9   12  -11   -2   -2    1   -4   10   -7   -8   12   10
    2    1   71    5    3    5    3  119    3    1      1702   17   -4   -6   21    8   -5   -4   15   -2  -17    0    2  -11   16   -3  -11   14    2
    2    1   72    5    2    2    3  189    2    1      3230   12   12   -1   12   16    0   -6   20  -10   -2    0    2  -15   16  -10   -6   17   -2
    2    1   73    4    2    6    2  162    2    1      4665   18    5    0   12    9   -2  -12   20  -19   -6   -1    4  -15   10   -9   -6   10    5
    2    1   74    1    1    4    1   90    1    1      4234   13    3   -5   18   11   -4  -10   10  -10   -2   -6    5   -5    8   -1  -11   13    9
    2    1   75    5    1    4    3  134    2    0      5309   20    0  -10   11   14   -4  -10    5  -12   -2   -9    9    4   18   -7   -8   13   10
    2    1   76    3    3    2    1  110    3    1       790   15   -2   -4   19    8   -4  -10    9   -8  -13   -3    0  -13   19   -2  -13   11    5
    2    1   77    1    1    7    1   13    2    0      7459   13    2   -6   20   13   -3  -10   10  -11   -1    1    8   -9    3   -7   -8   12   10
    2    1   78    5    2    1    3  170    3    0      2372   10   11   -9    6   18    6  -14   21  -13   -6    4   10  -18   12  -13   -9    2    7
    2    1   79    1    3    7    1   65    3    1       689   15   -2   -4   19   10   -5  -10    8   -5  -12   -3    0  -14   20   -2  -13   12    6
    2    1   80    6    1    0    3  126    2    0      2241   20    5   -3   19   15    0   -9    3   -9    0   -7    4   -4    7    3  -12    7    0
    2    1   81    6    3    0    3  110    1    0      3253   17   -2    3   22    9   -3  -14   14   -8   -4   -4    1  -14   20  -13  -15    7   12
    2    1   82    3    2    3    1  128    2    1      3950   15   21    1   10   13   -1  -14   20  -13   -5   -1    3  -14   11   -9   -7   10    2
    2    1   83    1    1    6    3   55    1    1      7644   19    7    2   11   21  -12  -13    7   -8    1   -8    6   -1    6    0   -8   17    1
    2    1   84    1    2    2    2   96    2    1      8615   12   10    6    6   17    1  -11   20  -12   -7    1    1  -15   11  -10    3    9    3
    2    1   85    5    1    2    3  150    1    1     10810   10   -4   -6    9   14   -1  -11   11   -6   -3   -3    3   -5   13   -5   -7   17   14
    2    1   86    5    2    5    3  114    2    1      1863    0   23    0   10   14   -1  -14   20  -16   -1   -3    0  -14   10   -6   -2   13    2
    2    1   87    5    1    7    3  171    2    0      2665   14    6   -8   18   15   -1  -10   11  -11    0   -3   -4   -4    8   -7  -10   21    9
