    1    1    1    1    3    7    2   64    1    0      6050   14   -2   -2   12    8   -7   -9    9   -9  -10   -2   -1  -12   18   -5   -8   16    8
    1    1    2    1    2    2    2   16    2    1      1248   12   13   -1   11   12   -5  -15   24  -11   -7   -2    3  -15    9   -7   -9   10    4
    1    1    3    1    2    9    2   85    3    0      3621    5    9   -2   13    9   -6  -13   18  -11   -7   -1    1  -13   12   -8   -8   10    2
    1    1    4    1    2    3    2   96    1    0       961   12   10    6    6   17    1  -11   20  -12   -7    1    1  -15   11  -10    3    9    3
    1    1    5    1    3    3    2   65    1    0      1400   14   -3    0   22    8   -3   -8    8   -8  -13    3    1  -14   19    1  -16   14    4
    1    1    6    1    2    5    2   47    2    1      1684   12   12    1   10   15   -3  -12   20  -12   -8   -3    1  -18   12  -10  -10   10    4
    1    1    7    1    2    4    2   93    3    0      1087   10   14   -4   11   14   -1  -12   22  -10   -8    0    2  -13   11   -9   -3   21    2
    1    1    8    1    1    1    2   82    2    0       801   11    3   -5   19   16   -3   -9    9  -13    6  -12   -1  -11   17   -6   -8   14   11
    1    1    9    1    3    4    2    4    2    0      1854   17    2   -4   16   16  -10  -11   10  -12  -12   -5    1   -9   22   -1  -11   12    4
    1    1   10    1    3    6    2   89    3    1      2968   14   -3  -14   14    9   -5   -2   12   -4  -10  -13   -1  -11   20    5   -9   13    5
    1    1   11    1    1    6    2   10    3    0      1367   17    7   -6   20   16   -4   -8   11   -6    4   -4    9  -10    8  -14   -9    8    7
    1    1   12    1    1    8    2   51    2    0      1317   15    4  -12   16   14   -1   -7    7  -19    6   -6    2    0    3  -10  -11   11   10
    1    1   13    1    2    8    2   40    1    0      2021   11   11   -2   11   12   -1  -15   20  -13   -7   -3    3  -16   10  -10   -6    9    4
    1    1   14    1    3    9    2   69    3    1      1466   17   -2   -6   19    9   -3   -3   12   -4  -13   -7   -5  -18   20   -2  -14    9   10
    1    1   15    1    3    5    2   82    3    1       844   17   -2  -14   17    8   -5  -10   10   -5  -15   -2   -1  -11   20   -2  -11   13    6
    1    1   16    1    3    2    2   95    3    1       736   15   -1  -10   16   10   -4   -8   19   -5  -13   -4   -5  -14   19   -2  -11   10    7
    1    1   17    1    3    1    2   80    1    0      1591   13    8   -7   19    4   -3  -11    9   -3   -3   -5    2  -12   18   -2  -13   12    6
    1    1   18    1    1    2    2   90    1    1      1827   15    2   -9   22   15   -2   -8   12   -9   -2   -4    3   -3    6   -6   -8   12   11
    1    1   19    1    1    3    2   13    1    1       832   13    4   -6   19   15   -1   -9    9  -10    3   -4    4   -6    7   -6  -11   14   10
    1    1   20    1    2    1    2   97    2    1      1500   10   14    0   13   18    2  -13   21  -14   -6    0    3  -16   11  -11   -9   10    2
    1    1   21    1    2    6    2   77    3    0      3420   11   13   -5   13   21    1  -14   19  -11   -4    1    3   -4    6   -7   -9    5    4
    1    1   22    1    2    7    2   14    3    0       848   10    9   -3    6   14   -1  -12   19  -14  -10   -9    6  -13   10   -7   -9   10    2
    1    1   23    1    1    4    2   89    3    0      2236   13    2   -4   18   17   -4   -9   12  -10   -3   -4    4   -4    9   -7   -8   11   10
    1    1   24    1    1    5    2   61    1    1      1298   12    3   -5   17   13   -1   -6   20  -12   -1    0    7   -4    8   -5   -1   14    9
    1    1   25    1    1    7    2   27    1    1       643   12    4   -5   16   13   -2  -15   11  -12    1   -4    4   -6    8   -8  -10   14    8
    1    1   26    1    3    8    2   71    2    0      2918   14   -2   -7   19    6   -6  -11    9   -8  -15   -3    1  -11   18   -2  -13   12    6
    1    1   27    1    1    9    2   97    1    1      1030   12    3   -6   20   11    7  -11   14   -9    0   -5    6   -5    9   -7   -9   15   11
    1    2    1    1    2    6    2   77    3    0      3003   11   13   -5   13   21    1  -14   19  -11   -4    1    3   -4    6   -7   -9    5    4
    1    2    2    1    3    2    2   95    3    1      1152   15   -1  -10   16   10   -4   -8   19   -5  -13   -4   -5  -14   19   -2  -11   10    7
    1    2    3    1    1    6    2   10    3    0      1054   17    7   -6   20   16   -4   -8   11   -6    4   -4    9  -10    8  -14   -9    8    7
    1    2    4    1    2    8    2   40    1    0       968   11   11   -2   11   12   -1  -15   20  -13   -7   -3    3  -16   10  -10   -6    9    4
    1    2    5    1    2    3    2   96    2    1      2318   12   10    6    6   17    1  -11   20  -12   -7    1    1  -15   11  -10    3    9    3
    1    2    6    1    2    1    2   97    3    0      2247   10   14    0   13   18    2  -13   21  -14   -6    0    3  -16   11  -11   -9   10    2
    1    2    7    1    3    3    2   65    3    1      6691   14   -3    0   22    8   -3   -8    8   -8  -13    3    1  -14   19    1  -16   14    4
    1    2    8    1    2    2    2   16    2    1      2748   12   13   -1   11   12   -5  -15   24  -11   -7   -2    3  -15    9   -7   -9   10    4
    1    2    9    1    3    8    2   71    2    0      1649   14   -2   -7   19    6   -6  -11    9   -8  -15   -3    1  -11   18   -2  -13   12    6
    1    2   10    1    2    4    2   93    3    0      2004   10   14   -4   11   14   -1  -12   22  -10   -8    0    2  -13   11   -9   -3   21    2
    1    2   11    1    2    9    2   85    3    0      2632    5    9   -2   13    9   -6  -13   18  -11   -7   -1    1  -13   12   -8   -8   10    2
    1    2   12    1    1    8    2   51    3    0       619   15    4  -12   16   14   -1   -7    7  -19    6   -6    2    0    3  -10  -11   11   10
    1    2   13    1    2    5    2   47    1    0       840   12   12    1   10   15   -3  -12   20  -12   -8   -3    1  -18   12  -10  -10   10    4
    1    2   14    1    3    7    2   64    2    0      2481   14   -2   -2   12    8   -7   -9    9   -9  -10   -2   -1  -12   18   -5   -8   16    8
    1    2   15    1    1    1    2   82    3    0     13098   11    3   -5   19   16   -3   -9    9  -13    6  -12   -1  -11   17   -6   -8   14   11
    1    2   16    1    1    4    2   89    1    1      1974   13    2   -4   18   17   -4   -9   12  -10   -3   -4    4   -4    9   -7   -8   11   10
    1    2   17    1    3    5    2   82    2    0      2885   17   -2  -14   17    8   -5  -10   10   -5  -15   -2   -1  -11   20   -2  -11   13    6
    1    2   18    1    1    7    2   27    2    0      4167   12    4   -5   16   13   -2  -15   11  -12    1   -4    4   -6    8   -8  -10   14    8
    1    2   19    1    3    6    2   89    3    1      5455   14   -3  -14   14    9   -5   -2   12   -4  -10  -13   -1  -11   20    5   -9   13    5
    1    2   20    1    3    4    2    4    1    0      1538   17    2   -4   16   16  -10  -11   10  -12  -12   -5    1   -9   22   -1  -11   12    4
    1    2   21    1    1    3    2   13    2    0      2487   13    4   -6   19   15   -1   -9    9  -10    3   -4    4   -6    7   -6  -11   14   10
    1    2   22    1    1    5    2   61    1    1       927   12    3   -5   17   13   -1   -6   20  -12   -1    0    7   -4    8   -5   -1   14    9
    1    2   23    1    2    7    2   14    1    0       870   10    9   -3    6   14   -1  -12   19  -14  -10   -9    6  -13   10   -7   -9   10    2
    1    2   24    1    3    1    2   80    3    1      5378   13    8   -7   19    4   -3  -11    9   -3   -3   -5    2  -12   18   -2  -13   12    6
    1    2   25    1    1    2    2   90    1    1      3674   15    2   -9   22   15   -2   -8   12   -9   -2   -4    3   -3    6   -6   -8   12   11
    1    2   26    1    1    9    2   97    1    1      1126   12    3   -6   20   11    7  -11   14   -9    0   -5    6   -5    9   -7   -9   15   11
    1    2   27    1    3    9    2   69    2    0      1983   17   -2   -6   19    9   -3   -3   12   -4  -13   -7   -5  -18   20   -2  -14    9   10
    1    3    1    1    3    7    2   64    2    0      1671   14   -2   -2   12    8   -7   -9    9   -9  -10   -2   -1  -12   18   -5   -8   16    8
    1    3    2    1    3    6    2   89    3    1      1916   14   -3  -14   14    9   -5   -2   12   -4  -10  -13   -1  -11   20    5   -9   13    5
    1    3    3    1    2    8    2   40    3    0      1047   11   11   -2   11   12   -1  -15   20  -13   -7   -3    3  -16   10  -10   -6    9    4
    1    3    4    1    2    4    2   93    3    0      1260   10   14   -4   11   14   -1  -12   22  -10   -8    0    2  -13   11   -9   -3   21    2
    1    3    5    1    2    3    2   96    2    1      1209   12   10    6    6   17    1  -11   20  -12   -7    1    1  -15   11  -10    3    9    3
    1    3    6    1    2    7    2   14    1    0      2656   10    9   -3    6   14   -1  -12   19  -14  -10   -9    6  -13   10   -7   -9   10    2
    1    3    7    1    3    5    2   82    2    0      1869   17   -2  -14   17    8   -5  -10   10   -5  -15   -2   -1  -11   20   -2  -11   13    6
    1    3    8    1    2    5    2   47    1    0      2233   12   12    1   10   15   -3  -12   20  -12   -8   -3    1  -18   12  -10  -10   10    4
    1    3    9    1    2    2    2   16    2    1      4615   12   13   -1   11   12   -5  -15   24  -11   -7   -2    3  -15    9   -7   -9   10    4
    1    3   10    1    1    4    2   89    1    1      2477   13    2   -4   18   17   -4   -9   12  -10   -3   -4    4   -4    9   -7   -8   11   10
    1    3   11    1    1    7    2   27    1    1      2898   12    4   -5   16   13   -2  -15   11  -12    1   -4    4   -6    8   -8  -10   14    8
    1    3   12    1    3    3    2   65    2    0      2853   14   -3    0   22    8   -3   -8    8   -8  -13    3    1  -14   19    1  -16   14    4
    1    3   13    1    2    6    2   77    3    0      1804   11   13   -5   13   21    1  -14   19  -11   -4    1    3   -4    6   -7   -9    5    4
    1    3   14    1    2    9    2   85    3    0      2033    5    9   -2   13    9   -6  -13   18  -11   -7   -1    1  -13   12   -8   -8   10    2
    1    3   15    1    1    5    2   61    1    1      3416   12    3   -5   17   13   -1   -6   20  -12   -1    0    7   -4    8   -5   -1   14    9
    1    3   16    1    3    8    2   71    3    1      2448   14   -2   -7   19    6   -6  -11    9   -8  -15   -3    1  -11   18   -2  -13   12    6
    1    3   17    1    3    9    2   69    3    1      1245   17   -2   -6   19    9   -3   -3   12   -4  -13   -7   -5  -18   20   -2  -14    9   10
    1    3   18    1    1    1    2   82    1    1      1994   11    3   -5   19   16   -3   -9    9  -13    6  -12   -1  -11   17   -6   -8   14   11
    1    3   19    1    3    1    2   80    3    1      1361   13    8   -7   19    4   -3  -11    9   -3   -3   -5    2  -12   18   -2  -13   12    6
    1    3   20    1    1    2    2   90    2    0      1082   15    2   -9   22   15   -2   -8   12   -9   -2   -4    3   -3    6   -6   -8   12   11
    1    3   21    1    1    6    2   10    2    0      2421   17    7   -6   20   16   -4   -8   11   -6    4   -4    9  -10    8  -14   -9    8    7
    1    3   22    1    3    4    2    4    1    0      3890   17    2   -4   16   16  -10  -11   10  -12  -12   -5    1   -9   22   -1  -11   12    4
    1    3   23    1    3    2    2   95    3    1     20405   15   -1  -10   16   10   -4   -8   19   -5  -13   -4   -5  -14   19   -2  -11   10    7
    1    3   24    1    1    3    2   13    1    1      1646   13    4   -6   19   15   -1   -9    9  -10    3   -4    4   -6    7   -6  -11   14   10
    1    3   25    1    2    1    2   97    1    0      3923   10   14    0   13   18    2  -13   21  -14   -6    0    3  -16   11  -11   -9   10    2
    1    3   26    1    1    8    2   51    2    0      2957   15    4  -12   16   14   -1   -7    7  -19    6   -6    2    0    3  -10  -11   11   10
    1    3   27    1    1    9    2   97    1    1      1615   12    3   -6   20   11    7  -11   14   -9    0   -5    6   -5    9   -7   -9   15   11
    1    4    1    1    1    2    2   90    1    1      2854   15    2   -9   22   15   -2   -8   12   -9   -2   -4    3   -3    6   -6   -8   12   11
    1    4    2    1    3    6    2   89    2    0      4666   14   -3  -14   14    9   -5   -2   12   -4  -10  -13   -1  -11   20    5   -9   13    5
    1    4    3    1    2    6    2   77    2    1      1727   11   13   -5   13   21    1  -14   19  -11   -4    1    3   -4    6   -7   -9    5    4
    1    4    4    1    3    7    2   64    3    1      2048   14   -2   -2   12    8   -7   -9    9   -9  -10   -2   -1  -12   18   -5   -8   16    8
    1    4    5    1    2    2    2   16    1    0      1692   12   13   -1   11   12   -5  -15   24  -11   -7   -2    3  -15    9   -7   -9   10    4
    1    4    6    1    3    1    2   80    2    0      2150   13    8   -7   19    4   -3  -11    9   -3   -3   -5    2  -12   18   -2  -13   12    6
    1    4    7    1    2    8    2   40    2    1      4799   11   11   -2   11   12   -1  -15   20  -13   -7   -3    3  -16   10  -10   -6    9    4
    1    4    8    1    1    6    2   10    3    0      7462   17    7   -6   20   16   -4   -8   11   -6    4   -4    9  -10    8  -14   -9    8    7
    1    4    9    1    1    7    2   27    2    0      1116   12    4   -5   16   13   -2  -15   11  -12    1   -4    4   -6    8   -8  -10   14    8
    1    4   10    1    3    4    2    4    1    0      2358   17    2   -4   16   16  -10  -11   10  -12  -12   -5    1   -9   22   -1  -11   12    4
    1    4   11    1    3    2    2   95    3    1      4374   15   -1  -10   16   10   -4   -8   19   -5  -13   -4   -5  -14   19   -2  -11   10    7
    1    4   12    1    2    5    2   47    2    1      1263   12   12    1   10   15   -3  -12   20  -12   -8   -3    1  -18   12  -10  -10   10    4
    1    4   13    1    1    9    2   97    1    1      2164   12    3   -6   20   11    7  -11   14   -9    0   -5    6   -5    9   -7   -9   15   11
    1    4   14    1    2    1    2   97    2    1      1421   10   14    0   13   18    2  -13   21  -14   -6    0    3  -16   11  -11   -9   10    2
    1    4   15    1    3    5    2   82    3    1      2227   17   -2  -14   17    8   -5  -10   10   -5  -15   -2   -1  -11   20   -2  -11   13    6
    1    4   16    1    2    7    2   14    2    1      1385   10    9   -3    6   14   -1  -12   19  -14  -10   -9    6  -13   10   -7   -9   10    2
    1    4   17    1    1    8    2   51    2    0      3513   15    4  -12   16   14   -1   -7    7  -19    6   -6    2    0    3  -10  -11   11   10
    1    4   18    1    2    3    2   96    1    0      1762   12   10    6    6   17    1  -11   20  -12   -7    1    1  -15   11  -10    3    9    3
    1    4   19    1    3    8    2   71    3    1      1251   14   -2   -7   19    6   -6  -11    9   -8  -15   -3    1  -11   18   -2  -13   12    6
    1    4   20    1    2    9    2   85    3    0      5536    5    9   -2   13    9   -6  -13   18  -11   -7   -1    1  -13   12   -8   -8   10    2
    1    4   21    1    1    4    2   89    3    0      3763   13    2   -4   18   17   -4   -9   12  -10   -3   -4    4   -4    9   -7   -8   11   10
    1    4   22    1    2    4    2   93    3    0      5148   10   14   -4   11   14   -1  -12   22  -10   -8    0    2  -13   11   -9   -3   21    2
    1    4   23    1    3    9    2   69    2    0      1845   17   -2   -6   19    9   -3   -3   12   -4  -13   -7   -5  -18   20   -2  -14    9   10
    1    4   24    1    3    3    2   65    3    1      3955   14   -3    0   22    8   -3   -8    8   -8  -13    3    1  -14   19    1  -16   14    4
    1    4   25    1    1    5    2   61    2    0      1517   12    3   -5   17   13   -1   -6   20  -12   -1    0    7   -4    8   -5   -1   14    9
    1    4   26    1    1    1    2   82    1    1      1248   11    3   -5   19   16   -3   -9    9  -13    6  -12   -1  -11   17   -6   -8   14   11
    1    4   27    1    1    3    2   13    1    1      2245   13    4   -6   19   15   -1   -9    9  -10    3   -4    4   -6    7   -6  -11   14   10
    1    5    1    1    1    4    2   89    1    1      2083   13    2   -4   18   17   -4   -9   12  -10   -3   -4    4   -4    9   -7   -8   11   10
    1    5    2    1    2    1    2   97    3    0      2704   10   14    0   13   18    2  -13   21  -14   -6    0    3  -16   11  -11   -9   10    2
    1    5    3    1    3    9    2   69    2    0      1636   17   -2   -6   19    9   -3   -3   12   -4  -13   -7   -5  -18   20   -2  -14    9   10
    1    5    4    1    2    8    2   40    3    0      7313   11   11   -2   11   12   -1  -15   20  -13   -7   -3    3  -16   10  -10   -6    9    4
    1    5    5    1    3    4    2    4    1    0      3757   17    2   -4   16   16  -10  -11   10  -12  -12   -5    1   -9   22   -1  -11   12    4
    1    5    6    1    1    5    2   61    3    0      3037   12    3   -5   17   13   -1   -6   20  -12   -1    0    7   -4    8   -5   -1   14    9
    1    5    7    1    2    2    2   16    3    0      5370   12   13   -1   11   12   -5  -15   24  -11   -7   -2    3  -15    9   -7   -9   10    4
    1    5    8    1    1    6    2   10    2    0      5532   17    7   -6   20   16   -4   -8   11   -6    4   -4    9  -10    8  -14   -9    8    7
    1    5    9    1    2    6    2   77    2    1      2086   11   13   -5   13   21    1  -14   19  -11   -4    1    3   -4    6   -7   -9    5    4
    1    5   10    1    1    3    2   13    1    1      1351   13    4   -6   19   15   -1   -9    9  -10    3   -4    4   -6    7   -6  -11   14   10
    1    5   11    1    1    7    2   27    2    0      2813   12    4   -5   16   13   -2  -15   11  -12    1   -4    4   -6    8   -8  -10   14    8
    1    5   12    1    2    9    2   85    3    0     15538    5    9   -2   13    9   -6  -13   18  -11   -7   -1    1  -13   12   -8   -8   10    2
    1    5   13    1    2    7    2   14    2    1      2287   10    9   -3    6   14   -1  -12   19  -14  -10   -9    6  -13   10   -7   -9   10    2
    1    5   14    1    2    3    2   96    1    0      3329   12   10    6    6   17    1  -11   20  -12   -7    1    1  -15   11  -10    3    9    3
    1    5   15    1    3    8    2   71    3    1      1473   14   -2   -7   19    6   -6  -11    9   -8  -15   -3    1  -11   18   -2  -13   12    6
    1    5   16    1    3    3    2   65    1    0      1412   14   -3    0   22    8   -3   -8    8   -8  -13    3    1  -14   19    1  -16   14    4
    1    5   17    1    3    2    2   95    3    1       952   15   -1  -10   16   10   -4   -8   19   -5  -13   -4   -5  -14   19   -2  -11   10    7
    1    5   18    1    1    1    2   82    1    1      8136   11    3   -5   19   16   -3   -9    9  -13    6  -12   -1  -11   17   -6   -8   14   11
    1    5   19    1    1    9    2   97    1    1      3081   12    3   -6   20   11    7  -11   14   -9    0   -5    6   -5    9   -7   -9   15   11
    1    5   20    1    3    5    2   82    3    1      2557   17   -2  -14   17    8   -5  -10   10   -5  -15   -2   -1  -11   20   -2  -11   13    6
    1    5   21    1    3    1    2   80    2    0     22230   13    8   -7   19    4   -3  -11    9   -3   -3   -5    2  -12   18   -2  -13   12    6
    1    5   22    1    3    7    2   64    3    1     11262   14   -2   -2   12    8   -7   -9    9   -9  -10   -2   -1  -12   18   -5   -8   16    8
    1    5   23    1    2    4    2   93    3    0      1594   10   14   -4   11   14   -1  -12   22  -10   -8    0    2  -13   11   -9   -3   21    2
    1    5   24    1    1    8    2   51    1    1      3289   15    4  -12   16   14   -1   -7    7  -19    6   -6    2    0    3  -10  -11   11   10
    1    5   25    1    2    5    2   47    2    1      2652   12   12    1   10   15   -3  -12   20  -12   -8   -3    1  -18   12  -10  -10   10    4
    1    5   26    1    3    6    2   89    3    1      5394   14   -3  -14   14    9   -5   -2   12   -4  -10  -13   -1  -11   20    5   -9   13    5
    1    5   27    1    1    2    2   90    1    1      7425   15    2   -9   22   15   -2   -8   12   -9   -2   -4    3   -3    6   -6   -8   12   11
    1    6    1    1    1    4    2   89    1    1      1320   13    2   -4   18   17   -4   -9   12  -10   -3   -4    4   -4    9   -7   -8   11   10
    1    6    2    1    3    9    2   69    2    0      6291   17   -2   -6   19    9   -3   -3   12   -4  -13   -7   -5  -18   20   -2  -14    9   10
    1    6    3    1    2    2    2   16    2    1      5519   12   13   -1   11   12   -5  -15   24  -11   -7   -2    3  -15    9   -7   -9   10    4
    1    6    4    1    1    9    2   97    1    1      2172   12    3   -6   20   11    7  -11   14   -9    0   -5    6   -5    9   -7   -9   15   11
    1    6    5    1    2    5    2   47    2    1      1940   12   12    1   10   15   -3  -12   20  -12   -8   -3    1  -18   12  -10  -10   10    4
    1    6    6    1    2    4    2   93    2    1      5302   10   14   -4   11   14   -1  -12   22  -10   -8    0    2  -13   11   -9   -3   21    2
    1    6    7    1    3    5    2   82    3    1      2467   17   -2  -14   17    8   -5  -10   10   -5  -15   -2   -1  -11   20   -2  -11   13    6
    1    6    8    1    2    9    2   85    2    1      2064    5    9   -2   13    9   -6  -13   18  -11   -7   -1    1  -13   12   -8   -8   10    2
    1    6    9    1    1    6    2   10    1    1      3133   17    7   -6   20   16   -4   -8   11   -6    4   -4    9  -10    8  -14   -9    8    7
    1    6   10    1    1    8    2   51    2    0      5414   15    4  -12   16   14   -1   -7    7  -19    6   -6    2    0    3  -10  -11   11   10
    1    6   11    1    1    7    2   27    1    1      1461   12    4   -5   16   13   -2  -15   11  -12    1   -4    4   -6    8   -8  -10   14    8
    1    6   12    1    2    6    2   77    2    1      4026   11   13   -5   13   21    1  -14   19  -11   -4    1    3   -4    6   -7   -9    5    4
    1    6   13    1    1    3    2   13    2    0      2528   13    4   -6   19   15   -1   -9    9  -10    3   -4    4   -6    7   -6  -11   14   10
    1    6   14    1    3    1    2   80    2    0      6162   13    8   -7   19    4   -3  -11    9   -3   -3   -5    2  -12   18   -2  -13   12    6
    1    6   15    1    3    4    2    4    3    1      2523   17    2   -4   16   16  -10  -11   10  -12  -12   -5    1   -9   22   -1  -11   12    4
    1    6   16    1    2    8    2   40    2    1      4397   11   11   -2   11   12   -1  -15   20  -13   -7   -3    3  -16   10  -10   -6    9    4
    1    6   17    1    3    8    2   71    3    1      7180   14   -2   -7   19    6   -6  -11    9   -8  -15   -3    1  -11   18   -2  -13   12    6
    1    6   18    1    3    2    2   95    3    1      1165   15   -1  -10   16   10   -4   -8   19   -5  -13   -4   -5  -14   19   -2  -11   10    7
    1    6   19    1    2    7    2   14    2    1      1653   10    9   -3    6   14   -1  -12   19  -14  -10   -9    6  -13   10   -7   -9   10    2
    1    6   20    1    2    1    2   97    3    0      2194   10   14    0   13   18    2  -13   21  -14   -6    0    3  -16   11  -11   -9   10    2
    1    6   21    1    3    6    2   89    2    0      5704   14   -3  -14   14    9   -5   -2   12   -4  -10  -13   -1  -11   20    5   -9   13    5
    1    6   22    1    2    3    2   96    3    0      1675   12   10    6    6   17    1  -11   20  -12   -7    1    1  -15   11  -10    3    9    3
    1    6   23    1    3    7    2   64    2    0      2784   14   -2   -2   12    8   -7   -9    9   -9  -10   -2   -1  -12   18   -5   -8   16    8
    1    6   24    1    1    5    2   61    2    0      4665   12    3   -5   17   13   -1   -6   20  -12   -1    0    7   -4    8   -5   -1   14    9
    1    6   25    1    1    2    2   90    1    1      1118   15    2   -9   22   15   -2   -8   12   -9   -2   -4    3   -3    6   -6   -8   12   11
    1    6   26    1    3    3    2   65    3    1      4777   14   -3    0   22    8   -3   -8    8   -8  -13    3    1  -14   19    1  -16   14    4
    1    6   27    1    1    1    2   82    1    1      1385   11    3   -5   19   16   -3   -9    9  -13    6  -12   -1  -11   17   -6   -8   14   11
    1    7    1    1    1    9    2   97    1    1      1361   12    3   -6   20   11    7  -11   14   -9    0   -5    6   -5    9   -7   -9   15   11
    1    7    2    1    2    8    2   40    2    1      3857   11   11   -2   11   12   -1  -15   20  -13   -7   -3    3  -16   10  -10   -6    9    4
    1    7    3    1    3    6    2   89    3    1      7669   14   -3  -14   14    9   -5   -2   12   -4  -10  -13   -1  -11   20    5   -9   13    5
    1    7    4    1    2    6    2   77    2    1      2098   11   13   -5   13   21    1  -14   19  -11   -4    1    3   -4    6   -7   -9    5    4
    1    7    5    1    1    6    2   10    2    0     39549   17    7   -6   20   16   -4   -8   11   -6    4   -4    9  -10    8  -14   -9    8    7
    1    7    6    1    2    4    2   93    1    0      2004   10   14   -4   11   14   -1  -12   22  -10   -8    0    2  -13   11   -9   -3   21    2
    1    7    7    1    1    7    2   27    1    1      1131   12    4   -5   16   13   -2  -15   11  -12    1   -4    4   -6    8   -8  -10   14    8
    1    7    8    1    2    2    2   16    2    1      2510   12   13   -1   11   12   -5  -15   24  -11   -7   -2    3  -15    9   -7   -9   10    4
    1    7    9    1    3    9    2   69    3    1      4089   17   -2   -6   19    9   -3   -3   12   -4  -13   -7   -5  -18   20   -2  -14    9   10
    1    7   10    1    2    7    2   14    2    1      2645   10    9   -3    6   14   -1  -12   19  -14  -10   -9    6  -13   10   -7   -9   10    2
    1    7   11    1    3    3    2   65    3    1     14482   14   -3    0   22    8   -3   -8    8   -8  -13    3    1  -14   19    1  -16   14    4
    1    7   12    1    1    4    2   89    1    1     18232   13    2   -4   18   17   -4   -9   12  -10   -3   -4    4   -4    9   -7   -8   11   10
    1    7   13    1    2    3    2   96    1    0      3096   12   10    6    6   17    1  -11   20  -12   -7    1    1  -15   11  -10    3    9    3
    1    7   14    1    2    9    2   85    2    1      7076    5    9   -2   13    9   -6  -13   18  -11   -7   -1    1  -13   12   -8   -8   10    2
    1    7   15    1    3    2    2   95    3    1      1328   15   -1  -10   16   10   -4   -8   19   -5  -13   -4   -5  -14   19   -2  -11   10    7
    1    7   16    1    3    1    2   80    2    0      1690   13    8   -7   19    4   -3  -11    9   -3   -3   -5    2  -12   18   -2  -13   12    6
    1    7   17    1    3    5    2   82    2    0      1351   17   -2  -14   17    8   -5  -10   10   -5  -15   -2   -1  -11   20   -2  -11   13    6
    1    7   18    1    1    1    2   82    1    1      1376   11    3   -5   19   16   -3   -9    9  -13    6  -12   -1  -11   17   -6   -8   14   11
    1    7   19    1    3    7    2   64    2    0      3714   14   -2   -2   12    8   -7   -9    9   -9  -10   -2   -1  -12   18   -5   -8   16    8
    1    7   20    1    1    5    2   61    2    0      4910   12    3   -5   17   13   -1   -6   20  -12   -1    0    7   -4    8   -5   -1   14    9
    1    7   21    1    1    3    2   13    2    0      1065   13    4   -6   19   15   -1   -9    9  -10    3   -4    4   -6    7   -6  -11   14   10
    1    7   22    1    2    5    2   47    2    1      2613   12   12    1   10   15   -3  -12   20  -12   -8   -3    1  -18   12  -10  -10   10    4
    1    7   23    1    2    1    2   97    2    1      2652   10   14    0   13   18    2  -13   21  -14   -6    0    3  -16   11  -11   -9   10    2
    1    7   24    1    1    8    2   51    2    0      3258   15    4  -12   16   14   -1   -7    7  -19    6   -6    2    0    3  -10  -11   11   10
    1    7   25    1    3    4    2    4    3    1      3199   17    2   -4   16   16  -10  -11   10  -12  -12   -5    1   -9   22   -1  -11   12    4
    1    7   26    1    3    8    2   71    3    1      2023   14   -2   -7   19    6   -6  -11    9   -8  -15   -3    1  -11   18   -2  -13   12    6
    1    7   27    1    1    2    2   90    1    1      1108   15    2   -9   22   15   -2   -8   12   -9   -2   -4    3   -3    6   -6   -8   12   11
    1    8    1    1    3    7    2   64    3    1      3767   14   -2   -2   12    8   -7   -9    9   -9  -10   -2   -1  -12   18   -5   -8   16    8
    1    8    2    1    2    1    2   97    3    0      4495   10   14    0   13   18    2  -13   21  -14   -6    0    3  -16   11  -11   -9   10    2
    1    8    3    1    1    8    2   51    2    0      4802   15    4  -12   16   14   -1   -7    7  -19    6   -6    2    0    3  -10  -11   11   10
    1    8    4    1    3    4    2    4    1    0      1378   17    2   -4   16   16  -10  -11   10  -12  -12   -5    1   -9   22   -1  -11   12    4
    1    8    5    1    3    2    2   95    3    1      1115   15   -1  -10   16   10   -4   -8   19   -5  -13   -4   -5  -14   19   -2  -11   10    7
    1    8    6    1    1    2    2   90    1    1     51739   15    2   -9   22   15   -2   -8   12   -9   -2   -4    3   -3    6   -6   -8   12   11
    1    8    7    1    2    2    2   16    3    0      3914   12   13   -1   11   12   -5  -15   24  -11   -7   -2    3  -15    9   -7   -9   10    4
    1    8    8    1    3    9    2   69    3    1      9829   17   -2   -6   19    9   -3   -3   12   -4  -13   -7   -5  -18   20   -2  -14    9   10
    1    8    9    1    1    7    2   27    2    0      5404   12    4   -5   16   13   -2  -15   11  -12    1   -4    4   -6    8   -8  -10   14    8
    1    8   10    1    1    1    2   82    1    1      1882   11    3   -5   19   16   -3   -9    9  -13    6  -12   -1  -11   17   -6   -8   14   11
    1    8   11    1    2    8    2   40    2    1     25804   11   11   -2   11   12   -1  -15   20  -13   -7   -3    3  -16   10  -10   -6    9    4
    1    8   12    1    2    4    2   93    1    0      2406   10   14   -4   11   14   -1  -12   22  -10   -8    0    2  -13   11   -9   -3   21    2
    1    8   13    1    3    5    2   82    1    0      1917   17   -2  -14   17    8   -5  -10   10   -5  -15   -2   -1  -11   20   -2  -11   13    6
    1    8   14    1    1    9    2   97    1    1      1528   12    3   -6   20   11    7  -11   14   -9    0   -5    6   -5    9   -7   -9   15   11
    1    8   15    1    3    3    2   65    3    1      3058   14   -3    0   22    8   -3   -8    8   -8  -13    3    1  -14   19    1  -16   14    4
    1    8   16    1    2    6    2   77    2    1      2455   11   13   -5   13   21    1  -14   19  -11   -4    1    3   -4    6   -7   -9    5    4
    1    8   17    1    1    5    2   61    2    0      2757   12    3   -5   17   13   -1   -6   20  -12   -1    0    7   -4    8   -5   -1   14    9
    1    8   18    1    2    3    2   96    1    0      1365   12   10    6    6   17    1  -11   20  -12   -7    1    1  -15   11  -10    3    9    3
    1    8   19    1    1    3    2   13    1    1      2094   13    4   -6   19   15   -1   -9    9  -10    3   -4    4   -6    7   -6  -11   14   10
    1    8   20    1    2    9    2   85    2    1      5201    5    9   -2   13    9   -6  -13   18  -11   -7   -1    1  -13   12   -8   -8   10    2
    1    8   21    1    2    5    2   47    1    0      2976   12   12    1   10   15   -3  -12   20  -12   -8   -3    1  -18   12  -10  -10   10    4
    1    8   22    1    1    6    2   10    1    1      1184   17    7   -6   20   16   -4   -8   11   -6    4   -4    9  -10    8  -14   -9    8    7
    1    8   23    1    3    8    2   71    2    0       982   14   -2   -7   19    6   -6  -11    9   -8  -15   -3    1  -11   18   -2  -13   12    6
    1    8   24    1    2    7    2   14    2    1      1150   10    9   -3    6   14   -1  -12   19  -14  -10   -9    6  -13   10   -7   -9   10    2
    1    8   25    1    3    1    2   80    3    1      5558   13    8   -7   19    4   -3  -11    9   -3   -3   -5    2  -12   18   -2  -13   12    6
    1    8   26    1    3    6    2   89    3    1      7614   14   -3  -14   14    9   -5   -2   12   -4  -10  -13   -1  -11   20    5   -9   13    5
    1    8   27    1    1    4    2   89    2    0      2582   13    2   -4   18   17   -4   -9   12  -10   -3   -4    4   -4    9   -7   -8   11   10
    1    9    1    1    2    7    2   14    1    0      2174   10    9   -3    6   14   -1  -12   19  -14  -10   -9    6  -13   10   -7   -9   10    2
    1    9    2    1    2    2    2   16    2    1      4150   12   13   -1   11   12   -5  -15   24  -11   -7   -2    3  -15    9   -7   -9   10    4
    1    9    3    1    3    5    2   82    3    1      2160   17   -2  -14   17    8   -5  -10   10   -5  -15   -2   -1  -11   20   -2  -11   13    6
    1    9    4    1    3    7    2   64    2    0      1642   14   -2   -2   12    8   -7   -9    9   -9  -10   -2   -1  -12   18   -5   -8   16    8
    1    9    5    1    3    1    2   80    1    0      6622   13    8   -7   19    4   -3  -11    9   -3   -3   -5    2  -12   18   -2  -13   12    6
    1    9    6    1    2    3    2   96    2    1      2869   12   10    6    6   17    1  -11   20  -12   -7    1    1  -15   11  -10    3    9    3
    1    9    7    1    3    3    2   65    3    1      3025   14   -3    0   22    8   -3   -8    8   -8  -13    3    1  -14   19    1  -16   14    4
    1    9    8    1    3    4    2    4    3    1      4048   17    2   -4   16   16  -10  -11   10  -12  -12   -5    1   -9   22   -1  -11   12    4
    1    9    9    1    2    1    2   97    1    0      2494   10   14    0   13   18    2  -13   21  -14   -6    0    3  -16   11  -11   -9   10    2
    1    9   10    1    2    4    2   93    1    0      1817   10   14   -4   11   14   -1  -12   22  -10   -8    0    2  -13   11   -9   -3   21    2
    1    9   11    1    1    4    2   89    2    0      1271   13    2   -4   18   17   -4   -9   12  -10   -3   -4    4   -4    9   -7   -8   11   10
    1    9   12    1    3    8    2   71    3    1      1843   14   -2   -7   19    6   -6  -11    9   -8  -15   -3    1  -11   18   -2  -13   12    6
    1    9   13    1    2    5    2   47    3    0      2081   12   12    1   10   15   -3  -12   20  -12   -8   -3    1  -18   12  -10  -10   10    4
    1    9   14    1    1    7    2   27    2    0      2701   12    4   -5   16   13   -2  -15   11  -12    1   -4    4   -6    8   -8  -10   14    8
    1    9   15    1    1    9    2   97    1    1      2102   12    3   -6   20   11    7  -11   14   -9    0   -5    6   -5    9   -7   -9   15   11
    1    9   16    1    1    8    2   51    2    0      4434   15    4  -12   16   14   -1   -7    7  -19    6   -6    2    0    3  -10  -11   11   10
    1    9   17    1    1    6    2   10    1    1      1433   17    7   -6   20   16   -4   -8   11   -6    4   -4    9  -10    8  -14   -9    8    7
    1    9   18    1    1    3    2   13    1    1      1236   13    4   -6   19   15   -1   -9    9  -10    3   -4    4   -6    7   -6  -11   14   10
    1    9   19    1    2    8    2   40    2    1      2983   11   11   -2   11   12   -1  -15   20  -13   -7   -3    3  -16   10  -10   -6    9    4
    1    9   20    1    3    9    2   69    3    1      1941   17   -2   -6   19    9   -3   -3   12   -4  -13   -7   -5  -18   20   -2  -14    9   10
    1    9   21    1    1    1    2   82    1    1      6052   11    3   -5   19   16   -3   -9    9  -13    6  -12   -1  -11   17   -6   -8   14   11
    1    9   22    1    2    6    2   77    3    0      5773   11   13   -5   13   21    1  -14   19  -11   -4    1    3   -4    6   -7   -9    5    4
    1    9   23    1    1    2    2   90    3    0      2405   15    2   -9   22   15   -2   -8   12   -9   -2   -4    3   -3    6   -6   -8   12   11
    1    9   24    1    3    6    2   89    2    0      2707   14   -3  -14   14    9   -5   -2   12   -4  -10  -13   -1  -11   20    5   -9   13    5
    1    9   25    1    1    5    2   61    2    0      1631   12    3   -5   17   13   -1   -6   20  -12   -1    0    7   -4    8   -5   -1   14    9
    1    9   26    1    3    2    2   95    3    1      1349   15   -1  -10   16   10   -4   -8   19   -5  -13   -4   -5  -14   19   -2  -11   10    7
    1    9   27    1    2    9    2   85    3    0      4964    5    9   -2   13    9   -6  -13   18  -11   -7   -1    1  -13   12   -8   -8   10    2
    1   10    1    1    1    1    2   82    1    1      1869   11    3   -5   19   16   -3   -9    9  -13    6  -12   -1  -11   17   -6   -8   14   11
    1   10    2    1    2    5    2   47    2    1      4458   12   12    1   10   15   -3  -12   20  -12   -8   -3    1  -18   12  -10  -10   10    4
    1   10    3    1    3    6    2   89    2    0      4703   14   -3  -14   14    9   -5   -2   12   -4  -10  -13   -1  -11   20    5   -9   13    5
    1   10    4    1    3    1    2   80    1    0      3066   13    8   -7   19    4   -3  -11    9   -3   -3   -5    2  -12   18   -2  -13   12    6
    1   10    5    1    2    4    2   93    2    1      2319   10   14   -4   11   14   -1  -12   22  -10   -8    0    2  -13   11   -9   -3   21    2
    1   10    6    1    1    2    2   90    1    1      1578   15    2   -9   22   15   -2   -8   12   -9   -2   -4    3   -3    6   -6   -8   12   11
    1   10    7    1    1    7    2   27    2    0      1411   12    4   -5   16   13   -2  -15   11  -12    1   -4    4   -6    8   -8  -10   14    8
    1   10    8    1    2    2    2   16    2    1      4778   12   13   -1   11   12   -5  -15   24  -11   -7   -2    3  -15    9   -7   -9   10    4
    1   10    9    1    1    4    2   89    1    1      2003   13    2   -4   18   17   -4   -9   12  -10   -3   -4    4   -4    9   -7   -8   11   10
    1   10   10    1    1    3    2   13    2    0      2115   13    4   -6   19   15   -1   -9    9  -10    3   -4    4   -6    7   -6  -11   14   10
    1   10   11    1    3    5    2   82    3    1      2182   17   -2  -14   17    8   -5  -10   10   -5  -15   -2   -1  -11   20   -2  -11   13    6
    1   10   12    1    2    7    2   14    2    1      2975   10    9   -3    6   14   -1  -12   19  -14  -10   -9    6  -13   10   -7   -9   10    2
    1   10   13    1    3    8    2   71    3    1      3519   14   -2   -7   19    6   -6  -11    9   -8  -15   -3    1  -11   18   -2  -13   12    6
    1   10   14    1    2    6    2   77    2    1      1762   11   13   -5   13   21    1  -14   19  -11   -4    1    3   -4    6   -7   -9    5    4
    1   10   15    1    3    4    2    4    3    1      1907   17    2   -4   16   16  -10  -11   10  -12  -12   -5    1   -9   22   -1  -11   12    4
    1   10   16    1    3    9    2   69    2    0      4086   17   -2   -6   19    9   -3   -3   12   -4  -13   -7   -5  -18   20   -2  -14    9   10
    1   10   17    1    3    7    2   64    2    0      2426   14   -2   -2   12    8   -7   -9    9   -9  -10   -2   -1  -12   18   -5   -8   16    8
    1   10   18    1    1    8    2   51    1    1      1792   15    4  -12   16   14   -1   -7    7  -19    6   -6    2    0    3  -10  -11   11   10
    1   10   19    1    1    9    2   97    1    1      1079   12    3   -6   20   11    7  -11   14   -9    0   -5    6   -5    9   -7   -9   15   11
    1   10   20    1    1    5    2   61    2    0      5796   12    3   -5   17   13   -1   -6   20  -12   -1    0    7   -4    8   -5   -1   14    9
    1   10   21    1    2    9    2   85    3    0      4380    5    9   -2   13    9   -6  -13   18  -11   -7   -1    1  -13   12   -8   -8   10    2
    1   10   22    1    1    6    2   10    2    0      4532   17    7   -6   20   16   -4   -8   11   -6    4   -4    9  -10    8  -14   -9    8    7
    1   10   23    1    2    8    2   40    2    1      3031   11   11   -2   11   12   -1  -15   20  -13   -7   -3    3  -16   10  -10   -6    9    4
    1   10   24    1    2    1    2   97    3    0      3238   10   14    0   13   18    2  -13   21  -14   -6    0    3  -16   11  -11   -9   10    2
    1   10   25    1    3    3    2   65    3    1      3579   14   -3    0   22    8   -3   -8    8   -8  -13    3    1  -14   19    1  -16   14    4
    1   10   26    1    3    2    2   95    3    1      1052   15   -1  -10   16   10   -4   -8   19   -5  -13   -4   -5  -14   19   -2  -11   10    7
    1   10   27    1    2    3    2   96    2    1     20416   12   10    6    6   17    1  -11   20  -12   -7    1    1  -15   11  -10    3    9    3
    2    1    1    1    3    7    2   64    2    0      3105   14   -2   -2   12    8   -7   -9    9   -9  -10   -2   -1  -12   18   -5   -8   16    8
    2    1    2    5    3    6    3  124    3    1      3491   17   -1   -6   19    9   -5  -11    2   -6  -11  -11   -8  -12   17   -3  -13   11    4
    2    1    3    5    2    4    3  154    1    0      8484   11   15   -2   15   12   -1   -8   23  -10    4   -2    4  -19   16   -2  -17   11    3
    2    1    4    1    2    1    2   97    2    1      4681   10   14    0   13   18    2  -13   21  -14   -6    0    3  -16   11  -11   -9   10    2
    2    1    5    4    1    3    2  194    2    0      1964   14    2   -4   17   14   -3  -11   10  -11    0   -3    9   -5    7   -4   -8   14    9
    2    1    6    5    1    5    3  157    3    0      5360    7    2   -4   17   13   -3   -6   14  -19    0   -6    5   -9   14  -11  -14   20    7
    2    1    7    4    1    5    2  143    2    0      5889   14    3   -6   18   16    0  -10    9  -21   -6    2   -3   -5    7   -3  -12   12    8
    2    1    8    6    2    0    3  129    2    1     17564   10   12    0   10   13   -4   -6   13   -5    4    0    4  -10    8   -4  -12    4    8
    2    1    9    1    3    4    2    4    3    1      1351   17    2   -4   16   16  -10  -11   10  -12  -12   -5    1   -9   22   -1  -11   12    4
    2    1   10    1    3    2    2   95    3    1      1039   15   -1  -10   16   10   -4   -8   19   -5  -13   -4   -5  -14   19   -2  -11   10    7
    2    1   11    1    2    3    2   96    3    0      8372   12   10    6    6   17    1  -11   20  -12   -7    1    1  -15   11  -10    3    9    3
    2    1   12    3    2    2    1  104    2    1      1469   11   14   -1   12   12   -2   -3   22  -12   -5   -5   -6  -14   11   -9   -7   12    5
    2    1   13    1    1    1    2   82    1    1       969   11    3   -5   19   16   -3   -9    9  -13    6  -12   -1  -11   17   -6   -8   14   11
    2    1   14    5    2    2    3  189    2    1      4889   12   12   -1   12   16    0   -6   20  -10   -2    0    2  -15   16  -10   -6   17   -2
    2    1   15    6    3    0    3  110    2    0      7099   17   -2    3   22    9   -3  -14   14   -8   -4   -4    1  -14   20  -13  -15    7   12
    2    1   16    4    3    6    2  116    3    1      1864   15   -3   -4   19    5  -14  -13   11   -4  -15    0    4  -12   19   -2   -7   13    3
    2    1   17    4    2    1    2  177    1    0      4349   10   15   -1   12   12   -3  -13   19  -10   -7    0    2  -14   10   -7  -10   10    5
    2    1   18    1    2    8    2   40    2    1      1943   11   11   -2   11   12   -1  -15   20  -13   -7   -3    3  -16   10  -10   -6    9    4
    2    1   19    4    3    3    2  128    3    1      2112   14   -4   -4   19   13  -10  -16    7   -8  -13   -2   -1  -12   19    2  -11   11    7
    2    1   20    5    1    6    3  122    3    0      2866   12    3   -3   12   13   -3  -10    9   -9    0   -4    5    0   15   -1    0   12   10
    2    1   21    5    1    4    3  134    1    1      2262   20    0  -10   11   14   -4  -10    5  -12   -2   -9    9    4   18   -7   -8   13   10
    2    1   22    1    2    6    2   77    2    1      4114   11   13   -5   13   21    1  -14   19  -11   -4    1    3   -4    6   -7   -9    5    4
    2    1   23    5    2    3    3  195    2    1      1683   13    9   -2   12   15   -1   -6   20  -13  -11    0    3  -17   18  -12   -8    9    3
    2    1   24    1    3    9    2   69    2    0      8326   17   -2   -6   19    9   -3   -3   12   -4  -13   -7   -5  -18   20   -2  -14    9   10
    2    1   25    4    3    1    2  171    3    1      3845   17    0  -15   24   11   -6   -8    8   -2  -16   -4    1  -12   17   -5  -13   12    6
    2    1   26    4    1    2    2  132    3    0      2474   11    8   -6   19   12   -2  -12   10  -12    1   -6    4   -6    8   -5   -6   13   10
    2    1   27    3    2    3    1  128    3    0      2388   15   21    1   10   13   -1  -14   20  -13   -5   -1    3  -14   11   -9   -7   10    2
    2    1   28    1    1    2    2   90    1    1      2348   15    2   -9   22   15   -2   -8   12   -9   -2   -4    3   -3    6   -6   -8   12   11
    2    1   29    4    2    2    2  179    2    1      3495   11   18    0    9   11   -3  -11   15  -12   -8   -2    3  -14   12  -10   -7    9    4
    2    1   30    5    3    4    3  134    2    0      8555   23    2   -5   19    2   -1  -12    9   -5  -15   -5    4  -17   14   -4  -11   11    5
    2    1   31    2    2    0    0    0    1    0      3541   10   13    0   11   13   -1  -13   20  -12   -6   -1    3  -14   11   -9   -7   11    4
    2    1   32    1    1    8    2   51    2    0      1393   15    4  -12   16   14   -1   -7    7  -19    6   -6    2    0    3  -10  -11   11   10
    2    1   33    3    3    1    1  105    3    1      3967   14   -1   -4   21    9   -3  -10    8   -7  -13    2   -3  -13   19   -1  -14   12    5
    2    1   34    1    2    7    2   14    2    1      2375   10    9   -3    6   14   -1  -12   19  -14  -10   -9    6  -13   10   -7   -9   10    2
    2    1   35    1    1    6    2   10    2    0      8966   17    7   -6   20   16   -4   -8   11   -6    4   -4    9  -10    8  -14   -9    8    7
    2    1   36    3    1    3    1  117    1    1      2214   13    3   -6   18   14   -2  -10    9  -12    0   -5    4   -5    8   -6   -9   13    9
    2    1   37    4    2    4    2  148    2    1      2493    7    8    1   11   11   -3  -17   21  -13   -5    6   10  -12   10   -9   -8   12    4
    2    1   38    4    2    5    2  143    1    0      1833   12   14   -1   12   13    0  -12   19  -13   -6    0    2  -17   15   -7   -5   10   -5
    2    1   39    1    1    7    2   27    1    1      1431   12    4   -5   16   13   -2  -15   11  -12    1   -4    4   -6    8   -8  -10   14    8
    2    1   40    5    2    6    3  115    2    1      7243   13   19   -1   10   13   -6  -12   21  -13   -4   -3   -6  -16   14  -18    0   14    1
    2    1   41    1    1    9    2   97    1    1      1602   12    3   -6   20   11    7  -11   14   -9    0   -5    6   -5    9   -7   -9   15   11
    2    1   42    1    2    9    2   85    2    1     19481    5    9   -2   13    9   -6  -13   18  -11   -7   -1    1  -13   12   -8   -8   10    2
    2    1   43    5    3    7    3  158    1    0     24559   19    0   -7   22   12   -4   -9    9   -5  -11   -2    2  -13    9   -8   -7   14    6
    2    1   44    5    1    8    3  124    3    0      2899    8   11    1   21   13   -1   -9    6   -8   -6   -5    3   -4   12    1   -3   23    4
    2    1   45    3    1    2    1  165    1    1      1301   14    3   -5   18   15   -3  -11   10  -12   -1   -5    4   -5    9   -6   -9   13    9
    2    1   46    3    3    2    1  110    1    0      4678   15   -2   -4   19    8   -4  -10    9   -8  -13   -3    0  -13   19   -2  -13   11    5
    2    1   47    1    3    3    2   65    1    0      1242   14   -3    0   22    8   -3   -8    8   -8  -13    3    1  -14   19    1  -16   14    4
    2    1   48    5    1    2    3  150    2    0      3440   10   -4   -6    9   14   -1  -11   11   -6   -3   -3    3   -5   13   -5   -7   17   14
    2    1   49    5    3    9    3  133    1    0      2117    7   -5   -7   18    9    4   -9    8   -8  -11    0   -5  -13   20   -4  -12   17   11
    2    1   50    6    1    0    3  126    2    0      3327   20    5   -3   19   15    0   -9    3   -9    0   -7    4   -4    7    3  -12    7    0
    2    1   51    5    1    3    3  195    3    0      4176   18    4   -7   18   21   -5   -9   12  -16  -11   -6   12   -5    9   -5  -10   14   10
    2    1   52    4    1    1    2  170    2    0      2620   21   -3   -1   21   13   -4  -12    8  -18    4  -10    6   -4   10   -4   -8   13    8
    2    1   53    5    2    8    3  179    1    0      1184   13   10   -2    9   12   -1  -14   22  -12   -4    6    8  -15   11  -10   -6   10    3
    2    1   54    2    3    0    0    0    1    0      1102   15   -2   -5   20    9   -4  -10    9   -7  -13   -3    0  -13   19   -3  -12   12    5
    2    1   55    1    2    2    2   16    2    1      9616   12   13   -1   11   12   -5  -15   24  -11   -7   -2    3  -15    9   -7   -9   10    4
    2    1   56    4    1    4    2  104    1    1      2357   14    5   -2   21   14   -3   -9   12  -21    1   -6    3   -4    7   -8   -8   13   10
    2    1   57    4    1    6    2  137    1    1      1373   13    1   -3   18   15    0   -9    9  -12   -3  -15   -1   -4   10   -5  -11   13    8
    2    1   58    4    3    5    2  163    1    0      2596   16   -2   -4   22   10   -3  -11    7   -6  -12   -3   -3  -13   20   -3  -17   14    5
    2    1   59    2    1    0    0    0    2    0      1048   13    3   -5   18   14   -2  -10   10  -11   -1   -5    4   -5    8   -6   -9   13    9
    2    1   60    5    1    7    3  171    1    1       781   14    6   -8   18   15   -1  -10   11  -11    0   -3   -4   -4    8   -7  -10   21    9
    2    1   61    3    2    1    1  171    2    1      1283   11   13    0   11   13   -2  -12   20  -10  -10   -1    2  -14   12   -8   -7   11    4
    2    1   62    3    1    1    1  140    1    1       789   13    4   -5   18   14   -1  -10   10  -11   -1   -5    3   -6    7   -6  -10   13   10
    2    1   63    5    1    1    3  112    2    0      2617   15   -7   -7   19   14   -3  -12   11  -19    0   -5    6    3    6  -14    1   14   11
    2    1   64    5    3    5    3  119    3    1      2661   17   -4   -6   21    8   -5   -4   15   -2  -17    0    2  -11   16   -3  -11   14    2
    2    1   65    1    1    5    2   61    2    0      2247   12    3   -5   17   13   -1   -6   20  -12   -1    0    7   -4    8   -5   -1   14    9
    2    1   66    1    3    6    2   89    2    0      6811   14   -3  -14   14    9   -5   -2   12   -4  -10  -13   -1  -11   20    5   -9   13    5
    2    1   67    5    3    2    3  125    3    1      8632   16   -3   -4   20   13   -9   -6    5   -3   -8   -4   -2  -11   20   -4  -14   11    7
    2    1   68    1    1    3    2   13    1    1      1940   13    4   -6   19   15   -1   -9    9  -10    3   -4    4   -6    7   -6  -11   14   10
    2    1   69    5    2    9    3  124    2    1     19082   11   13   -1   12   17   -1   -9   23   -2  -11    3   -1   -5   13   -9   -6   10    5
    2    1   70    1    2    4    2   93    2    1      1993   10   14   -4   11   14   -1  -12   22  -10   -8    0    2  -13   11   -9   -3   21    2
    2    1   71    5    1    9    3  147    2    0      1837    9   10   -5   19   16   -1  -17   19   -3    1   -6    4   -6    8  -16   -7   13   11
    2    1   72    5    3    1    3  182    2    0      4544   14   -2  -11   20    9   -6  -16    7   -7  -22   -8    2  -10   13    4   -3    4    0
    2    1   73    5    2    7    3  125    1    0      2063    6   13   -1   11   14   -2  -19   15  -17   -3   -2    5  -16   13  -17    2    3   12
    2    1   74    1    1    4    2   89    1    1      1276   13    2   -4   18   17   -4   -9   12  -10   -3   -4    4   -4    9   -7   -8   11   10
    2    1   75    4    3    4    2  166    1    0      1720   11    7   -6   19    8   -6  -11   10   -5  -11   -3   -2  -22   20   -4  -13   19    0
    2    1   76    1    3    5    2   82    1    0      1211   17   -2  -14   17    8   -5  -10   10   -5  -15   -2   -1  -11   20   -2  -11   13    6
    2    1   77    5    2    1    3  170    2    1      3670   10   11   -9    6   18    6  -14   21  -13   -6    4   10  -18   12  -13   -9    2    7
    2    1   78    4    2    3    2  119    3    0      7299    5    7   -2   12   13    0  -14   21  -14   -4   -4    3  -23    3   -9   -6   15    2
    2    1   79    4    3    2    2  175    3    1      1684   15   -3   -4   22    8   -3   -9    8   -7  -14  -10    0  -11   17    1  -10   11    6
    2    1   80    1    3    1    2   80    1    0      2903   13    8   -7   19    4   -3  -11    9   -3   -3   -5    2  -12   18   -2  -13   12    6
    2    1   81    5    2    5    3  114    2    1      2754    0   23    0   10   14   -1  -14   20  -16   -1   -3    0  -14   10   -6   -2   13    2
    2    1   82    5    3    3    3  192    3    1      2571   19   -8   -5   19    9   -3   -9    9   -4  -16   -4    0   -7   12    1  -15   12    3
    2    1   83    1    3    8    2   71    3    1       928   14   -2   -7   19    6   -6  -11    9   -8  -15   -3    1  -11   18   -2  -13   12    6
    2    1   84    3    3    3    1  181    3    1       864   16   -2   -5   19   10   -5  -10    9   -7  -13   -3   -1  -13   20    4  -12   12    5
    2    1   85    5    3    8    3  145    1    0      1986   13   -3    5   19   15  -10  -12   10   -8   -3   -8    3  -12   18   -1  -10   13    4
    2    1   86    4    2    6    2  162    2    1     22241   18    5    0   12    9   -2  -12   20  -19   -6   -1    4  -15   10   -9   -6   10    5
    2    1   87    1    2    5    2   47    1    0      5272   12   12    1   10   15   -3  -12   20  -12   -8   -3    1  -18   12  -10  -10   10    4
