    1    1    1    1    3    8    1   71    1    0      2479   15   -3   -5   20    9   -5  -10    9   -7  -13   -3    0  -13   19   -3  -13   13    6
    1    1    2    1    3    4    1    4    2    0         0   15   -2   -5   19    8  -10  -10    8   -6  -14   -3    0  -13   18   -4  -12   11    6
    1    1    3    1    1    4    1   89    3    0         0   13    3   -5   19   14   -2  -10   10  -12   -1   -6    5   -6    8   -5  -10   12   11
    1    1    4    1    1    6    1   10    2    0        38   13    2   -4   17   14   -2  -11   11  -11   -1   -5    5   -8    5   -7   -8   12    8
    1    1    5    1    1    7    1   27    1    1       130   12    3   -4   17    9    3  -10   10  -11   -1   -4    3   -5    8   -5  -10   13    9
    1    1    6    1    2    8    1   40    2    1        36   11   12    1   10   13   -1  -13   20  -12   -6   -2    3  -15   11   -8   -8   11    3
    1    1    7    1    3    3    1   65    2    0       256   15   -2   -4   19   10   -5  -10    8   -5  -12   -3    0  -14   20   -2  -13   12    6
    1    1    8    1    2    6    1   77    3    0       146   10   14    3    3   13   -2  -12   19  -12   -5   -1    4  -15   13   -8   -7   11    4
    1    1    9    1    2    5    1   47    2    1       167   10   13    1   10   13   -1  -12   20  -11   -5   -1    4  -14   11   -9   -7   11    5
    1    1   10    1    1    5    1   61    2    0       442   13    3   -6   21   23    3  -10   10  -11   -1   -6    4   -3    6   -6   -8   13    8
    1    1   11    1    2    7    1   14    2    1         0   11   14   -1   12   13   -3  -14   20  -12   -6    0    2  -14   11  -10   -7   12    5
    1    1   12    1    1    9    1   97    3    0         0   10    0   -4   17   19    7  -10   11  -10   -2   -7    3  -10   16   -6   -9   13    9
    1    1   13    1    1    3    1   13    3    0        35   13    2   -6   20   13   -3  -10   10  -11   -1    1    8   -9    3   -7   -8   12   10
    1    1   14    1    3    7    1   64    3    1         0   15   -3   -5   20    8   -5  -10    8   -7  -11   -3    0  -13   19   -3  -12   13    4
    1    1   15    1    2    2    1   16    1    0        92   10   13   -9   14   14   -1  -13   20   -8   -5   -1    3  -14   11   -9   -7   11    4
    1    1   16    1    1    2    1   90    1    1       946   13    3   -5   18   11   -4  -10   10  -10   -2   -6    5   -5    8   -1  -11   13    9
    1    1   17    1    3    1    1   80    1    0        67   14   -1   -3   19    9   -5  -10    9   -6  -13   -2    0  -13   19   -3  -12   13    5
    1    1   18    1    1    1    1   82    1    1       740   13   -7    4   12   14   -2  -16    9  -11   -1   -6    0   -5    8   -6   -9   17    5
    1    1   19    1    3    2    1   95    3    1         0   14   -2   -5   20    9   -4  -10   11   -8  -14   -3   -1  -13   23   -4  -11   11    5
    1    1   20    1    2    1    1   97    1    0         0   10   13   -1   10   13   -1  -14   20  -12   -6   -2    4  -13   11   -9   -9   11    4
    1    1   21    1    2    4    1   93    3    0         0   10   13   -1   14   14   -2  -15   20  -13   -5    0    7  -14   11   -9   -7   10    5
    1    1   22    1    3    5    1   82    1    0      2494   15   -3   -4   20    9   -4  -10    9   -6  -14   -3    0  -12   10   -3  -12   12    5
    1    1   23    1    3    6    1   89    1    0         0   15   -2   -5   21    9   -4  -10    9   -7  -14   -3    0  -13   19   -4  -11   13    5
    1    1   24    1    1    8    1   51    2    0       283   13    3   -5   18   13   -1  -16    3  -10   -2   -5    4   -5    7   -6   -9   13   10
    1    1   25    1    3    9    1   69    1    0         0   16   -3   -5   20    9   -5  -10    9   -6  -13   -1    8  -11   21   -3  -13   12    5
    1    1   26    1    2    9    1   85    3    0       348   10   13   -1   11   13   -1  -12   20  -12   -5    0    2  -12   11   -8   -7   11    4
    1    1   27    1    2    3    1   96    2    1       314   10   14    0   11   12    0  -14   20  -12   -4   -1    3  -13   10   -9   -7   11    4
    1    2    1    1    3    1    1   80    1    0         0   14   -1   -3   19    9   -5  -10    9   -6  -13   -2    0  -13   19   -3  -12   13    5
    1    2    2    1    2    5    1   47    2    1         5   10   13    1   10   13   -1  -12   20  -11   -5   -1    4  -14   11   -9   -7   11    5
    1    2    3    1    3    2    1   95    2    0         2   14   -2   -5   20    9   -4  -10   11   -8  -14   -3   -1  -13   23   -4  -11   11    5
    1    2    4    1    1    4    1   89    3    0       194   13    3   -5   19   14   -2  -10   10  -12   -1   -6    5   -6    8   -5  -10   12   11
    1    2    5    1    3    3    1   65    3    1       114   15   -2   -4   19   10   -5  -10    8   -5  -12   -3    0  -14   20   -2  -13   12    6
    1    2    6    1    1    7    1   27    3    0        60   12    3   -4   17    9    3  -10   10  -11   -1   -4    3   -5    8   -5  -10   13    9
    1    2    7    1    3    4    1    4    2    0       185   15   -2   -5   19    8  -10  -10    8   -6  -14   -3    0  -13   18   -4  -12   11    6
    1    2    8    1    1    6    1   10    3    0        98   13    2   -4   17   14   -2  -11   11  -11   -1   -5    5   -8    5   -7   -8   12    8
    1    2    9    1    3    6    1   89    2    0        40   15   -2   -5   21    9   -4  -10    9   -7  -14   -3    0  -13   19   -4  -11   13    5
    1    2   10    1    3    7    1   64    2    0        19   15   -3   -5   20    8   -5  -10    8   -7  -11   -3    0  -13   19   -3  -12   13    4
    1    2   11    1    1    8    1   51    3    0        12   13    3   -5   18   13   -1  -16    3  -10   -2   -5    4   -5    7   -6   -9   13   10
    1    2   12    1    1    5    1   61    3    0         0   13    3   -6   21   23    3  -10   10  -11   -1   -6    4   -3    6   -6   -8   13    8
    1    2   13    1    2    6    1   77    3    0         0   10   14    3    3   13   -2  -12   19  -12   -5   -1    4  -15   13   -8   -7   11    4
    1    2   14    1    2    4    1   93    3    0        21   10   13   -1   14   14   -2  -15   20  -13   -5    0    7  -14   11   -9   -7   10    5
    1    2   15    1    3    9    1   69    2    0         0   16   -3   -5   20    9   -5  -10    9   -6  -13   -1    8  -11   21   -3  -13   12    5
    1    2   16    1    1    1    1   82    3    0         0   13   -7    4   12   14   -2  -16    9  -11   -1   -6    0   -5    8   -6   -9   17    5
    1    2   17    1    2    9    1   85    3    0         0   10   13   -1   11   13   -1  -12   20  -12   -5    0    2  -12   11   -8   -7   11    4
    1    2   18    1    1    9    1   97    1    1     17247   10    0   -4   17   19    7  -10   11  -10   -2   -7    3  -10   16   -6   -9   13    9
    1    2   19    1    2    8    1   40    3    0        24   11   12    1   10   13   -1  -13   20  -12   -6   -2    3  -15   11   -8   -8   11    3
    1    2   20    1    2    7    1   14    3    0      4915   11   14   -1   12   13   -3  -14   20  -12   -6    0    2  -14   11  -10   -7   12    5
    1    2   21    1    2    2    1   16    1    0       103   10   13   -9   14   14   -1  -13   20   -8   -5   -1    3  -14   11   -9   -7   11    4
    1    2   22    1    3    5    1   82    1    0        64   15   -3   -4   20    9   -4  -10    9   -6  -14   -3    0  -12   10   -3  -12   12    5
    1    2   23    1    2    1    1   97    3    0         0   10   13   -1   10   13   -1  -14   20  -12   -6   -2    4  -13   11   -9   -9   11    4
    1    2   24    1    3    8    1   71    1    0         0   15   -3   -5   20    9   -5  -10    9   -7  -13   -3    0  -13   19   -3  -13   13    6
    1    2   25    1    1    2    1   90    1    1        17   13    3   -5   18   11   -4  -10   10  -10   -2   -6    5   -5    8   -1  -11   13    9
    1    2   26    1    2    3    1   96    1    0       353   10   14    0   11   12    0  -14   20  -12   -4   -1    3  -13   10   -9   -7   11    4
    1    2   27    1    1    3    1   13    3    0         0   13    2   -6   20   13   -3  -10   10  -11   -1    1    8   -9    3   -7   -8   12   10
    1    3    1    1    2    8    1   40    1    0         0   11   12    1   10   13   -1  -13   20  -12   -6   -2    3  -15   11   -8   -8   11    3
    1    3    2    1    1    1    1   82    1    1       240   13   -7    4   12   14   -2  -16    9  -11   -1   -6    0   -5    8   -6   -9   17    5
    1    3    3    1    3    4    1    4    1    0        16   15   -2   -5   19    8  -10  -10    8   -6  -14   -3    0  -13   18   -4  -12   11    6
    1    3    4    1    3    3    1   65    1    0      2697   15   -2   -4   19   10   -5  -10    8   -5  -12   -3    0  -14   20   -2  -13   12    6
    1    3    5    1    3    7    1   64    1    0         0   15   -3   -5   20    8   -5  -10    8   -7  -11   -3    0  -13   19   -3  -12   13    4
    1    3    6    1    2    3    1   96    1    0         0   10   14    0   11   12    0  -14   20  -12   -4   -1    3  -13   10   -9   -7   11    4
    1    3    7    1    3    2    1   95    2    0       115   14   -2   -5   20    9   -4  -10   11   -8  -14   -3   -1  -13   23   -4  -11   11    5
    1    3    8    1    3    9    1   69    2    0      1039   16   -3   -5   20    9   -5  -10    9   -6  -13   -1    8  -11   21   -3  -13   12    5
    1    3    9    1    3    1    1   80    1    0       258   14   -1   -3   19    9   -5  -10    9   -6  -13   -2    0  -13   19   -3  -12   13    5
    1    3   10    1    1    6    1   10    1    1       642   13    2   -4   17   14   -2  -11   11  -11   -1   -5    5   -8    5   -7   -8   12    8
    1    3   11    1    3    5    1   82    2    0        66   15   -3   -4   20    9   -4  -10    9   -6  -14   -3    0  -12   10   -3  -12   12    5
    1    3   12    1    3    8    1   71    1    0      1017   15   -3   -5   20    9   -5  -10    9   -7  -13   -3    0  -13   19   -3  -13   13    6
    1    3   13    1    2    7    1   14    3    0      1402   11   14   -1   12   13   -3  -14   20  -12   -6    0    2  -14   11  -10   -7   12    5
    1    3   14    1    2    2    1   16    1    0       861   10   13   -9   14   14   -1  -13   20   -8   -5   -1    3  -14   11   -9   -7   11    4
    1    3   15    1    1    8    1   51    3    0       976   13    3   -5   18   13   -1  -16    3  -10   -2   -5    4   -5    7   -6   -9   13   10
    1    3   16    1    1    3    1   13    1    1         0   13    2   -6   20   13   -3  -10   10  -11   -1    1    8   -9    3   -7   -8   12   10
    1    3   17    1    1    7    1   27    1    1       351   12    3   -4   17    9    3  -10   10  -11   -1   -4    3   -5    8   -5  -10   13    9
    1    3   18    1    2    4    1   93    1    0        12   10   13   -1   14   14   -2  -15   20  -13   -5    0    7  -14   11   -9   -7   10    5
    1    3   19    1    2    5    1   47    1    0       856   10   13    1   10   13   -1  -12   20  -11   -5   -1    4  -14   11   -9   -7   11    5
    1    3   20    1    2    1    1   97    1    0      2079   10   13   -1   10   13   -1  -14   20  -12   -6   -2    4  -13   11   -9   -9   11    4
    1    3   21    1    3    6    1   89    3    1        55   15   -2   -5   21    9   -4  -10    9   -7  -14   -3    0  -13   19   -4  -11   13    5
    1    3   22    1    1    4    1   89    1    1         0   13    3   -5   19   14   -2  -10   10  -12   -1   -6    5   -6    8   -5  -10   12   11
    1    3   23    1    2    6    1   77    1    0       521   10   14    3    3   13   -2  -12   19  -12   -5   -1    4  -15   13   -8   -7   11    4
    1    3   24    1    1    2    1   90    2    0        16   13    3   -5   18   11   -4  -10   10  -10   -2   -6    5   -5    8   -1  -11   13    9
    1    3   25    1    1    9    1   97    1    1         0   10    0   -4   17   19    7  -10   11  -10   -2   -7    3  -10   16   -6   -9   13    9
    1    3   26    1    2    9    1   85    2    1       919   10   13   -1   11   13   -1  -12   20  -12   -5    0    2  -12   11   -8   -7   11    4
    1    3   27    1    1    5    1   61    1    1      2041   13    3   -6   21   23    3  -10   10  -11   -1   -6    4   -3    6   -6   -8   13    8
    1    4    1    1    1    5    1   61    1    1      1636   13    3   -6   21   23    3  -10   10  -11   -1   -6    4   -3    6   -6   -8   13    8
    1    4    2    1    2    9    1   85    1    0      2041   10   13   -1   11   13   -1  -12   20  -12   -5    0    2  -12   11   -8   -7   11    4
    1    4    3    1    2    3    1   96    1    0       593   10   14    0   11   12    0  -14   20  -12   -4   -1    3  -13   10   -9   -7   11    4
    1    4    4    1    3    8    1   71    3    1      1474   15   -3   -5   20    9   -5  -10    9   -7  -13   -3    0  -13   19   -3  -13   13    6
    1    4    5    1    2    1    1   97    3    0      1984   10   13   -1   10   13   -1  -14   20  -12   -6   -2    4  -13   11   -9   -9   11    4
    1    4    6    1    3    9    1   69    1    0      2012   16   -3   -5   20    9   -5  -10    9   -6  -13   -1    8  -11   21   -3  -13   12    5
    1    4    7    1    3    4    1    4    1    0       709   15   -2   -5   19    8  -10  -10    8   -6  -14   -3    0  -13   18   -4  -12   11    6
    1    4    8    1    2    2    1   16    1    0      1041   10   13   -9   14   14   -1  -13   20   -8   -5   -1    3  -14   11   -9   -7   11    4
    1    4    9    1    1    3    1   13    1    1      3042   13    2   -6   20   13   -3  -10   10  -11   -1    1    8   -9    3   -7   -8   12   10
    1    4   10    1    3    1    1   80    1    0      2131   14   -1   -3   19    9   -5  -10    9   -6  -13   -2    0  -13   19   -3  -12   13    5
    1    4   11    1    2    6    1   77    1    0       232   10   14    3    3   13   -2  -12   19  -12   -5   -1    4  -15   13   -8   -7   11    4
    1    4   12    1    1    1    1   82    1    1       488   13   -7    4   12   14   -2  -16    9  -11   -1   -6    0   -5    8   -6   -9   17    5
    1    4   13    1    3    7    1   64    1    0      2878   15   -3   -5   20    8   -5  -10    8   -7  -11   -3    0  -13   19   -3  -12   13    4
    1    4   14    1    1    6    1   10    1    1      3765   13    2   -4   17   14   -2  -11   11  -11   -1   -5    5   -8    5   -7   -8   12    8
    1    4   15    1    3    3    1   65    3    1      4390   15   -2   -4   19   10   -5  -10    8   -5  -12   -3    0  -14   20   -2  -13   12    6
    1    4   16    1    2    4    1   93    1    0      1862   10   13   -1   14   14   -2  -15   20  -13   -5    0    7  -14   11   -9   -7   10    5
    1    4   17    1    2    7    1   14    2    1      3221   11   14   -1   12   13   -3  -14   20  -12   -6    0    2  -14   11  -10   -7   12    5
    1    4   18    1    3    6    1   89    1    0      8014   15   -2   -5   21    9   -4  -10    9   -7  -14   -3    0  -13   19   -4  -11   13    5
    1    4   19    1    1    2    1   90    3    0       274   13    3   -5   18   11   -4  -10   10  -10   -2   -6    5   -5    8   -1  -11   13    9
    1    4   20    1    1    8    1   51    2    0      2624   13    3   -5   18   13   -1  -16    3  -10   -2   -5    4   -5    7   -6   -9   13   10
    1    4   21    1    1    9    1   97    1    1      2546   10    0   -4   17   19    7  -10   11  -10   -2   -7    3  -10   16   -6   -9   13    9
    1    4   22    1    3    2    1   95    3    1      1686   14   -2   -5   20    9   -4  -10   11   -8  -14   -3   -1  -13   23   -4  -11   11    5
    1    4   23    1    1    4    1   89    3    0       635   13    3   -5   19   14   -2  -10   10  -12   -1   -6    5   -6    8   -5  -10   12   11
    1    4   24    1    1    7    1   27    1    1      1357   12    3   -4   17    9    3  -10   10  -11   -1   -4    3   -5    8   -5  -10   13    9
    1    4   25    1    3    5    1   82    3    1        32   15   -3   -4   20    9   -4  -10    9   -6  -14   -3    0  -12   10   -3  -12   12    5
    1    4   26    1    2    5    1   47    3    0      2633   10   13    1   10   13   -1  -12   20  -11   -5   -1    4  -14   11   -9   -7   11    5
    1    4   27    1    2    8    1   40    1    0       315   11   12    1   10   13   -1  -13   20  -12   -6   -2    3  -15   11   -8   -8   11    3
    1    5    1    1    2    8    1   40    3    0       714   11   12    1   10   13   -1  -13   20  -12   -6   -2    3  -15   11   -8   -8   11    3
    1    5    2    1    1    1    1   82    1    1      1288   13   -7    4   12   14   -2  -16    9  -11   -1   -6    0   -5    8   -6   -9   17    5
    1    5    3    1    3    5    1   82    1    0      1295   15   -3   -4   20    9   -4  -10    9   -6  -14   -3    0  -12   10   -3  -12   12    5
    1    5    4    1    3    9    1   69    1    0      2720   16   -3   -5   20    9   -5  -10    9   -6  -13   -1    8  -11   21   -3  -13   12    5
    1    5    5    1    2    7    1   14    1    0        61   11   14   -1   12   13   -3  -14   20  -12   -6    0    2  -14   11  -10   -7   12    5
    1    5    6    1    1    3    1   13    1    1       134   13    2   -6   20   13   -3  -10   10  -11   -1    1    8   -9    3   -7   -8   12   10
    1    5    7    1    3    8    1   71    1    0      3642   15   -3   -5   20    9   -5  -10    9   -7  -13   -3    0  -13   19   -3  -13   13    6
    1    5    8    1    1    9    1   97    1    1         0   10    0   -4   17   19    7  -10   11  -10   -2   -7    3  -10   16   -6   -9   13    9
    1    5    9    1    1    8    1   51    3    0      2398   13    3   -5   18   13   -1  -16    3  -10   -2   -5    4   -5    7   -6   -9   13   10
    1    5   10    1    2    6    1   77    3    0         0   10   14    3    3   13   -2  -12   19  -12   -5   -1    4  -15   13   -8   -7   11    4
    1    5   11    1    3    3    1   65    1    0      3905   15   -2   -4   19   10   -5  -10    8   -5  -12   -3    0  -14   20   -2  -13   12    6
    1    5   12    1    2    1    1   97    3    0         0   10   13   -1   10   13   -1  -14   20  -12   -6   -2    4  -13   11   -9   -9   11    4
    1    5   13    1    1    2    1   90    3    0         0   13    3   -5   18   11   -4  -10   10  -10   -2   -6    5   -5    8   -1  -11   13    9
    1    5   14    1    2    9    1   85    1    0      8540   10   13   -1   11   13   -1  -12   20  -12   -5    0    2  -12   11   -8   -7   11    4
    1    5   15    1    2    5    1   47    1    0      1735   10   13    1   10   13   -1  -12   20  -11   -5   -1    4  -14   11   -9   -7   11    5
    1    5   16    1    1    4    1   89    1    1      1016   13    3   -5   19   14   -2  -10   10  -12   -1   -6    5   -6    8   -5  -10   12   11
    1    5   17    1    2    4    1   93    2    1        26   10   13   -1   14   14   -2  -15   20  -13   -5    0    7  -14   11   -9   -7   10    5
    1    5   18    1    3    6    1   89    1    0      3721   15   -2   -5   21    9   -4  -10    9   -7  -14   -3    0  -13   19   -4  -11   13    5
    1    5   19    1    1    7    1   27    1    1      1248   12    3   -4   17    9    3  -10   10  -11   -1   -4    3   -5    8   -5  -10   13    9
    1    5   20    1    3    4    1    4    1    0      4649   15   -2   -5   19    8  -10  -10    8   -6  -14   -3    0  -13   18   -4  -12   11    6
    1    5   21    1    1    6    1   10    3    0      1109   13    2   -4   17   14   -2  -11   11  -11   -1   -5    5   -8    5   -7   -8   12    8
    1    5   22    1    3    2    1   95    1    0       228   14   -2   -5   20    9   -4  -10   11   -8  -14   -3   -1  -13   23   -4  -11   11    5
    1    5   23    1    2    2    1   16    3    0      1277   10   13   -9   14   14   -1  -13   20   -8   -5   -1    3  -14   11   -9   -7   11    4
    1    5   24    1    1    5    1   61    3    0      3869   13    3   -6   21   23    3  -10   10  -11   -1   -6    4   -3    6   -6   -8   13    8
    1    5   25    1    2    3    1   96    1    0      2953   10   14    0   11   12    0  -14   20  -12   -4   -1    3  -13   10   -9   -7   11    4
    1    5   26    1    3    7    1   64    1    0       350   15   -3   -5   20    8   -5  -10    8   -7  -11   -3    0  -13   19   -3  -12   13    4
    1    5   27    1    3    1    1   80    2    0      2344   14   -1   -3   19    9   -5  -10    9   -6  -13   -2    0  -13   19   -3  -12   13    5
    1    6    1    1    3    5    1   82    2    0       430   15   -3   -4   20    9   -4  -10    9   -6  -14   -3    0  -12   10   -3  -12   12    5
    1    6    2    1    1    7    1   27    3    0       681   12    3   -4   17    9    3  -10   10  -11   -1   -4    3   -5    8   -5  -10   13    9
    1    6    3    1    3    8    1   71    2    0         0   15   -3   -5   20    9   -5  -10    9   -7  -13   -3    0  -13   19   -3  -13   13    6
    1    6    4    1    2    2    1   16    1    0      4434   10   13   -9   14   14   -1  -13   20   -8   -5   -1    3  -14   11   -9   -7   11    4
    1    6    5    1    2    1    1   97    1    0      1623   10   13   -1   10   13   -1  -14   20  -12   -6   -2    4  -13   11   -9   -9   11    4
    1    6    6    1    1    1    1   82    3    0         0   13   -7    4   12   14   -2  -16    9  -11   -1   -6    0   -5    8   -6   -9   17    5
    1    6    7    1    3    1    1   80    1    0       810   14   -1   -3   19    9   -5  -10    9   -6  -13   -2    0  -13   19   -3  -12   13    5
    1    6    8    1    3    2    1   95    2    0      1167   14   -2   -5   20    9   -4  -10   11   -8  -14   -3   -1  -13   23   -4  -11   11    5
    1    6    9    1    1    9    1   97    1    1     20649   10    0   -4   17   19    7  -10   11  -10   -2   -7    3  -10   16   -6   -9   13    9
    1    6   10    1    1    4    1   89    1    1       358   13    3   -5   19   14   -2  -10   10  -12   -1   -6    5   -6    8   -5  -10   12   11
    1    6   11    1    2    6    1   77    3    0        14   10   14    3    3   13   -2  -12   19  -12   -5   -1    4  -15   13   -8   -7   11    4
    1    6   12    1    3    7    1   64    1    0     20906   15   -3   -5   20    8   -5  -10    8   -7  -11   -3    0  -13   19   -3  -12   13    4
    1    6   13    1    3    6    1   89    1    0      8770   15   -2   -5   21    9   -4  -10    9   -7  -14   -3    0  -13   19   -4  -11   13    5
    1    6   14    1    2    7    1   14    3    0         0   11   14   -1   12   13   -3  -14   20  -12   -6    0    2  -14   11  -10   -7   12    5
    1    6   15    1    2    4    1   93    2    1       202   10   13   -1   14   14   -2  -15   20  -13   -5    0    7  -14   11   -9   -7   10    5
    1    6   16    1    3    3    1   65    2    0      1007   15   -2   -4   19   10   -5  -10    8   -5  -12   -3    0  -14   20   -2  -13   12    6
    1    6   17    1    1    2    1   90    3    0         0   13    3   -5   18   11   -4  -10   10  -10   -2   -6    5   -5    8   -1  -11   13    9
    1    6   18    1    2    9    1   85    1    0       258   10   13   -1   11   13   -1  -12   20  -12   -5    0    2  -12   11   -8   -7   11    4
    1    6   19    1    2    8    1   40    2    1         0   11   12    1   10   13   -1  -13   20  -12   -6   -2    3  -15   11   -8   -8   11    3
    1    6   20    1    2    5    1   47    1    0         0   10   13    1   10   13   -1  -12   20  -11   -5   -1    4  -14   11   -9   -7   11    5
    1    6   21    1    3    9    1   69    3    1       899   16   -3   -5   20    9   -5  -10    9   -6  -13   -1    8  -11   21   -3  -13   12    5
    1    6   22    1    1    3    1   13    3    0      3593   13    2   -6   20   13   -3  -10   10  -11   -1    1    8   -9    3   -7   -8   12   10
    1    6   23    1    1    5    1   61    1    1       517   13    3   -6   21   23    3  -10   10  -11   -1   -6    4   -3    6   -6   -8   13    8
    1    6   24    1    2    3    1   96    1    0       726   10   14    0   11   12    0  -14   20  -12   -4   -1    3  -13   10   -9   -7   11    4
    1    6   25    1    1    6    1   10    2    0       297   13    2   -4   17   14   -2  -11   11  -11   -1   -5    5   -8    5   -7   -8   12    8
    1    6   26    1    1    8    1   51    3    0         0   13    3   -5   18   13   -1  -16    3  -10   -2   -5    4   -5    7   -6   -9   13   10
    1    6   27    1    3    4    1    4    2    0        71   15   -2   -5   19    8  -10  -10    8   -6  -14   -3    0  -13   18   -4  -12   11    6
    1    7    1    1    3    6    1   89    3    1       163   15   -2   -5   21    9   -4  -10    9   -7  -14   -3    0  -13   19   -4  -11   13    5
    1    7    2    1    3    1    1   80    2    0       201   14   -1   -3   19    9   -5  -10    9   -6  -13   -2    0  -13   19   -3  -12   13    5
    1    7    3    1    1    8    1   51    1    1         0   13    3   -5   18   13   -1  -16    3  -10   -2   -5    4   -5    7   -6   -9   13   10
    1    7    4    1    3    3    1   65    1    0       505   15   -2   -4   19   10   -5  -10    8   -5  -12   -3    0  -14   20   -2  -13   12    6
    1    7    5    1    1    4    1   89    1    1        79   13    3   -5   19   14   -2  -10   10  -12   -1   -6    5   -6    8   -5  -10   12   11
    1    7    6    1    2    2    1   16    3    0       632   10   13   -9   14   14   -1  -13   20   -8   -5   -1    3  -14   11   -9   -7   11    4
    1    7    7    1    1    1    1   82    2    0      5322   13   -7    4   12   14   -2  -16    9  -11   -1   -6    0   -5    8   -6   -9   17    5
    1    7    8    1    2    8    1   40    2    1      6609   11   12    1   10   13   -1  -13   20  -12   -6   -2    3  -15   11   -8   -8   11    3
    1    7    9    1    3    5    1   82    3    1       325   15   -3   -4   20    9   -4  -10    9   -6  -14   -3    0  -12   10   -3  -12   12    5
    1    7   10    1    3    4    1    4    1    0      1314   15   -2   -5   19    8  -10  -10    8   -6  -14   -3    0  -13   18   -4  -12   11    6
    1    7   11    1    1    7    1   27    3    0      3125   12    3   -4   17    9    3  -10   10  -11   -1   -4    3   -5    8   -5  -10   13    9
    1    7   12    1    1    9    1   97    1    1      4451   10    0   -4   17   19    7  -10   11  -10   -2   -7    3  -10   16   -6   -9   13    9
    1    7   13    1    3    9    1   69    2    0       266   16   -3   -5   20    9   -5  -10    9   -6  -13   -1    8  -11   21   -3  -13   12    5
    1    7   14    1    2    9    1   85    3    0       476   10   13   -1   11   13   -1  -12   20  -12   -5    0    2  -12   11   -8   -7   11    4
    1    7   15    1    2    3    1   96    3    0       133   10   14    0   11   12    0  -14   20  -12   -4   -1    3  -13   10   -9   -7   11    4
    1    7   16    1    1    5    1   61    1    1       763   13    3   -6   21   23    3  -10   10  -11   -1   -6    4   -3    6   -6   -8   13    8
    1    7   17    1    3    8    1   71    3    1       103   15   -3   -5   20    9   -5  -10    9   -7  -13   -3    0  -13   19   -3  -13   13    6
    1    7   18    1    2    4    1   93    2    1         0   10   13   -1   14   14   -2  -15   20  -13   -5    0    7  -14   11   -9   -7   10    5
    1    7   19    1    2    1    1   97    3    0         0   10   13   -1   10   13   -1  -14   20  -12   -6   -2    4  -13   11   -9   -9   11    4
    1    7   20    1    1    6    1   10    3    0        25   13    2   -4   17   14   -2  -11   11  -11   -1   -5    5   -8    5   -7   -8   12    8
    1    7   21    1    3    2    1   95    2    0       197   14   -2   -5   20    9   -4  -10   11   -8  -14   -3   -1  -13   23   -4  -11   11    5
    1    7   22    1    2    6    1   77    1    0      1098   10   14    3    3   13   -2  -12   19  -12   -5   -1    4  -15   13   -8   -7   11    4
    1    7   23    1    2    7    1   14    3    0       790   11   14   -1   12   13   -3  -14   20  -12   -6    0    2  -14   11  -10   -7   12    5
    1    7   24    1    2    5    1   47    1    0       769   10   13    1   10   13   -1  -12   20  -11   -5   -1    4  -14   11   -9   -7   11    5
    1    7   25    1    3    7    1   64    2    0        43   15   -3   -5   20    8   -5  -10    8   -7  -11   -3    0  -13   19   -3  -12   13    4
    1    7   26    1    1    2    1   90    2    0       390   13    3   -5   18   11   -4  -10   10  -10   -2   -6    5   -5    8   -1  -11   13    9
    1    7   27    1    1    3    1   13    3    0        34   13    2   -6   20   13   -3  -10   10  -11   -1    1    8   -9    3   -7   -8   12   10
    1    8    1    1    1    4    1   89    3    0       255   13    3   -5   19   14   -2  -10   10  -12   -1   -6    5   -6    8   -5  -10   12   11
    1    8    2    1    1    9    1   97    1    1      3040   10    0   -4   17   19    7  -10   11  -10   -2   -7    3  -10   16   -6   -9   13    9
    1    8    3    1    3    9    1   69    1    0         0   16   -3   -5   20    9   -5  -10    9   -6  -13   -1    8  -11   21   -3  -13   12    5
    1    8    4    1    2    4    1   93    1    0      4527   10   13   -1   14   14   -2  -15   20  -13   -5    0    7  -14   11   -9   -7   10    5
    1    8    5    1    3    1    1   80    1    0       870   14   -1   -3   19    9   -5  -10    9   -6  -13   -2    0  -13   19   -3  -12   13    5
    1    8    6    1    1    8    1   51    3    0      9886   13    3   -5   18   13   -1  -16    3  -10   -2   -5    4   -5    7   -6   -9   13   10
    1    8    7    1    2    9    1   85    1    0      1624   10   13   -1   11   13   -1  -12   20  -12   -5    0    2  -12   11   -8   -7   11    4
    1    8    8    1    1    1    1   82    1    1        80   13   -7    4   12   14   -2  -16    9  -11   -1   -6    0   -5    8   -6   -9   17    5
    1    8    9    1    2    3    1   96    3    0         0   10   14    0   11   12    0  -14   20  -12   -4   -1    3  -13   10   -9   -7   11    4
    1    8   10    1    3    2    1   95    1    0       690   14   -2   -5   20    9   -4  -10   11   -8  -14   -3   -1  -13   23   -4  -11   11    5
    1    8   11    1    2    7    1   14    1    0       831   11   14   -1   12   13   -3  -14   20  -12   -6    0    2  -14   11  -10   -7   12    5
    1    8   12    1    2    1    1   97    3    0        10   10   13   -1   10   13   -1  -14   20  -12   -6   -2    4  -13   11   -9   -9   11    4
    1    8   13    1    2    5    1   47    2    1         0   10   13    1   10   13   -1  -12   20  -11   -5   -1    4  -14   11   -9   -7   11    5
    1    8   14    1    3    7    1   64    3    1         0   15   -3   -5   20    8   -5  -10    8   -7  -11   -3    0  -13   19   -3  -12   13    4
    1    8   15    1    3    5    1   82    1    0         0   15   -3   -4   20    9   -4  -10    9   -6  -14   -3    0  -12   10   -3  -12   12    5
    1    8   16    1    2    8    1   40    1    0        83   11   12    1   10   13   -1  -13   20  -12   -6   -2    3  -15   11   -8   -8   11    3
    1    8   17    1    3    8    1   71    3    1         0   15   -3   -5   20    9   -5  -10    9   -7  -13   -3    0  -13   19   -3  -13   13    6
    1    8   18    1    1    6    1   10    2    0      1065   13    2   -4   17   14   -2  -11   11  -11   -1   -5    5   -8    5   -7   -8   12    8
    1    8   19    1    3    6    1   89    1    0      6218   15   -2   -5   21    9   -4  -10    9   -7  -14   -3    0  -13   19   -4  -11   13    5
    1    8   20    1    3    3    1   65    2    0      1371   15   -2   -4   19   10   -5  -10    8   -5  -12   -3    0  -14   20   -2  -13   12    6
    1    8   21    1    1    3    1   13    3    0      2255   13    2   -6   20   13   -3  -10   10  -11   -1    1    8   -9    3   -7   -8   12   10
    1    8   22    1    1    2    1   90    1    1       753   13    3   -5   18   11   -4  -10   10  -10   -2   -6    5   -5    8   -1  -11   13    9
    1    8   23    1    1    7    1   27    3    0        14   12    3   -4   17    9    3  -10   10  -11   -1   -4    3   -5    8   -5  -10   13    9
    1    8   24    1    2    2    1   16    2    1        10   10   13   -9   14   14   -1  -13   20   -8   -5   -1    3  -14   11   -9   -7   11    4
    1    8   25    1    3    4    1    4    1    0       261   15   -2   -5   19    8  -10  -10    8   -6  -14   -3    0  -13   18   -4  -12   11    6
    1    8   26    1    2    6    1   77    1    0         0   10   14    3    3   13   -2  -12   19  -12   -5   -1    4  -15   13   -8   -7   11    4
    1    8   27    1    1    5    1   61    1    1      1875   13    3   -6   21   23    3  -10   10  -11   -1   -6    4   -3    6   -6   -8   13    8
    1    9    1    1    1    9    1   97    1    1      3682   10    0   -4   17   19    7  -10   11  -10   -2   -7    3  -10   16   -6   -9   13    9
    1    9    2    1    3    1    1   80    1    0      1274   14   -1   -3   19    9   -5  -10    9   -6  -13   -2    0  -13   19   -3  -12   13    5
    1    9    3    1    2    2    1   16    3    0        47   10   13   -9   14   14   -1  -13   20   -8   -5   -1    3  -14   11   -9   -7   11    4
    1    9    4    1    3    5    1   82    2    0      5110   15   -3   -4   20    9   -4  -10    9   -6  -14   -3    0  -12   10   -3  -12   12    5
    1    9    5    1    3    7    1   64    2    0        21   15   -3   -5   20    8   -5  -10    8   -7  -11   -3    0  -13   19   -3  -12   13    4
    1    9    6    1    3    3    1   65    1    0        13   15   -2   -4   19   10   -5  -10    8   -5  -12   -3    0  -14   20   -2  -13   12    6
    1    9    7    1    3    6    1   89    2    0        24   15   -2   -5   21    9   -4  -10    9   -7  -14   -3    0  -13   19   -4  -11   13    5
    1    9    8    1    1    8    1   51    2    0      1969   13    3   -5   18   13   -1  -16    3  -10   -2   -5    4   -5    7   -6   -9   13   10
    1    9    9    1    2    9    1   85    1    0         0   10   13   -1   11   13   -1  -12   20  -12   -5    0    2  -12   11   -8   -7   11    4
    1    9   10    1    1    4    1   89    3    0      3257   13    3   -5   19   14   -2  -10   10  -12   -1   -6    5   -6    8   -5  -10   12   11
    1    9   11    1    3    8    1   71    3    1      1139   15   -3   -5   20    9   -5  -10    9   -7  -13   -3    0  -13   19   -3  -13   13    6
    1    9   12    1    2    4    1   93    1    0      4141   10   13   -1   14   14   -2  -15   20  -13   -5    0    7  -14   11   -9   -7   10    5
    1    9   13    1    2    5    1   47    2    1       417   10   13    1   10   13   -1  -12   20  -11   -5   -1    4  -14   11   -9   -7   11    5
    1    9   14    1    1    2    1   90    1    1       159   13    3   -5   18   11   -4  -10   10  -10   -2   -6    5   -5    8   -1  -11   13    9
    1    9   15    1    1    1    1   82    2    0       147   13   -7    4   12   14   -2  -16    9  -11   -1   -6    0   -5    8   -6   -9   17    5
    1    9   16    1    3    2    1   95    1    0      1162   14   -2   -5   20    9   -4  -10   11   -8  -14   -3   -1  -13   23   -4  -11   11    5
    1    9   17    1    3    4    1    4    1    0       725   15   -2   -5   19    8  -10  -10    8   -6  -14   -3    0  -13   18   -4  -12   11    6
    1    9   18    1    2    6    1   77    2    1         0   10   14    3    3   13   -2  -12   19  -12   -5   -1    4  -15   13   -8   -7   11    4
    1    9   19    1    3    9    1   69    3    1         0   16   -3   -5   20    9   -5  -10    9   -6  -13   -1    8  -11   21   -3  -13   12    5
    1    9   20    1    2    1    1   97    1    0       274   10   13   -1   10   13   -1  -14   20  -12   -6   -2    4  -13   11   -9   -9   11    4
    1    9   21    1    1    6    1   10    3    0         0   13    2   -4   17   14   -2  -11   11  -11   -1   -5    5   -8    5   -7   -8   12    8
    1    9   22    1    1    5    1   61    1    1       290   13    3   -6   21   23    3  -10   10  -11   -1   -6    4   -3    6   -6   -8   13    8
    1    9   23    1    2    8    1   40    1    0      2993   11   12    1   10   13   -1  -13   20  -12   -6   -2    3  -15   11   -8   -8   11    3
    1    9   24    1    2    3    1   96    1    0       227   10   14    0   11   12    0  -14   20  -12   -4   -1    3  -13   10   -9   -7   11    4
    1    9   25    1    1    7    1   27    1    1      2656   12    3   -4   17    9    3  -10   10  -11   -1   -4    3   -5    8   -5  -10   13    9
    1    9   26    1    2    7    1   14    3    0       257   11   14   -1   12   13   -3  -14   20  -12   -6    0    2  -14   11  -10   -7   12    5
    1    9   27    1    1    3    1   13    2    0        52   13    2   -6   20   13   -3  -10   10  -11   -1    1    8   -9    3   -7   -8   12   10
    1   10    1    1    2    3    1   96    3    0       125   10   14    0   11   12    0  -14   20  -12   -4   -1    3  -13   10   -9   -7   11    4
    1   10    2    1    3    2    1   95    1    0        83   14   -2   -5   20    9   -4  -10   11   -8  -14   -3   -1  -13   23   -4  -11   11    5
    1   10    3    1    1    8    1   51    1    1        57   13    3   -5   18   13   -1  -16    3  -10   -2   -5    4   -5    7   -6   -9   13   10
    1   10    4    1    1    1    1   82    3    0         0   13   -7    4   12   14   -2  -16    9  -11   -1   -6    0   -5    8   -6   -9   17    5
    1   10    5    1    1    5    1   61    1    1        46   13    3   -6   21   23    3  -10   10  -11   -1   -6    4   -3    6   -6   -8   13    8
    1   10    6    1    3    4    1    4    2    0       261   15   -2   -5   19    8  -10  -10    8   -6  -14   -3    0  -13   18   -4  -12   11    6
    1   10    7    1    2    2    1   16    2    1       469   10   13   -9   14   14   -1  -13   20   -8   -5   -1    3  -14   11   -9   -7   11    4
    1   10    8    1    1    4    1   89    1    1       317   13    3   -5   19   14   -2  -10   10  -12   -1   -6    5   -6    8   -5  -10   12   11
    1   10    9    1    1    2    1   90    1    1         0   13    3   -5   18   11   -4  -10   10  -10   -2   -6    5   -5    8   -1  -11   13    9
    1   10   10    1    3    6    1   89    1    0        92   15   -2   -5   21    9   -4  -10    9   -7  -14   -3    0  -13   19   -4  -11   13    5
    1   10   11    1    2    5    1   47    2    1        21   10   13    1   10   13   -1  -12   20  -11   -5   -1    4  -14   11   -9   -7   11    5
    1   10   12    1    2    4    1   93    1    0       240   10   13   -1   14   14   -2  -15   20  -13   -5    0    7  -14   11   -9   -7   10    5
    1   10   13    1    3    7    1   64    3    1        33   15   -3   -5   20    8   -5  -10    8   -7  -11   -3    0  -13   19   -3  -12   13    4
    1   10   14    1    3    8    1   71    3    1        12   15   -3   -5   20    9   -5  -10    9   -7  -13   -3    0  -13   19   -3  -13   13    6
    1   10   15    1    3    9    1   69    2    0         0   16   -3   -5   20    9   -5  -10    9   -6  -13   -1    8  -11   21   -3  -13   12    5
    1   10   16    1    2    1    1   97    1    0       491   10   13   -1   10   13   -1  -14   20  -12   -6   -2    4  -13   11   -9   -9   11    4
    1   10   17    1    3    3    1   65    2    0         8   15   -2   -4   19   10   -5  -10    8   -5  -12   -3    0  -14   20   -2  -13   12    6
    1   10   18    1    3    1    1   80    2    0         0   14   -1   -3   19    9   -5  -10    9   -6  -13   -2    0  -13   19   -3  -12   13    5
    1   10   19    1    3    5    1   82    2    0         0   15   -3   -4   20    9   -4  -10    9   -6  -14   -3    0  -12   10   -3  -12   12    5
    1   10   20    1    2    8    1   40    2    1        83   11   12    1   10   13   -1  -13   20  -12   -6   -2    3  -15   11   -8   -8   11    3
    1   10   21    1    1    7    1   27    3    0       157   12    3   -4   17    9    3  -10   10  -11   -1   -4    3   -5    8   -5  -10   13    9
    1   10   22    1    1    9    1   97    1    1         0   10    0   -4   17   19    7  -10   11  -10   -2   -7    3  -10   16   -6   -9   13    9
    1   10   23    1    1    3    1   13    2    0       222   13    2   -6   20   13   -3  -10   10  -11   -1    1    8   -9    3   -7   -8   12   10
    1   10   24    1    2    9    1   85    3    0         0   10   13   -1   11   13   -1  -12   20  -12   -5    0    2  -12   11   -8   -7   11    4
    1   10   25    1    1    6    1   10    2    0         0   13    2   -4   17   14   -2  -11   11  -11   -1   -5    5   -8    5   -7   -8   12    8
    1   10   26    1    2    6    1   77    1    0      1195   10   14    3    3   13   -2  -12   19  -12   -5   -1    4  -15   13   -8   -7   11    4
    1   10   27    1    2    7    1   14    2    1         0   11   14   -1   12   13   -3  -14   20  -12   -6    0    2  -14   11  -10   -7   12    5
    2    1    1    3    1    1    1  140    2    0       246   13    4   -5   18   14   -1  -10   10  -11   -1   -5    3   -6    7   -6  -10   13   10
    2    1    2    4    3    1    2  171    3    1         0   17    0  -15   24   11   -6   -8    8   -2  -16   -4    1  -12   17   -5  -13   12    6
    2    1    3    3    3    2    1  110    2    0        69   15   -2   -4   19    8   -4  -10    9   -8  -13   -3    0  -13   19   -2  -13   11    5
    2    1    4    5    1    9    3  147    1    1         0    9   10   -5   19   16   -1  -17   19   -3    1   -6    4   -6    8  -16   -7   13   11
    2    1    5    4    1    2    2  132    3    0        92   11    8   -6   19   12   -2  -12   10  -12    1   -6    4   -6    8   -5   -6   13   10
    2    1    6    1    1    1    1   82    2    0         0   13   -7    4   12   14   -2  -16    9  -11   -1   -6    0   -5    8   -6   -9   17    5
    2    1    7    5    3    1    3  182    2    0         4   14   -2  -11   20    9   -6  -16    7   -7  -22   -8    2  -10   13    4   -3    4    0
    2    1    8    5    1    8    3  124    1    1         0    8   11    1   21   13   -1   -9    6   -8   -6   -5    3   -4   12    1   -3   23    4
    2    1    9    5    1    5    3  157    3    0         0    7    2   -4   17   13   -3   -6   14  -19    0   -6    5   -9   14  -11  -14   20    7
    2    1   10    1    3    5    1   82    2    0       203   15   -3   -4   20    9   -4  -10    9   -6  -14   -3    0  -12   10   -3  -12   12    5
    2    1   11    5    2    4    3  154    3    0         0   11   15   -2   15   12   -1   -8   23  -10    4   -2    4  -19   16   -2  -17   11    3
    2    1   12    1    2    3    1   96    2    1       112   10   14    0   11   12    0  -14   20  -12   -4   -1    3  -13   10   -9   -7   11    4
    2    1   13    1    3    7    1   64    3    1        53   15   -3   -5   20    8   -5  -10    8   -7  -11   -3    0  -13   19   -3  -12   13    4
    2    1   14    1    2    8    1   40    1    0        15   11   12    1   10   13   -1  -13   20  -12   -6   -2    3  -15   11   -8   -8   11    3
    2    1   15    5    1    4    3  134    1    1       728   20    0  -10   11   14   -4  -10    5  -12   -2   -9    9    4   18   -7   -8   13   10
    2    1   16    5    1    3    3  195    1    1      1670   18    4   -7   18   21   -5   -9   12  -16  -11   -6   12   -5    9   -5  -10   14   10
    2    1   17    4    1    1    2  170    1    1       387   21   -3   -1   21   13   -4  -12    8  -18    4  -10    6   -4   10   -4   -8   13    8
    2    1   18    5    2    1    3  170    1    0         0   10   11   -9    6   18    6  -14   21  -13   -6    4   10  -18   12  -13   -9    2    7
    2    1   19    5    1    7    3  171    2    0         0   14    6   -8   18   15   -1  -10   11  -11    0   -3   -4   -4    8   -7  -10   21    9
    2    1   20    1    1    9    1   97    1    1         0   10    0   -4   17   19    7  -10   11  -10   -2   -7    3  -10   16   -6   -9   13    9
    2    1   21    3    1    2    1  165    1    1        72   14    3   -5   18   15   -3  -11   10  -12   -1   -5    4   -5    9   -6   -9   13    9
    2    1   22    1    1    7    1   27    2    0         0   12    3   -4   17    9    3  -10   10  -11   -1   -4    3   -5    8   -5  -10   13    9
    2    1   23    4    2    1    2  177    3    0         0   10   15   -1   12   12   -3  -13   19  -10   -7    0    2  -14   10   -7  -10   10    5
    2    1   24    3    3    1    1  105    1    0         0   14   -1   -4   21    9   -3  -10    8   -7  -13    2   -3  -13   19   -1  -14   12    5
    2    1   25    5    2    5    3  114    2    1        78    0   23    0   10   14   -1  -14   20  -16   -1   -3    0  -14   10   -6   -2   13    2
    2    1   26    1    1    4    1   89    1    1       822   13    3   -5   19   14   -2  -10   10  -12   -1   -6    5   -6    8   -5  -10   12   11
    2    1   27    1    3    6    1   89    3    1        61   15   -2   -5   21    9   -4  -10    9   -7  -14   -3    0  -13   19   -4  -11   13    5
    2    1   28    5    1    2    3  150    1    1         0   10   -4   -6    9   14   -1  -11   11   -6   -3   -3    3   -5   13   -5   -7   17   14
    2    1   29    5    2    7    3  125    3    0         0    6   13   -1   11   14   -2  -19   15  -17   -3   -2    5  -16   13  -17    2    3   12
    2    1   30    5    3    4    3  134    1    0         0   23    2   -5   19    2   -1  -12    9   -5  -15   -5    4  -17   14   -4  -11   11    5
    2    1   31    1    2    4    1   93    3    0       189   10   13   -1   14   14   -2  -15   20  -13   -5    0    7  -14   11   -9   -7   10    5
    2    1   32    3    1    3    1  117    2    0       145   13    3   -6   18   14   -2  -10    9  -12    0   -5    4   -5    8   -6   -9   13    9
    2    1   33    4    2    4    2  148    1    0         0    7    8    1   11   11   -3  -17   21  -13   -5    6   10  -12   10   -9   -8   12    4
    2    1   34    1    3    8    1   71    1    0        51   15   -3   -5   20    9   -5  -10    9   -7  -13   -3    0  -13   19   -3  -13   13    6
    2    1   35    4    1    3    2  194    1    1         0   14    2   -4   17   14   -3  -11   10  -11    0   -3    9   -5    7   -4   -8   14    9
    2    1   36    4    3    2    2  175    3    1       228   15   -3   -4   22    8   -3   -9    8   -7  -14  -10    0  -11   17    1  -10   11    6
    2    1   37    1    3    3    1   65    3    1         0   15   -2   -4   19   10   -5  -10    8   -5  -12   -3    0  -14   20   -2  -13   12    6
    2    1   38    4    3    5    2  163    3    1         5   16   -2   -4   22   10   -3  -11    7   -6  -12   -3   -3  -13   20   -3  -17   14    5
    2    1   39    1    2    7    1   14    1    0        96   11   14   -1   12   13   -3  -14   20  -12   -6    0    2  -14   11  -10   -7   12    5
    2    1   40    4    1    4    2  104    3    0         0   14    5   -2   21   14   -3   -9   12  -21    1   -6    3   -4    7   -8   -8   13   10
    2    1   41    4    1    5    2  143    2    0         0   14    3   -6   18   16    0  -10    9  -21   -6    2   -3   -5    7   -3  -12   12    8
    2    1   42    3    2    3    1  128    3    0         0   15   21    1   10   13   -1  -14   20  -13   -5   -1    3  -14   11   -9   -7   10    2
    2    1   43    5    2    8    3  179    1    0         0   13   10   -2    9   12   -1  -14   22  -12   -4    6    8  -15   11  -10   -6   10    3
    2    1   44    1    3    4    1    4    3    1         0   15   -2   -5   19    8  -10  -10    8   -6  -14   -3    0  -13   18   -4  -12   11    6
    2    1   45    4    1    6    2  137    1    1        56   13    1   -3   18   15    0   -9    9  -12   -3  -15   -1   -4   10   -5  -11   13    8
    2    1   46    1    3    9    1   69    3    1        51   16   -3   -5   20    9   -5  -10    9   -6  -13   -1    8  -11   21   -3  -13   12    5
    2    1   47    5    3    8    3  145    1    0       140   13   -3    5   19   15  -10  -12   10   -8   -3   -8    3  -12   18   -1  -10   13    4
    2    1   48    3    2    1    1  171    1    0         0   11   13    0   11   13   -2  -12   20  -10  -10   -1    2  -14   12   -8   -7   11    4
    2    1   49    4    2    2    2  179    3    0       113   11   18    0    9   11   -3  -11   15  -12   -8   -2    3  -14   12  -10   -7    9    4
    2    1   50    5    3    9    3  133    3    1       249    7   -5   -7   18    9    4   -9    8   -8  -11    0   -5  -13   20   -4  -12   17   11
    2    1   51    1    3    2    1   95    3    1         0   14   -2   -5   20    9   -4  -10   11   -8  -14   -3   -1  -13   23   -4  -11   11    5
    2    1   52    1    3    1    1   80    3    1        86   14   -1   -3   19    9   -5  -10    9   -6  -13   -2    0  -13   19   -3  -12   13    5
    2    1   53    1    1    2    1   90    2    0       206   13    3   -5   18   11   -4  -10   10  -10   -2   -6    5   -5    8   -1  -11   13    9
    2    1   54    4    3    6    2  116    2    0         0   15   -3   -4   19    5  -14  -13   11   -4  -15    0    4  -12   19   -2   -7   13    3
    2    1   55    1    1    5    1   61    2    0       157   13    3   -6   21   23    3  -10   10  -11   -1   -6    4   -3    6   -6   -8   13    8
    2    1   56    2    3    0    0    0    3    1       145   15   -2   -5   20    9   -4  -10    9   -7  -13   -3    0  -13   19   -3  -12   12    5
    2    1   57    5    2    2    3  189    2    1        86   12   12   -1   12   16    0   -6   20  -10   -2    0    2  -15   16  -10   -6   17   -2
    2    1   58    5    1    6    3  122    1    1         0   12    3   -3   12   13   -3  -10    9   -9    0   -4    5    0   15   -1    0   12   10
    2    1   59    1    2    9    1   85    3    0       411   10   13   -1   11   13   -1  -12   20  -12   -5    0    2  -12   11   -8   -7   11    4
    2    1   60    2    1    0    0    0    3    0        53   13    3   -5   18   14   -2  -10   10  -11   -1   -5    4   -5    8   -6   -9   13    9
    2    1   61    2    2    0    0    0    3    0        20   10   13    0   11   13   -1  -13   20  -12   -6   -1    3  -14   11   -9   -7   11    4
    2    1   62    1    1    8    1   51    1    1      1566   13    3   -5   18   13   -1  -16    3  -10   -2   -5    4   -5    7   -6   -9   13   10
    2    1   63    5    2    6    3  115    3    0         0   13   19   -1   10   13   -6  -12   21  -13   -4   -3   -6  -16   14  -18    0   14    1
    2    1   64    1    2    2    1   16    3    0         0   10   13   -9   14   14   -1  -13   20   -8   -5   -1    3  -14   11   -9   -7   11    4
    2    1   65    4    2    5    2  143    2    1        64   12   14   -1   12   13    0  -12   19  -13   -6    0    2  -17   15   -7   -5   10   -5
    2    1   66    5    3    7    3  158    3    1       110   19    0   -7   22   12   -4   -9    9   -5  -11   -2    2  -13    9   -8   -7   14    6
    2    1   67    4    2    6    2  162    3    0       485   18    5    0   12    9   -2  -12   20  -19   -6   -1    4  -15   10   -9   -6   10    5
    2    1   68    5    3    3    3  192    1    0         0   19   -8   -5   19    9   -3   -9    9   -4  -16   -4    0   -7   12    1  -15   12    3
    2    1   69    5    3    2    3  125    1    0       117   16   -3   -4   20   13   -9   -6    5   -3   -8   -4   -2  -11   20   -4  -14   11    7
    2    1   70    1    1    3    1   13    1    1       907   13    2   -6   20   13   -3  -10   10  -11   -1    1    8   -9    3   -7   -8   12   10
    2    1   71    5    3    6    3  124    3    1       113   17   -1   -6   19    9   -5  -11    2   -6  -11  -11   -8  -12   17   -3  -13   11    4
    2    1   72    4    3    3    2  128    3    1         0   14   -4   -4   19   13  -10  -16    7   -8  -13   -2   -1  -12   19    2  -11   11    7
    2    1   73    6    2    0    3  129    1    0         0   10   12    0   10   13   -4   -6   13   -5    4    0    4  -10    8   -4  -12    4    8
    2    1   74    5    2    3    3  195    1    0      3957   13    9   -2   12   15   -1   -6   20  -13  -11    0    3  -17   18  -12   -8    9    3
    2    1   75    4    3    4    2  166    1    0       209   11    7   -6   19    8   -6  -11   10   -5  -11   -3   -2  -22   20   -4  -13   19    0
    2    1   76    3    2    2    1  104    2    1         0   11   14   -1   12   12   -2   -3   22  -12   -5   -5   -6  -14   11   -9   -7   12    5
    2    1   77    5    2    9    3  124    1    0       444   11   13   -1   12   17   -1   -9   23   -2  -11    3   -1   -5   13   -9   -6   10    5
    2    1   78    6    1    0    3  126    1    1       209   20    5   -3   19   15    0   -9    3   -9    0   -7    4   -4    7    3  -12    7    0
    2    1   79    1    2    5    1   47    1    0         0   10   13    1   10   13   -1  -12   20  -11   -5   -1    4  -14   11   -9   -7   11    5
    2    1   80    6    3    0    3  110    3    1         0   17   -2    3   22    9   -3  -14   14   -8   -4   -4    1  -14   20  -13  -15    7   12
    2    1   81    3    3    3    1  181    1    0         0   16   -2   -5   19   10   -5  -10    9   -7  -13   -3   -1  -13   20    4  -12   12    5
    2    1   82    5    1    1    3  112    1    1         0   15   -7   -7   19   14   -3  -12   11  -19    0   -5    6    3    6  -14    1   14   11
    2    1   83    1    2    6    1   77    1    0        22   10   14    3    3   13   -2  -12   19  -12   -5   -1    4  -15   13   -8   -7   11    4
    2    1   84    5    3    5    3  119    1    0         0   17   -4   -6   21    8   -5   -4   15   -2  -17    0    2  -11   16   -3  -11   14    2
    2    1   85    4    2    3    2  119    2    1        59    5    7   -2   12   13    0  -14   21  -14   -4   -4    3  -23    3   -9   -6   15    2
    2    1   86    1    1    6    1   10    2    0        48   13    2   -4   17   14   -2  -11   11  -11   -1   -5    5   -8    5   -7   -8   12    8
    2    1   87    1    2    1    1   97    1    0     12656   10   13   -1   10   13   -1  -14   20  -12   -6   -2    4  -13   11   -9   -9   11    4
