    1    1    1    1    3    9    1   69    2    0     13260   16   -3   -5   20    9   -5  -10    9   -6  -13   -1    8  -11   21   -3  -13   12    5
    1    1    2    1    3    7    1   64    1    0      2523   15   -3   -5   20    8   -5  -10    8   -7  -11   -3    0  -13   19   -3  -12   13    4
    1    1    3    1    3    3    1   65    3    1      6210   15   -2   -4   19   10   -5  -10    8   -5  -12   -3    0  -14   20   -2  -13   12    6
    1    1    4    1    1    3    1   13    2    0      2423   13    2   -6   20   13   -3  -10   10  -11   -1    1    8   -9    3   -7   -8   12   10
    1    1    5    1    3    8    1   71    1    0      2292   15   -3   -5   20    9   -5  -10    9   -7  -13   -3    0  -13   19   -3  -13   13    6
    1    1    6    1    2    1    1   97    2    1      2791   10   13   -1   10   13   -1  -14   20  -12   -6   -2    4  -13   11   -9   -9   11    4
    1    1    7    1    1    4    1   89    3    0      2548   13    3   -5   19   14   -2  -10   10  -12   -1   -6    5   -6    8   -5  -10   12   11
    1    1    8    1    1    2    1   90    1    1      4381   13    3   -5   18   11   -4  -10   10  -10   -2   -6    5   -5    8   -1  -11   13    9
    1    1    9    1    1    8    1   51    1    1      2684   13    3   -5   18   13   -1  -16    3  -10   -2   -5    4   -5    7   -6   -9   13   10
    1    1   10    1    2    5    1   47    2    1      2831   10   13    1   10   13   -1  -12   20  -11   -5   -1    4  -14   11   -9   -7   11    5
    1    1   11    1    2    9    1   85    2    1      1484   10   13   -1   11   13   -1  -12   20  -12   -5    0    2  -12   11   -8   -7   11    4
    1    1   12    1    1    9    1   97    3    0       991   10    0   -4   17   19    7  -10   11  -10   -2   -7    3  -10   16   -6   -9   13    9
    1    1   13    1    2    2    1   16    3    0       838   10   13   -9   14   14   -1  -13   20   -8   -5   -1    3  -14   11   -9   -7   11    4
    1    1   14    1    3    6    1   89    3    1      1906   15   -2   -5   21    9   -4  -10    9   -7  -14   -3    0  -13   19   -4  -11   13    5
    1    1   15    1    1    5    1   61    1    1      1700   13    3   -6   21   23    3  -10   10  -11   -1   -6    4   -3    6   -6   -8   13    8
    1    1   16    1    2    8    1   40    2    1       846   11   12    1   10   13   -1  -13   20  -12   -6   -2    3  -15   11   -8   -8   11    3
    1    1   17    1    3    5    1   82    3    1       761   15   -3   -4   20    9   -4  -10    9   -6  -14   -3    0  -12   10   -3  -12   12    5
    1    1   18    1    3    1    1   80    2    0      1911   14   -1   -3   19    9   -5  -10    9   -6  -13   -2    0  -13   19   -3  -12   13    5
    1    1   19    1    3    4    1    4    2    0      1864   15   -2   -5   19    8  -10  -10    8   -6  -14   -3    0  -13   18   -4  -12   11    6
    1    1   20    1    1    7    1   27    2    0      1130   12    3   -4   17    9    3  -10   10  -11   -1   -4    3   -5    8   -5  -10   13    9
    1    1   21    1    2    4    1   93    1    0      1562   10   13   -1   14   14   -2  -15   20  -13   -5    0    7  -14   11   -9   -7   10    5
    1    1   22    1    1    1    1   82    2    0      2234   13   -7    4   12   14   -2  -16    9  -11   -1   -6    0   -5    8   -6   -9   17    5
    1    1   23    1    2    3    1   96    1    0      1134   10   14    0   11   12    0  -14   20  -12   -4   -1    3  -13   10   -9   -7   11    4
    1    1   24    1    2    7    1   14    1    0      4494   11   14   -1   12   13   -3  -14   20  -12   -6    0    2  -14   11  -10   -7   12    5
    1    1   25    1    3    2    1   95    3    1      2969   14   -2   -5   20    9   -4  -10   11   -8  -14   -3   -1  -13   23   -4  -11   11    5
    1    1   26    1    1    6    1   10    1    1      1390   13    2   -4   17   14   -2  -11   11  -11   -1   -5    5   -8    5   -7   -8   12    8
    1    1   27    1    2    6    1   77    1    0      1091   10   14    3    3   13   -2  -12   19  -12   -5   -1    4  -15   13   -8   -7   11    4
    1    2    1    1    3    9    1   69    3    1      1525   16   -3   -5   20    9   -5  -10    9   -6  -13   -1    8  -11   21   -3  -13   12    5
    1    2    2    1    1    9    1   97    2    0      1190   10    0   -4   17   19    7  -10   11  -10   -2   -7    3  -10   16   -6   -9   13    9
    1    2    3    1    1    4    1   89    2    0       643   13    3   -5   19   14   -2  -10   10  -12   -1   -6    5   -6    8   -5  -10   12   11
    1    2    4    1    1    8    1   51    1    1      1431   13    3   -5   18   13   -1  -16    3  -10   -2   -5    4   -5    7   -6   -9   13   10
    1    2    5    1    2    9    1   85    2    1      1564   10   13   -1   11   13   -1  -12   20  -12   -5    0    2  -12   11   -8   -7   11    4
    1    2    6    1    2    6    1   77    3    0      1931   10   14    3    3   13   -2  -12   19  -12   -5   -1    4  -15   13   -8   -7   11    4
    1    2    7    1    3    3    1   65    3    1      1115   15   -2   -4   19   10   -5  -10    8   -5  -12   -3    0  -14   20   -2  -13   12    6
    1    2    8    1    2    2    1   16    2    1      1117   10   13   -9   14   14   -1  -13   20   -8   -5   -1    3  -14   11   -9   -7   11    4
    1    2    9    1    3    4    1    4    3    1       958   15   -2   -5   19    8  -10  -10    8   -6  -14   -3    0  -13   18   -4  -12   11    6
    1    2   10    1    1    6    1   10    2    0      1011   13    2   -4   17   14   -2  -11   11  -11   -1   -5    5   -8    5   -7   -8   12    8
    1    2   11    1    2    1    1   97    2    1      1241   10   13   -1   10   13   -1  -14   20  -12   -6   -2    4  -13   11   -9   -9   11    4
    1    2   12    1    3    1    1   80    3    1       630   14   -1   -3   19    9   -5  -10    9   -6  -13   -2    0  -13   19   -3  -12   13    5
    1    2   13    1    3    7    1   64    3    1       891   15   -3   -5   20    8   -5  -10    8   -7  -11   -3    0  -13   19   -3  -12   13    4
    1    2   14    1    2    8    1   40    1    0      1397   11   12    1   10   13   -1  -13   20  -12   -6   -2    3  -15   11   -8   -8   11    3
    1    2   15    1    3    5    1   82    3    1       826   15   -3   -4   20    9   -4  -10    9   -6  -14   -3    0  -12   10   -3  -12   12    5
    1    2   16    1    3    8    1   71    3    1       919   15   -3   -5   20    9   -5  -10    9   -7  -13   -3    0  -13   19   -3  -13   13    6
    1    2   17    1    2    5    1   47    1    0      1439   10   13    1   10   13   -1  -12   20  -11   -5   -1    4  -14   11   -9   -7   11    5
    1    2   18    1    3    6    1   89    3    1       898   15   -2   -5   21    9   -4  -10    9   -7  -14   -3    0  -13   19   -4  -11   13    5
    1    2   19    1    1    2    1   90    2    0      1611   13    3   -5   18   11   -4  -10   10  -10   -2   -6    5   -5    8   -1  -11   13    9
    1    2   20    1    1    7    1   27    2    0      2678   12    3   -4   17    9    3  -10   10  -11   -1   -4    3   -5    8   -5  -10   13    9
    1    2   21    1    3    2    1   95    3    1       874   14   -2   -5   20    9   -4  -10   11   -8  -14   -3   -1  -13   23   -4  -11   11    5
    1    2   22    1    2    4    1   93    1    0      3091   10   13   -1   14   14   -2  -15   20  -13   -5    0    7  -14   11   -9   -7   10    5
    1    2   23    1    1    1    1   82    1    1      2678   13   -7    4   12   14   -2  -16    9  -11   -1   -6    0   -5    8   -6   -9   17    5
    1    2   24    1    1    5    1   61    2    0      2456   13    3   -6   21   23    3  -10   10  -11   -1   -6    4   -3    6   -6   -8   13    8
    1    2   25    1    1    3    1   13    1    1      4435   13    2   -6   20   13   -3  -10   10  -11   -1    1    8   -9    3   -7   -8   12   10
    1    2   26    1    2    7    1   14    1    0       911   11   14   -1   12   13   -3  -14   20  -12   -6    0    2  -14   11  -10   -7   12    5
    1    2   27    1    2    3    1   96    2    1       761   10   14    0   11   12    0  -14   20  -12   -4   -1    3  -13   10   -9   -7   11    4
    1    3    1    1    1    2    1   90    3    0      1625   13    3   -5   18   11   -4  -10   10  -10   -2   -6    5   -5    8   -1  -11   13    9
    1    3    2    1    1    6    1   10    2    0      1782   13    2   -4   17   14   -2  -11   11  -11   -1   -5    5   -8    5   -7   -8   12    8
    1    3    3    1    2    1    1   97    2    1      1132   10   13   -1   10   13   -1  -14   20  -12   -6   -2    4  -13   11   -9   -9   11    4
    1    3    4    1    3    8    1   71    3    1      1947   15   -3   -5   20    9   -5  -10    9   -7  -13   -3    0  -13   19   -3  -13   13    6
    1    3    5    1    3    2    1   95    3    1       553   14   -2   -5   20    9   -4  -10   11   -8  -14   -3   -1  -13   23   -4  -11   11    5
    1    3    6    1    3    6    1   89    3    1       754   15   -2   -5   21    9   -4  -10    9   -7  -14   -3    0  -13   19   -4  -11   13    5
    1    3    7    1    1    8    1   51    1    1      1345   13    3   -5   18   13   -1  -16    3  -10   -2   -5    4   -5    7   -6   -9   13   10
    1    3    8    1    3    9    1   69    3    1      1513   16   -3   -5   20    9   -5  -10    9   -6  -13   -1    8  -11   21   -3  -13   12    5
    1    3    9    1    2    5    1   47    2    1       536   10   13    1   10   13   -1  -12   20  -11   -5   -1    4  -14   11   -9   -7   11    5
    1    3   10    1    3    1    1   80    3    1      1055   14   -1   -3   19    9   -5  -10    9   -6  -13   -2    0  -13   19   -3  -12   13    5
    1    3   11    1    1    9    1   97    1    1      1427   10    0   -4   17   19    7  -10   11  -10   -2   -7    3  -10   16   -6   -9   13    9
    1    3   12    1    1    4    1   89    1    1       823   13    3   -5   19   14   -2  -10   10  -12   -1   -6    5   -6    8   -5  -10   12   11
    1    3   13    1    2    9    1   85    2    1       547   10   13   -1   11   13   -1  -12   20  -12   -5    0    2  -12   11   -8   -7   11    4
    1    3   14    1    1    1    1   82    1    1      2697   13   -7    4   12   14   -2  -16    9  -11   -1   -6    0   -5    8   -6   -9   17    5
    1    3   15    1    3    7    1   64    2    0       794   15   -3   -5   20    8   -5  -10    8   -7  -11   -3    0  -13   19   -3  -12   13    4
    1    3   16    1    3    3    1   65    3    1      1399   15   -2   -4   19   10   -5  -10    8   -5  -12   -3    0  -14   20   -2  -13   12    6
    1    3   17    1    3    5    1   82    2    0      1419   15   -3   -4   20    9   -4  -10    9   -6  -14   -3    0  -12   10   -3  -12   12    5
    1    3   18    1    2    6    1   77    2    1       927   10   14    3    3   13   -2  -12   19  -12   -5   -1    4  -15   13   -8   -7   11    4
    1    3   19    1    2    2    1   16    2    1       728   10   13   -9   14   14   -1  -13   20   -8   -5   -1    3  -14   11   -9   -7   11    4
    1    3   20    1    2    8    1   40    2    1       842   11   12    1   10   13   -1  -13   20  -12   -6   -2    3  -15   11   -8   -8   11    3
    1    3   21    1    2    3    1   96    2    1       566   10   14    0   11   12    0  -14   20  -12   -4   -1    3  -13   10   -9   -7   11    4
    1    3   22    1    1    7    1   27    3    0       621   12    3   -4   17    9    3  -10   10  -11   -1   -4    3   -5    8   -5  -10   13    9
    1    3   23    1    3    4    1    4    3    1      1057   15   -2   -5   19    8  -10  -10    8   -6  -14   -3    0  -13   18   -4  -12   11    6
    1    3   24    1    1    3    1   13    1    1      1332   13    2   -6   20   13   -3  -10   10  -11   -1    1    8   -9    3   -7   -8   12   10
    1    3   25    1    2    7    1   14    2    1       875   11   14   -1   12   13   -3  -14   20  -12   -6    0    2  -14   11  -10   -7   12    5
    1    3   26    1    2    4    1   93    2    1       758   10   13   -1   14   14   -2  -15   20  -13   -5    0    7  -14   11   -9   -7   10    5
    1    3   27    1    1    5    1   61    1    1      1173   13    3   -6   21   23    3  -10   10  -11   -1   -6    4   -3    6   -6   -8   13    8
    1    4    1    1    1    7    1   27    1    1       965   12    3   -4   17    9    3  -10   10  -11   -1   -4    3   -5    8   -5  -10   13    9
    1    4    2    1    3    1    1   80    2    0      1083   14   -1   -3   19    9   -5  -10    9   -6  -13   -2    0  -13   19   -3  -12   13    5
    1    4    3    1    1    8    1   51    1    1      2381   13    3   -5   18   13   -1  -16    3  -10   -2   -5    4   -5    7   -6   -9   13   10
    1    4    4    1    3    9    1   69    3    1      1274   16   -3   -5   20    9   -5  -10    9   -6  -13   -1    8  -11   21   -3  -13   12    5
    1    4    5    1    1    2    1   90    3    0      1780   13    3   -5   18   11   -4  -10   10  -10   -2   -6    5   -5    8   -1  -11   13    9
    1    4    6    1    3    5    1   82    3    1      2749   15   -3   -4   20    9   -4  -10    9   -6  -14   -3    0  -12   10   -3  -12   12    5
    1    4    7    1    2    2    1   16    3    0      1308   10   13   -9   14   14   -1  -13   20   -8   -5   -1    3  -14   11   -9   -7   11    4
    1    4    8    1    3    7    1   64    3    1       768   15   -3   -5   20    8   -5  -10    8   -7  -11   -3    0  -13   19   -3  -12   13    4
    1    4    9    1    3    6    1   89    3    1       829   15   -2   -5   21    9   -4  -10    9   -7  -14   -3    0  -13   19   -4  -11   13    5
    1    4   10    1    1    3    1   13    2    0      1802   13    2   -6   20   13   -3  -10   10  -11   -1    1    8   -9    3   -7   -8   12   10
    1    4   11    1    2    3    1   96    2    1       830   10   14    0   11   12    0  -14   20  -12   -4   -1    3  -13   10   -9   -7   11    4
    1    4   12    1    3    8    1   71    3    1      1002   15   -3   -5   20    9   -5  -10    9   -7  -13   -3    0  -13   19   -3  -13   13    6
    1    4   13    1    1    4    1   89    1    1      1422   13    3   -5   19   14   -2  -10   10  -12   -1   -6    5   -6    8   -5  -10   12   11
    1    4   14    1    2    5    1   47    2    1      1282   10   13    1   10   13   -1  -12   20  -11   -5   -1    4  -14   11   -9   -7   11    5
    1    4   15    1    2    6    1   77    2    1       907   10   14    3    3   13   -2  -12   19  -12   -5   -1    4  -15   13   -8   -7   11    4
    1    4   16    1    1    1    1   82    1    1      1684   13   -7    4   12   14   -2  -16    9  -11   -1   -6    0   -5    8   -6   -9   17    5
    1    4   17    1    2    7    1   14    1    0      1068   11   14   -1   12   13   -3  -14   20  -12   -6    0    2  -14   11  -10   -7   12    5
    1    4   18    1    1    5    1   61    1    1       686   13    3   -6   21   23    3  -10   10  -11   -1   -6    4   -3    6   -6   -8   13    8
    1    4   19    1    2    4    1   93    2    1      1729   10   13   -1   14   14   -2  -15   20  -13   -5    0    7  -14   11   -9   -7   10    5
    1    4   20    1    2    8    1   40    2    1       681   11   12    1   10   13   -1  -13   20  -12   -6   -2    3  -15   11   -8   -8   11    3
    1    4   21    1    3    3    1   65    3    1       762   15   -2   -4   19   10   -5  -10    8   -5  -12   -3    0  -14   20   -2  -13   12    6
    1    4   22    1    3    4    1    4    3    1       823   15   -2   -5   19    8  -10  -10    8   -6  -14   -3    0  -13   18   -4  -12   11    6
    1    4   23    1    1    6    1   10    2    0      1331   13    2   -4   17   14   -2  -11   11  -11   -1   -5    5   -8    5   -7   -8   12    8
    1    4   24    1    1    9    1   97    1    1      1019   10    0   -4   17   19    7  -10   11  -10   -2   -7    3  -10   16   -6   -9   13    9
    1    4   25    1    3    2    1   95    3    1      1855   14   -2   -5   20    9   -4  -10   11   -8  -14   -3   -1  -13   23   -4  -11   11    5
    1    4   26    1    2    9    1   85    2    1      1613   10   13   -1   11   13   -1  -12   20  -12   -5    0    2  -12   11   -8   -7   11    4
    1    4   27    1    2    1    1   97    2    1       970   10   13   -1   10   13   -1  -14   20  -12   -6   -2    4  -13   11   -9   -9   11    4
    1    5    1    1    1    8    1   51    1    1      1854   13    3   -5   18   13   -1  -16    3  -10   -2   -5    4   -5    7   -6   -9   13   10
    1    5    2    1    2    5    1   47    2    1      1248   10   13    1   10   13   -1  -12   20  -11   -5   -1    4  -14   11   -9   -7   11    5
    1    5    3    1    1    3    1   13    2    0       924   13    2   -6   20   13   -3  -10   10  -11   -1    1    8   -9    3   -7   -8   12   10
    1    5    4    1    1    1    1   82    1    1      1412   13   -7    4   12   14   -2  -16    9  -11   -1   -6    0   -5    8   -6   -9   17    5
    1    5    5    1    2    4    1   93    2    1      3000   10   13   -1   14   14   -2  -15   20  -13   -5    0    7  -14   11   -9   -7   10    5
    1    5    6    1    3    9    1   69    3    1      1500   16   -3   -5   20    9   -5  -10    9   -6  -13   -1    8  -11   21   -3  -13   12    5
    1    5    7    1    1    9    1   97    2    0      2107   10    0   -4   17   19    7  -10   11  -10   -2   -7    3  -10   16   -6   -9   13    9
    1    5    8    1    2    9    1   85    2    1      2276   10   13   -1   11   13   -1  -12   20  -12   -5    0    2  -12   11   -8   -7   11    4
    1    5    9    1    2    6    1   77    2    1       708   10   14    3    3   13   -2  -12   19  -12   -5   -1    4  -15   13   -8   -7   11    4
    1    5   10    1    2    8    1   40    2    1       710   11   12    1   10   13   -1  -13   20  -12   -6   -2    3  -15   11   -8   -8   11    3
    1    5   11    1    3    5    1   82    3    1      2198   15   -3   -4   20    9   -4  -10    9   -6  -14   -3    0  -12   10   -3  -12   12    5
    1    5   12    1    3    7    1   64    3    1       776   15   -3   -5   20    8   -5  -10    8   -7  -11   -3    0  -13   19   -3  -12   13    4
    1    5   13    1    3    6    1   89    3    1      1879   15   -2   -5   21    9   -4  -10    9   -7  -14   -3    0  -13   19   -4  -11   13    5
    1    5   14    1    3    8    1   71    3    1       615   15   -3   -5   20    9   -5  -10    9   -7  -13   -3    0  -13   19   -3  -13   13    6
    1    5   15    1    2    2    1   16    2    1      1085   10   13   -9   14   14   -1  -13   20   -8   -5   -1    3  -14   11   -9   -7   11    4
    1    5   16    1    3    4    1    4    2    0       845   15   -2   -5   19    8  -10  -10    8   -6  -14   -3    0  -13   18   -4  -12   11    6
    1    5   17    1    3    1    1   80    3    1       712   14   -1   -3   19    9   -5  -10    9   -6  -13   -2    0  -13   19   -3  -12   13    5
    1    5   18    1    3    2    1   95    3    1       565   14   -2   -5   20    9   -4  -10   11   -8  -14   -3   -1  -13   23   -4  -11   11    5
    1    5   19    1    2    7    1   14    1    0      1661   11   14   -1   12   13   -3  -14   20  -12   -6    0    2  -14   11  -10   -7   12    5
    1    5   20    1    1    6    1   10    1    1       806   13    2   -4   17   14   -2  -11   11  -11   -1   -5    5   -8    5   -7   -8   12    8
    1    5   21    1    1    2    1   90    1    1       850   13    3   -5   18   11   -4  -10   10  -10   -2   -6    5   -5    8   -1  -11   13    9
    1    5   22    1    1    5    1   61    2    0      1099   13    3   -6   21   23    3  -10   10  -11   -1   -6    4   -3    6   -6   -8   13    8
    1    5   23    1    2    1    1   97    2    1       475   10   13   -1   10   13   -1  -14   20  -12   -6   -2    4  -13   11   -9   -9   11    4
    1    5   24    1    1    4    1   89    2    0       966   13    3   -5   19   14   -2  -10   10  -12   -1   -6    5   -6    8   -5  -10   12   11
    1    5   25    1    2    3    1   96    2    1      1597   10   14    0   11   12    0  -14   20  -12   -4   -1    3  -13   10   -9   -7   11    4
    1    5   26    1    3    3    1   65    3    1      1594   15   -2   -4   19   10   -5  -10    8   -5  -12   -3    0  -14   20   -2  -13   12    6
    1    5   27    1    1    7    1   27    3    0      1733   12    3   -4   17    9    3  -10   10  -11   -1   -4    3   -5    8   -5  -10   13    9
    1    6    1    1    2    2    1   16    2    1       989   10   13   -9   14   14   -1  -13   20   -8   -5   -1    3  -14   11   -9   -7   11    4
    1    6    2    1    1    1    1   82    1    1      1345   13   -7    4   12   14   -2  -16    9  -11   -1   -6    0   -5    8   -6   -9   17    5
    1    6    3    1    1    3    1   13    1    1       808   13    2   -6   20   13   -3  -10   10  -11   -1    1    8   -9    3   -7   -8   12   10
    1    6    4    1    3    7    1   64    2    0      2309   15   -3   -5   20    8   -5  -10    8   -7  -11   -3    0  -13   19   -3  -12   13    4
    1    6    5    1    1    4    1   89    2    0      1207   13    3   -5   19   14   -2  -10   10  -12   -1   -6    5   -6    8   -5  -10   12   11
    1    6    6    1    3    5    1   82    3    1      1046   15   -3   -4   20    9   -4  -10    9   -6  -14   -3    0  -12   10   -3  -12   12    5
    1    6    7    1    2    8    1   40    2    1      1270   11   12    1   10   13   -1  -13   20  -12   -6   -2    3  -15   11   -8   -8   11    3
    1    6    8    1    3    1    1   80    2    0       897   14   -1   -3   19    9   -5  -10    9   -6  -13   -2    0  -13   19   -3  -12   13    5
    1    6    9    1    2    3    1   96    2    1      1788   10   14    0   11   12    0  -14   20  -12   -4   -1    3  -13   10   -9   -7   11    4
    1    6   10    1    3    4    1    4    3    1       850   15   -2   -5   19    8  -10  -10    8   -6  -14   -3    0  -13   18   -4  -12   11    6
    1    6   11    1    2    5    1   47    2    1      1517   10   13    1   10   13   -1  -12   20  -11   -5   -1    4  -14   11   -9   -7   11    5
    1    6   12    1    1    8    1   51    1    1      1037   13    3   -5   18   13   -1  -16    3  -10   -2   -5    4   -5    7   -6   -9   13   10
    1    6   13    1    3    6    1   89    3    1      1073   15   -2   -5   21    9   -4  -10    9   -7  -14   -3    0  -13   19   -4  -11   13    5
    1    6   14    1    1    9    1   97    1    1      2962   10    0   -4   17   19    7  -10   11  -10   -2   -7    3  -10   16   -6   -9   13    9
    1    6   15    1    1    7    1   27    1    1       745   12    3   -4   17    9    3  -10   10  -11   -1   -4    3   -5    8   -5  -10   13    9
    1    6   16    1    3    9    1   69    3    1      1113   16   -3   -5   20    9   -5  -10    9   -6  -13   -1    8  -11   21   -3  -13   12    5
    1    6   17    1    1    2    1   90    2    0       825   13    3   -5   18   11   -4  -10   10  -10   -2   -6    5   -5    8   -1  -11   13    9
    1    6   18    1    1    5    1   61    1    1      1237   13    3   -6   21   23    3  -10   10  -11   -1   -6    4   -3    6   -6   -8   13    8
    1    6   19    1    1    6    1   10    2    0       705   13    2   -4   17   14   -2  -11   11  -11   -1   -5    5   -8    5   -7   -8   12    8
    1    6   20    1    2    1    1   97    2    1       418   10   13   -1   10   13   -1  -14   20  -12   -6   -2    4  -13   11   -9   -9   11    4
    1    6   21    1    3    3    1   65    3    1       927   15   -2   -4   19   10   -5  -10    8   -5  -12   -3    0  -14   20   -2  -13   12    6
    1    6   22    1    2    6    1   77    2    1      2646   10   14    3    3   13   -2  -12   19  -12   -5   -1    4  -15   13   -8   -7   11    4
    1    6   23    1    3    8    1   71    3    1      1049   15   -3   -5   20    9   -5  -10    9   -7  -13   -3    0  -13   19   -3  -13   13    6
    1    6   24    1    3    2    1   95    3    1      1323   14   -2   -5   20    9   -4  -10   11   -8  -14   -3   -1  -13   23   -4  -11   11    5
    1    6   25    1    2    9    1   85    2    1      2178   10   13   -1   11   13   -1  -12   20  -12   -5    0    2  -12   11   -8   -7   11    4
    1    6   26    1    2    7    1   14    2    1       729   11   14   -1   12   13   -3  -14   20  -12   -6    0    2  -14   11  -10   -7   12    5
    1    6   27    1    2    4    1   93    2    1      1258   10   13   -1   14   14   -2  -15   20  -13   -5    0    7  -14   11   -9   -7   10    5
    1    7    1    1    3    7    1   64    2    0       774   15   -3   -5   20    8   -5  -10    8   -7  -11   -3    0  -13   19   -3  -12   13    4
    1    7    2    1    3    1    1   80    3    1       869   14   -1   -3   19    9   -5  -10    9   -6  -13   -2    0  -13   19   -3  -12   13    5
    1    7    3    1    1    4    1   89    2    0      1276   13    3   -5   19   14   -2  -10   10  -12   -1   -6    5   -6    8   -5  -10   12   11
    1    7    4    1    1    2    1   90    1    1       615   13    3   -5   18   11   -4  -10   10  -10   -2   -6    5   -5    8   -1  -11   13    9
    1    7    5    1    3    5    1   82    3    1      1307   15   -3   -4   20    9   -4  -10    9   -6  -14   -3    0  -12   10   -3  -12   12    5
    1    7    6    1    3    3    1   65    3    1      1044   15   -2   -4   19   10   -5  -10    8   -5  -12   -3    0  -14   20   -2  -13   12    6
    1    7    7    1    3    2    1   95    3    1      1225   14   -2   -5   20    9   -4  -10   11   -8  -14   -3   -1  -13   23   -4  -11   11    5
    1    7    8    1    2    5    1   47    2    1      2469   10   13    1   10   13   -1  -12   20  -11   -5   -1    4  -14   11   -9   -7   11    5
    1    7    9    1    3    6    1   89    3    1       929   15   -2   -5   21    9   -4  -10    9   -7  -14   -3    0  -13   19   -4  -11   13    5
    1    7   10    1    2    7    1   14    2    1      2135   11   14   -1   12   13   -3  -14   20  -12   -6    0    2  -14   11  -10   -7   12    5
    1    7   11    1    2    6    1   77    1    0      1261   10   14    3    3   13   -2  -12   19  -12   -5   -1    4  -15   13   -8   -7   11    4
    1    7   12    1    1    7    1   27    2    0      1030   12    3   -4   17    9    3  -10   10  -11   -1   -4    3   -5    8   -5  -10   13    9
    1    7   13    1    3    4    1    4    3    1      1386   15   -2   -5   19    8  -10  -10    8   -6  -14   -3    0  -13   18   -4  -12   11    6
    1    7   14    1    1    3    1   13    2    0      6285   13    2   -6   20   13   -3  -10   10  -11   -1    1    8   -9    3   -7   -8   12   10
    1    7   15    1    3    8    1   71    3    1      1295   15   -3   -5   20    9   -5  -10    9   -7  -13   -3    0  -13   19   -3  -13   13    6
    1    7   16    1    2    2    1   16    2    1      2150   10   13   -9   14   14   -1  -13   20   -8   -5   -1    3  -14   11   -9   -7   11    4
    1    7   17    1    2    4    1   93    2    1      1213   10   13   -1   14   14   -2  -15   20  -13   -5    0    7  -14   11   -9   -7   10    5
    1    7   18    1    1    8    1   51    1    1      1163   13    3   -5   18   13   -1  -16    3  -10   -2   -5    4   -5    7   -6   -9   13   10
    1    7   19    1    1    5    1   61    1    1      1609   13    3   -6   21   23    3  -10   10  -11   -1   -6    4   -3    6   -6   -8   13    8
    1    7   20    1    3    9    1   69    3    1       965   16   -3   -5   20    9   -5  -10    9   -6  -13   -1    8  -11   21   -3  -13   12    5
    1    7   21    1    2    9    1   85    2    1      2888   10   13   -1   11   13   -1  -12   20  -12   -5    0    2  -12   11   -8   -7   11    4
    1    7   22    1    2    3    1   96    2    1       624   10   14    0   11   12    0  -14   20  -12   -4   -1    3  -13   10   -9   -7   11    4
    1    7   23    1    1    9    1   97    1    1      4099   10    0   -4   17   19    7  -10   11  -10   -2   -7    3  -10   16   -6   -9   13    9
    1    7   24    1    1    1    1   82    1    1      1036   13   -7    4   12   14   -2  -16    9  -11   -1   -6    0   -5    8   -6   -9   17    5
    1    7   25    1    2    8    1   40    2    1      1133   11   12    1   10   13   -1  -13   20  -12   -6   -2    3  -15   11   -8   -8   11    3
    1    7   26    1    1    6    1   10    1    1      2414   13    2   -4   17   14   -2  -11   11  -11   -1   -5    5   -8    5   -7   -8   12    8
    1    7   27    1    2    1    1   97    2    1      2345   10   13   -1   10   13   -1  -14   20  -12   -6   -2    4  -13   11   -9   -9   11    4
    1    8    1    1    1    5    1   61    1    1      1607   13    3   -6   21   23    3  -10   10  -11   -1   -6    4   -3    6   -6   -8   13    8
    1    8    2    1    1    6    1   10    1    1      1347   13    2   -4   17   14   -2  -11   11  -11   -1   -5    5   -8    5   -7   -8   12    8
    1    8    3    1    2    1    1   97    2    1      2360   10   13   -1   10   13   -1  -14   20  -12   -6   -2    4  -13   11   -9   -9   11    4
    1    8    4    1    1    8    1   51    1    1      1798   13    3   -5   18   13   -1  -16    3  -10   -2   -5    4   -5    7   -6   -9   13   10
    1    8    5    1    2    8    1   40    2    1      2331   11   12    1   10   13   -1  -13   20  -12   -6   -2    3  -15   11   -8   -8   11    3
    1    8    6    1    1    4    1   89    1    1      1178   13    3   -5   19   14   -2  -10   10  -12   -1   -6    5   -6    8   -5  -10   12   11
    1    8    7    1    1    7    1   27    1    1      1222   12    3   -4   17    9    3  -10   10  -11   -1   -4    3   -5    8   -5  -10   13    9
    1    8    8    1    3    1    1   80    3    1      1538   14   -1   -3   19    9   -5  -10    9   -6  -13   -2    0  -13   19   -3  -12   13    5
    1    8    9    1    2    5    1   47    2    1      1473   10   13    1   10   13   -1  -12   20  -11   -5   -1    4  -14   11   -9   -7   11    5
    1    8   10    1    2    3    1   96    2    1       979   10   14    0   11   12    0  -14   20  -12   -4   -1    3  -13   10   -9   -7   11    4
    1    8   11    1    1    3    1   13    1    1       937   13    2   -6   20   13   -3  -10   10  -11   -1    1    8   -9    3   -7   -8   12   10
    1    8   12    1    2    7    1   14    2    1      1088   11   14   -1   12   13   -3  -14   20  -12   -6    0    2  -14   11  -10   -7   12    5
    1    8   13    1    3    6    1   89    3    1      1042   15   -2   -5   21    9   -4  -10    9   -7  -14   -3    0  -13   19   -4  -11   13    5
    1    8   14    1    3    5    1   82    3    1      1172   15   -3   -4   20    9   -4  -10    9   -6  -14   -3    0  -12   10   -3  -12   12    5
    1    8   15    1    1    2    1   90    1    1      1923   13    3   -5   18   11   -4  -10   10  -10   -2   -6    5   -5    8   -1  -11   13    9
    1    8   16    1    1    9    1   97    1    1      1027   10    0   -4   17   19    7  -10   11  -10   -2   -7    3  -10   16   -6   -9   13    9
    1    8   17    1    3    3    1   65    3    1      1221   15   -2   -4   19   10   -5  -10    8   -5  -12   -3    0  -14   20   -2  -13   12    6
    1    8   18    1    2    4    1   93    2    1      1360   10   13   -1   14   14   -2  -15   20  -13   -5    0    7  -14   11   -9   -7   10    5
    1    8   19    1    2    9    1   85    2    1       568   10   13   -1   11   13   -1  -12   20  -12   -5    0    2  -12   11   -8   -7   11    4
    1    8   20    1    3    7    1   64    3    1      1326   15   -3   -5   20    8   -5  -10    8   -7  -11   -3    0  -13   19   -3  -12   13    4
    1    8   21    1    3    9    1   69    3    1      1127   16   -3   -5   20    9   -5  -10    9   -6  -13   -1    8  -11   21   -3  -13   12    5
    1    8   22    1    3    4    1    4    3    1       823   15   -2   -5   19    8  -10  -10    8   -6  -14   -3    0  -13   18   -4  -12   11    6
    1    8   23    1    2    2    1   16    2    1      1473   10   13   -9   14   14   -1  -13   20   -8   -5   -1    3  -14   11   -9   -7   11    4
    1    8   24    1    1    1    1   82    1    1      1218   13   -7    4   12   14   -2  -16    9  -11   -1   -6    0   -5    8   -6   -9   17    5
    1    8   25    1    3    8    1   71    3    1      1149   15   -3   -5   20    9   -5  -10    9   -7  -13   -3    0  -13   19   -3  -13   13    6
    1    8   26    1    3    2    1   95    3    1       761   14   -2   -5   20    9   -4  -10   11   -8  -14   -3   -1  -13   23   -4  -11   11    5
    1    8   27    1    2    6    1   77    2    1       937   10   14    3    3   13   -2  -12   19  -12   -5   -1    4  -15   13   -8   -7   11    4
    1    9    1    1    3    8    1   71    3    1      1008   15   -3   -5   20    9   -5  -10    9   -7  -13   -3    0  -13   19   -3  -13   13    6
    1    9    2    1    3    2    1   95    3    1      1091   14   -2   -5   20    9   -4  -10   11   -8  -14   -3   -1  -13   23   -4  -11   11    5
    1    9    3    1    1    2    1   90    1    1      1622   13    3   -5   18   11   -4  -10   10  -10   -2   -6    5   -5    8   -1  -11   13    9
    1    9    4    1    3    1    1   80    3    1      1231   14   -1   -3   19    9   -5  -10    9   -6  -13   -2    0  -13   19   -3  -12   13    5
    1    9    5    1    2    3    1   96    2    1       955   10   14    0   11   12    0  -14   20  -12   -4   -1    3  -13   10   -9   -7   11    4
    1    9    6    1    1    4    1   89    1    1      1298   13    3   -5   19   14   -2  -10   10  -12   -1   -6    5   -6    8   -5  -10   12   11
    1    9    7    1    3    5    1   82    3    1      1259   15   -3   -4   20    9   -4  -10    9   -6  -14   -3    0  -12   10   -3  -12   12    5
    1    9    8    1    2    2    1   16    2    1      1349   10   13   -9   14   14   -1  -13   20   -8   -5   -1    3  -14   11   -9   -7   11    4
    1    9    9    1    3    9    1   69    3    1      2380   16   -3   -5   20    9   -5  -10    9   -6  -13   -1    8  -11   21   -3  -13   12    5
    1    9   10    1    3    6    1   89    3    1      1592   15   -2   -5   21    9   -4  -10    9   -7  -14   -3    0  -13   19   -4  -11   13    5
    1    9   11    1    2    8    1   40    2    1       791   11   12    1   10   13   -1  -13   20  -12   -6   -2    3  -15   11   -8   -8   11    3
    1    9   12    1    1    6    1   10    1    1      1542   13    2   -4   17   14   -2  -11   11  -11   -1   -5    5   -8    5   -7   -8   12    8
    1    9   13    1    1    9    1   97    1    1       805   10    0   -4   17   19    7  -10   11  -10   -2   -7    3  -10   16   -6   -9   13    9
    1    9   14    1    2    9    1   85    2    1      1072   10   13   -1   11   13   -1  -12   20  -12   -5    0    2  -12   11   -8   -7   11    4
    1    9   15    1    3    4    1    4    3    1      1921   15   -2   -5   19    8  -10  -10    8   -6  -14   -3    0  -13   18   -4  -12   11    6
    1    9   16    1    3    7    1   64    3    1      3265   15   -3   -5   20    8   -5  -10    8   -7  -11   -3    0  -13   19   -3  -12   13    4
    1    9   17    1    2    6    1   77    2    1      1002   10   14    3    3   13   -2  -12   19  -12   -5   -1    4  -15   13   -8   -7   11    4
    1    9   18    1    3    3    1   65    3    1      1086   15   -2   -4   19   10   -5  -10    8   -5  -12   -3    0  -14   20   -2  -13   12    6
    1    9   19    1    1    5    1   61    2    0      1584   13    3   -6   21   23    3  -10   10  -11   -1   -6    4   -3    6   -6   -8   13    8
    1    9   20    1    2    5    1   47    2    1       796   10   13    1   10   13   -1  -12   20  -11   -5   -1    4  -14   11   -9   -7   11    5
    1    9   21    1    2    1    1   97    2    1       810   10   13   -1   10   13   -1  -14   20  -12   -6   -2    4  -13   11   -9   -9   11    4
    1    9   22    1    1    3    1   13    1    1       968   13    2   -6   20   13   -3  -10   10  -11   -1    1    8   -9    3   -7   -8   12   10
    1    9   23    1    1    8    1   51    1    1       671   13    3   -5   18   13   -1  -16    3  -10   -2   -5    4   -5    7   -6   -9   13   10
    1    9   24    1    2    4    1   93    2    1       913   10   13   -1   14   14   -2  -15   20  -13   -5    0    7  -14   11   -9   -7   10    5
    1    9   25    1    2    7    1   14    2    1       872   11   14   -1   12   13   -3  -14   20  -12   -6    0    2  -14   11  -10   -7   12    5
    1    9   26    1    1    7    1   27    1    1      5281   12    3   -4   17    9    3  -10   10  -11   -1   -4    3   -5    8   -5  -10   13    9
    1    9   27    1    1    1    1   82    1    1       890   13   -7    4   12   14   -2  -16    9  -11   -1   -6    0   -5    8   -6   -9   17    5
    1   10    1    1    2    8    1   40    2    1      2996   11   12    1   10   13   -1  -13   20  -12   -6   -2    3  -15   11   -8   -8   11    3
    1   10    2    1    2    1    1   97    2    1       666   10   13   -1   10   13   -1  -14   20  -12   -6   -2    4  -13   11   -9   -9   11    4
    1   10    3    1    3    6    1   89    3    1      1148   15   -2   -5   21    9   -4  -10    9   -7  -14   -3    0  -13   19   -4  -11   13    5
    1   10    4    1    2    7    1   14    2    1      1161   11   14   -1   12   13   -3  -14   20  -12   -6    0    2  -14   11  -10   -7   12    5
    1   10    5    1    3    5    1   82    3    1      1720   15   -3   -4   20    9   -4  -10    9   -6  -14   -3    0  -12   10   -3  -12   12    5
    1   10    6    1    3    4    1    4    3    1      3105   15   -2   -5   19    8  -10  -10    8   -6  -14   -3    0  -13   18   -4  -12   11    6
    1   10    7    1    3    8    1   71    3    1      2161   15   -3   -5   20    9   -5  -10    9   -7  -13   -3    0  -13   19   -3  -13   13    6
    1   10    8    1    1    3    1   13    1    1      1589   13    2   -6   20   13   -3  -10   10  -11   -1    1    8   -9    3   -7   -8   12   10
    1   10    9    1    2    2    1   16    2    1      1041   10   13   -9   14   14   -1  -13   20   -8   -5   -1    3  -14   11   -9   -7   11    4
    1   10   10    1    1    1    1   82    1    1      1284   13   -7    4   12   14   -2  -16    9  -11   -1   -6    0   -5    8   -6   -9   17    5
    1   10   11    1    3    9    1   69    3    1      3198   16   -3   -5   20    9   -5  -10    9   -6  -13   -1    8  -11   21   -3  -13   12    5
    1   10   12    1    1    9    1   97    1    1      1352   10    0   -4   17   19    7  -10   11  -10   -2   -7    3  -10   16   -6   -9   13    9
    1   10   13    1    2    5    1   47    2    1      1374   10   13    1   10   13   -1  -12   20  -11   -5   -1    4  -14   11   -9   -7   11    5
    1   10   14    1    2    6    1   77    2    1      1381   10   14    3    3   13   -2  -12   19  -12   -5   -1    4  -15   13   -8   -7   11    4
    1   10   15    1    1    4    1   89    1    1       748   13    3   -5   19   14   -2  -10   10  -12   -1   -6    5   -6    8   -5  -10   12   11
    1   10   16    1    1    7    1   27    1    1       635   12    3   -4   17    9    3  -10   10  -11   -1   -4    3   -5    8   -5  -10   13    9
    1   10   17    1    1    5    1   61    1    1      1182   13    3   -6   21   23    3  -10   10  -11   -1   -6    4   -3    6   -6   -8   13    8
    1   10   18    1    2    3    1   96    2    1       794   10   14    0   11   12    0  -14   20  -12   -4   -1    3  -13   10   -9   -7   11    4
    1   10   19    1    1    6    1   10    1    1      1797   13    2   -4   17   14   -2  -11   11  -11   -1   -5    5   -8    5   -7   -8   12    8
    1   10   20    1    3    2    1   95    3    1      2073   14   -2   -5   20    9   -4  -10   11   -8  -14   -3   -1  -13   23   -4  -11   11    5
    1   10   21    1    1    2    1   90    1    1      1778   13    3   -5   18   11   -4  -10   10  -10   -2   -6    5   -5    8   -1  -11   13    9
    1   10   22    1    1    8    1   51    1    1       967   13    3   -5   18   13   -1  -16    3  -10   -2   -5    4   -5    7   -6   -9   13   10
    1   10   23    1    3    3    1   65    3    1      1947   15   -2   -4   19   10   -5  -10    8   -5  -12   -3    0  -14   20   -2  -13   12    6
    1   10   24    1    3    7    1   64    3    1      1322   15   -3   -5   20    8   -5  -10    8   -7  -11   -3    0  -13   19   -3  -12   13    4
    1   10   25    1    2    4    1   93    2    1      1168   10   13   -1   14   14   -2  -15   20  -13   -5    0    7  -14   11   -9   -7   10    5
    1   10   26    1    3    1    1   80    3    1      1086   14   -1   -3   19    9   -5  -10    9   -6  -13   -2    0  -13   19   -3  -12   13    5
    1   10   27    1    2    9    1   85    3    0       878   10   13   -1   11   13   -1  -12   20  -12   -5    0    2  -12   11   -8   -7   11    4
    2    1    1    1    2    5    1   47    2    1      2309   10   13    1   10   13   -1  -12   20  -11   -5   -1    4  -14   11   -9   -7   11    5
    2    1    2    4    1    4    2  104    1    1      1223   14    5   -2   21   14   -3   -9   12  -21    1   -6    3   -4    7   -8   -8   13   10
    2    1    3    1    1    2    1   90    1    1      2035   13    3   -5   18   11   -4  -10   10  -10   -2   -6    5   -5    8   -1  -11   13    9
    2    1    4    4    3    3    2  128    1    0     12221   14   -4   -4   19   13  -10  -16    7   -8  -13   -2   -1  -12   19    2  -11   11    7
    2    1    5    4    2    4    2  148    2    1      1265    7    8    1   11   11   -3  -17   21  -13   -5    6   10  -12   10   -9   -8   12    4
    2    1    6    5    3    3    3  192    3    1      1002   19   -8   -5   19    9   -3   -9    9   -4  -16   -4    0   -7   12    1  -15   12    3
    2    1    7    1    2    8    1   40    2    1      1710   11   12    1   10   13   -1  -13   20  -12   -6   -2    3  -15   11   -8   -8   11    3
    2    1    8    2    3    0    0    0    3    1      2821   15   -2   -5   20    9   -4  -10    9   -7  -13   -3    0  -13   19   -3  -12   12    5
    2    1    9    1    3    9    1   69    3    1       882   16   -3   -5   20    9   -5  -10    9   -6  -13   -1    8  -11   21   -3  -13   12    5
    2    1   10    4    2    3    2  119    1    0      1182    5    7   -2   12   13    0  -14   21  -14   -4   -4    3  -23    3   -9   -6   15    2
    2    1   11    4    1    3    2  194    1    1      2506   14    2   -4   17   14   -3  -11   10  -11    0   -3    9   -5    7   -4   -8   14    9
    2    1   12    6    2    0    3  129    1    0      5634   10   12    0   10   13   -4   -6   13   -5    4    0    4  -10    8   -4  -12    4    8
    2    1   13    4    2    6    2  162    1    0      1677   18    5    0   12    9   -2  -12   20  -19   -6   -1    4  -15   10   -9   -6   10    5
    2    1   14    5    1    3    3  195    1    1      1368   18    4   -7   18   21   -5   -9   12  -16  -11   -6   12   -5    9   -5  -10   14   10
    2    1   15    3    2    1    1  171    2    1      1118   11   13    0   11   13   -2  -12   20  -10  -10   -1    2  -14   12   -8   -7   11    4
    2    1   16    1    2    9    1   85    2    1      1406   10   13   -1   11   13   -1  -12   20  -12   -5    0    2  -12   11   -8   -7   11    4
    2    1   17    4    3    2    2  175    3    1       850   15   -3   -4   22    8   -3   -9    8   -7  -14  -10    0  -11   17    1  -10   11    6
    2    1   18    5    2    2    3  189    2    1      1534   12   12   -1   12   16    0   -6   20  -10   -2    0    2  -15   16  -10   -6   17   -2
    2    1   19    4    1    2    2  132    1    1      1153   11    8   -6   19   12   -2  -12   10  -12    1   -6    4   -6    8   -5   -6   13   10
    2    1   20    5    3    7    3  158    2    0      1231   19    0   -7   22   12   -4   -9    9   -5  -11   -2    2  -13    9   -8   -7   14    6
    2    1   21    1    3    7    1   64    3    1       844   15   -3   -5   20    8   -5  -10    8   -7  -11   -3    0  -13   19   -3  -12   13    4
    2    1   22    1    3    8    1   71    3    1       631   15   -3   -5   20    9   -5  -10    9   -7  -13   -3    0  -13   19   -3  -13   13    6
    2    1   23    5    3    5    3  119    3    1      2269   17   -4   -6   21    8   -5   -4   15   -2  -17    0    2  -11   16   -3  -11   14    2
    2    1   24    5    2    7    3  125    2    1      1072    6   13   -1   11   14   -2  -19   15  -17   -3   -2    5  -16   13  -17    2    3   12
    2    1   25    6    3    0    3  110    1    0      3075   17   -2    3   22    9   -3  -14   14   -8   -4   -4    1  -14   20  -13  -15    7   12
    2    1   26    5    1    1    3  112    2    0      1557   15   -7   -7   19   14   -3  -12   11  -19    0   -5    6    3    6  -14    1   14   11
    2    1   27    4    3    5    2  163    3    1      1171   16   -2   -4   22   10   -3  -11    7   -6  -12   -3   -3  -13   20   -3  -17   14    5
    2    1   28    4    1    6    2  137    1    1      5344   13    1   -3   18   15    0   -9    9  -12   -3  -15   -1   -4   10   -5  -11   13    8
    2    1   29    5    2    1    3  170    2    1      1208   10   11   -9    6   18    6  -14   21  -13   -6    4   10  -18   12  -13   -9    2    7
    2    1   30    4    2    1    2  177    2    1      1301   10   15   -1   12   12   -3  -13   19  -10   -7    0    2  -14   10   -7  -10   10    5
    2    1   31    5    1    8    3  124    1    1      1439    8   11    1   21   13   -1   -9    6   -8   -6   -5    3   -4   12    1   -3   23    4
    2    1   32    5    1    6    3  122    2    0      4675   12    3   -3   12   13   -3  -10    9   -9    0   -4    5    0   15   -1    0   12   10
    2    1   33    4    1    1    2  170    1    1      1140   21   -3   -1   21   13   -4  -12    8  -18    4  -10    6   -4   10   -4   -8   13    8
    2    1   34    2    2    0    0    0    2    1      1556   10   13    0   11   13   -1  -13   20  -12   -6   -1    3  -14   11   -9   -7   11    4
    2    1   35    5    3    9    3  133    3    1      4674    7   -5   -7   18    9    4   -9    8   -8  -11    0   -5  -13   20   -4  -12   17   11
    2    1   36    3    1    3    1  117    1    1      1411   13    3   -6   18   14   -2  -10    9  -12    0   -5    4   -5    8   -6   -9   13    9
    2    1   37    1    1    9    1   97    1    1      1767   10    0   -4   17   19    7  -10   11  -10   -2   -7    3  -10   16   -6   -9   13    9
    2    1   38    1    2    6    1   77    2    1      1388   10   14    3    3   13   -2  -12   19  -12   -5   -1    4  -15   13   -8   -7   11    4
    2    1   39    1    1    6    1   10    1    1      1778   13    2   -4   17   14   -2  -11   11  -11   -1   -5    5   -8    5   -7   -8   12    8
    2    1   40    3    2    3    1  128    2    1      3143   15   21    1   10   13   -1  -14   20  -13   -5   -1    3  -14   11   -9   -7   10    2
    2    1   41    1    1    5    1   61    1    1      1014   13    3   -6   21   23    3  -10   10  -11   -1   -6    4   -3    6   -6   -8   13    8
    2    1   42    3    3    3    1  181    3    1      2217   16   -2   -5   19   10   -5  -10    9   -7  -13   -3   -1  -13   20    4  -12   12    5
    2    1   43    3    2    2    1  104    2    1      1375   11   14   -1   12   12   -2   -3   22  -12   -5   -5   -6  -14   11   -9   -7   12    5
    2    1   44    5    3    6    3  124    3    1      3636   17   -1   -6   19    9   -5  -11    2   -6  -11  -11   -8  -12   17   -3  -13   11    4
    2    1   45    3    1    1    1  140    1    1      1329   13    4   -5   18   14   -1  -10   10  -11   -1   -5    3   -6    7   -6  -10   13   10
    2    1   46    1    1    4    1   89    1    1      1177   13    3   -5   19   14   -2  -10   10  -12   -1   -6    5   -6    8   -5  -10   12   11
    2    1   47    4    3    4    2  166    3    1      1798   11    7   -6   19    8   -6  -11   10   -5  -11   -3   -2  -22   20   -4  -13   19    0
    2    1   48    1    2    7    1   14    2    1      1546   11   14   -1   12   13   -3  -14   20  -12   -6    0    2  -14   11  -10   -7   12    5
    2    1   49    1    3    6    1   89    2    0      1066   15   -2   -5   21    9   -4  -10    9   -7  -14   -3    0  -13   19   -4  -11   13    5
    2    1   50    1    1    7    1   27    1    1      1004   12    3   -4   17    9    3  -10   10  -11   -1   -4    3   -5    8   -5  -10   13    9
    2    1   51    5    1    2    3  150    2    0      3136   10   -4   -6    9   14   -1  -11   11   -6   -3   -3    3   -5   13   -5   -7   17   14
    2    1   52    1    2    1    1   97    2    1      3534   10   13   -1   10   13   -1  -14   20  -12   -6   -2    4  -13   11   -9   -9   11    4
    2    1   53    5    1    5    3  157    1    1       735    7    2   -4   17   13   -3   -6   14  -19    0   -6    5   -9   14  -11  -14   20    7
    2    1   54    4    3    1    2  171    3    1      1199   17    0  -15   24   11   -6   -8    8   -2  -16   -4    1  -12   17   -5  -13   12    6
    2    1   55    5    2    9    3  124    1    0      2171   11   13   -1   12   17   -1   -9   23   -2  -11    3   -1   -5   13   -9   -6   10    5
    2    1   56    4    2    5    2  143    2    1      3024   12   14   -1   12   13    0  -12   19  -13   -6    0    2  -17   15   -7   -5   10   -5
    2    1   57    1    3    4    1    4    3    1      1045   15   -2   -5   19    8  -10  -10    8   -6  -14   -3    0  -13   18   -4  -12   11    6
    2    1   58    1    3    3    1   65    2    0      2888   15   -2   -4   19   10   -5  -10    8   -5  -12   -3    0  -14   20   -2  -13   12    6
    2    1   59    5    2    8    3  179    2    1       801   13   10   -2    9   12   -1  -14   22  -12   -4    6    8  -15   11  -10   -6   10    3
    2    1   60    3    3    2    1  110    3    1       912   15   -2   -4   19    8   -4  -10    9   -8  -13   -3    0  -13   19   -2  -13   11    5
    2    1   61    5    1    7    3  171    1    1      4776   14    6   -8   18   15   -1  -10   11  -11    0   -3   -4   -4    8   -7  -10   21    9
    2    1   62    5    2    6    3  115    1    0       964   13   19   -1   10   13   -6  -12   21  -13   -4   -3   -6  -16   14  -18    0   14    1
    2    1   63    1    3    5    1   82    3    1      1384   15   -3   -4   20    9   -4  -10    9   -6  -14   -3    0  -12   10   -3  -12   12    5
    2    1   64    5    3    1    3  182    3    1      2078   14   -2  -11   20    9   -6  -16    7   -7  -22   -8    2  -10   13    4   -3    4    0
    2    1   65    1    2    2    1   16    2    1      1192   10   13   -9   14   14   -1  -13   20   -8   -5   -1    3  -14   11   -9   -7   11    4
    2    1   66    5    3    2    3  125    3    1      3126   16   -3   -4   20   13   -9   -6    5   -3   -8   -4   -2  -11   20   -4  -14   11    7
    2    1   67    5    2    4    3  154    3    0       854   11   15   -2   15   12   -1   -8   23  -10    4   -2    4  -19   16   -2  -17   11    3
    2    1   68    1    2    3    1   96    2    1       963   10   14    0   11   12    0  -14   20  -12   -4   -1    3  -13   10   -9   -7   11    4
    2    1   69    4    1    5    2  143    1    1      1130   14    3   -6   18   16    0  -10    9  -21   -6    2   -3   -5    7   -3  -12   12    8
    2    1   70    5    3    4    3  134    2    0      1081   23    2   -5   19    2   -1  -12    9   -5  -15   -5    4  -17   14   -4  -11   11    5
    2    1   71    1    3    1    1   80    2    0       907   14   -1   -3   19    9   -5  -10    9   -6  -13   -2    0  -13   19   -3  -12   13    5
    2    1   72    2    1    0    0    0    1    1      7507   13    3   -5   18   14   -2  -10   10  -11   -1   -5    4   -5    8   -6   -9   13    9
    2    1   73    5    2    5    3  114    1    0       752    0   23    0   10   14   -1  -14   20  -16   -1   -3    0  -14   10   -6   -2   13    2
    2    1   74    4    3    6    2  116    3    1      1676   15   -3   -4   19    5  -14  -13   11   -4  -15    0    4  -12   19   -2   -7   13    3
    2    1   75    1    2    4    1   93    2    1      1398   10   13   -1   14   14   -2  -15   20  -13   -5    0    7  -14   11   -9   -7   10    5
    2    1   76    3    3    1    1  105    3    1      2475   14   -1   -4   21    9   -3  -10    8   -7  -13    2   -3  -13   19   -1  -14   12    5
    2    1   77    5    2    3    3  195    2    1      1589   13    9   -2   12   15   -1   -6   20  -13  -11    0    3  -17   18  -12   -8    9    3
    2    1   78    5    1    4    3  134    1    1      1236   20    0  -10   11   14   -4  -10    5  -12   -2   -9    9    4   18   -7   -8   13   10
    2    1   79    1    3    2    1   95    2    0      1872   14   -2   -5   20    9   -4  -10   11   -8  -14   -3   -1  -13   23   -4  -11   11    5
    2    1   80    1    1    1    1   82    1    1       772   13   -7    4   12   14   -2  -16    9  -11   -1   -6    0   -5    8   -6   -9   17    5
    2    1   81    1    1    3    1   13    1    1       947   13    2   -6   20   13   -3  -10   10  -11   -1    1    8   -9    3   -7   -8   12   10
    2    1   82    5    3    8    3  145    3    1      2569   13   -3    5   19   15  -10  -12   10   -8   -3   -8    3  -12   18   -1  -10   13    4
    2    1   83    1    1    8    1   51    1    1      1118   13    3   -5   18   13   -1  -16    3  -10   -2   -5    4   -5    7   -6   -9   13   10
    2    1   84    3    1    2    1  165    1    1       735   14    3   -5   18   15   -3  -11   10  -12   -1   -5    4   -5    9   -6   -9   13    9
    2    1   85    5    1    9    3  147    1    1      1389    9   10   -5   19   16   -1  -17   19   -3    1   -6    4   -6    8  -16   -7   13   11
    2    1   86    6    1    0    3  126    1    1      2739   20    5   -3   19   15    0   -9    3   -9    0   -7    4   -4    7    3  -12    7    0
    2    1   87    4    2    2    2  179    2    1      1138   11   18    0    9   11   -3  -11   15  -12   -8   -2    3  -14   12  -10   -7    9    4
