    1    1    1    1    1    6    2   10    1    1      2269   17    7   -6   20   16   -4   -8   11   -6    4   -4    9  -10    8  -14   -9    8    7
    1    1    2    1    1    1    2   82    2    0      2022   11    3   -5   19   16   -3   -9    9  -13    6  -12   -1  -11   17   -6   -8   14   11
    1    1    3    1    3    6    2   89    1    0      1971   14   -3  -14   14    9   -5   -2   12   -4  -10  -13   -1  -11   20    5   -9   13    5
    1    1    4    1    2    8    2   40    1    0      2386   11   11   -2   11   12   -1  -15   20  -13   -7   -3    3  -16   10  -10   -6    9    4
    1    1    5    1    3    2    2   95    1    0      1584   15   -1  -10   16   10   -4   -8   19   -5  -13   -4   -5  -14   19   -2  -11   10    7
    1    1    6    1    2    6    2   77    1    0      1518   11   13   -5   13   21    1  -14   19  -11   -4    1    3   -4    6   -7   -9    5    4
    1    1    7    1    1    7    2   27    1    1      1309   12    4   -5   16   13   -2  -15   11  -12    1   -4    4   -6    8   -8  -10   14    8
    1    1    8    1    2    7    2   14    3    0      1175   10    9   -3    6   14   -1  -12   19  -14  -10   -9    6  -13   10   -7   -9   10    2
    1    1    9    1    1    9    2   97    3    0      1236   12    3   -6   20   11    7  -11   14   -9    0   -5    6   -5    9   -7   -9   15   11
    1    1   10    1    1    2    2   90    1    1       863   15    2   -9   22   15   -2   -8   12   -9   -2   -4    3   -3    6   -6   -8   12   11
    1    1   11    1    3    4    2    4    3    1      1817   17    2   -4   16   16  -10  -11   10  -12  -12   -5    1   -9   22   -1  -11   12    4
    1    1   12    1    2    2    2   16    2    1      1660   12   13   -1   11   12   -5  -15   24  -11   -7   -2    3  -15    9   -7   -9   10    4
    1    1   13    1    1    5    2   61    3    0      1511   12    3   -5   17   13   -1   -6   20  -12   -1    0    7   -4    8   -5   -1   14    9
    1    1   14    1    2    9    2   85    3    0      1159    5    9   -2   13    9   -6  -13   18  -11   -7   -1    1  -13   12   -8   -8   10    2
    1    1   15    1    3    5    2   82    3    1      2326   17   -2  -14   17    8   -5  -10   10   -5  -15   -2   -1  -11   20   -2  -11   13    6
    1    1   16    1    1    3    2   13    1    1      1107   13    4   -6   19   15   -1   -9    9  -10    3   -4    4   -6    7   -6  -11   14   10
    1    1   17    1    3    3    2   65    3    1      3940   14   -3    0   22    8   -3   -8    8   -8  -13    3    1  -14   19    1  -16   14    4
    1    1   18    1    1    8    2   51    2    0      1571   15    4  -12   16   14   -1   -7    7  -19    6   -6    2    0    3  -10  -11   11   10
    1    1   19    1    1    4    2   89    1    1      1744   13    2   -4   18   17   -4   -9   12  -10   -3   -4    4   -4    9   -7   -8   11   10
    1    1   20    1    3    8    2   71    3    1      1000   14   -2   -7   19    6   -6  -11    9   -8  -15   -3    1  -11   18   -2  -13   12    6
    1    1   21    1    3    1    2   80    3    1      1227   13    8   -7   19    4   -3  -11    9   -3   -3   -5    2  -12   18   -2  -13   12    6
    1    1   22    1    3    9    2   69    2    0      2229   17   -2   -6   19    9   -3   -3   12   -4  -13   -7   -5  -18   20   -2  -14    9   10
    1    1   23    1    3    7    2   64    2    0      1386   14   -2   -2   12    8   -7   -9    9   -9  -10   -2   -1  -12   18   -5   -8   16    8
    1    1   24    1    2    4    2   93    3    0      2799   10   14   -4   11   14   -1  -12   22  -10   -8    0    2  -13   11   -9   -3   21    2
    1    1   25    1    2    1    2   97    3    0      2585   10   14    0   13   18    2  -13   21  -14   -6    0    3  -16   11  -11   -9   10    2
    1    1   26    1    2    3    2   96    3    0      1709   12   10    6    6   17    1  -11   20  -12   -7    1    1  -15   11  -10    3    9    3
    1    1   27    1    2    5    2   47    2    1      1123   12   12    1   10   15   -3  -12   20  -12   -8   -3    1  -18   12  -10  -10   10    4
    1    2    1    1    3    9    2   69    3    1       850   17   -2   -6   19    9   -3   -3   12   -4  -13   -7   -5  -18   20   -2  -14    9   10
    1    2    2    1    1    7    2   27    1    1      1196   12    4   -5   16   13   -2  -15   11  -12    1   -4    4   -6    8   -8  -10   14    8
    1    2    3    1    1    2    2   90    1    1       905   15    2   -9   22   15   -2   -8   12   -9   -2   -4    3   -3    6   -6   -8   12   11
    1    2    4    1    1    6    2   10    2    0      1601   17    7   -6   20   16   -4   -8   11   -6    4   -4    9  -10    8  -14   -9    8    7
    1    2    5    1    2    1    2   97    2    1      4093   10   14    0   13   18    2  -13   21  -14   -6    0    3  -16   11  -11   -9   10    2
    1    2    6    1    2    5    2   47    2    1      2629   12   12    1   10   15   -3  -12   20  -12   -8   -3    1  -18   12  -10  -10   10    4
    1    2    7    1    3    5    2   82    3    1       729   17   -2  -14   17    8   -5  -10   10   -5  -15   -2   -1  -11   20   -2  -11   13    6
    1    2    8    1    2    3    2   96    1    0      1640   12   10    6    6   17    1  -11   20  -12   -7    1    1  -15   11  -10    3    9    3
    1    2    9    1    1    5    2   61    1    1      1010   12    3   -5   17   13   -1   -6   20  -12   -1    0    7   -4    8   -5   -1   14    9
    1    2   10    1    3    3    2   65    3    1      1014   14   -3    0   22    8   -3   -8    8   -8  -13    3    1  -14   19    1  -16   14    4
    1    2   11    1    3    4    2    4    3    1      2936   17    2   -4   16   16  -10  -11   10  -12  -12   -5    1   -9   22   -1  -11   12    4
    1    2   12    1    1    3    2   13    1    1      1053   13    4   -6   19   15   -1   -9    9  -10    3   -4    4   -6    7   -6  -11   14   10
    1    2   13    1    2    7    2   14    1    0      2336   10    9   -3    6   14   -1  -12   19  -14  -10   -9    6  -13   10   -7   -9   10    2
    1    2   14    1    2    6    2   77    2    1      1150   11   13   -5   13   21    1  -14   19  -11   -4    1    3   -4    6   -7   -9    5    4
    1    2   15    1    1    8    2   51    2    0      1675   15    4  -12   16   14   -1   -7    7  -19    6   -6    2    0    3  -10  -11   11   10
    1    2   16    1    1    4    2   89    1    1       900   13    2   -4   18   17   -4   -9   12  -10   -3   -4    4   -4    9   -7   -8   11   10
    1    2   17    1    3    6    2   89    2    0      3788   14   -3  -14   14    9   -5   -2   12   -4  -10  -13   -1  -11   20    5   -9   13    5
    1    2   18    1    2    4    2   93    2    1      1297   10   14   -4   11   14   -1  -12   22  -10   -8    0    2  -13   11   -9   -3   21    2
    1    2   19    1    2    8    2   40    1    0      3018   11   11   -2   11   12   -1  -15   20  -13   -7   -3    3  -16   10  -10   -6    9    4
    1    2   20    1    2    2    2   16    1    0      5325   12   13   -1   11   12   -5  -15   24  -11   -7   -2    3  -15    9   -7   -9   10    4
    1    2   21    1    3    8    2   71    3    1       979   14   -2   -7   19    6   -6  -11    9   -8  -15   -3    1  -11   18   -2  -13   12    6
    1    2   22    1    1    1    2   82    1    1       888   11    3   -5   19   16   -3   -9    9  -13    6  -12   -1  -11   17   -6   -8   14   11
    1    2   23    1    3    2    2   95    1    0      2079   15   -1  -10   16   10   -4   -8   19   -5  -13   -4   -5  -14   19   -2  -11   10    7
    1    2   24    1    3    7    2   64    2    0      3527   14   -2   -2   12    8   -7   -9    9   -9  -10   -2   -1  -12   18   -5   -8   16    8
    1    2   25    1    2    9    2   85    3    0      2022    5    9   -2   13    9   -6  -13   18  -11   -7   -1    1  -13   12   -8   -8   10    2
    1    2   26    1    3    1    2   80    3    1      2161   13    8   -7   19    4   -3  -11    9   -3   -3   -5    2  -12   18   -2  -13   12    6
    1    2   27    1    1    9    2   97    1    1       903   12    3   -6   20   11    7  -11   14   -9    0   -5    6   -5    9   -7   -9   15   11
    1    3    1    1    1    8    2   51    2    0      1583   15    4  -12   16   14   -1   -7    7  -19    6   -6    2    0    3  -10  -11   11   10
    1    3    2    1    3    4    2    4    3    1      1787   17    2   -4   16   16  -10  -11   10  -12  -12   -5    1   -9   22   -1  -11   12    4
    1    3    3    1    1    7    2   27    1    1      1280   12    4   -5   16   13   -2  -15   11  -12    1   -4    4   -6    8   -8  -10   14    8
    1    3    4    1    3    8    2   71    3    1       793   14   -2   -7   19    6   -6  -11    9   -8  -15   -3    1  -11   18   -2  -13   12    6
    1    3    5    1    3    7    2   64    3    1      1093   14   -2   -2   12    8   -7   -9    9   -9  -10   -2   -1  -12   18   -5   -8   16    8
    1    3    6    1    1    5    2   61    2    0      1911   12    3   -5   17   13   -1   -6   20  -12   -1    0    7   -4    8   -5   -1   14    9
    1    3    7    1    2    5    2   47    2    1      2777   12   12    1   10   15   -3  -12   20  -12   -8   -3    1  -18   12  -10  -10   10    4
    1    3    8    1    3    1    2   80    3    1       919   13    8   -7   19    4   -3  -11    9   -3   -3   -5    2  -12   18   -2  -13   12    6
    1    3    9    1    1    2    2   90    1    1       559   15    2   -9   22   15   -2   -8   12   -9   -2   -4    3   -3    6   -6   -8   12   11
    1    3   10    1    1    6    2   10    2    0      1205   17    7   -6   20   16   -4   -8   11   -6    4   -4    9  -10    8  -14   -9    8    7
    1    3   11    1    2    4    2   93    2    1      1777   10   14   -4   11   14   -1  -12   22  -10   -8    0    2  -13   11   -9   -3   21    2
    1    3   12    1    2    1    2   97    1    0      1031   10   14    0   13   18    2  -13   21  -14   -6    0    3  -16   11  -11   -9   10    2
    1    3   13    1    2    3    2   96    1    0      4010   12   10    6    6   17    1  -11   20  -12   -7    1    1  -15   11  -10    3    9    3
    1    3   14    1    3    5    2   82    3    1       630   17   -2  -14   17    8   -5  -10   10   -5  -15   -2   -1  -11   20   -2  -11   13    6
    1    3   15    1    3    6    2   89    3    1      5256   14   -3  -14   14    9   -5   -2   12   -4  -10  -13   -1  -11   20    5   -9   13    5
    1    3   16    1    2    7    2   14    1    0      1569   10    9   -3    6   14   -1  -12   19  -14  -10   -9    6  -13   10   -7   -9   10    2
    1    3   17    1    3    9    2   69    3    1       896   17   -2   -6   19    9   -3   -3   12   -4  -13   -7   -5  -18   20   -2  -14    9   10
    1    3   18    1    3    3    2   65    3    1      1818   14   -3    0   22    8   -3   -8    8   -8  -13    3    1  -14   19    1  -16   14    4
    1    3   19    1    3    2    2   95    3    1      1757   15   -1  -10   16   10   -4   -8   19   -5  -13   -4   -5  -14   19   -2  -11   10    7
    1    3   20    1    2    8    2   40    2    1      2497   11   11   -2   11   12   -1  -15   20  -13   -7   -3    3  -16   10  -10   -6    9    4
    1    3   21    1    1    9    2   97    1    1       806   12    3   -6   20   11    7  -11   14   -9    0   -5    6   -5    9   -7   -9   15   11
    1    3   22    1    2    2    2   16    2    1      2050   12   13   -1   11   12   -5  -15   24  -11   -7   -2    3  -15    9   -7   -9   10    4
    1    3   23    1    1    3    2   13    1    1      1017   13    4   -6   19   15   -1   -9    9  -10    3   -4    4   -6    7   -6  -11   14   10
    1    3   24    1    2    6    2   77    2    1      1980   11   13   -5   13   21    1  -14   19  -11   -4    1    3   -4    6   -7   -9    5    4
    1    3   25    1    1    1    2   82    1    1       791   11    3   -5   19   16   -3   -9    9  -13    6  -12   -1  -11   17   -6   -8   14   11
    1    3   26    1    2    9    2   85    3    0       947    5    9   -2   13    9   -6  -13   18  -11   -7   -1    1  -13   12   -8   -8   10    2
    1    3   27    1    1    4    2   89    1    1       744   13    2   -4   18   17   -4   -9   12  -10   -3   -4    4   -4    9   -7   -8   11   10
    1    4    1    1    1    1    2   82    1    1       918   11    3   -5   19   16   -3   -9    9  -13    6  -12   -1  -11   17   -6   -8   14   11
    1    4    2    1    3    9    2   69    3    1      2300   17   -2   -6   19    9   -3   -3   12   -4  -13   -7   -5  -18   20   -2  -14    9   10
    1    4    3    1    3    1    2   80    3    1      5818   13    8   -7   19    4   -3  -11    9   -3   -3   -5    2  -12   18   -2  -13   12    6
    1    4    4    1    2    1    2   97    2    1      3581   10   14    0   13   18    2  -13   21  -14   -6    0    3  -16   11  -11   -9   10    2
    1    4    5    1    2    6    2   77    2    1      1258   11   13   -5   13   21    1  -14   19  -11   -4    1    3   -4    6   -7   -9    5    4
    1    4    6    1    3    6    2   89    3    1      1925   14   -3  -14   14    9   -5   -2   12   -4  -10  -13   -1  -11   20    5   -9   13    5
    1    4    7    1    3    7    2   64    3    1      3157   14   -2   -2   12    8   -7   -9    9   -9  -10   -2   -1  -12   18   -5   -8   16    8
    1    4    8    1    2    5    2   47    2    1      4051   12   12    1   10   15   -3  -12   20  -12   -8   -3    1  -18   12  -10  -10   10    4
    1    4    9    1    1    5    2   61    2    0      1388   12    3   -5   17   13   -1   -6   20  -12   -1    0    7   -4    8   -5   -1   14    9
    1    4   10    1    3    3    2   65    3    1      2479   14   -3    0   22    8   -3   -8    8   -8  -13    3    1  -14   19    1  -16   14    4
    1    4   11    1    1    7    2   27    1    1       617   12    4   -5   16   13   -2  -15   11  -12    1   -4    4   -6    8   -8  -10   14    8
    1    4   12    1    1    6    2   10    1    1      1629   17    7   -6   20   16   -4   -8   11   -6    4   -4    9  -10    8  -14   -9    8    7
    1    4   13    1    3    8    2   71    3    1       870   14   -2   -7   19    6   -6  -11    9   -8  -15   -3    1  -11   18   -2  -13   12    6
    1    4   14    1    3    4    2    4    2    0      1407   17    2   -4   16   16  -10  -11   10  -12  -12   -5    1   -9   22   -1  -11   12    4
    1    4   15    1    2    9    2   85    3    0       868    5    9   -2   13    9   -6  -13   18  -11   -7   -1    1  -13   12   -8   -8   10    2
    1    4   16    1    2    7    2   14    1    0      1661   10    9   -3    6   14   -1  -12   19  -14  -10   -9    6  -13   10   -7   -9   10    2
    1    4   17    1    1    4    2   89    1    1       728   13    2   -4   18   17   -4   -9   12  -10   -3   -4    4   -4    9   -7   -8   11   10
    1    4   18    1    1    9    2   97    1    1       695   12    3   -6   20   11    7  -11   14   -9    0   -5    6   -5    9   -7   -9   15   11
    1    4   19    1    2    3    2   96    2    1      2167   12   10    6    6   17    1  -11   20  -12   -7    1    1  -15   11  -10    3    9    3
    1    4   20    1    2    4    2   93    3    0      5820   10   14   -4   11   14   -1  -12   22  -10   -8    0    2  -13   11   -9   -3   21    2
    1    4   21    1    2    2    2   16    2    1      3295   12   13   -1   11   12   -5  -15   24  -11   -7   -2    3  -15    9   -7   -9   10    4
    1    4   22    1    2    8    2   40    2    1      1063   11   11   -2   11   12   -1  -15   20  -13   -7   -3    3  -16   10  -10   -6    9    4
    1    4   23    1    1    2    2   90    1    1       664   15    2   -9   22   15   -2   -8   12   -9   -2   -4    3   -3    6   -6   -8   12   11
    1    4   24    1    3    5    2   82    2    0      1306   17   -2  -14   17    8   -5  -10   10   -5  -15   -2   -1  -11   20   -2  -11   13    6
    1    4   25    1    3    2    2   95    3    1      2369   15   -1  -10   16   10   -4   -8   19   -5  -13   -4   -5  -14   19   -2  -11   10    7
    1    4   26    1    1    8    2   51    1    1      3198   15    4  -12   16   14   -1   -7    7  -19    6   -6    2    0    3  -10  -11   11   10
    1    4   27    1    1    3    2   13    1    1       683   13    4   -6   19   15   -1   -9    9  -10    3   -4    4   -6    7   -6  -11   14   10
    1    5    1    1    2    8    2   40    1    0      2619   11   11   -2   11   12   -1  -15   20  -13   -7   -3    3  -16   10  -10   -6    9    4
    1    5    2    1    1    8    2   51    1    1      1936   15    4  -12   16   14   -1   -7    7  -19    6   -6    2    0    3  -10  -11   11   10
    1    5    3    1    2    6    2   77    2    1      1359   11   13   -5   13   21    1  -14   19  -11   -4    1    3   -4    6   -7   -9    5    4
    1    5    4    1    3    7    2   64    2    0      1061   14   -2   -2   12    8   -7   -9    9   -9  -10   -2   -1  -12   18   -5   -8   16    8
    1    5    5    1    3    3    2   65    3    1      3976   14   -3    0   22    8   -3   -8    8   -8  -13    3    1  -14   19    1  -16   14    4
    1    5    6    1    2    2    2   16    2    1      2212   12   13   -1   11   12   -5  -15   24  -11   -7   -2    3  -15    9   -7   -9   10    4
    1    5    7    1    2    7    2   14    2    1      4599   10    9   -3    6   14   -1  -12   19  -14  -10   -9    6  -13   10   -7   -9   10    2
    1    5    8    1    1    2    2   90    1    1       651   15    2   -9   22   15   -2   -8   12   -9   -2   -4    3   -3    6   -6   -8   12   11
    1    5    9    1    3    1    2   80    3    1      1487   13    8   -7   19    4   -3  -11    9   -3   -3   -5    2  -12   18   -2  -13   12    6
    1    5   10    1    1    9    2   97    1    1      1201   12    3   -6   20   11    7  -11   14   -9    0   -5    6   -5    9   -7   -9   15   11
    1    5   11    1    3    6    2   89    2    0      1710   14   -3  -14   14    9   -5   -2   12   -4  -10  -13   -1  -11   20    5   -9   13    5
    1    5   12    1    3    2    2   95    3    1      2213   15   -1  -10   16   10   -4   -8   19   -5  -13   -4   -5  -14   19   -2  -11   10    7
    1    5   13    1    1    1    2   82    1    1       759   11    3   -5   19   16   -3   -9    9  -13    6  -12   -1  -11   17   -6   -8   14   11
    1    5   14    1    3    5    2   82    3    1      1846   17   -2  -14   17    8   -5  -10   10   -5  -15   -2   -1  -11   20   -2  -11   13    6
    1    5   15    1    2    4    2   93    2    1       986   10   14   -4   11   14   -1  -12   22  -10   -8    0    2  -13   11   -9   -3   21    2
    1    5   16    1    3    8    2   71    3    1      1533   14   -2   -7   19    6   -6  -11    9   -8  -15   -3    1  -11   18   -2  -13   12    6
    1    5   17    1    1    3    2   13    1    1       604   13    4   -6   19   15   -1   -9    9  -10    3   -4    4   -6    7   -6  -11   14   10
    1    5   18    1    2    1    2   97    2    1      1344   10   14    0   13   18    2  -13   21  -14   -6    0    3  -16   11  -11   -9   10    2
    1    5   19    1    3    4    2    4    3    1      1925   17    2   -4   16   16  -10  -11   10  -12  -12   -5    1   -9   22   -1  -11   12    4
    1    5   20    1    1    7    2   27    1    1      1044   12    4   -5   16   13   -2  -15   11  -12    1   -4    4   -6    8   -8  -10   14    8
    1    5   21    1    1    5    2   61    1    1      1765   12    3   -5   17   13   -1   -6   20  -12   -1    0    7   -4    8   -5   -1   14    9
    1    5   22    1    1    4    2   89    1    1      1163   13    2   -4   18   17   -4   -9   12  -10   -3   -4    4   -4    9   -7   -8   11   10
    1    5   23    1    1    6    2   10    1    1      1146   17    7   -6   20   16   -4   -8   11   -6    4   -4    9  -10    8  -14   -9    8    7
    1    5   24    1    2    3    2   96    1    0      5657   12   10    6    6   17    1  -11   20  -12   -7    1    1  -15   11  -10    3    9    3
    1    5   25    1    2    9    2   85    3    0      1875    5    9   -2   13    9   -6  -13   18  -11   -7   -1    1  -13   12   -8   -8   10    2
    1    5   26    1    3    9    2   69    2    0      1094   17   -2   -6   19    9   -3   -3   12   -4  -13   -7   -5  -18   20   -2  -14    9   10
    1    5   27    1    2    5    2   47    2    1      1719   12   12    1   10   15   -3  -12   20  -12   -8   -3    1  -18   12  -10  -10   10    4
    1    6    1    1    2    8    2   40    2    1       767   11   11   -2   11   12   -1  -15   20  -13   -7   -3    3  -16   10  -10   -6    9    4
    1    6    2    1    2    6    2   77    2    1      2093   11   13   -5   13   21    1  -14   19  -11   -4    1    3   -4    6   -7   -9    5    4
    1    6    3    1    2    4    2   93    2    1      1125   10   14   -4   11   14   -1  -12   22  -10   -8    0    2  -13   11   -9   -3   21    2
    1    6    4    1    3    4    2    4    3    1      1045   17    2   -4   16   16  -10  -11   10  -12  -12   -5    1   -9   22   -1  -11   12    4
    1    6    5    1    1    6    2   10    2    0       839   17    7   -6   20   16   -4   -8   11   -6    4   -4    9  -10    8  -14   -9    8    7
    1    6    6    1    3    1    2   80    3    1      3233   13    8   -7   19    4   -3  -11    9   -3   -3   -5    2  -12   18   -2  -13   12    6
    1    6    7    1    2    5    2   47    2    1       861   12   12    1   10   15   -3  -12   20  -12   -8   -3    1  -18   12  -10  -10   10    4
    1    6    8    1    3    9    2   69    3    1      1592   17   -2   -6   19    9   -3   -3   12   -4  -13   -7   -5  -18   20   -2  -14    9   10
    1    6    9    1    1    5    2   61    1    1      1059   12    3   -5   17   13   -1   -6   20  -12   -1    0    7   -4    8   -5   -1   14    9
    1    6   10    1    2    9    2   85    3    0      3318    5    9   -2   13    9   -6  -13   18  -11   -7   -1    1  -13   12   -8   -8   10    2
    1    6   11    1    3    7    2   64    3    1      1372   14   -2   -2   12    8   -7   -9    9   -9  -10   -2   -1  -12   18   -5   -8   16    8
    1    6   12    1    3    8    2   71    3    1       850   14   -2   -7   19    6   -6  -11    9   -8  -15   -3    1  -11   18   -2  -13   12    6
    1    6   13    1    3    2    2   95    3    1      1420   15   -1  -10   16   10   -4   -8   19   -5  -13   -4   -5  -14   19   -2  -11   10    7
    1    6   14    1    1    2    2   90    2    0       750   15    2   -9   22   15   -2   -8   12   -9   -2   -4    3   -3    6   -6   -8   12   11
    1    6   15    1    1    1    2   82    1    1       670   11    3   -5   19   16   -3   -9    9  -13    6  -12   -1  -11   17   -6   -8   14   11
    1    6   16    1    2    7    2   14    1    0      2673   10    9   -3    6   14   -1  -12   19  -14  -10   -9    6  -13   10   -7   -9   10    2
    1    6   17    1    3    3    2   65    3    1      1154   14   -3    0   22    8   -3   -8    8   -8  -13    3    1  -14   19    1  -16   14    4
    1    6   18    1    1    7    2   27    1    1      2816   12    4   -5   16   13   -2  -15   11  -12    1   -4    4   -6    8   -8  -10   14    8
    1    6   19    1    3    6    2   89    2    0      5133   14   -3  -14   14    9   -5   -2   12   -4  -10  -13   -1  -11   20    5   -9   13    5
    1    6   20    1    1    8    2   51    2    0      7741   15    4  -12   16   14   -1   -7    7  -19    6   -6    2    0    3  -10  -11   11   10
    1    6   21    1    2    1    2   97    2    1       821   10   14    0   13   18    2  -13   21  -14   -6    0    3  -16   11  -11   -9   10    2
    1    6   22    1    1    9    2   97    1    1       866   12    3   -6   20   11    7  -11   14   -9    0   -5    6   -5    9   -7   -9   15   11
    1    6   23    1    1    3    2   13    1    1      1181   13    4   -6   19   15   -1   -9    9  -10    3   -4    4   -6    7   -6  -11   14   10
    1    6   24    1    2    3    2   96    2    1      2316   12   10    6    6   17    1  -11   20  -12   -7    1    1  -15   11  -10    3    9    3
    1    6   25    1    1    4    2   89    1    1       844   13    2   -4   18   17   -4   -9   12  -10   -3   -4    4   -4    9   -7   -8   11   10
    1    6   26    1    3    5    2   82    3    1       788   17   -2  -14   17    8   -5  -10   10   -5  -15   -2   -1  -11   20   -2  -11   13    6
    1    6   27    1    2    2    2   16    2    1      1921   12   13   -1   11   12   -5  -15   24  -11   -7   -2    3  -15    9   -7   -9   10    4
    1    7    1    1    3    6    2   89    3    1       975   14   -3  -14   14    9   -5   -2   12   -4  -10  -13   -1  -11   20    5   -9   13    5
    1    7    2    1    1    2    2   90    1    1       661   15    2   -9   22   15   -2   -8   12   -9   -2   -4    3   -3    6   -6   -8   12   11
    1    7    3    1    2    7    2   14    2    1       952   10    9   -3    6   14   -1  -12   19  -14  -10   -9    6  -13   10   -7   -9   10    2
    1    7    4    1    2    2    2   16    2    1      1359   12   13   -1   11   12   -5  -15   24  -11   -7   -2    3  -15    9   -7   -9   10    4
    1    7    5    1    3    4    2    4    3    1       741   17    2   -4   16   16  -10  -11   10  -12  -12   -5    1   -9   22   -1  -11   12    4
    1    7    6    1    1    4    2   89    1    1       611   13    2   -4   18   17   -4   -9   12  -10   -3   -4    4   -4    9   -7   -8   11   10
    1    7    7    1    3    1    2   80    3    1      1144   13    8   -7   19    4   -3  -11    9   -3   -3   -5    2  -12   18   -2  -13   12    6
    1    7    8    1    2    4    2   93    2    1       887   10   14   -4   11   14   -1  -12   22  -10   -8    0    2  -13   11   -9   -3   21    2
    1    7    9    1    1    6    2   10    1    1      1105   17    7   -6   20   16   -4   -8   11   -6    4   -4    9  -10    8  -14   -9    8    7
    1    7   10    1    1    1    2   82    1    1       753   11    3   -5   19   16   -3   -9    9  -13    6  -12   -1  -11   17   -6   -8   14   11
    1    7   11    1    3    8    2   71    3    1       800   14   -2   -7   19    6   -6  -11    9   -8  -15   -3    1  -11   18   -2  -13   12    6
    1    7   12    1    3    5    2   82    3    1       764   17   -2  -14   17    8   -5  -10   10   -5  -15   -2   -1  -11   20   -2  -11   13    6
    1    7   13    1    2    1    2   97    2    1      1483   10   14    0   13   18    2  -13   21  -14   -6    0    3  -16   11  -11   -9   10    2
    1    7   14    1    3    2    2   95    3    1      2316   15   -1  -10   16   10   -4   -8   19   -5  -13   -4   -5  -14   19   -2  -11   10    7
    1    7   15    1    2    6    2   77    2    1       891   11   13   -5   13   21    1  -14   19  -11   -4    1    3   -4    6   -7   -9    5    4
    1    7   16    1    3    3    2   65    3    1       820   14   -3    0   22    8   -3   -8    8   -8  -13    3    1  -14   19    1  -16   14    4
    1    7   17    1    1    3    2   13    1    1       656   13    4   -6   19   15   -1   -9    9  -10    3   -4    4   -6    7   -6  -11   14   10
    1    7   18    1    3    7    2   64    3    1       788   14   -2   -2   12    8   -7   -9    9   -9  -10   -2   -1  -12   18   -5   -8   16    8
    1    7   19    1    2    5    2   47    2    1      1216   12   12    1   10   15   -3  -12   20  -12   -8   -3    1  -18   12  -10  -10   10    4
    1    7   20    1    2    8    2   40    2    1       780   11   11   -2   11   12   -1  -15   20  -13   -7   -3    3  -16   10  -10   -6    9    4
    1    7   21    1    3    9    2   69    3    1      1434   17   -2   -6   19    9   -3   -3   12   -4  -13   -7   -5  -18   20   -2  -14    9   10
    1    7   22    1    1    5    2   61    2    0      1452   12    3   -5   17   13   -1   -6   20  -12   -1    0    7   -4    8   -5   -1   14    9
    1    7   23    1    2    3    2   96    2    1       638   12   10    6    6   17    1  -11   20  -12   -7    1    1  -15   11  -10    3    9    3
    1    7   24    1    1    9    2   97    1    1       625   12    3   -6   20   11    7  -11   14   -9    0   -5    6   -5    9   -7   -9   15   11
    1    7   25    1    1    8    2   51    2    0      1446   15    4  -12   16   14   -1   -7    7  -19    6   -6    2    0    3  -10  -11   11   10
    1    7   26    1    1    7    2   27    1    1      1257   12    4   -5   16   13   -2  -15   11  -12    1   -4    4   -6    8   -8  -10   14    8
    1    7   27    1    2    9    2   85    3    0       644    5    9   -2   13    9   -6  -13   18  -11   -7   -1    1  -13   12   -8   -8   10    2
    1    8    1    1    3    9    2   69    3    1      2743   17   -2   -6   19    9   -3   -3   12   -4  -13   -7   -5  -18   20   -2  -14    9   10
    1    8    2    1    3    4    2    4    3    1      2166   17    2   -4   16   16  -10  -11   10  -12  -12   -5    1   -9   22   -1  -11   12    4
    1    8    3    1    1    8    2   51    1    1      1454   15    4  -12   16   14   -1   -7    7  -19    6   -6    2    0    3  -10  -11   11   10
    1    8    4    1    1    3    2   13    1    1      1022   13    4   -6   19   15   -1   -9    9  -10    3   -4    4   -6    7   -6  -11   14   10
    1    8    5    1    2    1    2   97    2    1      1042   10   14    0   13   18    2  -13   21  -14   -6    0    3  -16   11  -11   -9   10    2
    1    8    6    1    2    3    2   96    2    1      1556   12   10    6    6   17    1  -11   20  -12   -7    1    1  -15   11  -10    3    9    3
    1    8    7    1    2    8    2   40    2    1      2498   11   11   -2   11   12   -1  -15   20  -13   -7   -3    3  -16   10  -10   -6    9    4
    1    8    8    1    1    1    2   82    1    1       844   11    3   -5   19   16   -3   -9    9  -13    6  -12   -1  -11   17   -6   -8   14   11
    1    8    9    1    3    6    2   89    3    1      4919   14   -3  -14   14    9   -5   -2   12   -4  -10  -13   -1  -11   20    5   -9   13    5
    1    8   10    1    3    1    2   80    3    1       912   13    8   -7   19    4   -3  -11    9   -3   -3   -5    2  -12   18   -2  -13   12    6
    1    8   11    1    1    5    2   61    1    1      1448   12    3   -5   17   13   -1   -6   20  -12   -1    0    7   -4    8   -5   -1   14    9
    1    8   12    1    3    8    2   71    3    1       987   14   -2   -7   19    6   -6  -11    9   -8  -15   -3    1  -11   18   -2  -13   12    6
    1    8   13    1    2    2    2   16    2    1      4321   12   13   -1   11   12   -5  -15   24  -11   -7   -2    3  -15    9   -7   -9   10    4
    1    8   14    1    3    5    2   82    3    1       610   17   -2  -14   17    8   -5  -10   10   -5  -15   -2   -1  -11   20   -2  -11   13    6
    1    8   15    1    1    9    2   97    1    1       598   12    3   -6   20   11    7  -11   14   -9    0   -5    6   -5    9   -7   -9   15   11
    1    8   16    1    2    4    2   93    3    0      1307   10   14   -4   11   14   -1  -12   22  -10   -8    0    2  -13   11   -9   -3   21    2
    1    8   17    1    1    6    2   10    1    1      1042   17    7   -6   20   16   -4   -8   11   -6    4   -4    9  -10    8  -14   -9    8    7
    1    8   18    1    3    2    2   95    3    1      1158   15   -1  -10   16   10   -4   -8   19   -5  -13   -4   -5  -14   19   -2  -11   10    7
    1    8   19    1    2    9    2   85    3    0      3683    5    9   -2   13    9   -6  -13   18  -11   -7   -1    1  -13   12   -8   -8   10    2
    1    8   20    1    2    7    2   14    2    1      2061   10    9   -3    6   14   -1  -12   19  -14  -10   -9    6  -13   10   -7   -9   10    2
    1    8   21    1    1    2    2   90    1    1       662   15    2   -9   22   15   -2   -8   12   -9   -2   -4    3   -3    6   -6   -8   12   11
    1    8   22    1    2    6    2   77    2    1      1160   11   13   -5   13   21    1  -14   19  -11   -4    1    3   -4    6   -7   -9    5    4
    1    8   23    1    1    7    2   27    1    1       822   12    4   -5   16   13   -2  -15   11  -12    1   -4    4   -6    8   -8  -10   14    8
    1    8   24    1    1    4    2   89    1    1       610   13    2   -4   18   17   -4   -9   12  -10   -3   -4    4   -4    9   -7   -8   11   10
    1    8   25    1    3    3    2   65    3    1       887   14   -3    0   22    8   -3   -8    8   -8  -13    3    1  -14   19    1  -16   14    4
    1    8   26    1    2    5    2   47    2    1       992   12   12    1   10   15   -3  -12   20  -12   -8   -3    1  -18   12  -10  -10   10    4
    1    8   27    1    3    7    2   64    3    1      1031   14   -2   -2   12    8   -7   -9    9   -9  -10   -2   -1  -12   18   -5   -8   16    8
    1    9    1    1    1    8    2   51    2    0       747   15    4  -12   16   14   -1   -7    7  -19    6   -6    2    0    3  -10  -11   11   10
    1    9    2    1    1    1    2   82    1    1       730   11    3   -5   19   16   -3   -9    9  -13    6  -12   -1  -11   17   -6   -8   14   11
    1    9    3    1    2    6    2   77    2    1       634   11   13   -5   13   21    1  -14   19  -11   -4    1    3   -4    6   -7   -9    5    4
    1    9    4    1    1    9    2   97    1    1       623   12    3   -6   20   11    7  -11   14   -9    0   -5    6   -5    9   -7   -9   15   11
    1    9    5    1    2    4    2   93    3    0      1044   10   14   -4   11   14   -1  -12   22  -10   -8    0    2  -13   11   -9   -3   21    2
    1    9    6    1    3    8    2   71    3    1       887   14   -2   -7   19    6   -6  -11    9   -8  -15   -3    1  -11   18   -2  -13   12    6
    1    9    7    1    3    2    2   95    3    1       831   15   -1  -10   16   10   -4   -8   19   -5  -13   -4   -5  -14   19   -2  -11   10    7
    1    9    8    1    3    6    2   89    3    1       619   14   -3  -14   14    9   -5   -2   12   -4  -10  -13   -1  -11   20    5   -9   13    5
    1    9    9    1    3    1    2   80    3    1       637   13    8   -7   19    4   -3  -11    9   -3   -3   -5    2  -12   18   -2  -13   12    6
    1    9   10    1    3    7    2   64    3    1       641   14   -2   -2   12    8   -7   -9    9   -9  -10   -2   -1  -12   18   -5   -8   16    8
    1    9   11    1    3    9    2   69    2    0      1989   17   -2   -6   19    9   -3   -3   12   -4  -13   -7   -5  -18   20   -2  -14    9   10
    1    9   12    1    2    2    2   16    2    1       656   12   13   -1   11   12   -5  -15   24  -11   -7   -2    3  -15    9   -7   -9   10    4
    1    9   13    1    2    9    2   85    2    1      1362    5    9   -2   13    9   -6  -13   18  -11   -7   -1    1  -13   12   -8   -8   10    2
    1    9   14    1    2    1    2   97    2    1      1048   10   14    0   13   18    2  -13   21  -14   -6    0    3  -16   11  -11   -9   10    2
    1    9   15    1    1    5    2   61    1    1      1499   12    3   -5   17   13   -1   -6   20  -12   -1    0    7   -4    8   -5   -1   14    9
    1    9   16    1    2    5    2   47    2    1       859   12   12    1   10   15   -3  -12   20  -12   -8   -3    1  -18   12  -10  -10   10    4
    1    9   17    1    3    4    2    4    2    0      1591   17    2   -4   16   16  -10  -11   10  -12  -12   -5    1   -9   22   -1  -11   12    4
    1    9   18    1    3    5    2   82    3    1       563   17   -2  -14   17    8   -5  -10   10   -5  -15   -2   -1  -11   20   -2  -11   13    6
    1    9   19    1    1    7    2   27    1    1       873   12    4   -5   16   13   -2  -15   11  -12    1   -4    4   -6    8   -8  -10   14    8
    1    9   20    1    2    3    2   96    2    1      1522   12   10    6    6   17    1  -11   20  -12   -7    1    1  -15   11  -10    3    9    3
    1    9   21    1    2    8    2   40    2    1       770   11   11   -2   11   12   -1  -15   20  -13   -7   -3    3  -16   10  -10   -6    9    4
    1    9   22    1    1    2    2   90    1    1       640   15    2   -9   22   15   -2   -8   12   -9   -2   -4    3   -3    6   -6   -8   12   11
    1    9   23    1    1    4    2   89    1    1       660   13    2   -4   18   17   -4   -9   12  -10   -3   -4    4   -4    9   -7   -8   11   10
    1    9   24    1    1    6    2   10    1    1      1448   17    7   -6   20   16   -4   -8   11   -6    4   -4    9  -10    8  -14   -9    8    7
    1    9   25    1    2    7    2   14    1    0      1082   10    9   -3    6   14   -1  -12   19  -14  -10   -9    6  -13   10   -7   -9   10    2
    1    9   26    1    3    3    2   65    3    1       779   14   -3    0   22    8   -3   -8    8   -8  -13    3    1  -14   19    1  -16   14    4
    1    9   27    1    1    3    2   13    1    1       729   13    4   -6   19   15   -1   -9    9  -10    3   -4    4   -6    7   -6  -11   14   10
    1   10    1    1    3    8    2   71    3    1       744   14   -2   -7   19    6   -6  -11    9   -8  -15   -3    1  -11   18   -2  -13   12    6
    1   10    2    1    1    6    2   10    2    0      2054   17    7   -6   20   16   -4   -8   11   -6    4   -4    9  -10    8  -14   -9    8    7
    1   10    3    1    2    8    2   40    2    1       943   11   11   -2   11   12   -1  -15   20  -13   -7   -3    3  -16   10  -10   -6    9    4
    1   10    4    1    1    9    2   97    1    1       647   12    3   -6   20   11    7  -11   14   -9    0   -5    6   -5    9   -7   -9   15   11
    1   10    5    1    2    6    2   77    3    0       793   11   13   -5   13   21    1  -14   19  -11   -4    1    3   -4    6   -7   -9    5    4
    1   10    6    1    2    7    2   14    1    0      2789   10    9   -3    6   14   -1  -12   19  -14  -10   -9    6  -13   10   -7   -9   10    2
    1   10    7    1    2    9    2   85    2    1      2080    5    9   -2   13    9   -6  -13   18  -11   -7   -1    1  -13   12   -8   -8   10    2
    1   10    8    1    1    8    2   51    2    0      2378   15    4  -12   16   14   -1   -7    7  -19    6   -6    2    0    3  -10  -11   11   10
    1   10    9    1    3    3    2   65    3    1       647   14   -3    0   22    8   -3   -8    8   -8  -13    3    1  -14   19    1  -16   14    4
    1   10   10    1    1    5    2   61    1    1      1098   12    3   -5   17   13   -1   -6   20  -12   -1    0    7   -4    8   -5   -1   14    9
    1   10   11    1    3    6    2   89    3    1      1867   14   -3  -14   14    9   -5   -2   12   -4  -10  -13   -1  -11   20    5   -9   13    5
    1   10   12    1    3    7    2   64    3    1      1275   14   -2   -2   12    8   -7   -9    9   -9  -10   -2   -1  -12   18   -5   -8   16    8
    1   10   13    1    1    7    2   27    1    1       692   12    4   -5   16   13   -2  -15   11  -12    1   -4    4   -6    8   -8  -10   14    8
    1   10   14    1    3    2    2   95    3    1      1122   15   -1  -10   16   10   -4   -8   19   -5  -13   -4   -5  -14   19   -2  -11   10    7
    1   10   15    1    2    1    2   97    2    1       848   10   14    0   13   18    2  -13   21  -14   -6    0    3  -16   11  -11   -9   10    2
    1   10   16    1    2    3    2   96    2    1      1497   12   10    6    6   17    1  -11   20  -12   -7    1    1  -15   11  -10    3    9    3
    1   10   17    1    3    9    2   69    3    1      1737   17   -2   -6   19    9   -3   -3   12   -4  -13   -7   -5  -18   20   -2  -14    9   10
    1   10   18    1    2    4    2   93    2    1      1487   10   14   -4   11   14   -1  -12   22  -10   -8    0    2  -13   11   -9   -3   21    2
    1   10   19    1    3    4    2    4    3    1      1133   17    2   -4   16   16  -10  -11   10  -12  -12   -5    1   -9   22   -1  -11   12    4
    1   10   20    1    1    2    2   90    1    1       939   15    2   -9   22   15   -2   -8   12   -9   -2   -4    3   -3    6   -6   -8   12   11
    1   10   21    1    2    5    2   47    2    1       802   12   12    1   10   15   -3  -12   20  -12   -8   -3    1  -18   12  -10  -10   10    4
    1   10   22    1    3    5    2   82    3    1       653   17   -2  -14   17    8   -5  -10   10   -5  -15   -2   -1  -11   20   -2  -11   13    6
    1   10   23    1    1    4    2   89    1    1      3166   13    2   -4   18   17   -4   -9   12  -10   -3   -4    4   -4    9   -7   -8   11   10
    1   10   24    1    1    1    2   82    1    1      1819   11    3   -5   19   16   -3   -9    9  -13    6  -12   -1  -11   17   -6   -8   14   11
    1   10   25    1    3    1    2   80    3    1      1295   13    8   -7   19    4   -3  -11    9   -3   -3   -5    2  -12   18   -2  -13   12    6
    1   10   26    1    2    2    2   16    2    1      2681   12   13   -1   11   12   -5  -15   24  -11   -7   -2    3  -15    9   -7   -9   10    4
    1   10   27    1    1    3    2   13    1    1       664   13    4   -6   19   15   -1   -9    9  -10    3   -4    4   -6    7   -6  -11   14   10
    2    1    1    5    3    5    3  119    3    1      1116   17   -4   -6   21    8   -5   -4   15   -2  -17    0    2  -11   16   -3  -11   14    2
    2    1    2    3    1    3    1  117    1    1       667   13    3   -6   18   14   -2  -10    9  -12    0   -5    4   -5    8   -6   -9   13    9
    2    1    3    4    3    6    2  116    3    1       797   15   -3   -4   19    5  -14  -13   11   -4  -15    0    4  -12   19   -2   -7   13    3
    2    1    4    6    1    0    3  126    2    0       922   20    5   -3   19   15    0   -9    3   -9    0   -7    4   -4    7    3  -12    7    0
    2    1    5    1    3    9    2   69    3    1      1234   17   -2   -6   19    9   -3   -3   12   -4  -13   -7   -5  -18   20   -2  -14    9   10
    2    1    6    6    3    0    3  110    3    1      3358   17   -2    3   22    9   -3  -14   14   -8   -4   -4    1  -14   20  -13  -15    7   12
    2    1    7    1    1    7    2   27    2    0       741   12    4   -5   16   13   -2  -15   11  -12    1   -4    4   -6    8   -8  -10   14    8
    2    1    8    1    1    4    2   89    1    1       661   13    2   -4   18   17   -4   -9   12  -10   -3   -4    4   -4    9   -7   -8   11   10
    2    1    9    4    3    3    2  128    3    1       855   14   -4   -4   19   13  -10  -16    7   -8  -13   -2   -1  -12   19    2  -11   11    7
    2    1   10    1    3    6    2   89    3    1      2898   14   -3  -14   14    9   -5   -2   12   -4  -10  -13   -1  -11   20    5   -9   13    5
    2    1   11    1    2    5    2   47    2    1       859   12   12    1   10   15   -3  -12   20  -12   -8   -3    1  -18   12  -10  -10   10    4
    2    1   12    4    2    4    2  148    2    1      2006    7    8    1   11   11   -3  -17   21  -13   -5    6   10  -12   10   -9   -8   12    4
    2    1   13    1    3    7    2   64    3    1      1012   14   -2   -2   12    8   -7   -9    9   -9  -10   -2   -1  -12   18   -5   -8   16    8
    2    1   14    2    3    0    0    0    3    1       921   15   -2   -5   20    9   -4  -10    9   -7  -13   -3    0  -13   19   -3  -12   12    5
    2    1   15    5    1    2    3  150    2    0      3025   10   -4   -6    9   14   -1  -11   11   -6   -3   -3    3   -5   13   -5   -7   17   14
    2    1   16    4    1    3    2  194    1    1       578   14    2   -4   17   14   -3  -11   10  -11    0   -3    9   -5    7   -4   -8   14    9
    2    1   17    1    1    6    2   10    2    0      5416   17    7   -6   20   16   -4   -8   11   -6    4   -4    9  -10    8  -14   -9    8    7
    2    1   18    5    1    9    3  147    2    0      2424    9   10   -5   19   16   -1  -17   19   -3    1   -6    4   -6    8  -16   -7   13   11
    2    1   19    1    3    3    2   65    3    1       642   14   -3    0   22    8   -3   -8    8   -8  -13    3    1  -14   19    1  -16   14    4
    2    1   20    4    1    1    2  170    2    0      2053   21   -3   -1   21   13   -4  -12    8  -18    4  -10    6   -4   10   -4   -8   13    8
    2    1   21    5    3    9    3  133    3    1       751    7   -5   -7   18    9    4   -9    8   -8  -11    0   -5  -13   20   -4  -12   17   11
    2    1   22    5    3    8    3  145    1    0      1469   13   -3    5   19   15  -10  -12   10   -8   -3   -8    3  -12   18   -1  -10   13    4
    2    1   23    5    1    4    3  134    1    1       781   20    0  -10   11   14   -4  -10    5  -12   -2   -9    9    4   18   -7   -8   13   10
    2    1   24    5    1    5    3  157    2    0       764    7    2   -4   17   13   -3   -6   14  -19    0   -6    5   -9   14  -11  -14   20    7
    2    1   25    5    2    9    3  124    3    0       938   11   13   -1   12   17   -1   -9   23   -2  -11    3   -1   -5   13   -9   -6   10    5
    2    1   26    5    2    8    3  179    2    1       656   13   10   -2    9   12   -1  -14   22  -12   -4    6    8  -15   11  -10   -6   10    3
    2    1   27    1    2    6    2   77    2    1      1859   11   13   -5   13   21    1  -14   19  -11   -4    1    3   -4    6   -7   -9    5    4
    2    1   28    1    2    4    2   93    2    1      1715   10   14   -4   11   14   -1  -12   22  -10   -8    0    2  -13   11   -9   -3   21    2
    2    1   29    5    3    4    3  134    3    1      1082   23    2   -5   19    2   -1  -12    9   -5  -15   -5    4  -17   14   -4  -11   11    5
    2    1   30    5    2    3    3  195    3    0       714   13    9   -2   12   15   -1   -6   20  -13  -11    0    3  -17   18  -12   -8    9    3
    2    1   31    5    1    1    3  112    2    0       682   15   -7   -7   19   14   -3  -12   11  -19    0   -5    6    3    6  -14    1   14   11
    2    1   32    5    1    8    3  124    2    0      1435    8   11    1   21   13   -1   -9    6   -8   -6   -5    3   -4   12    1   -3   23    4
    2    1   33    4    3    1    2  171    3    1      1069   17    0  -15   24   11   -6   -8    8   -2  -16   -4    1  -12   17   -5  -13   12    6
    2    1   34    1    1    2    2   90    1    1       798   15    2   -9   22   15   -2   -8   12   -9   -2   -4    3   -3    6   -6   -8   12   11
    2    1   35    4    1    5    2  143    2    0       907   14    3   -6   18   16    0  -10    9  -21   -6    2   -3   -5    7   -3  -12   12    8
    2    1   36    5    2    7    3  125    1    0       996    6   13   -1   11   14   -2  -19   15  -17   -3   -2    5  -16   13  -17    2    3   12
    2    1   37    4    1    4    2  104    2    0      1543   14    5   -2   21   14   -3   -9   12  -21    1   -6    3   -4    7   -8   -8   13   10
    2    1   38    1    3    2    2   95    3    1       695   15   -1  -10   16   10   -4   -8   19   -5  -13   -4   -5  -14   19   -2  -11   10    7
    2    1   39    1    1    8    2   51    2    0       759   15    4  -12   16   14   -1   -7    7  -19    6   -6    2    0    3  -10  -11   11   10
    2    1   40    5    3    7    3  158    2    0       999   19    0   -7   22   12   -4   -9    9   -5  -11   -2    2  -13    9   -8   -7   14    6
    2    1   41    3    3    3    1  181    3    1       635   16   -2   -5   19   10   -5  -10    9   -7  -13   -3   -1  -13   20    4  -12   12    5
    2    1   42    5    1    6    3  122    2    0      1661   12    3   -3   12   13   -3  -10    9   -9    0   -4    5    0   15   -1    0   12   10
    2    1   43    1    2    3    2   96    2    1       696   12   10    6    6   17    1  -11   20  -12   -7    1    1  -15   11  -10    3    9    3
    2    1   44    4    2    6    2  162    2    1       633   18    5    0   12    9   -2  -12   20  -19   -6   -1    4  -15   10   -9   -6   10    5
    2    1   45    5    3    1    3  182    3    1       637   14   -2  -11   20    9   -6  -16    7   -7  -22   -8    2  -10   13    4   -3    4    0
    2    1   46    1    1    1    2   82    1    1       704   11    3   -5   19   16   -3   -9    9  -13    6  -12   -1  -11   17   -6   -8   14   11
    2    1   47    3    3    2    1  110    2    0       626   15   -2   -4   19    8   -4  -10    9   -8  -13   -3    0  -13   19   -2  -13   11    5
    2    1   48    4    1    6    2  137    1    1      1111   13    1   -3   18   15    0   -9    9  -12   -3  -15   -1   -4   10   -5  -11   13    8
    2    1   49    1    3    1    2   80    3    1       744   13    8   -7   19    4   -3  -11    9   -3   -3   -5    2  -12   18   -2  -13   12    6
    2    1   50    3    3    1    1  105    3    1       727   14   -1   -4   21    9   -3  -10    8   -7  -13    2   -3  -13   19   -1  -14   12    5
    2    1   51    3    1    1    1  140    1    1       678   13    4   -5   18   14   -1  -10   10  -11   -1   -5    3   -6    7   -6  -10   13   10
    2    1   52    5    3    3    3  192    3    1      1097   19   -8   -5   19    9   -3   -9    9   -4  -16   -4    0   -7   12    1  -15   12    3
    2    1   53    5    2    2    3  189    2    1      3210   12   12   -1   12   16    0   -6   20  -10   -2    0    2  -15   16  -10   -6   17   -2
    2    1   54    1    2    1    2   97    2    1       820   10   14    0   13   18    2  -13   21  -14   -6    0    3  -16   11  -11   -9   10    2
    2    1   55    5    2    1    3  170    2    1       815   10   11   -9    6   18    6  -14   21  -13   -6    4   10  -18   12  -13   -9    2    7
    2    1   56    5    2    6    3  115    2    1      1579   13   19   -1   10   13   -6  -12   21  -13   -4   -3   -6  -16   14  -18    0   14    1
    2    1   57    4    3    5    2  163    3    1       681   16   -2   -4   22   10   -3  -11    7   -6  -12   -3   -3  -13   20   -3  -17   14    5
    2    1   58    3    2    2    1  104    3    0      2810   11   14   -1   12   12   -2   -3   22  -12   -5   -5   -6  -14   11   -9   -7   12    5
    2    1   59    6    2    0    3  129    2    1      1988   10   12    0   10   13   -4   -6   13   -5    4    0    4  -10    8   -4  -12    4    8
    2    1   60    1    2    7    2   14    2    1      1503   10    9   -3    6   14   -1  -12   19  -14  -10   -9    6  -13   10   -7   -9   10    2
    2    1   61    4    3    2    2  175    3    1       654   15   -3   -4   22    8   -3   -9    8   -7  -14  -10    0  -11   17    1  -10   11    6
    2    1   62    5    3    6    3  124    3    1      1294   17   -1   -6   19    9   -5  -11    2   -6  -11  -11   -8  -12   17   -3  -13   11    4
    2    1   63    4    3    4    2  166    3    1      3638   11    7   -6   19    8   -6  -11   10   -5  -11   -3   -2  -22   20   -4  -13   19    0
    2    1   64    1    1    9    2   97    1    1       752   12    3   -6   20   11    7  -11   14   -9    0   -5    6   -5    9   -7   -9   15   11
    2    1   65    5    3    2    3  125    3    1      1967   16   -3   -4   20   13   -9   -6    5   -3   -8   -4   -2  -11   20   -4  -14   11    7
    2    1   66    4    2    2    2  179    2    1       972   11   18    0    9   11   -3  -11   15  -12   -8   -2    3  -14   12  -10   -7    9    4
    2    1   67    4    2    3    2  119    2    1      1330    5    7   -2   12   13    0  -14   21  -14   -4   -4    3  -23    3   -9   -6   15    2
    2    1   68    2    2    0    0    0    2    1       921   10   13    0   11   13   -1  -13   20  -12   -6   -1    3  -14   11   -9   -7   11    4
    2    1   69    4    2    5    2  143    2    1      1089   12   14   -1   12   13    0  -12   19  -13   -6    0    2  -17   15   -7   -5   10   -5
    2    1   70    5    2    4    3  154    3    0      1219   11   15   -2   15   12   -1   -8   23  -10    4   -2    4  -19   16   -2  -17   11    3
    2    1   71    3    2    1    1  171    2    1      1324   11   13    0   11   13   -2  -12   20  -10  -10   -1    2  -14   12   -8   -7   11    4
    2    1   72    1    2    2    2   16    2    1       659   12   13   -1   11   12   -5  -15   24  -11   -7   -2    3  -15    9   -7   -9   10    4
    2    1   73    5    1    3    3  195    2    0      2758   18    4   -7   18   21   -5   -9   12  -16  -11   -6   12   -5    9   -5  -10   14   10
    2    1   74    1    2    9    2   85    3    0      1332    5    9   -2   13    9   -6  -13   18  -11   -7   -1    1  -13   12   -8   -8   10    2
    2    1   75    1    2    8    2   40    2    1       650   11   11   -2   11   12   -1  -15   20  -13   -7   -3    3  -16   10  -10   -6    9    4
    2    1   76    4    1    2    2  132    1    1       573   11    8   -6   19   12   -2  -12   10  -12    1   -6    4   -6    8   -5   -6   13   10
    2    1   77    4    2    1    2  177    2    1       755   10   15   -1   12   12   -3  -13   19  -10   -7    0    2  -14   10   -7  -10   10    5
    2    1   78    1    3    8    2   71    3    1       689   14   -2   -7   19    6   -6  -11    9   -8  -15   -3    1  -11   18   -2  -13   12    6
    2    1   79    3    2    3    1  128    2    1      2611   15   21    1   10   13   -1  -14   20  -13   -5   -1    3  -14   11   -9   -7   10    2
    2    1   80    1    1    5    2   61    1    1      1224   12    3   -5   17   13   -1   -6   20  -12   -1    0    7   -4    8   -5   -1   14    9
    2    1   81    5    1    7    3  171    1    1      1458   14    6   -8   18   15   -1  -10   11  -11    0   -3   -4   -4    8   -7  -10   21    9
    2    1   82    1    1    3    2   13    1    1       562   13    4   -6   19   15   -1   -9    9  -10    3   -4    4   -6    7   -6  -11   14   10
    2    1   83    5    2    5    3  114    3    0      4601    0   23    0   10   14   -1  -14   20  -16   -1   -3    0  -14   10   -6   -2   13    2
    2    1   84    2    1    0    0    0    1    1       683   13    3   -5   18   14   -2  -10   10  -11   -1   -5    4   -5    8   -6   -9   13    9
    2    1   85    1    3    5    2   82    3    1       651   17   -2  -14   17    8   -5  -10   10   -5  -15   -2   -1  -11   20   -2  -11   13    6
    2    1   86    3    1    2    1  165    1    1       782   14    3   -5   18   15   -3  -11   10  -12   -1   -5    4   -5    9   -6   -9   13    9
    2    1   87    1    3    4    2    4    3    1       955   17    2   -4   16   16  -10  -11   10  -12  -12   -5    1   -9   22   -1  -11   12    4
