    1    1    1    1    2    1    1   97    1    0      7792   10   13   -1   10   13   -1  -14   20  -12   -6   -2    4  -13   11   -9   -9   11    4
    1    1    2    1    2    8    1   40    2    1       890   11   12    1   10   13   -1  -13   20  -12   -6   -2    3  -15   11   -8   -8   11    3
    1    1    3    1    1    1    1   82    3    0      1093   13   -7    4   12   14   -2  -16    9  -11   -1   -6    0   -5    8   -6   -9   17    5
    1    1    4    1    1    5    1   61    3    0       884   13    3   -6   21   23    3  -10   10  -11   -1   -6    4   -3    6   -6   -8   13    8
    1    1    5    1    3    1    1   80    1    0      1052   14   -1   -3   19    9   -5  -10    9   -6  -13   -2    0  -13   19   -3  -12   13    5
    1    1    6    1    3    7    1   64    3    1      1151   15   -3   -5   20    8   -5  -10    8   -7  -11   -3    0  -13   19   -3  -12   13    4
    1    1    7    1    1    4    1   89    2    0       828   13    3   -5   19   14   -2  -10   10  -12   -1   -6    5   -6    8   -5  -10   12   11
    1    1    8    1    2    3    1   96    1    0       761   10   14    0   11   12    0  -14   20  -12   -4   -1    3  -13   10   -9   -7   11    4
    1    1    9    1    2    7    1   14    2    1      1209   11   14   -1   12   13   -3  -14   20  -12   -6    0    2  -14   11  -10   -7   12    5
    1    1   10    1    3    6    1   89    3    1       983   15   -2   -5   21    9   -4  -10    9   -7  -14   -3    0  -13   19   -4  -11   13    5
    1    1   11    1    1    8    1   51    1    1       797   13    3   -5   18   13   -1  -16    3  -10   -2   -5    4   -5    7   -6   -9   13   10
    1    1   12    1    2    9    1   85    2    1      1307   10   13   -1   11   13   -1  -12   20  -12   -5    0    2  -12   11   -8   -7   11    4
    1    1   13    1    3    8    1   71    3    1       629   15   -3   -5   20    9   -5  -10    9   -7  -13   -3    0  -13   19   -3  -13   13    6
    1    1   14    1    1    2    1   90    1    1      1195   13    3   -5   18   11   -4  -10   10  -10   -2   -6    5   -5    8   -1  -11   13    9
    1    1   15    1    3    4    1    4    3    1      1082   15   -2   -5   19    8  -10  -10    8   -6  -14   -3    0  -13   18   -4  -12   11    6
    1    1   16    1    1    6    1   10    2    0      2109   13    2   -4   17   14   -2  -11   11  -11   -1   -5    5   -8    5   -7   -8   12    8
    1    1   17    1    3    3    1   65    2    0       822   15   -2   -4   19   10   -5  -10    8   -5  -12   -3    0  -14   20   -2  -13   12    6
    1    1   18    1    3    2    1   95    1    0      1651   14   -2   -5   20    9   -4  -10   11   -8  -14   -3   -1  -13   23   -4  -11   11    5
    1    1   19    1    3    5    1   82    3    1      1631   15   -3   -4   20    9   -4  -10    9   -6  -14   -3    0  -12   10   -3  -12   12    5
    1    1   20    1    3    9    1   69    2    0      1609   16   -3   -5   20    9   -5  -10    9   -6  -13   -1    8  -11   21   -3  -13   12    5
    1    1   21    1    2    6    1   77    2    1      1510   10   14    3    3   13   -2  -12   19  -12   -5   -1    4  -15   13   -8   -7   11    4
    1    1   22    1    2    4    1   93    3    0      1735   10   13   -1   14   14   -2  -15   20  -13   -5    0    7  -14   11   -9   -7   10    5
    1    1   23    1    2    5    1   47    3    0       798   10   13    1   10   13   -1  -12   20  -11   -5   -1    4  -14   11   -9   -7   11    5
    1    1   24    1    1    7    1   27    1    1      4203   12    3   -4   17    9    3  -10   10  -11   -1   -4    3   -5    8   -5  -10   13    9
    1    1   25    1    2    2    1   16    2    1      2353   10   13   -9   14   14   -1  -13   20   -8   -5   -1    3  -14   11   -9   -7   11    4
    1    1   26    1    1    9    1   97    3    0      1347   10    0   -4   17   19    7  -10   11  -10   -2   -7    3  -10   16   -6   -9   13    9
    1    1   27    1    1    3    1   13    3    0      1863   13    2   -6   20   13   -3  -10   10  -11   -1    1    8   -9    3   -7   -8   12   10
    1    2    1    1    3    9    1   69    3    1      1912   16   -3   -5   20    9   -5  -10    9   -6  -13   -1    8  -11   21   -3  -13   12    5
    1    2    2    1    1    2    1   90    1    1      1830   13    3   -5   18   11   -4  -10   10  -10   -2   -6    5   -5    8   -1  -11   13    9
    1    2    3    1    3    5    1   82    3    1      1003   15   -3   -4   20    9   -4  -10    9   -6  -14   -3    0  -12   10   -3  -12   12    5
    1    2    4    1    2    1    1   97    2    1      1072   10   13   -1   10   13   -1  -14   20  -12   -6   -2    4  -13   11   -9   -9   11    4
    1    2    5    1    1    6    1   10    1    1      1106   13    2   -4   17   14   -2  -11   11  -11   -1   -5    5   -8    5   -7   -8   12    8
    1    2    6    1    3    8    1   71    3    1      1183   15   -3   -5   20    9   -5  -10    9   -7  -13   -3    0  -13   19   -3  -13   13    6
    1    2    7    1    2    9    1   85    2    1      1482   10   13   -1   11   13   -1  -12   20  -12   -5    0    2  -12   11   -8   -7   11    4
    1    2    8    1    1    9    1   97    1    1       779   10    0   -4   17   19    7  -10   11  -10   -2   -7    3  -10   16   -6   -9   13    9
    1    2    9    1    3    7    1   64    3    1       663   15   -3   -5   20    8   -5  -10    8   -7  -11   -3    0  -13   19   -3  -12   13    4
    1    2   10    1    1    4    1   89    1    1       920   13    3   -5   19   14   -2  -10   10  -12   -1   -6    5   -6    8   -5  -10   12   11
    1    2   11    1    3    4    1    4    3    1       702   15   -2   -5   19    8  -10  -10    8   -6  -14   -3    0  -13   18   -4  -12   11    6
    1    2   12    1    1    5    1   61    1    1      5437   13    3   -6   21   23    3  -10   10  -11   -1   -6    4   -3    6   -6   -8   13    8
    1    2   13    1    1    1    1   82    1    1      1042   13   -7    4   12   14   -2  -16    9  -11   -1   -6    0   -5    8   -6   -9   17    5
    1    2   14    1    2    3    1   96    2    1       854   10   14    0   11   12    0  -14   20  -12   -4   -1    3  -13   10   -9   -7   11    4
    1    2   15    1    2    2    1   16    2    1       945   10   13   -9   14   14   -1  -13   20   -8   -5   -1    3  -14   11   -9   -7   11    4
    1    2   16    1    2    5    1   47    2    1       762   10   13    1   10   13   -1  -12   20  -11   -5   -1    4  -14   11   -9   -7   11    5
    1    2   17    1    3    1    1   80    3    1       457   14   -1   -3   19    9   -5  -10    9   -6  -13   -2    0  -13   19   -3  -12   13    5
    1    2   18    1    2    6    1   77    2    1      2947   10   14    3    3   13   -2  -12   19  -12   -5   -1    4  -15   13   -8   -7   11    4
    1    2   19    1    2    4    1   93    2    1      1451   10   13   -1   14   14   -2  -15   20  -13   -5    0    7  -14   11   -9   -7   10    5
    1    2   20    1    3    6    1   89    3    1      2638   15   -2   -5   21    9   -4  -10    9   -7  -14   -3    0  -13   19   -4  -11   13    5
    1    2   21    1    2    8    1   40    1    0       897   11   12    1   10   13   -1  -13   20  -12   -6   -2    3  -15   11   -8   -8   11    3
    1    2   22    1    3    3    1   65    3    1       841   15   -2   -4   19   10   -5  -10    8   -5  -12   -3    0  -14   20   -2  -13   12    6
    1    2   23    1    2    7    1   14    2    1      1747   11   14   -1   12   13   -3  -14   20  -12   -6    0    2  -14   11  -10   -7   12    5
    1    2   24    1    1    7    1   27    1    1      1209   12    3   -4   17    9    3  -10   10  -11   -1   -4    3   -5    8   -5  -10   13    9
    1    2   25    1    1    3    1   13    2    0      1108   13    2   -6   20   13   -3  -10   10  -11   -1    1    8   -9    3   -7   -8   12   10
    1    2   26    1    3    2    1   95    3    1       660   14   -2   -5   20    9   -4  -10   11   -8  -14   -3   -1  -13   23   -4  -11   11    5
    1    2   27    1    1    8    1   51    1    1       837   13    3   -5   18   13   -1  -16    3  -10   -2   -5    4   -5    7   -6   -9   13   10
    1    3    1    1    2    8    1   40    1    0      5181   11   12    1   10   13   -1  -13   20  -12   -6   -2    3  -15   11   -8   -8   11    3
    1    3    2    1    3    4    1    4    3    1      1399   15   -2   -5   19    8  -10  -10    8   -6  -14   -3    0  -13   18   -4  -12   11    6
    1    3    3    1    3    9    1   69    3    1       711   16   -3   -5   20    9   -5  -10    9   -6  -13   -1    8  -11   21   -3  -13   12    5
    1    3    4    1    1    7    1   27    1    1      2452   12    3   -4   17    9    3  -10   10  -11   -1   -4    3   -5    8   -5  -10   13    9
    1    3    5    1    1    1    1   82    1    1       621   13   -7    4   12   14   -2  -16    9  -11   -1   -6    0   -5    8   -6   -9   17    5
    1    3    6    1    3    5    1   82    3    1      1037   15   -3   -4   20    9   -4  -10    9   -6  -14   -3    0  -12   10   -3  -12   12    5
    1    3    7    1    2    3    1   96    2    1      1644   10   14    0   11   12    0  -14   20  -12   -4   -1    3  -13   10   -9   -7   11    4
    1    3    8    1    1    2    1   90    1    1       806   13    3   -5   18   11   -4  -10   10  -10   -2   -6    5   -5    8   -1  -11   13    9
    1    3    9    1    3    7    1   64    3    1       734   15   -3   -5   20    8   -5  -10    8   -7  -11   -3    0  -13   19   -3  -12   13    4
    1    3   10    1    2    4    1   93    1    0      6554   10   13   -1   14   14   -2  -15   20  -13   -5    0    7  -14   11   -9   -7   10    5
    1    3   11    1    2    9    1   85    2    1       829   10   13   -1   11   13   -1  -12   20  -12   -5    0    2  -12   11   -8   -7   11    4
    1    3   12    1    1    6    1   10    1    1       713   13    2   -4   17   14   -2  -11   11  -11   -1   -5    5   -8    5   -7   -8   12    8
    1    3   13    1    1    9    1   97    1    1       966   10    0   -4   17   19    7  -10   11  -10   -2   -7    3  -10   16   -6   -9   13    9
    1    3   14    1    1    8    1   51    1    1       523   13    3   -5   18   13   -1  -16    3  -10   -2   -5    4   -5    7   -6   -9   13   10
    1    3   15    1    3    2    1   95    1    0      3779   14   -2   -5   20    9   -4  -10   11   -8  -14   -3   -1  -13   23   -4  -11   11    5
    1    3   16    1    3    8    1   71    3    1       583   15   -3   -5   20    9   -5  -10    9   -7  -13   -3    0  -13   19   -3  -13   13    6
    1    3   17    1    2    2    1   16    2    1       588   10   13   -9   14   14   -1  -13   20   -8   -5   -1    3  -14   11   -9   -7   11    4
    1    3   18    1    2    5    1   47    1    0       672   10   13    1   10   13   -1  -12   20  -11   -5   -1    4  -14   11   -9   -7   11    5
    1    3   19    1    3    1    1   80    3    1       622   14   -1   -3   19    9   -5  -10    9   -6  -13   -2    0  -13   19   -3  -12   13    5
    1    3   20    1    2    1    1   97    2    1       993   10   13   -1   10   13   -1  -14   20  -12   -6   -2    4  -13   11   -9   -9   11    4
    1    3   21    1    1    5    1   61    3    0       963   13    3   -6   21   23    3  -10   10  -11   -1   -6    4   -3    6   -6   -8   13    8
    1    3   22    1    1    4    1   89    1    1       904   13    3   -5   19   14   -2  -10   10  -12   -1   -6    5   -6    8   -5  -10   12   11
    1    3   23    1    3    6    1   89    3    1       720   15   -2   -5   21    9   -4  -10    9   -7  -14   -3    0  -13   19   -4  -11   13    5
    1    3   24    1    3    3    1   65    3    1      1008   15   -2   -4   19   10   -5  -10    8   -5  -12   -3    0  -14   20   -2  -13   12    6
    1    3   25    1    2    6    1   77    2    1      1795   10   14    3    3   13   -2  -12   19  -12   -5   -1    4  -15   13   -8   -7   11    4
    1    3   26    1    2    7    1   14    1    0      2086   11   14   -1   12   13   -3  -14   20  -12   -6    0    2  -14   11  -10   -7   12    5
    1    3   27    1    1    3    1   13    2    0      1165   13    2   -6   20   13   -3  -10   10  -11   -1    1    8   -9    3   -7   -8   12   10
    1    4    1    1    1    3    1   13    1    1      1019   13    2   -6   20   13   -3  -10   10  -11   -1    1    8   -9    3   -7   -8   12   10
    1    4    2    1    2    4    1   93    2    1      1054   10   13   -1   14   14   -2  -15   20  -13   -5    0    7  -14   11   -9   -7   10    5
    1    4    3    1    3    3    1   65    3    1       448   15   -2   -4   19   10   -5  -10    8   -5  -12   -3    0  -14   20   -2  -13   12    6
    1    4    4    1    1    8    1   51    1    1       649   13    3   -5   18   13   -1  -16    3  -10   -2   -5    4   -5    7   -6   -9   13   10
    1    4    5    1    3    4    1    4    3    1       856   15   -2   -5   19    8  -10  -10    8   -6  -14   -3    0  -13   18   -4  -12   11    6
    1    4    6    1    2    5    1   47    2    1      1551   10   13    1   10   13   -1  -12   20  -11   -5   -1    4  -14   11   -9   -7   11    5
    1    4    7    1    2    7    1   14    2    1       861   11   14   -1   12   13   -3  -14   20  -12   -6    0    2  -14   11  -10   -7   12    5
    1    4    8    1    3    9    1   69    3    1       583   16   -3   -5   20    9   -5  -10    9   -6  -13   -1    8  -11   21   -3  -13   12    5
    1    4    9    1    1    7    1   27    1    1      2524   12    3   -4   17    9    3  -10   10  -11   -1   -4    3   -5    8   -5  -10   13    9
    1    4   10    1    2    9    1   85    2    1      3428   10   13   -1   11   13   -1  -12   20  -12   -5    0    2  -12   11   -8   -7   11    4
    1    4   11    1    1    9    1   97    1    1       710   10    0   -4   17   19    7  -10   11  -10   -2   -7    3  -10   16   -6   -9   13    9
    1    4   12    1    1    6    1   10    1    1      1303   13    2   -4   17   14   -2  -11   11  -11   -1   -5    5   -8    5   -7   -8   12    8
    1    4   13    1    2    6    1   77    2    1      1131   10   14    3    3   13   -2  -12   19  -12   -5   -1    4  -15   13   -8   -7   11    4
    1    4   14    1    3    7    1   64    1    0      1000   15   -3   -5   20    8   -5  -10    8   -7  -11   -3    0  -13   19   -3  -12   13    4
    1    4   15    1    3    2    1   95    1    0      1241   14   -2   -5   20    9   -4  -10   11   -8  -14   -3   -1  -13   23   -4  -11   11    5
    1    4   16    1    3    6    1   89    2    0       915   15   -2   -5   21    9   -4  -10    9   -7  -14   -3    0  -13   19   -4  -11   13    5
    1    4   17    1    3    8    1   71    3    1       569   15   -3   -5   20    9   -5  -10    9   -7  -13   -3    0  -13   19   -3  -13   13    6
    1    4   18    1    1    4    1   89    1    1      2127   13    3   -5   19   14   -2  -10   10  -12   -1   -6    5   -6    8   -5  -10   12   11
    1    4   19    1    2    8    1   40    2    1      1203   11   12    1   10   13   -1  -13   20  -12   -6   -2    3  -15   11   -8   -8   11    3
    1    4   20    1    2    3    1   96    2    1      2225   10   14    0   11   12    0  -14   20  -12   -4   -1    3  -13   10   -9   -7   11    4
    1    4   21    1    2    2    1   16    3    0       851   10   13   -9   14   14   -1  -13   20   -8   -5   -1    3  -14   11   -9   -7   11    4
    1    4   22    1    3    1    1   80    3    1       717   14   -1   -3   19    9   -5  -10    9   -6  -13   -2    0  -13   19   -3  -12   13    5
    1    4   23    1    3    5    1   82    3    1      1130   15   -3   -4   20    9   -4  -10    9   -6  -14   -3    0  -12   10   -3  -12   12    5
    1    4   24    1    1    2    1   90    1    1       840   13    3   -5   18   11   -4  -10   10  -10   -2   -6    5   -5    8   -1  -11   13    9
    1    4   25    1    2    1    1   97    1    0      2770   10   13   -1   10   13   -1  -14   20  -12   -6   -2    4  -13   11   -9   -9   11    4
    1    4   26    1    1    1    1   82    1    1       557   13   -7    4   12   14   -2  -16    9  -11   -1   -6    0   -5    8   -6   -9   17    5
    1    4   27    1    1    5    1   61    1    1       947   13    3   -6   21   23    3  -10   10  -11   -1   -6    4   -3    6   -6   -8   13    8
    1    5    1    1    1    8    1   51    1    1       776   13    3   -5   18   13   -1  -16    3  -10   -2   -5    4   -5    7   -6   -9   13   10
    1    5    2    1    3    8    1   71    3    1      2179   15   -3   -5   20    9   -5  -10    9   -7  -13   -3    0  -13   19   -3  -13   13    6
    1    5    3    1    3    4    1    4    3    1      1157   15   -2   -5   19    8  -10  -10    8   -6  -14   -3    0  -13   18   -4  -12   11    6
    1    5    4    1    2    7    1   14    1    0      2004   11   14   -1   12   13   -3  -14   20  -12   -6    0    2  -14   11  -10   -7   12    5
    1    5    5    1    2    3    1   96    1    0      1520   10   14    0   11   12    0  -14   20  -12   -4   -1    3  -13   10   -9   -7   11    4
    1    5    6    1    1    6    1   10    1    1      1118   13    2   -4   17   14   -2  -11   11  -11   -1   -5    5   -8    5   -7   -8   12    8
    1    5    7    1    1    5    1   61    1    1       651   13    3   -6   21   23    3  -10   10  -11   -1   -6    4   -3    6   -6   -8   13    8
    1    5    8    1    1    1    1   82    1    1       906   13   -7    4   12   14   -2  -16    9  -11   -1   -6    0   -5    8   -6   -9   17    5
    1    5    9    1    2    8    1   40    2    1      1156   11   12    1   10   13   -1  -13   20  -12   -6   -2    3  -15   11   -8   -8   11    3
    1    5   10    1    3    3    1   65    3    1      1090   15   -2   -4   19   10   -5  -10    8   -5  -12   -3    0  -14   20   -2  -13   12    6
    1    5   11    1    1    9    1   97    1    1      1282   10    0   -4   17   19    7  -10   11  -10   -2   -7    3  -10   16   -6   -9   13    9
    1    5   12    1    1    2    1   90    1    1      7305   13    3   -5   18   11   -4  -10   10  -10   -2   -6    5   -5    8   -1  -11   13    9
    1    5   13    1    3    1    1   80    3    1      1567   14   -1   -3   19    9   -5  -10    9   -6  -13   -2    0  -13   19   -3  -12   13    5
    1    5   14    1    2    6    1   77    2    1      3450   10   14    3    3   13   -2  -12   19  -12   -5   -1    4  -15   13   -8   -7   11    4
    1    5   15    1    2    9    1   85    2    1       796   10   13   -1   11   13   -1  -12   20  -12   -5    0    2  -12   11   -8   -7   11    4
    1    5   16    1    1    7    1   27    1    1       601   12    3   -4   17    9    3  -10   10  -11   -1   -4    3   -5    8   -5  -10   13    9
    1    5   17    1    3    2    1   95    3    1       940   14   -2   -5   20    9   -4  -10   11   -8  -14   -3   -1  -13   23   -4  -11   11    5
    1    5   18    1    1    3    1   13    2    0      1316   13    2   -6   20   13   -3  -10   10  -11   -1    1    8   -9    3   -7   -8   12   10
    1    5   19    1    3    6    1   89    3    1      1100   15   -2   -5   21    9   -4  -10    9   -7  -14   -3    0  -13   19   -4  -11   13    5
    1    5   20    1    2    5    1   47    2    1      8715   10   13    1   10   13   -1  -12   20  -11   -5   -1    4  -14   11   -9   -7   11    5
    1    5   21    1    2    2    1   16    1    0       971   10   13   -9   14   14   -1  -13   20   -8   -5   -1    3  -14   11   -9   -7   11    4
    1    5   22    1    3    9    1   69    3    1       783   16   -3   -5   20    9   -5  -10    9   -6  -13   -1    8  -11   21   -3  -13   12    5
    1    5   23    1    2    4    1   93    2    1       829   10   13   -1   14   14   -2  -15   20  -13   -5    0    7  -14   11   -9   -7   10    5
    1    5   24    1    3    5    1   82    1    0       776   15   -3   -4   20    9   -4  -10    9   -6  -14   -3    0  -12   10   -3  -12   12    5
    1    5   25    1    3    7    1   64    3    1       645   15   -3   -5   20    8   -5  -10    8   -7  -11   -3    0  -13   19   -3  -12   13    4
    1    5   26    1    2    1    1   97    2    1      1111   10   13   -1   10   13   -1  -14   20  -12   -6   -2    4  -13   11   -9   -9   11    4
    1    5   27    1    1    4    1   89    1    1       727   13    3   -5   19   14   -2  -10   10  -12   -1   -6    5   -6    8   -5  -10   12   11
    1    6    1    1    1    7    1   27    2    0       630   12    3   -4   17    9    3  -10   10  -11   -1   -4    3   -5    8   -5  -10   13    9
    1    6    2    1    3    7    1   64    3    1       537   15   -3   -5   20    8   -5  -10    8   -7  -11   -3    0  -13   19   -3  -12   13    4
    1    6    3    1    2    7    1   14    2    1       556   11   14   -1   12   13   -3  -14   20  -12   -6    0    2  -14   11  -10   -7   12    5
    1    6    4    1    1    4    1   89    1    1       482   13    3   -5   19   14   -2  -10   10  -12   -1   -6    5   -6    8   -5  -10   12   11
    1    6    5    1    1    2    1   90    3    0       508   13    3   -5   18   11   -4  -10   10  -10   -2   -6    5   -5    8   -1  -11   13    9
    1    6    6    1    3    6    1   89    3    1       500   15   -2   -5   21    9   -4  -10    9   -7  -14   -3    0  -13   19   -4  -11   13    5
    1    6    7    1    1    8    1   51    1    1       620   13    3   -5   18   13   -1  -16    3  -10   -2   -5    4   -5    7   -6   -9   13   10
    1    6    8    1    3    2    1   95    3    1       720   14   -2   -5   20    9   -4  -10   11   -8  -14   -3   -1  -13   23   -4  -11   11    5
    1    6    9    1    3    1    1   80    3    1       910   14   -1   -3   19    9   -5  -10    9   -6  -13   -2    0  -13   19   -3  -12   13    5
    1    6   10    1    3    9    1   69    3    1       643   16   -3   -5   20    9   -5  -10    9   -6  -13   -1    8  -11   21   -3  -13   12    5
    1    6   11    1    3    5    1   82    3    1       997   15   -3   -4   20    9   -4  -10    9   -6  -14   -3    0  -12   10   -3  -12   12    5
    1    6   12    1    1    5    1   61    3    0      2106   13    3   -6   21   23    3  -10   10  -11   -1   -6    4   -3    6   -6   -8   13    8
    1    6   13    1    2    2    1   16    1    0      1090   10   13   -9   14   14   -1  -13   20   -8   -5   -1    3  -14   11   -9   -7   11    4
    1    6   14    1    1    3    1   13    1    1       592   13    2   -6   20   13   -3  -10   10  -11   -1    1    8   -9    3   -7   -8   12   10
    1    6   15    1    3    3    1   65    3    1       819   15   -2   -4   19   10   -5  -10    8   -5  -12   -3    0  -14   20   -2  -13   12    6
    1    6   16    1    2    6    1   77    1    0      1149   10   14    3    3   13   -2  -12   19  -12   -5   -1    4  -15   13   -8   -7   11    4
    1    6   17    1    2    4    1   93    2    1       988   10   13   -1   14   14   -2  -15   20  -13   -5    0    7  -14   11   -9   -7   10    5
    1    6   18    1    2    3    1   96    2    1       912   10   14    0   11   12    0  -14   20  -12   -4   -1    3  -13   10   -9   -7   11    4
    1    6   19    1    3    8    1   71    3    1       950   15   -3   -5   20    9   -5  -10    9   -7  -13   -3    0  -13   19   -3  -13   13    6
    1    6   20    1    2    5    1   47    2    1       860   10   13    1   10   13   -1  -12   20  -11   -5   -1    4  -14   11   -9   -7   11    5
    1    6   21    1    1    9    1   97    1    1      1063   10    0   -4   17   19    7  -10   11  -10   -2   -7    3  -10   16   -6   -9   13    9
    1    6   22    1    1    6    1   10    1    1      1032   13    2   -4   17   14   -2  -11   11  -11   -1   -5    5   -8    5   -7   -8   12    8
    1    6   23    1    2    9    1   85    2    1      1499   10   13   -1   11   13   -1  -12   20  -12   -5    0    2  -12   11   -8   -7   11    4
    1    6   24    1    2    8    1   40    2    1      1147   11   12    1   10   13   -1  -13   20  -12   -6   -2    3  -15   11   -8   -8   11    3
    1    6   25    1    3    4    1    4    3    1       712   15   -2   -5   19    8  -10  -10    8   -6  -14   -3    0  -13   18   -4  -12   11    6
    1    6   26    1    2    1    1   97    2    1      1528   10   13   -1   10   13   -1  -14   20  -12   -6   -2    4  -13   11   -9   -9   11    4
    1    6   27    1    1    1    1   82    1    1      1351   13   -7    4   12   14   -2  -16    9  -11   -1   -6    0   -5    8   -6   -9   17    5
    1    7    1    1    2    9    1   85    2    1       859   10   13   -1   11   13   -1  -12   20  -12   -5    0    2  -12   11   -8   -7   11    4
    1    7    2    1    3    2    1   95    3    1       851   14   -2   -5   20    9   -4  -10   11   -8  -14   -3   -1  -13   23   -4  -11   11    5
    1    7    3    1    1    9    1   97    3    0      1212   10    0   -4   17   19    7  -10   11  -10   -2   -7    3  -10   16   -6   -9   13    9
    1    7    4    1    2    4    1   93    2    1      2072   10   13   -1   14   14   -2  -15   20  -13   -5    0    7  -14   11   -9   -7   10    5
    1    7    5    1    3    4    1    4    3    1      1725   15   -2   -5   19    8  -10  -10    8   -6  -14   -3    0  -13   18   -4  -12   11    6
    1    7    6    1    2    1    1   97    1    0       994   10   13   -1   10   13   -1  -14   20  -12   -6   -2    4  -13   11   -9   -9   11    4
    1    7    7    1    1    4    1   89    1    1       811   13    3   -5   19   14   -2  -10   10  -12   -1   -6    5   -6    8   -5  -10   12   11
    1    7    8    1    2    7    1   14    2    1      1211   11   14   -1   12   13   -3  -14   20  -12   -6    0    2  -14   11  -10   -7   12    5
    1    7    9    1    3    9    1   69    3    1      1172   16   -3   -5   20    9   -5  -10    9   -6  -13   -1    8  -11   21   -3  -13   12    5
    1    7   10    1    1    7    1   27    1    1       767   12    3   -4   17    9    3  -10   10  -11   -1   -4    3   -5    8   -5  -10   13    9
    1    7   11    1    1    2    1   90    1    1       731   13    3   -5   18   11   -4  -10   10  -10   -2   -6    5   -5    8   -1  -11   13    9
    1    7   12    1    3    1    1   80    3    1       903   14   -1   -3   19    9   -5  -10    9   -6  -13   -2    0  -13   19   -3  -12   13    5
    1    7   13    1    2    2    1   16    3    0      3406   10   13   -9   14   14   -1  -13   20   -8   -5   -1    3  -14   11   -9   -7   11    4
    1    7   14    1    1    8    1   51    1    1       624   13    3   -5   18   13   -1  -16    3  -10   -2   -5    4   -5    7   -6   -9   13   10
    1    7   15    1    2    8    1   40    2    1      3250   11   12    1   10   13   -1  -13   20  -12   -6   -2    3  -15   11   -8   -8   11    3
    1    7   16    1    3    3    1   65    3    1       872   15   -2   -4   19   10   -5  -10    8   -5  -12   -3    0  -14   20   -2  -13   12    6
    1    7   17    1    1    6    1   10    1    1       688   13    2   -4   17   14   -2  -11   11  -11   -1   -5    5   -8    5   -7   -8   12    8
    1    7   18    1    3    6    1   89    3    1      1425   15   -2   -5   21    9   -4  -10    9   -7  -14   -3    0  -13   19   -4  -11   13    5
    1    7   19    1    1    1    1   82    1    1      1234   13   -7    4   12   14   -2  -16    9  -11   -1   -6    0   -5    8   -6   -9   17    5
    1    7   20    1    2    6    1   77    2    1      1643   10   14    3    3   13   -2  -12   19  -12   -5   -1    4  -15   13   -8   -7   11    4
    1    7   21    1    3    8    1   71    3    1      1077   15   -3   -5   20    9   -5  -10    9   -7  -13   -3    0  -13   19   -3  -13   13    6
    1    7   22    1    2    5    1   47    2    1      8659   10   13    1   10   13   -1  -12   20  -11   -5   -1    4  -14   11   -9   -7   11    5
    1    7   23    1    3    5    1   82    3    1       967   15   -3   -4   20    9   -4  -10    9   -6  -14   -3    0  -12   10   -3  -12   12    5
    1    7   24    1    2    3    1   96    2    1       889   10   14    0   11   12    0  -14   20  -12   -4   -1    3  -13   10   -9   -7   11    4
    1    7   25    1    3    7    1   64    3    1      1059   15   -3   -5   20    8   -5  -10    8   -7  -11   -3    0  -13   19   -3  -12   13    4
    1    7   26    1    1    3    1   13    1    1      1506   13    2   -6   20   13   -3  -10   10  -11   -1    1    8   -9    3   -7   -8   12   10
    1    7   27    1    1    5    1   61    1    1      1906   13    3   -6   21   23    3  -10   10  -11   -1   -6    4   -3    6   -6   -8   13    8
    1    8    1    1    1    5    1   61    1    1       640   13    3   -6   21   23    3  -10   10  -11   -1   -6    4   -3    6   -6   -8   13    8
    1    8    2    1    1    6    1   10    1    1      1058   13    2   -4   17   14   -2  -11   11  -11   -1   -5    5   -8    5   -7   -8   12    8
    1    8    3    1    3    4    1    4    3    1       835   15   -2   -5   19    8  -10  -10    8   -6  -14   -3    0  -13   18   -4  -12   11    6
    1    8    4    1    2    2    1   16    1    0      1679   10   13   -9   14   14   -1  -13   20   -8   -5   -1    3  -14   11   -9   -7   11    4
    1    8    5    1    2    6    1   77    2    1      1128   10   14    3    3   13   -2  -12   19  -12   -5   -1    4  -15   13   -8   -7   11    4
    1    8    6    1    3    5    1   82    3    1       935   15   -3   -4   20    9   -4  -10    9   -6  -14   -3    0  -12   10   -3  -12   12    5
    1    8    7    1    3    7    1   64    3    1       894   15   -3   -5   20    8   -5  -10    8   -7  -11   -3    0  -13   19   -3  -12   13    4
    1    8    8    1    3    2    1   95    3    1       871   14   -2   -5   20    9   -4  -10   11   -8  -14   -3   -1  -13   23   -4  -11   11    5
    1    8    9    1    2    9    1   85    2    1      4704   10   13   -1   11   13   -1  -12   20  -12   -5    0    2  -12   11   -8   -7   11    4
    1    8   10    1    2    7    1   14    2    1       702   11   14   -1   12   13   -3  -14   20  -12   -6    0    2  -14   11  -10   -7   12    5
    1    8   11    1    3    8    1   71    3    1      2603   15   -3   -5   20    9   -5  -10    9   -7  -13   -3    0  -13   19   -3  -13   13    6
    1    8   12    1    1    4    1   89    2    0      1405   13    3   -5   19   14   -2  -10   10  -12   -1   -6    5   -6    8   -5  -10   12   11
    1    8   13    1    2    8    1   40    2    1      4109   11   12    1   10   13   -1  -13   20  -12   -6   -2    3  -15   11   -8   -8   11    3
    1    8   14    1    2    5    1   47    2    1       494   10   13    1   10   13   -1  -12   20  -11   -5   -1    4  -14   11   -9   -7   11    5
    1    8   15    1    2    4    1   93    2    1      1092   10   13   -1   14   14   -2  -15   20  -13   -5    0    7  -14   11   -9   -7   10    5
    1    8   16    1    1    3    1   13    2    0      6497   13    2   -6   20   13   -3  -10   10  -11   -1    1    8   -9    3   -7   -8   12   10
    1    8   17    1    2    1    1   97    2    1      6312   10   13   -1   10   13   -1  -14   20  -12   -6   -2    4  -13   11   -9   -9   11    4
    1    8   18    1    2    3    1   96    2    1       777   10   14    0   11   12    0  -14   20  -12   -4   -1    3  -13   10   -9   -7   11    4
    1    8   19    1    1    2    1   90    1    1      2534   13    3   -5   18   11   -4  -10   10  -10   -2   -6    5   -5    8   -1  -11   13    9
    1    8   20    1    3    9    1   69    2    0       954   16   -3   -5   20    9   -5  -10    9   -6  -13   -1    8  -11   21   -3  -13   12    5
    1    8   21    1    1    8    1   51    1    1       672   13    3   -5   18   13   -1  -16    3  -10   -2   -5    4   -5    7   -6   -9   13   10
    1    8   22    1    1    9    1   97    1    1       720   10    0   -4   17   19    7  -10   11  -10   -2   -7    3  -10   16   -6   -9   13    9
    1    8   23    1    1    1    1   82    1    1       976   13   -7    4   12   14   -2  -16    9  -11   -1   -6    0   -5    8   -6   -9   17    5
    1    8   24    1    3    1    1   80    3    1      2756   14   -1   -3   19    9   -5  -10    9   -6  -13   -2    0  -13   19   -3  -12   13    5
    1    8   25    1    3    6    1   89    3    1       578   15   -2   -5   21    9   -4  -10    9   -7  -14   -3    0  -13   19   -4  -11   13    5
    1    8   26    1    1    7    1   27    1    1       855   12    3   -4   17    9    3  -10   10  -11   -1   -4    3   -5    8   -5  -10   13    9
    1    8   27    1    3    3    1   65    3    1      2401   15   -2   -4   19   10   -5  -10    8   -5  -12   -3    0  -14   20   -2  -13   12    6
    1    9    1    1    1    7    1   27    1    1      1005   12    3   -4   17    9    3  -10   10  -11   -1   -4    3   -5    8   -5  -10   13    9
    1    9    2    1    3    1    1   80    1    0       735   14   -1   -3   19    9   -5  -10    9   -6  -13   -2    0  -13   19   -3  -12   13    5
    1    9    3    1    2    8    1   40    3    0      1502   11   12    1   10   13   -1  -13   20  -12   -6   -2    3  -15   11   -8   -8   11    3
    1    9    4    1    2    5    1   47    2    1       637   10   13    1   10   13   -1  -12   20  -11   -5   -1    4  -14   11   -9   -7   11    5
    1    9    5    1    1    3    1   13    1    1       608   13    2   -6   20   13   -3  -10   10  -11   -1    1    8   -9    3   -7   -8   12   10
    1    9    6    1    3    6    1   89    3    1       932   15   -2   -5   21    9   -4  -10    9   -7  -14   -3    0  -13   19   -4  -11   13    5
    1    9    7    1    3    7    1   64    3    1       634   15   -3   -5   20    8   -5  -10    8   -7  -11   -3    0  -13   19   -3  -12   13    4
    1    9    8    1    3    5    1   82    3    1      2013   15   -3   -4   20    9   -4  -10    9   -6  -14   -3    0  -12   10   -3  -12   12    5
    1    9    9    1    3    8    1   71    3    1      2473   15   -3   -5   20    9   -5  -10    9   -7  -13   -3    0  -13   19   -3  -13   13    6
    1    9   10    1    1    9    1   97    3    0       720   10    0   -4   17   19    7  -10   11  -10   -2   -7    3  -10   16   -6   -9   13    9
    1    9   11    1    2    2    1   16    2    1      1025   10   13   -9   14   14   -1  -13   20   -8   -5   -1    3  -14   11   -9   -7   11    4
    1    9   12    1    1    6    1   10    1    1       515   13    2   -4   17   14   -2  -11   11  -11   -1   -5    5   -8    5   -7   -8   12    8
    1    9   13    1    3    2    1   95    3    1       669   14   -2   -5   20    9   -4  -10   11   -8  -14   -3   -1  -13   23   -4  -11   11    5
    1    9   14    1    3    4    1    4    3    1       751   15   -2   -5   19    8  -10  -10    8   -6  -14   -3    0  -13   18   -4  -12   11    6
    1    9   15    1    3    9    1   69    3    1      1868   16   -3   -5   20    9   -5  -10    9   -6  -13   -1    8  -11   21   -3  -13   12    5
    1    9   16    1    2    3    1   96    2    1      1023   10   14    0   11   12    0  -14   20  -12   -4   -1    3  -13   10   -9   -7   11    4
    1    9   17    1    2    6    1   77    2    1       723   10   14    3    3   13   -2  -12   19  -12   -5   -1    4  -15   13   -8   -7   11    4
    1    9   18    1    2    1    1   97    2    1      1107   10   13   -1   10   13   -1  -14   20  -12   -6   -2    4  -13   11   -9   -9   11    4
    1    9   19    1    3    3    1   65    1    0       834   15   -2   -4   19   10   -5  -10    8   -5  -12   -3    0  -14   20   -2  -13   12    6
    1    9   20    1    1    5    1   61    1    1       747   13    3   -6   21   23    3  -10   10  -11   -1   -6    4   -3    6   -6   -8   13    8
    1    9   21    1    1    1    1   82    1    1       792   13   -7    4   12   14   -2  -16    9  -11   -1   -6    0   -5    8   -6   -9   17    5
    1    9   22    1    1    8    1   51    1    1       786   13    3   -5   18   13   -1  -16    3  -10   -2   -5    4   -5    7   -6   -9   13   10
    1    9   23    1    1    2    1   90    1    1      1390   13    3   -5   18   11   -4  -10   10  -10   -2   -6    5   -5    8   -1  -11   13    9
    1    9   24    1    1    4    1   89    1    1       628   13    3   -5   19   14   -2  -10   10  -12   -1   -6    5   -6    8   -5  -10   12   11
    1    9   25    1    2    9    1   85    2    1       726   10   13   -1   11   13   -1  -12   20  -12   -5    0    2  -12   11   -8   -7   11    4
    1    9   26    1    2    7    1   14    2    1       646   11   14   -1   12   13   -3  -14   20  -12   -6    0    2  -14   11  -10   -7   12    5
    1    9   27    1    2    4    1   93    2    1       553   10   13   -1   14   14   -2  -15   20  -13   -5    0    7  -14   11   -9   -7   10    5
    1   10    1    1    3    9    1   69    3    1       413   16   -3   -5   20    9   -5  -10    9   -6  -13   -1    8  -11   21   -3  -13   12    5
    1   10    2    1    2    8    1   40    2    1      1817   11   12    1   10   13   -1  -13   20  -12   -6   -2    3  -15   11   -8   -8   11    3
    1   10    3    1    2    1    1   97    2    1       667   10   13   -1   10   13   -1  -14   20  -12   -6   -2    4  -13   11   -9   -9   11    4
    1   10    4    1    2    7    1   14    2    1       573   11   14   -1   12   13   -3  -14   20  -12   -6    0    2  -14   11  -10   -7   12    5
    1   10    5    1    2    5    1   47    2    1       674   10   13    1   10   13   -1  -12   20  -11   -5   -1    4  -14   11   -9   -7   11    5
    1   10    6    1    2    4    1   93    2    1       820   10   13   -1   14   14   -2  -15   20  -13   -5    0    7  -14   11   -9   -7   10    5
    1   10    7    1    2    9    1   85    2    1       703   10   13   -1   11   13   -1  -12   20  -12   -5    0    2  -12   11   -8   -7   11    4
    1   10    8    1    3    6    1   89    3    1       494   15   -2   -5   21    9   -4  -10    9   -7  -14   -3    0  -13   19   -4  -11   13    5
    1   10    9    1    1    2    1   90    1    1       870   13    3   -5   18   11   -4  -10   10  -10   -2   -6    5   -5    8   -1  -11   13    9
    1   10   10    1    3    8    1   71    3    1       704   15   -3   -5   20    9   -5  -10    9   -7  -13   -3    0  -13   19   -3  -13   13    6
    1   10   11    1    3    2    1   95    3    1       623   14   -2   -5   20    9   -4  -10   11   -8  -14   -3   -1  -13   23   -4  -11   11    5
    1   10   12    1    3    1    1   80    3    1       625   14   -1   -3   19    9   -5  -10    9   -6  -13   -2    0  -13   19   -3  -12   13    5
    1   10   13    1    1    9    1   97    1    1       581   10    0   -4   17   19    7  -10   11  -10   -2   -7    3  -10   16   -6   -9   13    9
    1   10   14    1    3    5    1   82    3    1       714   15   -3   -4   20    9   -4  -10    9   -6  -14   -3    0  -12   10   -3  -12   12    5
    1   10   15    1    1    8    1   51    1    1       553   13    3   -5   18   13   -1  -16    3  -10   -2   -5    4   -5    7   -6   -9   13   10
    1   10   16    1    3    4    1    4    3    1       560   15   -2   -5   19    8  -10  -10    8   -6  -14   -3    0  -13   18   -4  -12   11    6
    1   10   17    1    3    3    1   65    3    1       549   15   -2   -4   19   10   -5  -10    8   -5  -12   -3    0  -14   20   -2  -13   12    6
    1   10   18    1    1    4    1   89    1    1       507   13    3   -5   19   14   -2  -10   10  -12   -1   -6    5   -6    8   -5  -10   12   11
    1   10   19    1    1    5    1   61    1    1       838   13    3   -6   21   23    3  -10   10  -11   -1   -6    4   -3    6   -6   -8   13    8
    1   10   20    1    1    3    1   13    2    0      1154   13    2   -6   20   13   -3  -10   10  -11   -1    1    8   -9    3   -7   -8   12   10
    1   10   21    1    2    3    1   96    2    1       739   10   14    0   11   12    0  -14   20  -12   -4   -1    3  -13   10   -9   -7   11    4
    1   10   22    1    1    7    1   27    1    1       768   12    3   -4   17    9    3  -10   10  -11   -1   -4    3   -5    8   -5  -10   13    9
    1   10   23    1    1    6    1   10    1    1       525   13    2   -4   17   14   -2  -11   11  -11   -1   -5    5   -8    5   -7   -8   12    8
    1   10   24    1    2    6    1   77    2    1      1076   10   14    3    3   13   -2  -12   19  -12   -5   -1    4  -15   13   -8   -7   11    4
    1   10   25    1    1    1    1   82    1    1      1079   13   -7    4   12   14   -2  -16    9  -11   -1   -6    0   -5    8   -6   -9   17    5
    1   10   26    1    3    7    1   64    3    1       827   15   -3   -5   20    8   -5  -10    8   -7  -11   -3    0  -13   19   -3  -12   13    4
    1   10   27    1    2    2    1   16    2    1      2710   10   13   -9   14   14   -1  -13   20   -8   -5   -1    3  -14   11   -9   -7   11    4
    2    1    1    1    2    4    1   93    2    1      1122   10   13   -1   14   14   -2  -15   20  -13   -5    0    7  -14   11   -9   -7   10    5
    2    1    2    5    3    9    3  133    3    1       880    7   -5   -7   18    9    4   -9    8   -8  -11    0   -5  -13   20   -4  -12   17   11
    2    1    3    5    3    5    3  119    3    1       524   17   -4   -6   21    8   -5   -4   15   -2  -17    0    2  -11   16   -3  -11   14    2
    2    1    4    5    2    4    3  154    3    0      1667   11   15   -2   15   12   -1   -8   23  -10    4   -2    4  -19   16   -2  -17   11    3
    2    1    5    1    2    8    1   40    2    1       956   11   12    1   10   13   -1  -13   20  -12   -6   -2    3  -15   11   -8   -8   11    3
    2    1    6    1    3    6    1   89    1    0       659   15   -2   -5   21    9   -4  -10    9   -7  -14   -3    0  -13   19   -4  -11   13    5
    2    1    7    1    1    3    1   13    2    0      1383   13    2   -6   20   13   -3  -10   10  -11   -1    1    8   -9    3   -7   -8   12   10
    2    1    8    1    3    7    1   64    3    1      4427   15   -3   -5   20    8   -5  -10    8   -7  -11   -3    0  -13   19   -3  -12   13    4
    2    1    9    5    1    4    3  134    1    1      1079   20    0  -10   11   14   -4  -10    5  -12   -2   -9    9    4   18   -7   -8   13   10
    2    1   10    5    3    1    3  182    3    1      1289   14   -2  -11   20    9   -6  -16    7   -7  -22   -8    2  -10   13    4   -3    4    0
    2    1   11    1    3    5    1   82    2    0      9425   15   -3   -4   20    9   -4  -10    9   -6  -14   -3    0  -12   10   -3  -12   12    5
    2    1   12    4    1    2    2  132    1    1      1044   11    8   -6   19   12   -2  -12   10  -12    1   -6    4   -6    8   -5   -6   13   10
    2    1   13    4    2    3    2  119    2    1      1512    5    7   -2   12   13    0  -14   21  -14   -4   -4    3  -23    3   -9   -6   15    2
    2    1   14    5    2    7    3  125    2    1      1318    6   13   -1   11   14   -2  -19   15  -17   -3   -2    5  -16   13  -17    2    3   12
    2    1   15    1    1    5    1   61    1    1      5261   13    3   -6   21   23    3  -10   10  -11   -1   -6    4   -3    6   -6   -8   13    8
    2    1   16    5    2    8    3  179    2    1      3350   13   10   -2    9   12   -1  -14   22  -12   -4    6    8  -15   11  -10   -6   10    3
    2    1   17    5    1    2    3  150    1    1       748   10   -4   -6    9   14   -1  -11   11   -6   -3   -3    3   -5   13   -5   -7   17   14
    2    1   18    3    1    1    1  140    1    1       604   13    4   -5   18   14   -1  -10   10  -11   -1   -5    3   -6    7   -6  -10   13   10
    2    1   19    6    1    0    3  126    2    0      6159   20    5   -3   19   15    0   -9    3   -9    0   -7    4   -4    7    3  -12    7    0
    2    1   20    4    2    1    2  177    2    1       804   10   15   -1   12   12   -3  -13   19  -10   -7    0    2  -14   10   -7  -10   10    5
    2    1   21    1    3    1    1   80    1    0      3920   14   -1   -3   19    9   -5  -10    9   -6  -13   -2    0  -13   19   -3  -12   13    5
    2    1   22    4    1    5    2  143    2    0      1876   14    3   -6   18   16    0  -10    9  -21   -6    2   -3   -5    7   -3  -12   12    8
    2    1   23    4    2    5    2  143    2    1      1124   12   14   -1   12   13    0  -12   19  -13   -6    0    2  -17   15   -7   -5   10   -5
    2    1   24    1    3    9    1   69    3    1       769   16   -3   -5   20    9   -5  -10    9   -6  -13   -1    8  -11   21   -3  -13   12    5
    2    1   25    5    1    7    3  171    1    1      2525   14    6   -8   18   15   -1  -10   11  -11    0   -3   -4   -4    8   -7  -10   21    9
    2    1   26    1    2    9    1   85    2    1      1168   10   13   -1   11   13   -1  -12   20  -12   -5    0    2  -12   11   -8   -7   11    4
    2    1   27    4    2    6    2  162    2    1      5341   18    5    0   12    9   -2  -12   20  -19   -6   -1    4  -15   10   -9   -6   10    5
    2    1   28    5    3    4    3  134    3    1      1314   23    2   -5   19    2   -1  -12    9   -5  -15   -5    4  -17   14   -4  -11   11    5
    2    1   29    2    1    0    0    0    1    1       488   13    3   -5   18   14   -2  -10   10  -11   -1   -5    4   -5    8   -6   -9   13    9
    2    1   30    1    3    2    1   95    1    0      1457   14   -2   -5   20    9   -4  -10   11   -8  -14   -3   -1  -13   23   -4  -11   11    5
    2    1   31    3    2    3    1  128    2    1       978   15   21    1   10   13   -1  -14   20  -13   -5   -1    3  -14   11   -9   -7   10    2
    2    1   32    4    1    3    2  194    1    1       809   14    2   -4   17   14   -3  -11   10  -11    0   -3    9   -5    7   -4   -8   14    9
    2    1   33    1    2    7    1   14    2    1       693   11   14   -1   12   13   -3  -14   20  -12   -6    0    2  -14   11  -10   -7   12    5
    2    1   34    3    3    3    1  181    3    1      3428   16   -2   -5   19   10   -5  -10    9   -7  -13   -3   -1  -13   20    4  -12   12    5
    2    1   35    3    1    3    1  117    1    1       998   13    3   -6   18   14   -2  -10    9  -12    0   -5    4   -5    8   -6   -9   13    9
    2    1   36    4    3    2    2  175    3    1       860   15   -3   -4   22    8   -3   -9    8   -7  -14  -10    0  -11   17    1  -10   11    6
    2    1   37    1    2    1    1   97    2    1       549   10   13   -1   10   13   -1  -14   20  -12   -6   -2    4  -13   11   -9   -9   11    4
    2    1   38    4    1    6    2  137    1    1       601   13    1   -3   18   15    0   -9    9  -12   -3  -15   -1   -4   10   -5  -11   13    8
    2    1   39    1    3    3    1   65    3    1      1281   15   -2   -4   19   10   -5  -10    8   -5  -12   -3    0  -14   20   -2  -13   12    6
    2    1   40    3    3    2    1  110    3    1       619   15   -2   -4   19    8   -4  -10    9   -8  -13   -3    0  -13   19   -2  -13   11    5
    2    1   41    1    1    7    1   27    1    1       844   12    3   -4   17    9    3  -10   10  -11   -1   -4    3   -5    8   -5  -10   13    9
    2    1   42    4    3    4    2  166    3    1       885   11    7   -6   19    8   -6  -11   10   -5  -11   -3   -2  -22   20   -4  -13   19    0
    2    1   43    4    2    4    2  148    2    1      1438    7    8    1   11   11   -3  -17   21  -13   -5    6   10  -12   10   -9   -8   12    4
    2    1   44    4    3    3    2  128    2    0       960   14   -4   -4   19   13  -10  -16    7   -8  -13   -2   -1  -12   19    2  -11   11    7
    2    1   45    1    1    8    1   51    1    1       774   13    3   -5   18   13   -1  -16    3  -10   -2   -5    4   -5    7   -6   -9   13   10
    2    1   46    5    3    8    3  145    1    0      1010   13   -3    5   19   15  -10  -12   10   -8   -3   -8    3  -12   18   -1  -10   13    4
    2    1   47    5    3    6    3  124    1    0       903   17   -1   -6   19    9   -5  -11    2   -6  -11  -11   -8  -12   17   -3  -13   11    4
    2    1   48    1    1    4    1   89    1    1       768   13    3   -5   19   14   -2  -10   10  -12   -1   -6    5   -6    8   -5  -10   12   11
    2    1   49    1    2    2    1   16    1    0       957   10   13   -9   14   14   -1  -13   20   -8   -5   -1    3  -14   11   -9   -7   11    4
    2    1   50    1    1    9    1   97    1    1       851   10    0   -4   17   19    7  -10   11  -10   -2   -7    3  -10   16   -6   -9   13    9
    2    1   51    1    2    6    1   77    2    1       798   10   14    3    3   13   -2  -12   19  -12   -5   -1    4  -15   13   -8   -7   11    4
    2    1   52    5    2    6    3  115    2    1      5051   13   19   -1   10   13   -6  -12   21  -13   -4   -3   -6  -16   14  -18    0   14    1
    2    1   53    1    1    2    1   90    1    1       908   13    3   -5   18   11   -4  -10   10  -10   -2   -6    5   -5    8   -1  -11   13    9
    2    1   54    3    3    1    1  105    3    1       757   14   -1   -4   21    9   -3  -10    8   -7  -13    2   -3  -13   19   -1  -14   12    5
    2    1   55    4    2    2    2  179    2    1       882   11   18    0    9   11   -3  -11   15  -12   -8   -2    3  -14   12  -10   -7    9    4
    2    1   56    4    3    5    2  163    3    1       697   16   -2   -4   22   10   -3  -11    7   -6  -12   -3   -3  -13   20   -3  -17   14    5
    2    1   57    1    2    5    1   47    2    1       906   10   13    1   10   13   -1  -12   20  -11   -5   -1    4  -14   11   -9   -7   11    5
    2    1   58    5    3    7    3  158    1    0       737   19    0   -7   22   12   -4   -9    9   -5  -11   -2    2  -13    9   -8   -7   14    6
    2    1   59    5    1    3    3  195    1    1      1021   18    4   -7   18   21   -5   -9   12  -16  -11   -6   12   -5    9   -5  -10   14   10
    2    1   60    1    1    1    1   82    1    1       880   13   -7    4   12   14   -2  -16    9  -11   -1   -6    0   -5    8   -6   -9   17    5
    2    1   61    3    2    2    1  104    2    1      1352   11   14   -1   12   12   -2   -3   22  -12   -5   -5   -6  -14   11   -9   -7   12    5
    2    1   62    3    2    1    1  171    2    1       988   11   13    0   11   13   -2  -12   20  -10  -10   -1    2  -14   12   -8   -7   11    4
    2    1   63    5    1    1    3  112    3    0      1057   15   -7   -7   19   14   -3  -12   11  -19    0   -5    6    3    6  -14    1   14   11
    2    1   64    1    2    3    1   96    2    1      3875   10   14    0   11   12    0  -14   20  -12   -4   -1    3  -13   10   -9   -7   11    4
    2    1   65    5    3    2    3  125    1    0       717   16   -3   -4   20   13   -9   -6    5   -3   -8   -4   -2  -11   20   -4  -14   11    7
    2    1   66    5    1    5    3  157    2    0      2044    7    2   -4   17   13   -3   -6   14  -19    0   -6    5   -9   14  -11  -14   20    7
    2    1   67    5    2    2    3  189    2    1       646   12   12   -1   12   16    0   -6   20  -10   -2    0    2  -15   16  -10   -6   17   -2
    2    1   68    6    3    0    3  110    3    1      8329   17   -2    3   22    9   -3  -14   14   -8   -4   -4    1  -14   20  -13  -15    7   12
    2    1   69    1    1    6    1   10    1    1      5337   13    2   -4   17   14   -2  -11   11  -11   -1   -5    5   -8    5   -7   -8   12    8
    2    1   70    1    3    4    1    4    1    0      1550   15   -2   -5   19    8  -10  -10    8   -6  -14   -3    0  -13   18   -4  -12   11    6
    2    1   71    6    2    0    3  129    2    1       892   10   12    0   10   13   -4   -6   13   -5    4    0    4  -10    8   -4  -12    4    8
    2    1   72    1    3    8    1   71    3    1      1187   15   -3   -5   20    9   -5  -10    9   -7  -13   -3    0  -13   19   -3  -13   13    6
    2    1   73    5    1    8    3  124    2    0      5712    8   11    1   21   13   -1   -9    6   -8   -6   -5    3   -4   12    1   -3   23    4
    2    1   74    4    1    4    2  104    1    1       983   14    5   -2   21   14   -3   -9   12  -21    1   -6    3   -4    7   -8   -8   13   10
    2    1   75    5    1    6    3  122    1    1      4859   12    3   -3   12   13   -3  -10    9   -9    0   -4    5    0   15   -1    0   12   10
    2    1   76    5    2    9    3  124    2    1      9972   11   13   -1   12   17   -1   -9   23   -2  -11    3   -1   -5   13   -9   -6   10    5
    2    1   77    5    2    5    3  114    1    0      1181    0   23    0   10   14   -1  -14   20  -16   -1   -3    0  -14   10   -6   -2   13    2
    2    1   78    5    3    3    3  192    2    0      2394   19   -8   -5   19    9   -3   -9    9   -4  -16   -4    0   -7   12    1  -15   12    3
    2    1   79    3    1    2    1  165    1    1       847   14    3   -5   18   15   -3  -11   10  -12   -1   -5    4   -5    9   -6   -9   13    9
    2    1   80    4    1    1    2  170    1    1      1161   21   -3   -1   21   13   -4  -12    8  -18    4  -10    6   -4   10   -4   -8   13    8
    2    1   81    5    2    1    3  170    2    1      6001   10   11   -9    6   18    6  -14   21  -13   -6    4   10  -18   12  -13   -9    2    7
    2    1   82    4    3    1    2  171    3    1      1100   17    0  -15   24   11   -6   -8    8   -2  -16   -4    1  -12   17   -5  -13   12    6
    2    1   83    5    2    3    3  195    2    1     13914   13    9   -2   12   15   -1   -6   20  -13  -11    0    3  -17   18  -12   -8    9    3
    2    1   84    2    2    0    0    0    2    1      1127   10   13    0   11   13   -1  -13   20  -12   -6   -1    3  -14   11   -9   -7   11    4
    2    1   85    5    1    9    3  147    2    0      1173    9   10   -5   19   16   -1  -17   19   -3    1   -6    4   -6    8  -16   -7   13   11
    2    1   86    2    3    0    0    0    3    1      1361   15   -2   -5   20    9   -4  -10    9   -7  -13   -3    0  -13   19   -3  -12   12    5
    2    1   87    4    3    6    2  116    3    1      2934   15   -3   -4   19    5  -14  -13   11   -4  -15    0    4  -12   19   -2   -7   13    3
