    1    1    1    1    3    4    1   95    1    0      2731   14   -2   -5   20    9   -4  -10   11   -8  -14   -3   -1  -13   23   -4  -11   11    5
    1    1    2    1    3    8    2   92    3    1      1823   14   -1    0   14    7   -6   -9    8   -5  -14   -3    1  -15   23   -3  -13   11    5
    1    1    3    1    2    1    1   97    1    0       915   10   13   -1   10   13   -1  -14   20  -12   -6   -2    4  -13   11   -9   -9   11    4
    1    1    4    1    1    2    2   92    2    0      1658   14    3   -5   17   22    6  -10    9  -12    0   -4    3   -3    7   -6  -10    8   10
    1    1    5    1    2    2    2   96    1    0       692   12   10    6    6   17    1  -11   20  -12   -7    1    1  -15   11  -10    3    9    3
    1    1    6    1    1    5    2   63    1    1      3590   15    2   -7   19   15   -2   -9   12  -11   -2   -2    1   -4   10   -7   -8   12   10
    1    1    7    1    1    8    2   10    3    0       804   17    7   -6   20   16   -4   -8   11   -6    4   -4    9  -10    8  -14   -9    8    7
    1    1    8    1    2    9    3   90    2    1      2336    6   17    4    9   21   -4  -15   22  -11   -7  -10    7  -15   18  -13  -13    2    5
    1    1    9    1    1    9    3   94    3    0      1039   18    3   -8   14    8    0  -11    8  -19  -10   -7    1  -15    2  -11  -16   19   18
    1    1   10    1    3    1    1   80    2    0      2306   14   -1   -3   19    9   -5  -10    9   -6  -13   -2    0  -13   19   -3  -12   13    5
    1    1   11    1    3    5    2   85    1    0      2707   15   -3   -4   19    8   -3   -9    8   -8  -14   -4    5  -15   21   -2  -10   11    6
    1    1   12    1    1    4    1   90    2    0       819   13    3   -5   18   11   -4  -10   10  -10   -2   -6    5   -5    8   -1  -11   13    9
    1    1   13    1    2    4    1   16    3    0      1631   10   13   -9   14   14   -1  -13   20   -8   -5   -1    3  -14   11   -9   -7   11    4
    1    1   14    1    3    9    3   73    2    0      4683   14    3   -9   12    6   -6  -17    2   -8  -13   -4   -1  -14   19  -11   -7    7    2
    1    1   15    1    3    2    2    4    1    0       956   17    2   -4   16   16  -10  -11   10  -12  -12   -5    1   -9   22   -1  -11   12    4
    1    1   16    1    3    3    3   68    3    1      2066   20    2   -3   21    9   -5  -10   10  -11  -21   -3    1  -19   16   -2  -11   12    3
    1    1   17    1    1    1    1   82    2    0      1788   13   -7    4   12   14   -2  -16    9  -11   -1   -6    0   -5    8   -6   -9   17    5
    1    1   18    1    1    6    3   55    3    0       864   19    7    2   11   21  -12  -13    7   -8    1   -8    6   -1    6    0   -8   17    1
    1    1   19    1    3    6    3   76    3    1      1706   12   -4    3   19   10   -3    0    0  -15  -17   -6   -9  -13   14   -4  -11   20   13
    1    1   20    1    2    3    3   15    2    1       849   20   18    6    1    9    0   -4   15  -14  -11   -2    4  -14    3   -7  -11   12    0
    1    1   21    1    1    3    3   28    3    0       652   22    3   -7   20    9    6   -9    9  -16    1   -4    6   -2   10  -10  -12   12   10
    1    1   22    1    2    8    2   79    1    0      1310    9   13   -1   11   11    1  -11   18  -16  -13    3    1  -15   12  -10   -6    8   -1
    1    1   23    1    3    7    1   65    1    0      1206   15   -2   -4   19   10   -5  -10    8   -5  -12   -3    0  -14   20   -2  -13   12    6
    1    1   24    1    1    7    1   13    1    1      8563   13    2   -6   20   13   -3  -10   10  -11   -1    1    8   -9    3   -7   -8   12   10
    1    1   25    1    2    5    2   49    1    0      1577   11   13    1   11   14    1  -13   21  -14   -5   -3    2  -18   16   -6  -10   11    6
    1    1   26    1    2    7    1   96    1    0       790   10   14    0   11   12    0  -14   20  -12   -4   -1    3  -13   10   -9   -7   11    4
    1    1   27    1    2    6    3   42    3    0      1283   11   13    0   12   12   -1  -10   20   -8  -10   -5   -7  -16   18   -8   -6   10   -6
    1    2    1    1    1    9    3   94    3    0       699   18    3   -8   14    8    0  -11    8  -19  -10   -7    1  -15    2  -11  -16   19   18
    1    2    2    1    3    2    2    4    3    1      4091   17    2   -4   16   16  -10  -11   10  -12  -12   -5    1   -9   22   -1  -11   12    4
    1    2    3    1    3    8    2   92    3    1       721   14   -1    0   14    7   -6   -9    8   -5  -14   -3    1  -15   23   -3  -13   11    5
    1    2    4    1    3    4    1   95    3    1       591   14   -2   -5   20    9   -4  -10   11   -8  -14   -3   -1  -13   23   -4  -11   11    5
    1    2    5    1    1    2    2   92    3    0       627   14    3   -5   17   22    6  -10    9  -12    0   -4    3   -3    7   -6  -10    8   10
    1    2    6    1    1    6    3   55    1    1       902   19    7    2   11   21  -12  -13    7   -8    1   -8    6   -1    6    0   -8   17    1
    1    2    7    1    3    1    1   80    2    0      1933   14   -1   -3   19    9   -5  -10    9   -6  -13   -2    0  -13   19   -3  -12   13    5
    1    2    8    1    2    1    1   97    1    0       973   10   13   -1   10   13   -1  -14   20  -12   -6   -2    4  -13   11   -9   -9   11    4
    1    2    9    1    1    7    1   13    2    0      1970   13    2   -6   20   13   -3  -10   10  -11   -1    1    8   -9    3   -7   -8   12   10
    1    2   10    1    2    7    1   96    1    0       993   10   14    0   11   12    0  -14   20  -12   -4   -1    3  -13   10   -9   -7   11    4
    1    2   11    1    1    3    3   28    3    0       773   22    3   -7   20    9    6   -9    9  -16    1   -4    6   -2   10  -10  -12   12   10
    1    2   12    1    3    5    2   85    3    1       945   15   -3   -4   19    8   -3   -9    8   -8  -14   -4    5  -15   21   -2  -10   11    6
    1    2   13    1    2    8    2   79    1    0      2824    9   13   -1   11   11    1  -11   18  -16  -13    3    1  -15   12  -10   -6    8   -1
    1    2   14    1    3    9    3   73    2    0       609   14    3   -9   12    6   -6  -17    2   -8  -13   -4   -1  -14   19  -11   -7    7    2
    1    2   15    1    2    4    1   16    2    1      1573   10   13   -9   14   14   -1  -13   20   -8   -5   -1    3  -14   11   -9   -7   11    4
    1    2   16    1    1    8    2   10    1    1      1106   17    7   -6   20   16   -4   -8   11   -6    4   -4    9  -10    8  -14   -9    8    7
    1    2   17    1    2    6    3   42    1    0      1071   11   13    0   12   12   -1  -10   20   -8  -10   -5   -7  -16   18   -8   -6   10   -6
    1    2   18    1    3    7    1   65    1    0      1312   15   -2   -4   19   10   -5  -10    8   -5  -12   -3    0  -14   20   -2  -13   12    6
    1    2   19    1    1    4    1   90    2    0      2472   13    3   -5   18   11   -4  -10   10  -10   -2   -6    5   -5    8   -1  -11   13    9
    1    2   20    1    2    2    2   96    3    0      1329   12   10    6    6   17    1  -11   20  -12   -7    1    1  -15   11  -10    3    9    3
    1    2   21    1    3    6    3   76    3    1      6104   12   -4    3   19   10   -3    0    0  -15  -17   -6   -9  -13   14   -4  -11   20   13
    1    2   22    1    2    3    3   15    2    1      1966   20   18    6    1    9    0   -4   15  -14  -11   -2    4  -14    3   -7  -11   12    0
    1    2   23    1    2    9    3   90    3    0      1547    6   17    4    9   21   -4  -15   22  -11   -7  -10    7  -15   18  -13  -13    2    5
    1    2   24    1    1    5    2   63    1    1      4136   15    2   -7   19   15   -2   -9   12  -11   -2   -2    1   -4   10   -7   -8   12   10
    1    2   25    1    1    1    1   82    1    1      1213   13   -7    4   12   14   -2  -16    9  -11   -1   -6    0   -5    8   -6   -9   17    5
    1    2   26    1    2    5    2   49    2    1      1831   11   13    1   11   14    1  -13   21  -14   -5   -3    2  -18   16   -6  -10   11    6
    1    2   27    1    3    3    3   68    1    0      1097   20    2   -3   21    9   -5  -10   10  -11  -21   -3    1  -19   16   -2  -11   12    3
    1    3    1    1    2    2    2   96    2    1      1769   12   10    6    6   17    1  -11   20  -12   -7    1    1  -15   11  -10    3    9    3
    1    3    2    1    1    4    1   90    1    1      1501   13    3   -5   18   11   -4  -10   10  -10   -2   -6    5   -5    8   -1  -11   13    9
    1    3    3    1    2    8    2   79    2    1      1180    9   13   -1   11   11    1  -11   18  -16  -13    3    1  -15   12  -10   -6    8   -1
    1    3    4    1    2    9    3   90    3    0       937    6   17    4    9   21   -4  -15   22  -11   -7  -10    7  -15   18  -13  -13    2    5
    1    3    5    1    3    1    1   80    1    0       960   14   -1   -3   19    9   -5  -10    9   -6  -13   -2    0  -13   19   -3  -12   13    5
    1    3    6    1    3    5    2   85    2    0      1590   15   -3   -4   19    8   -3   -9    8   -8  -14   -4    5  -15   21   -2  -10   11    6
    1    3    7    1    1    6    3   55    2    0      6658   19    7    2   11   21  -12  -13    7   -8    1   -8    6   -1    6    0   -8   17    1
    1    3    8    1    2    7    1   96    1    0       933   10   14    0   11   12    0  -14   20  -12   -4   -1    3  -13   10   -9   -7   11    4
    1    3    9    1    3    3    3   68    3    1       905   20    2   -3   21    9   -5  -10   10  -11  -21   -3    1  -19   16   -2  -11   12    3
    1    3   10    1    2    3    3   15    2    1      1952   20   18    6    1    9    0   -4   15  -14  -11   -2    4  -14    3   -7  -11   12    0
    1    3   11    1    1    1    1   82    1    1      1053   13   -7    4   12   14   -2  -16    9  -11   -1   -6    0   -5    8   -6   -9   17    5
    1    3   12    1    3    4    1   95    1    0      1743   14   -2   -5   20    9   -4  -10   11   -8  -14   -3   -1  -13   23   -4  -11   11    5
    1    3   13    1    1    3    3   28    3    0       613   22    3   -7   20    9    6   -9    9  -16    1   -4    6   -2   10  -10  -12   12   10
    1    3   14    1    2    1    1   97    2    1       889   10   13   -1   10   13   -1  -14   20  -12   -6   -2    4  -13   11   -9   -9   11    4
    1    3   15    1    1    7    1   13    2    0      1058   13    2   -6   20   13   -3  -10   10  -11   -1    1    8   -9    3   -7   -8   12   10
    1    3   16    1    2    6    3   42    1    0      8053   11   13    0   12   12   -1  -10   20   -8  -10   -5   -7  -16   18   -8   -6   10   -6
    1    3   17    1    3    8    2   92    2    0      1713   14   -1    0   14    7   -6   -9    8   -5  -14   -3    1  -15   23   -3  -13   11    5
    1    3   18    1    2    4    1   16    2    1      4345   10   13   -9   14   14   -1  -13   20   -8   -5   -1    3  -14   11   -9   -7   11    4
    1    3   19    1    1    9    3   94    3    0       921   18    3   -8   14    8    0  -11    8  -19  -10   -7    1  -15    2  -11  -16   19   18
    1    3   20    1    1    2    2   92    1    1       991   14    3   -5   17   22    6  -10    9  -12    0   -4    3   -3    7   -6  -10    8   10
    1    3   21    1    1    8    2   10    3    0      1651   17    7   -6   20   16   -4   -8   11   -6    4   -4    9  -10    8  -14   -9    8    7
    1    3   22    1    3    2    2    4    2    0       909   17    2   -4   16   16  -10  -11   10  -12  -12   -5    1   -9   22   -1  -11   12    4
    1    3   23    1    3    6    3   76    3    1      1749   12   -4    3   19   10   -3    0    0  -15  -17   -6   -9  -13   14   -4  -11   20   13
    1    3   24    1    1    5    2   63    1    1      1243   15    2   -7   19   15   -2   -9   12  -11   -2   -2    1   -4   10   -7   -8   12   10
    1    3   25    1    2    5    2   49    2    1      1445   11   13    1   11   14    1  -13   21  -14   -5   -3    2  -18   16   -6  -10   11    6
    1    3   26    1    3    9    3   73    2    0      1080   14    3   -9   12    6   -6  -17    2   -8  -13   -4   -1  -14   19  -11   -7    7    2
    1    3   27    1    3    7    1   65    2    0      1384   15   -2   -4   19   10   -5  -10    8   -5  -12   -3    0  -14   20   -2  -13   12    6
    1    4    1    1    2    8    2   79    3    0       860    9   13   -1   11   11    1  -11   18  -16  -13    3    1  -15   12  -10   -6    8   -1
    1    4    2    1    2    2    2   96    2    1      1205   12   10    6    6   17    1  -11   20  -12   -7    1    1  -15   11  -10    3    9    3
    1    4    3    1    3    9    3   73    2    0      2321   14    3   -9   12    6   -6  -17    2   -8  -13   -4   -1  -14   19  -11   -7    7    2
    1    4    4    1    2    5    2   49    3    0      1249   11   13    1   11   14    1  -13   21  -14   -5   -3    2  -18   16   -6  -10   11    6
    1    4    5    1    3    2    2    4    3    1     10827   17    2   -4   16   16  -10  -11   10  -12  -12   -5    1   -9   22   -1  -11   12    4
    1    4    6    1    1    4    1   90    2    0      1429   13    3   -5   18   11   -4  -10   10  -10   -2   -6    5   -5    8   -1  -11   13    9
    1    4    7    1    3    7    1   65    1    0      2103   15   -2   -4   19   10   -5  -10    8   -5  -12   -3    0  -14   20   -2  -13   12    6
    1    4    8    1    3    8    2   92    3    1      1006   14   -1    0   14    7   -6   -9    8   -5  -14   -3    1  -15   23   -3  -13   11    5
    1    4    9    1    1    8    2   10    1    1      1585   17    7   -6   20   16   -4   -8   11   -6    4   -4    9  -10    8  -14   -9    8    7
    1    4   10    1    1    2    2   92    1    1      1053   14    3   -5   17   22    6  -10    9  -12    0   -4    3   -3    7   -6  -10    8   10
    1    4   11    1    3    4    1   95    3    1       766   14   -2   -5   20    9   -4  -10   11   -8  -14   -3   -1  -13   23   -4  -11   11    5
    1    4   12    1    2    1    1   97    2    1      1180   10   13   -1   10   13   -1  -14   20  -12   -6   -2    4  -13   11   -9   -9   11    4
    1    4   13    1    3    1    1   80    3    1       650   14   -1   -3   19    9   -5  -10    9   -6  -13   -2    0  -13   19   -3  -12   13    5
    1    4   14    1    3    5    2   85    3    1      1101   15   -3   -4   19    8   -3   -9    8   -8  -14   -4    5  -15   21   -2  -10   11    6
    1    4   15    1    2    9    3   90    3    0      2188    6   17    4    9   21   -4  -15   22  -11   -7  -10    7  -15   18  -13  -13    2    5
    1    4   16    1    1    1    1   82    2    0      1089   13   -7    4   12   14   -2  -16    9  -11   -1   -6    0   -5    8   -6   -9   17    5
    1    4   17    1    1    7    1   13    1    1      1057   13    2   -6   20   13   -3  -10   10  -11   -1    1    8   -9    3   -7   -8   12   10
    1    4   18    1    3    3    3   68    3    1       803   20    2   -3   21    9   -5  -10   10  -11  -21   -3    1  -19   16   -2  -11   12    3
    1    4   19    1    2    7    1   96    2    1       703   10   14    0   11   12    0  -14   20  -12   -4   -1    3  -13   10   -9   -7   11    4
    1    4   20    1    1    6    3   55    1    1       863   19    7    2   11   21  -12  -13    7   -8    1   -8    6   -1    6    0   -8   17    1
    1    4   21    1    1    3    3   28    3    0      1368   22    3   -7   20    9    6   -9    9  -16    1   -4    6   -2   10  -10  -12   12   10
    1    4   22    1    2    6    3   42    2    1      1388   11   13    0   12   12   -1  -10   20   -8  -10   -5   -7  -16   18   -8   -6   10   -6
    1    4   23    1    2    3    3   15    3    0      2418   20   18    6    1    9    0   -4   15  -14  -11   -2    4  -14    3   -7  -11   12    0
    1    4   24    1    1    5    2   63    1    1       780   15    2   -7   19   15   -2   -9   12  -11   -2   -2    1   -4   10   -7   -8   12   10
    1    4   25    1    3    6    3   76    3    1      1658   12   -4    3   19   10   -3    0    0  -15  -17   -6   -9  -13   14   -4  -11   20   13
    1    4   26    1    1    9    3   94    1    1      1028   18    3   -8   14    8    0  -11    8  -19  -10   -7    1  -15    2  -11  -16   19   18
    1    4   27    1    2    4    1   16    2    1       871   10   13   -9   14   14   -1  -13   20   -8   -5   -1    3  -14   11   -9   -7   11    4
    1    5    1    1    2    1    1   97    2    1       705   10   13   -1   10   13   -1  -14   20  -12   -6   -2    4  -13   11   -9   -9   11    4
    1    5    2    1    2    5    2   49    2    1      2498   11   13    1   11   14    1  -13   21  -14   -5   -3    2  -18   16   -6  -10   11    6
    1    5    3    1    3    6    3   76    3    1      1099   12   -4    3   19   10   -3    0    0  -15  -17   -6   -9  -13   14   -4  -11   20   13
    1    5    4    1    1    6    3   55    1    1       715   19    7    2   11   21  -12  -13    7   -8    1   -8    6   -1    6    0   -8   17    1
    1    5    5    1    1    4    1   90    1    1      1131   13    3   -5   18   11   -4  -10   10  -10   -2   -6    5   -5    8   -1  -11   13    9
    1    5    6    1    1    7    1   13    1    1      1433   13    2   -6   20   13   -3  -10   10  -11   -1    1    8   -9    3   -7   -8   12   10
    1    5    7    1    2    8    2   79    3    0      1613    9   13   -1   11   11    1  -11   18  -16  -13    3    1  -15   12  -10   -6    8   -1
    1    5    8    1    3    8    2   92    3    1       665   14   -1    0   14    7   -6   -9    8   -5  -14   -3    1  -15   23   -3  -13   11    5
    1    5    9    1    1    9    3   94    1    1       637   18    3   -8   14    8    0  -11    8  -19  -10   -7    1  -15    2  -11  -16   19   18
    1    5   10    1    3    1    1   80    3    1      2417   14   -1   -3   19    9   -5  -10    9   -6  -13   -2    0  -13   19   -3  -12   13    5
    1    5   11    1    2    6    3   42    2    1      1245   11   13    0   12   12   -1  -10   20   -8  -10   -5   -7  -16   18   -8   -6   10   -6
    1    5   12    1    1    3    3   28    1    1      1047   22    3   -7   20    9    6   -9    9  -16    1   -4    6   -2   10  -10  -12   12   10
    1    5   13    1    2    7    1   96    2    1       841   10   14    0   11   12    0  -14   20  -12   -4   -1    3  -13   10   -9   -7   11    4
    1    5   14    1    3    5    2   85    3    1      1364   15   -3   -4   19    8   -3   -9    8   -8  -14   -4    5  -15   21   -2  -10   11    6
    1    5   15    1    2    9    3   90    1    0      1033    6   17    4    9   21   -4  -15   22  -11   -7  -10    7  -15   18  -13  -13    2    5
    1    5   16    1    1    8    2   10    1    1      2989   17    7   -6   20   16   -4   -8   11   -6    4   -4    9  -10    8  -14   -9    8    7
    1    5   17    1    2    2    2   96    3    0      1826   12   10    6    6   17    1  -11   20  -12   -7    1    1  -15   11  -10    3    9    3
    1    5   18    1    2    4    1   16    2    1      1605   10   13   -9   14   14   -1  -13   20   -8   -5   -1    3  -14   11   -9   -7   11    4
    1    5   19    1    3    7    1   65    2    0      1410   15   -2   -4   19   10   -5  -10    8   -5  -12   -3    0  -14   20   -2  -13   12    6
    1    5   20    1    3    9    3   73    2    0      2662   14    3   -9   12    6   -6  -17    2   -8  -13   -4   -1  -14   19  -11   -7    7    2
    1    5   21    1    1    2    2   92    1    1      1033   14    3   -5   17   22    6  -10    9  -12    0   -4    3   -3    7   -6  -10    8   10
    1    5   22    1    3    4    1   95    3    1      1386   14   -2   -5   20    9   -4  -10   11   -8  -14   -3   -1  -13   23   -4  -11   11    5
    1    5   23    1    2    3    3   15    3    0      1727   20   18    6    1    9    0   -4   15  -14  -11   -2    4  -14    3   -7  -11   12    0
    1    5   24    1    3    2    2    4    3    1      1959   17    2   -4   16   16  -10  -11   10  -12  -12   -5    1   -9   22   -1  -11   12    4
    1    5   25    1    1    1    1   82    1    1      1383   13   -7    4   12   14   -2  -16    9  -11   -1   -6    0   -5    8   -6   -9   17    5
    1    5   26    1    3    3    3   68    3    1       829   20    2   -3   21    9   -5  -10   10  -11  -21   -3    1  -19   16   -2  -11   12    3
    1    5   27    1    1    5    2   63    1    1      2585   15    2   -7   19   15   -2   -9   12  -11   -2   -2    1   -4   10   -7   -8   12   10
    1    6    1    1    1    6    3   55    1    1       846   19    7    2   11   21  -12  -13    7   -8    1   -8    6   -1    6    0   -8   17    1
    1    6    2    1    1    1    1   82    1    1       552   13   -7    4   12   14   -2  -16    9  -11   -1   -6    0   -5    8   -6   -9   17    5
    1    6    3    1    2    4    1   16    2    1      1232   10   13   -9   14   14   -1  -13   20   -8   -5   -1    3  -14   11   -9   -7   11    4
    1    6    4    1    3    5    2   85    3    1      1132   15   -3   -4   19    8   -3   -9    8   -8  -14   -4    5  -15   21   -2  -10   11    6
    1    6    5    1    1    3    3   28    1    1       940   22    3   -7   20    9    6   -9    9  -16    1   -4    6   -2   10  -10  -12   12   10
    1    6    6    1    2    5    2   49    3    0      1842   11   13    1   11   14    1  -13   21  -14   -5   -3    2  -18   16   -6  -10   11    6
    1    6    7    1    3    4    1   95    3    1       885   14   -2   -5   20    9   -4  -10   11   -8  -14   -3   -1  -13   23   -4  -11   11    5
    1    6    8    1    1    2    2   92    1    1       863   14    3   -5   17   22    6  -10    9  -12    0   -4    3   -3    7   -6  -10    8   10
    1    6    9    1    2    8    2   79    3    0      2986    9   13   -1   11   11    1  -11   18  -16  -13    3    1  -15   12  -10   -6    8   -1
    1    6   10    1    2    9    3   90    3    0      1037    6   17    4    9   21   -4  -15   22  -11   -7  -10    7  -15   18  -13  -13    2    5
    1    6   11    1    3    2    2    4    2    0      1601   17    2   -4   16   16  -10  -11   10  -12  -12   -5    1   -9   22   -1  -11   12    4
    1    6   12    1    3    3    3   68    3    1       895   20    2   -3   21    9   -5  -10   10  -11  -21   -3    1  -19   16   -2  -11   12    3
    1    6   13    1    3    9    3   73    2    0      2663   14    3   -9   12    6   -6  -17    2   -8  -13   -4   -1  -14   19  -11   -7    7    2
    1    6   14    1    3    8    2   92    3    1       778   14   -1    0   14    7   -6   -9    8   -5  -14   -3    1  -15   23   -3  -13   11    5
    1    6   15    1    3    7    1   65    3    1      1432   15   -2   -4   19   10   -5  -10    8   -5  -12   -3    0  -14   20   -2  -13   12    6
    1    6   16    1    3    1    1   80    3    1       509   14   -1   -3   19    9   -5  -10    9   -6  -13   -2    0  -13   19   -3  -12   13    5
    1    6   17    1    1    5    2   63    2    0      1045   15    2   -7   19   15   -2   -9   12  -11   -2   -2    1   -4   10   -7   -8   12   10
    1    6   18    1    1    7    1   13    1    1       761   13    2   -6   20   13   -3  -10   10  -11   -1    1    8   -9    3   -7   -8   12   10
    1    6   19    1    2    1    1   97    2    1      1734   10   13   -1   10   13   -1  -14   20  -12   -6   -2    4  -13   11   -9   -9   11    4
    1    6   20    1    1    9    3   94    1    1      1566   18    3   -8   14    8    0  -11    8  -19  -10   -7    1  -15    2  -11  -16   19   18
    1    6   21    1    1    4    1   90    1    1      2171   13    3   -5   18   11   -4  -10   10  -10   -2   -6    5   -5    8   -1  -11   13    9
    1    6   22    1    2    3    3   15    1    0      3121   20   18    6    1    9    0   -4   15  -14  -11   -2    4  -14    3   -7  -11   12    0
    1    6   23    1    3    6    3   76    3    1      1185   12   -4    3   19   10   -3    0    0  -15  -17   -6   -9  -13   14   -4  -11   20   13
    1    6   24    1    1    8    2   10    1    1      1389   17    7   -6   20   16   -4   -8   11   -6    4   -4    9  -10    8  -14   -9    8    7
    1    6   25    1    2    2    2   96    3    0      1857   12   10    6    6   17    1  -11   20  -12   -7    1    1  -15   11  -10    3    9    3
    1    6   26    1    2    7    1   96    2    1      1159   10   14    0   11   12    0  -14   20  -12   -4   -1    3  -13   10   -9   -7   11    4
    1    6   27    1    2    6    3   42    3    0      1862   11   13    0   12   12   -1  -10   20   -8  -10   -5   -7  -16   18   -8   -6   10   -6
    1    7    1    1    2    1    1   97    2    1      1816   10   13   -1   10   13   -1  -14   20  -12   -6   -2    4  -13   11   -9   -9   11    4
    1    7    2    1    3    9    3   73    1    0      4270   14    3   -9   12    6   -6  -17    2   -8  -13   -4   -1  -14   19  -11   -7    7    2
    1    7    3    1    3    8    2   92    3    1       864   14   -1    0   14    7   -6   -9    8   -5  -14   -3    1  -15   23   -3  -13   11    5
    1    7    4    1    2    7    1   96    2    1       796   10   14    0   11   12    0  -14   20  -12   -4   -1    3  -13   10   -9   -7   11    4
    1    7    5    1    2    6    3   42    2    1      1946   11   13    0   12   12   -1  -10   20   -8  -10   -5   -7  -16   18   -8   -6   10   -6
    1    7    6    1    1    4    1   90    1    1      1146   13    3   -5   18   11   -4  -10   10  -10   -2   -6    5   -5    8   -1  -11   13    9
    1    7    7    1    2    8    2   79    1    0      1864    9   13   -1   11   11    1  -11   18  -16  -13    3    1  -15   12  -10   -6    8   -1
    1    7    8    1    3    6    3   76    2    0      1626   12   -4    3   19   10   -3    0    0  -15  -17   -6   -9  -13   14   -4  -11   20   13
    1    7    9    1    1    5    2   63    1    1       822   15    2   -7   19   15   -2   -9   12  -11   -2   -2    1   -4   10   -7   -8   12   10
    1    7   10    1    3    3    3   68    3    1       850   20    2   -3   21    9   -5  -10   10  -11  -21   -3    1  -19   16   -2  -11   12    3
    1    7   11    1    1    3    3   28    3    0      3436   22    3   -7   20    9    6   -9    9  -16    1   -4    6   -2   10  -10  -12   12   10
    1    7   12    1    2    4    1   16    2    1      3376   10   13   -9   14   14   -1  -13   20   -8   -5   -1    3  -14   11   -9   -7   11    4
    1    7   13    1    2    2    2   96    2    1      3398   12   10    6    6   17    1  -11   20  -12   -7    1    1  -15   11  -10    3    9    3
    1    7   14    1    3    2    2    4    1    0      2763   17    2   -4   16   16  -10  -11   10  -12  -12   -5    1   -9   22   -1  -11   12    4
    1    7   15    1    1    2    2   92    1    1      1386   14    3   -5   17   22    6  -10    9  -12    0   -4    3   -3    7   -6  -10    8   10
    1    7   16    1    1    7    1   13    1    1      1663   13    2   -6   20   13   -3  -10   10  -11   -1    1    8   -9    3   -7   -8   12   10
    1    7   17    1    3    1    1   80    1    0      2331   14   -1   -3   19    9   -5  -10    9   -6  -13   -2    0  -13   19   -3  -12   13    5
    1    7   18    1    1    1    1   82    1    1      2043   13   -7    4   12   14   -2  -16    9  -11   -1   -6    0   -5    8   -6   -9   17    5
    1    7   19    1    3    7    1   65    2    0      2005   15   -2   -4   19   10   -5  -10    8   -5  -12   -3    0  -14   20   -2  -13   12    6
    1    7   20    1    1    9    3   94    1    1       722   18    3   -8   14    8    0  -11    8  -19  -10   -7    1  -15    2  -11  -16   19   18
    1    7   21    1    2    5    2   49    1    0      1760   11   13    1   11   14    1  -13   21  -14   -5   -3    2  -18   16   -6  -10   11    6
    1    7   22    1    1    6    3   55    1    1       918   19    7    2   11   21  -12  -13    7   -8    1   -8    6   -1    6    0   -8   17    1
    1    7   23    1    2    3    3   15    3    0      2623   20   18    6    1    9    0   -4   15  -14  -11   -2    4  -14    3   -7  -11   12    0
    1    7   24    1    3    4    1   95    3    1       866   14   -2   -5   20    9   -4  -10   11   -8  -14   -3   -1  -13   23   -4  -11   11    5
    1    7   25    1    2    9    3   90    3    0      2877    6   17    4    9   21   -4  -15   22  -11   -7  -10    7  -15   18  -13  -13    2    5
    1    7   26    1    3    5    2   85    3    1       887   15   -3   -4   19    8   -3   -9    8   -8  -14   -4    5  -15   21   -2  -10   11    6
    1    7   27    1    1    8    2   10    1    1      1329   17    7   -6   20   16   -4   -8   11   -6    4   -4    9  -10    8  -14   -9    8    7
    1    8    1    1    3    3    3   68    3    1      1575   20    2   -3   21    9   -5  -10   10  -11  -21   -3    1  -19   16   -2  -11   12    3
    1    8    2    1    1    5    2   63    1    1      1173   15    2   -7   19   15   -2   -9   12  -11   -2   -2    1   -4   10   -7   -8   12   10
    1    8    3    1    2    4    1   16    2    1      1652   10   13   -9   14   14   -1  -13   20   -8   -5   -1    3  -14   11   -9   -7   11    4
    1    8    4    1    2    6    3   42    2    1      2223   11   13    0   12   12   -1  -10   20   -8  -10   -5   -7  -16   18   -8   -6   10   -6
    1    8    5    1    3    9    3   73    1    0      1028   14    3   -9   12    6   -6  -17    2   -8  -13   -4   -1  -14   19  -11   -7    7    2
    1    8    6    1    1    7    1   13    1    1       567   13    2   -6   20   13   -3  -10   10  -11   -1    1    8   -9    3   -7   -8   12   10
    1    8    7    1    2    2    2   96    2    1      2026   12   10    6    6   17    1  -11   20  -12   -7    1    1  -15   11  -10    3    9    3
    1    8    8    1    3    2    2    4    3    1      1174   17    2   -4   16   16  -10  -11   10  -12  -12   -5    1   -9   22   -1  -11   12    4
    1    8    9    1    3    5    2   85    3    1       950   15   -3   -4   19    8   -3   -9    8   -8  -14   -4    5  -15   21   -2  -10   11    6
    1    8   10    1    2    1    1   97    2    1      1534   10   13   -1   10   13   -1  -14   20  -12   -6   -2    4  -13   11   -9   -9   11    4
    1    8   11    1    3    7    1   65    3    1      1757   15   -2   -4   19   10   -5  -10    8   -5  -12   -3    0  -14   20   -2  -13   12    6
    1    8   12    1    1    1    1   82    1    1       964   13   -7    4   12   14   -2  -16    9  -11   -1   -6    0   -5    8   -6   -9   17    5
    1    8   13    1    2    8    2   79    1    0       842    9   13   -1   11   11    1  -11   18  -16  -13    3    1  -15   12  -10   -6    8   -1
    1    8   14    1    1    4    1   90    1    1      1268   13    3   -5   18   11   -4  -10   10  -10   -2   -6    5   -5    8   -1  -11   13    9
    1    8   15    1    1    9    3   94    1    1       813   18    3   -8   14    8    0  -11    8  -19  -10   -7    1  -15    2  -11  -16   19   18
    1    8   16    1    3    4    1   95    3    1      1129   14   -2   -5   20    9   -4  -10   11   -8  -14   -3   -1  -13   23   -4  -11   11    5
    1    8   17    1    3    1    1   80    3    1       601   14   -1   -3   19    9   -5  -10    9   -6  -13   -2    0  -13   19   -3  -12   13    5
    1    8   18    1    2    7    1   96    2    1       816   10   14    0   11   12    0  -14   20  -12   -4   -1    3  -13   10   -9   -7   11    4
    1    8   19    1    1    2    2   92    1    1       733   14    3   -5   17   22    6  -10    9  -12    0   -4    3   -3    7   -6  -10    8   10
    1    8   20    1    3    6    3   76    3    1      1260   12   -4    3   19   10   -3    0    0  -15  -17   -6   -9  -13   14   -4  -11   20   13
    1    8   21    1    2    3    3   15    2    1      1845   20   18    6    1    9    0   -4   15  -14  -11   -2    4  -14    3   -7  -11   12    0
    1    8   22    1    1    3    3   28    1    1      2985   22    3   -7   20    9    6   -9    9  -16    1   -4    6   -2   10  -10  -12   12   10
    1    8   23    1    3    8    2   92    3    1      1149   14   -1    0   14    7   -6   -9    8   -5  -14   -3    1  -15   23   -3  -13   11    5
    1    8   24    1    1    6    3   55    1    1       811   19    7    2   11   21  -12  -13    7   -8    1   -8    6   -1    6    0   -8   17    1
    1    8   25    1    2    9    3   90    2    1      2903    6   17    4    9   21   -4  -15   22  -11   -7  -10    7  -15   18  -13  -13    2    5
    1    8   26    1    1    8    2   10    1    1      1423   17    7   -6   20   16   -4   -8   11   -6    4   -4    9  -10    8  -14   -9    8    7
    1    8   27    1    2    5    2   49    2    1      1153   11   13    1   11   14    1  -13   21  -14   -5   -3    2  -18   16   -6  -10   11    6
    1    9    1    1    2    1    1   97    2    1       992   10   13   -1   10   13   -1  -14   20  -12   -6   -2    4  -13   11   -9   -9   11    4
    1    9    2    1    3    9    3   73    2    0      1701   14    3   -9   12    6   -6  -17    2   -8  -13   -4   -1  -14   19  -11   -7    7    2
    1    9    3    1    3    2    2    4    3    1      1454   17    2   -4   16   16  -10  -11   10  -12  -12   -5    1   -9   22   -1  -11   12    4
    1    9    4    1    3    8    2   92    3    1       834   14   -1    0   14    7   -6   -9    8   -5  -14   -3    1  -15   23   -3  -13   11    5
    1    9    5    1    2    2    2   96    2    1      2862   12   10    6    6   17    1  -11   20  -12   -7    1    1  -15   11  -10    3    9    3
    1    9    6    1    1    8    2   10    1    1       824   17    7   -6   20   16   -4   -8   11   -6    4   -4    9  -10    8  -14   -9    8    7
    1    9    7    1    2    6    3   42    2    1      4595   11   13    0   12   12   -1  -10   20   -8  -10   -5   -7  -16   18   -8   -6   10   -6
    1    9    8    1    3    4    1   95    3    1       905   14   -2   -5   20    9   -4  -10   11   -8  -14   -3   -1  -13   23   -4  -11   11    5
    1    9    9    1    1    6    3   55    1    1      1521   19    7    2   11   21  -12  -13    7   -8    1   -8    6   -1    6    0   -8   17    1
    1    9   10    1    2    4    1   16    2    1      1567   10   13   -9   14   14   -1  -13   20   -8   -5   -1    3  -14   11   -9   -7   11    4
    1    9   11    1    3    7    1   65    3    1       701   15   -2   -4   19   10   -5  -10    8   -5  -12   -3    0  -14   20   -2  -13   12    6
    1    9   12    1    1    2    2   92    1    1       845   14    3   -5   17   22    6  -10    9  -12    0   -4    3   -3    7   -6  -10    8   10
    1    9   13    1    2    9    3   90    3    0      2887    6   17    4    9   21   -4  -15   22  -11   -7  -10    7  -15   18  -13  -13    2    5
    1    9   14    1    1    5    2   63    1    1      1968   15    2   -7   19   15   -2   -9   12  -11   -2   -2    1   -4   10   -7   -8   12   10
    1    9   15    1    2    8    2   79    3    0      1533    9   13   -1   11   11    1  -11   18  -16  -13    3    1  -15   12  -10   -6    8   -1
    1    9   16    1    3    5    2   85    3    1      1020   15   -3   -4   19    8   -3   -9    8   -8  -14   -4    5  -15   21   -2  -10   11    6
    1    9   17    1    3    6    3   76    3    1      1105   12   -4    3   19   10   -3    0    0  -15  -17   -6   -9  -13   14   -4  -11   20   13
    1    9   18    1    1    1    1   82    1    1       737   13   -7    4   12   14   -2  -16    9  -11   -1   -6    0   -5    8   -6   -9   17    5
    1    9   19    1    1    9    3   94    1    1       558   18    3   -8   14    8    0  -11    8  -19  -10   -7    1  -15    2  -11  -16   19   18
    1    9   20    1    2    5    2   49    2    1      1171   11   13    1   11   14    1  -13   21  -14   -5   -3    2  -18   16   -6  -10   11    6
    1    9   21    1    1    4    1   90    2    0      2241   13    3   -5   18   11   -4  -10   10  -10   -2   -6    5   -5    8   -1  -11   13    9
    1    9   22    1    1    7    1   13    1    1       515   13    2   -6   20   13   -3  -10   10  -11   -1    1    8   -9    3   -7   -8   12   10
    1    9   23    1    3    3    3   68    3    1      1323   20    2   -3   21    9   -5  -10   10  -11  -21   -3    1  -19   16   -2  -11   12    3
    1    9   24    1    2    3    3   15    2    1      2340   20   18    6    1    9    0   -4   15  -14  -11   -2    4  -14    3   -7  -11   12    0
    1    9   25    1    2    7    1   96    2    1       675   10   14    0   11   12    0  -14   20  -12   -4   -1    3  -13   10   -9   -7   11    4
    1    9   26    1    3    1    1   80    3    1       965   14   -1   -3   19    9   -5  -10    9   -6  -13   -2    0  -13   19   -3  -12   13    5
    1    9   27    1    1    3    3   28    1    1      2203   22    3   -7   20    9    6   -9    9  -16    1   -4    6   -2   10  -10  -12   12   10
    1   10    1    1    2    4    1   16    2    1      1039   10   13   -9   14   14   -1  -13   20   -8   -5   -1    3  -14   11   -9   -7   11    4
    1   10    2    1    3    5    2   85    3    1       753   15   -3   -4   19    8   -3   -9    8   -8  -14   -4    5  -15   21   -2  -10   11    6
    1   10    3    1    2    7    1   96    2    1      1776   10   14    0   11   12    0  -14   20  -12   -4   -1    3  -13   10   -9   -7   11    4
    1   10    4    1    3    1    1   80    3    1       901   14   -1   -3   19    9   -5  -10    9   -6  -13   -2    0  -13   19   -3  -12   13    5
    1   10    5    1    2    9    3   90    2    1      1694    6   17    4    9   21   -4  -15   22  -11   -7  -10    7  -15   18  -13  -13    2    5
    1   10    6    1    1    2    2   92    1    1       791   14    3   -5   17   22    6  -10    9  -12    0   -4    3   -3    7   -6  -10    8   10
    1   10    7    1    1    4    1   90    2    0      1523   13    3   -5   18   11   -4  -10   10  -10   -2   -6    5   -5    8   -1  -11   13    9
    1   10    8    1    1    1    1   82    1    1      1171   13   -7    4   12   14   -2  -16    9  -11   -1   -6    0   -5    8   -6   -9   17    5
    1   10    9    1    2    8    2   79    3    0      1841    9   13   -1   11   11    1  -11   18  -16  -13    3    1  -15   12  -10   -6    8   -1
    1   10   10    1    1    9    3   94    1    1       675   18    3   -8   14    8    0  -11    8  -19  -10   -7    1  -15    2  -11  -16   19   18
    1   10   11    1    3    9    3   73    1    0      1026   14    3   -9   12    6   -6  -17    2   -8  -13   -4   -1  -14   19  -11   -7    7    2
    1   10   12    1    1    3    3   28    3    0      2133   22    3   -7   20    9    6   -9    9  -16    1   -4    6   -2   10  -10  -12   12   10
    1   10   13    1    1    7    1   13    1    1       812   13    2   -6   20   13   -3  -10   10  -11   -1    1    8   -9    3   -7   -8   12   10
    1   10   14    1    2    2    2   96    2    1      1672   12   10    6    6   17    1  -11   20  -12   -7    1    1  -15   11  -10    3    9    3
    1   10   15    1    3    6    3   76    3    1      3058   12   -4    3   19   10   -3    0    0  -15  -17   -6   -9  -13   14   -4  -11   20   13
    1   10   16    1    3    8    2   92    3    1       837   14   -1    0   14    7   -6   -9    8   -5  -14   -3    1  -15   23   -3  -13   11    5
    1   10   17    1    3    4    1   95    3    1       672   14   -2   -5   20    9   -4  -10   11   -8  -14   -3   -1  -13   23   -4  -11   11    5
    1   10   18    1    1    8    2   10    1    1      1090   17    7   -6   20   16   -4   -8   11   -6    4   -4    9  -10    8  -14   -9    8    7
    1   10   19    1    3    3    3   68    3    1      1042   20    2   -3   21    9   -5  -10   10  -11  -21   -3    1  -19   16   -2  -11   12    3
    1   10   20    1    2    6    3   42    2    1       902   11   13    0   12   12   -1  -10   20   -8  -10   -5   -7  -16   18   -8   -6   10   -6
    1   10   21    1    3    2    2    4    3    1      2110   17    2   -4   16   16  -10  -11   10  -12  -12   -5    1   -9   22   -1  -11   12    4
    1   10   22    1    1    5    2   63    1    1       677   15    2   -7   19   15   -2   -9   12  -11   -2   -2    1   -4   10   -7   -8   12   10
    1   10   23    1    2    3    3   15    2    1      4023   20   18    6    1    9    0   -4   15  -14  -11   -2    4  -14    3   -7  -11   12    0
    1   10   24    1    3    7    1   65    2    0      1522   15   -2   -4   19   10   -5  -10    8   -5  -12   -3    0  -14   20   -2  -13   12    6
    1   10   25    1    2    1    1   97    2    1       835   10   13   -1   10   13   -1  -14   20  -12   -6   -2    4  -13   11   -9   -9   11    4
    1   10   26    1    2    5    2   49    2    1      1182   11   13    1   11   14    1  -13   21  -14   -5   -3    2  -18   16   -6  -10   11    6
    1   10   27    1    1    6    3   55    1    1       700   19    7    2   11   21  -12  -13    7   -8    1   -8    6   -1    6    0   -8   17    1
    2    1    1    4    3    1    2  171    1    0      1475   17    0  -15   24   11   -6   -8    8   -2  -16   -4    1  -12   17   -5  -13   12    6
    2    1    2    5    2    5    3  114    2    1       867    0   23    0   10   14   -1  -14   20  -16   -1   -3    0  -14   10   -6   -2   13    2
    2    1    3    3    3    1    1  105    2    0      2172   14   -1   -4   21    9   -3  -10    8   -7  -13    2   -3  -13   19   -1  -14   12    5
    2    1    4    1    3    8    2   92    3    1       850   14   -1    0   14    7   -6   -9    8   -5  -14   -3    1  -15   23   -3  -13   11    5
    2    1    5    2    3    0    0    0    3    1       605   15   -2   -5   20    9   -4  -10    9   -7  -13   -3    0  -13   19   -3  -12   12    5
    2    1    6    6    1    0    3  126    1    1      2097   20    5   -3   19   15    0   -9    3   -9    0   -7    4   -4    7    3  -12    7    0
    2    1    7    2    2    0    0    0    2    1       633   10   13    0   11   13   -1  -13   20  -12   -6   -1    3  -14   11   -9   -7   11    4
    2    1    8    3    3    2    1  110    2    0      1292   15   -2   -4   19    8   -4  -10    9   -8  -13   -3    0  -13   19   -2  -13   11    5
    2    1    9    5    2    6    3  115    2    1      3894   13   19   -1   10   13   -6  -12   21  -13   -4   -3   -6  -16   14  -18    0   14    1
    2    1   10    1    1    3    3   28    1    1      1847   22    3   -7   20    9    6   -9    9  -16    1   -4    6   -2   10  -10  -12   12   10
    2    1   11    4    1    5    2  143    2    0      1818   14    3   -6   18   16    0  -10    9  -21   -6    2   -3   -5    7   -3  -12   12    8
    2    1   12    4    3    4    2  166    3    1      1599   11    7   -6   19    8   -6  -11   10   -5  -11   -3   -2  -22   20   -4  -13   19    0
    2    1   13    4    2    5    2  143    2    1       732   12   14   -1   12   13    0  -12   19  -13   -6    0    2  -17   15   -7   -5   10   -5
    2    1   14    4    2    6    2  162    3    0      3388   18    5    0   12    9   -2  -12   20  -19   -6   -1    4  -15   10   -9   -6   10    5
    2    1   15    1    2    7    1   96    2    1       802   10   14    0   11   12    0  -14   20  -12   -4   -1    3  -13   10   -9   -7   11    4
    2    1   16    1    1    5    2   63    1    1      1600   15    2   -7   19   15   -2   -9   12  -11   -2   -2    1   -4   10   -7   -8   12   10
    2    1   17    4    3    5    2  163    1    0      1404   16   -2   -4   22   10   -3  -11    7   -6  -12   -3   -3  -13   20   -3  -17   14    5
    2    1   18    5    3    8    3  145    3    1      3200   13   -3    5   19   15  -10  -12   10   -8   -3   -8    3  -12   18   -1  -10   13    4
    2    1   19    5    3    9    3  133    1    0      2348    7   -5   -7   18    9    4   -9    8   -8  -11    0   -5  -13   20   -4  -12   17   11
    2    1   20    2    1    0    0    0    1    1       874   13    3   -5   18   14   -2  -10   10  -11   -1   -5    4   -5    8   -6   -9   13    9
    2    1   21    3    1    1    1  140    1    1       452   13    4   -5   18   14   -1  -10   10  -11   -1   -5    3   -6    7   -6  -10   13   10
    2    1   22    1    3    6    3   76    1    0       717   12   -4    3   19   10   -3    0    0  -15  -17   -6   -9  -13   14   -4  -11   20   13
    2    1   23    4    2    3    2  119    1    0      4220    5    7   -2   12   13    0  -14   21  -14   -4   -4    3  -23    3   -9   -6   15    2
    2    1   24    5    3    3    3  192    1    0      2670   19   -8   -5   19    9   -3   -9    9   -4  -16   -4    0   -7   12    1  -15   12    3
    2    1   25    1    1    2    2   92    1    1       639   14    3   -5   17   22    6  -10    9  -12    0   -4    3   -3    7   -6  -10    8   10
    2    1   26    1    2    2    2   96    2    1      4706   12   10    6    6   17    1  -11   20  -12   -7    1    1  -15   11  -10    3    9    3
    2    1   27    3    3    3    1  181    3    1      1139   16   -2   -5   19   10   -5  -10    9   -7  -13   -3   -1  -13   20    4  -12   12    5
    2    1   28    1    3    1    1   80    3    1       946   14   -1   -3   19    9   -5  -10    9   -6  -13   -2    0  -13   19   -3  -12   13    5
    2    1   29    1    3    2    2    4    3    1      1817   17    2   -4   16   16  -10  -11   10  -12  -12   -5    1   -9   22   -1  -11   12    4
    2    1   30    1    3    3    3   68    3    1       668   20    2   -3   21    9   -5  -10   10  -11  -21   -3    1  -19   16   -2  -11   12    3
    2    1   31    3    2    2    1  104    2    1      1197   11   14   -1   12   12   -2   -3   22  -12   -5   -5   -6  -14   11   -9   -7   12    5
    2    1   32    5    1    4    3  134    2    0      3401   20    0  -10   11   14   -4  -10    5  -12   -2   -9    9    4   18   -7   -8   13   10
    2    1   33    5    1    8    3  124    2    0      1727    8   11    1   21   13   -1   -9    6   -8   -6   -5    3   -4   12    1   -3   23    4
    2    1   34    4    3    3    2  128    3    1      1222   14   -4   -4   19   13  -10  -16    7   -8  -13   -2   -1  -12   19    2  -11   11    7
    2    1   35    1    2    9    3   90    1    0       899    6   17    4    9   21   -4  -15   22  -11   -7  -10    7  -15   18  -13  -13    2    5
    2    1   36    5    3    2    3  125    1    0       713   16   -3   -4   20   13   -9   -6    5   -3   -8   -4   -2  -11   20   -4  -14   11    7
    2    1   37    3    2    1    1  171    2    1       856   11   13    0   11   13   -2  -12   20  -10  -10   -1    2  -14   12   -8   -7   11    4
    2    1   38    5    1    9    3  147    2    0      2084    9   10   -5   19   16   -1  -17   19   -3    1   -6    4   -6    8  -16   -7   13   11
    2    1   39    5    1    6    3  122    1    1      1436   12    3   -3   12   13   -3  -10    9   -9    0   -4    5    0   15   -1    0   12   10
    2    1   40    4    1    6    2  137    1    1      1311   13    1   -3   18   15    0   -9    9  -12   -3  -15   -1   -4   10   -5  -11   13    8
    2    1   41    1    3    5    2   85    3    1      5912   15   -3   -4   19    8   -3   -9    8   -8  -14   -4    5  -15   21   -2  -10   11    6
    2    1   42    1    1    6    3   55    1    1       697   19    7    2   11   21  -12  -13    7   -8    1   -8    6   -1    6    0   -8   17    1
    2    1   43    3    1    2    1  165    1    1       505   14    3   -5   18   15   -3  -11   10  -12   -1   -5    4   -5    9   -6   -9   13    9
    2    1   44    5    2    4    3  154    2    1      2784   11   15   -2   15   12   -1   -8   23  -10    4   -2    4  -19   16   -2  -17   11    3
    2    1   45    1    1    1    1   82    1    1       732   13   -7    4   12   14   -2  -16    9  -11   -1   -6    0   -5    8   -6   -9   17    5
    2    1   46    1    2    6    3   42    2    1      2122   11   13    0   12   12   -1  -10   20   -8  -10   -5   -7  -16   18   -8   -6   10   -6
    2    1   47    4    3    2    2  175    3    1      3922   15   -3   -4   22    8   -3   -9    8   -7  -14  -10    0  -11   17    1  -10   11    6
    2    1   48    5    2    2    3  189    2    1       798   12   12   -1   12   16    0   -6   20  -10   -2    0    2  -15   16  -10   -6   17   -2
    2    1   49    4    2    2    2  179    2    1      8745   11   18    0    9   11   -3  -11   15  -12   -8   -2    3  -14   12  -10   -7    9    4
    2    1   50    1    1    9    3   94    1    1       759   18    3   -8   14    8    0  -11    8  -19  -10   -7    1  -15    2  -11  -16   19   18
    2    1   51    5    3    5    3  119    2    0      2851   17   -4   -6   21    8   -5   -4   15   -2  -17    0    2  -11   16   -3  -11   14    2
    2    1   52    5    1    5    3  157    3    0      4942    7    2   -4   17   13   -3   -6   14  -19    0   -6    5   -9   14  -11  -14   20    7
    2    1   53    5    1    2    3  150    1    1       820   10   -4   -6    9   14   -1  -11   11   -6   -3   -3    3   -5   13   -5   -7   17   14
    2    1   54    3    1    3    1  117    1    1       574   13    3   -6   18   14   -2  -10    9  -12    0   -5    4   -5    8   -6   -9   13    9
    2    1   55    5    2    3    3  195    3    0      2593   13    9   -2   12   15   -1   -6   20  -13  -11    0    3  -17   18  -12   -8    9    3
    2    1   56    1    3    9    3   73    2    0      1126   14    3   -9   12    6   -6  -17    2   -8  -13   -4   -1  -14   19  -11   -7    7    2
    2    1   57    1    3    7    1   65    1    0      2118   15   -2   -4   19   10   -5  -10    8   -5  -12   -3    0  -14   20   -2  -13   12    6
    2    1   58    1    1    8    2   10    1    1       636   17    7   -6   20   16   -4   -8   11   -6    4   -4    9  -10    8  -14   -9    8    7
    2    1   59    4    1    1    2  170    1    1       573   21   -3   -1   21   13   -4  -12    8  -18    4  -10    6   -4   10   -4   -8   13    8
    2    1   60    6    3    0    3  110    3    1      1234   17   -2    3   22    9   -3  -14   14   -8   -4   -4    1  -14   20  -13  -15    7   12
    2    1   61    4    3    6    2  116    2    0      3727   15   -3   -4   19    5  -14  -13   11   -4  -15    0    4  -12   19   -2   -7   13    3
    2    1   62    3    2    3    1  128    2    1       872   15   21    1   10   13   -1  -14   20  -13   -5   -1    3  -14   11   -9   -7   10    2
    2    1   63    1    2    3    3   15    3    0      1458   20   18    6    1    9    0   -4   15  -14  -11   -2    4  -14    3   -7  -11   12    0
    2    1   64    1    1    7    1   13    1    1       743   13    2   -6   20   13   -3  -10   10  -11   -1    1    8   -9    3   -7   -8   12   10
    2    1   65    5    2    9    3  124    2    1      1285   11   13   -1   12   17   -1   -9   23   -2  -11    3   -1   -5   13   -9   -6   10    5
    2    1   66    1    2    1    1   97    2    1       718   10   13   -1   10   13   -1  -14   20  -12   -6   -2    4  -13   11   -9   -9   11    4
    2    1   67    5    3    6    3  124    1    0       782   17   -1   -6   19    9   -5  -11    2   -6  -11  -11   -8  -12   17   -3  -13   11    4
    2    1   68    5    3    7    3  158    3    1      1370   19    0   -7   22   12   -4   -9    9   -5  -11   -2    2  -13    9   -8   -7   14    6
    2    1   69    1    2    4    1   16    2    1       608   10   13   -9   14   14   -1  -13   20   -8   -5   -1    3  -14   11   -9   -7   11    4
    2    1   70    1    2    8    2   79    1    0       851    9   13   -1   11   11    1  -11   18  -16  -13    3    1  -15   12  -10   -6    8   -1
    2    1   71    1    2    5    2   49    2    1       940   11   13    1   11   14    1  -13   21  -14   -5   -3    2  -18   16   -6  -10   11    6
    2    1   72    5    1    7    3  171    1    1       628   14    6   -8   18   15   -1  -10   11  -11    0   -3   -4   -4    8   -7  -10   21    9
    2    1   73    5    2    1    3  170    1    0      1574   10   11   -9    6   18    6  -14   21  -13   -6    4   10  -18   12  -13   -9    2    7
    2    1   74    4    2    4    2  148    2    1      1265    7    8    1   11   11   -3  -17   21  -13   -5    6   10  -12   10   -9   -8   12    4
    2    1   75    6    2    0    3  129    1    0      3147   10   12    0   10   13   -4   -6   13   -5    4    0    4  -10    8   -4  -12    4    8
    2    1   76    5    2    8    3  179    2    1       744   13   10   -2    9   12   -1  -14   22  -12   -4    6    8  -15   11  -10   -6   10    3
    2    1   77    1    1    4    1   90    1    1       727   13    3   -5   18   11   -4  -10   10  -10   -2   -6    5   -5    8   -1  -11   13    9
    2    1   78    5    3    1    3  182    1    0      2694   14   -2  -11   20    9   -6  -16    7   -7  -22   -8    2  -10   13    4   -3    4    0
    2    1   79    5    1    3    3  195    1    1      2069   18    4   -7   18   21   -5   -9   12  -16  -11   -6   12   -5    9   -5  -10   14   10
    2    1   80    5    1    1    3  112    3    0      1854   15   -7   -7   19   14   -3  -12   11  -19    0   -5    6    3    6  -14    1   14   11
    2    1   81    4    1    4    2  104    1    1      1137   14    5   -2   21   14   -3   -9   12  -21    1   -6    3   -4    7   -8   -8   13   10
    2    1   82    5    2    7    3  125    1    0     11214    6   13   -1   11   14   -2  -19   15  -17   -3   -2    5  -16   13  -17    2    3   12
    2    1   83    5    3    4    3  134    3    1      1401   23    2   -5   19    2   -1  -12    9   -5  -15   -5    4  -17   14   -4  -11   11    5
    2    1   84    1    3    4    1   95    3    1       718   14   -2   -5   20    9   -4  -10   11   -8  -14   -3   -1  -13   23   -4  -11   11    5
    2    1   85    4    1    3    2  194    1    1       877   14    2   -4   17   14   -3  -11   10  -11    0   -3    9   -5    7   -4   -8   14    9
    2    1   86    4    1    2    2  132    1    1       629   11    8   -6   19   12   -2  -12   10  -12    1   -6    4   -6    8   -5   -6   13   10
    2    1   87    4    2    1    2  177    2    1       841   10   15   -1   12   12   -3  -13   19  -10   -7    0    2  -14   10   -7  -10   10    5
