    1    1    1    1    1    2    3    0     11637   17   14   13  -14  -11   14   15   -5   20   10    4    9   -4  -15   -1    4  -16  -19
    1    1    2    1    3    4    2    0      2715    4    2  -10   15  -12    8  -12   12    7   -9   -8   -6    3   -9   -6   10   -7   -2
    1    1    3    1    3    1    3    1     10831    2    3  -11   14  -14    8   -9    6   11    1   -8   -6   10   -7   -6   11   -8   -2
    1    1    4    1    2    3    1    0      5759   15  -15  -15    7   -7   -5   -8    6    3   -8   -1   15    8   11   11    6    4   13
    1    1    5    1    2    4    2    1      8058    2  -11  -13    4   -4  -10   -4    7    8   -4   -3    9   10   11   11    5    5   11
    1    1    6    1    3    2    3    1      4889    3    3  -11   15   -8   12  -11   10   13   -1   -9  -10    6   -7  -17    3   -9   -3
    1    1    7    1    3    3    2    0      2951    3    3   -8   13  -14   10  -12   12   14    0   -7   -3    4   -7   -6   11  -10    0
    1    1    8    1    3    5    1    0      8211    1    5   -7   15  -11    8   -4   18   11    1   -9   -3    8   -3  -17   10   -4   -2
    1    1    9    1    2    1    3    0     10636   -2   -3  -11    4   -3   -6   -6    7    9   -4   -4    8   16    9    3    4   -1   14
    1    1   10    1    2    2    2    1      4355   12  -13  -14    0   -1   -6   -8    6    9   -7   -4    8    8   13   15    4    3    7
    1    1   11    1    1    1    2    0      4743   17   14   11  -13  -10   13   14   -2   21   20    3    6    4   -5   -4   -1  -13  -17
    1    1   12    1    1    4    1    1      9675   15   14   19  -11  -12    8    7    5   12   14    5    8    6   -5   -6    0  -11  -12
    1    1   13    1    1    3    1    1     11657   16   13   19  -17  -14    6   16   -5   19   15    2    6   13  -14   -5    1  -11  -12
    1    1   14    1    2    5    1    0      7832    6   -7  -11    3    0   -6   -9   10    6   -4   -2   10   10   14   11    7    2   13
    1    1   15    1    1    5    2    0     10880   12    9    9  -14  -11   16   16   -4    3   12    5    7    6   -5   -1    5   -7  -12
    1    2    1    1    3    6    2    0     15069    1    4  -10   16  -12   11  -10   10   11    2   -9   -4   13  -11   -7   10   -8   -2
    1    2    2    1    2    9    2    1     13108    8   -9  -11    4   -6   -7   -8    7    5  -11   -5    7   12    7   14    5    5   12
    1    2    3    1    2    8    2    1      6889    8  -10  -14    3   -3   -5    1    5    0   -7   -4    7   16    3   14    4    3   13
    1    2    4    1    3    9    2    0     16935    2    3  -10   14  -14   12   -9   11   12    0   -7   -5   -4   -5   -6   12   -9    1
    1    2    5    1    1    7    1    1     18978   22   22    8  -12   -5    9   16   -6   12   15    6    8    5   -6   -9    6  -14   -8
    1    2    6    1    2    7    1    0     15421    8  -10  -12    7   -2   -3   -8   10    6   -5   -5    8    6   13   11    6   10   19
    1    2    7    1    3    7    1    0      6630    0    2   -1    7  -13    9   -2    3   10    1   -9   -3   -5   -1   -6   13   -8   -6
    1    2    8    1    1    6    1    1      7213   15   13    9  -12   -4   22   14   -4   10   16    4    8    8   -4   -4    3  -11  -10
    1    2    9    1    3   10    1    0      9006    2    3   -8   16  -12   10  -11   13   12    2   -9   -5    4   -8   -8    9   -8   -2
    1    2   10    1    2    6    3    0     11319   12  -12  -14    3   -1   -5  -14   14   16    1  -11   12   10   13   11    7    6   10
    1    2   11    1    3    8    3    1     34707    3    3  -10   14  -14    9   -8   15   14   -1   -7   -5    6   -7   -6    7   -8    1
    1    2   12    1    1    9    3    0     13240   15   15   10  -12   -7   15   18   -9   12   13    6    6    6   -5   -1    7  -11  -11
    1    2   13    1    1    8    1    1      9320   18   13   20   -6  -10   15   19    1   12   17    6   12    4   -7   -4    1  -14  -10
    1    2   14    1    2   10    1    0      6164    8  -10  -14    6   -2   -3   -6    8    8   -5   -8   14   10   11   12    7    5   11
    1    2   15    1    1   10    3    0      7071   17   14   12  -15  -10   15   16   -5   11   16    2    7    7   -4   -9    5   -9  -12
    1    3    1    1    3   13    2    0     23077    2    1   -7   15  -13   11  -10   13    9   -3   -6   -5    3   -8   -7    8   -7    0
    1    3    2    1    1   14    1    1     20747    9    7    7  -12   -7   11   14  -11   10   14    3    8    9   -8   -3    4  -10  -10
    1    3    3    1    1   13    2    0     10559   18   14    8  -15  -13   14   13   -4    3   13    5    9    7   -6  -10    3  -10  -12
    1    3    4    1    2   12    2    1      6618    8   -9  -11    3   -2  -10   -7    7   17   -1   -5    9    9   11   15   11   -1    1
    1    3    5    1    3   14    1    0     13970    0    4   -9   14  -11    8  -12   11   16    2   -8   -4    3   -8   -8   10  -10    0
    1    3    6    1    1   11    3    0      9909   16   13    9  -12   -6   15   16   -5   10   20    6    6    6    1   -5    3  -17   -3
    1    3    7    1    2   14    3    0      9370    6   -9  -16    4    2    3   -6    8    8   -7  -12   15    5   16   12    7    2   12
    1    3    8    1    3   15    3    1     17348   10   -6   -4    7  -14    9  -19   17   16    0   -7   -4    4   -7   -7   10  -10    3
    1    3    9    1    1   12    1    1      8735   16   12   11  -13   -5   14   17   -5   12   15    4    8    7   -5   -7    2   -9   -8
    1    3   10    1    2   13    3    0     10803   16  -10  -13    4    0   -7  -10   11    5   -5   -3    8   11   12   11    7    3   12
    1    3   11    1    3   12    3    1     15044    2    3   -9   17  -11    8  -14   14   14   -1  -11   -8    1   -6   -4   12  -10    1
    1    3   12    1    2   15    1    0     21803    6   -7  -10    4    6   -3  -12    8    7   -9   -7   10    8   12   12   -3    4   10
    1    3   13    1    3   11    3    1     14037    2    3   -8   13  -15   11  -12   13   12    2   -7   -6   10   -6  -11   11   -5    2
    1    3   14    1    1   15    1    1      2725   15   12    8  -11   -8   14   13   -5    9   16    2    6   13  -13   -2   -1  -14   -7
    1    3   15    1    2   11    2    1      1626   -3  -18  -12    5   -4   -7   -6    8    9   -7   -1    7    9   11   13    7    6    9
    1    4    1    1    3   16    3    1      1242    1    3   -9   17  -13    6   -9   13   16    5   -9   -5    5   -6   -7   16   -4   -2
    1    4    2    1    1   20    1    1       858   17   13   11  -11  -11   15   17   -3    5   15    8    9    0    0   -5    3   -6   -9
    1    4    3    1    1   19    1    1      9193   14   14    9  -11   -8   14   16   -5    6   14   -1    3    5   -6   -4    4   -1  -19
    1    4    4    1    1   18    1    1      1579   17   16    1  -18   -5   17   15   -3   11   21   11   -2    6   -6   -6    2  -10  -16
    1    4    5    1    2   20    2    1      3128    5   -7  -10    2   -2   -7   -7    9    7   -6   -3    9   12   11   14    5    4   13
    1    4    6    1    1   16    1    1      1217   14   12   14  -17   -8   14   23   -5   10   15    4    5    6   -5   -9   11   -9  -12
    1    4    7    1    1   17    1    1       834   15   14   10  -14   -5   18   15   -5   12   22    3   10    4   -3  -10    4   -8  -11
    1    4    8    1    3   20    3    1      2066    1    5  -10   15  -14   11  -11   13   11    2   -8   -3    9  -12   -3   12   -7    1
    1    4    9    1    3   19    2    0      1873    3    3   -4   19  -15   12  -11   10    8   -1  -10   -6    1   -7   -6   13   -6   -3
    1    4   10    1    3   17    2    0      2935    4    2  -10   16  -15   11  -11   10   10    7   -7   -4    6   -7   -5   12   -8   -2
    1    4   11    1    3   18    2    0      2195    3    5   -7   17   -4    6  -12   13    5    3   -6   -7    7   -9   -6    8   -6   -2
    1    4   12    1    2   18    2    1      3517    7  -10  -11    4   -1   -5   -9    8   11    0   -3    9   19   13   12    5    2   11
    1    4   13    1    2   17    3    0      3138    7   -8  -12    2   -2   -3   -6    8    6   -3   -2   14   10   14   14    5   10   21
    1    4   14    1    2   16    3    0     16821    6   -8  -14    3   -3   -6   -8    9    8   -5   -5    6    8   14   13    6    4    9
    1    4   15    1    2   19    3    0      3494    5  -11  -11    3   -1   -6   -6    8    6   -3   -5   11   10   10   11    7    2   12
    1    5    1    1    2   24    2    1      4780    7  -10  -12    6   -2   -8   -7    9    9   -4  -13   18    8   11   13    1    0    8
    1    5    2    1    3   22    3    1      7422    3    3   -8   15  -14   12  -20   13   13    2   -8   -6    7   -8   -5   14   -8    0
    1    5    3    1    1   25    1    1      1014   14   15   11  -11   -9   13   15   -5   11   17    4    5    3   -4   -3    4  -10  -10
    1    5    4    1    2   25    2    1      4575    5   -7  -13    3   -3   -7  -12   14    2   -5   -6   10    9   13   14    7    5   10
    1    5    5    1    2   21    2    1      2714    5   -8   -9    6    0   -7   -6    8    7   -6    0    4   10   10   13    5    5   12
    1    5    6    1    1   23    1    1      1694   22   15   10  -14   -1    5    5    4   11   16    4    6   15   -3   -3    1  -11  -12
    1    5    7    1    2   23    3    0      4060    9   -8  -10    4   -3   -9   -3   13    7   -4   -2    9   12   11   13    5    3   14
    1    5    8    1    1   22    1    1      2810   18   12   11  -14  -11   13   16   -5   21   19    5    5    4    0   -4    2   -8  -13
    1    5    9    1    3   24    3    1      8668    3    4   -7   14  -13   11  -14   13   10   -4   -6   -4    5   -8   -5   12   -7    0
    1    5   10    1    3   23    3    1      3666    7    8   -8   13  -12    9  -11    6   17   -3   -6   -7   -2    3   -7   10  -10   -1
    1    5   11    1    1   24    1    1      1089   16   12   14   -9  -10   15   19    2   10   14    6    7    4   -5    1   -5   -8  -13
    1    5   12    1    2   22    2    1      1719    6  -10  -12    6   -2   -3   -8    9    8   -3   -4   10   10   11   13    7    7   15
    1    5   13    1    3   21    3    1      2052    0    8   -7   16  -12    9  -11   13   12   -1   -9   -4    6   -7   -7   10   -8   -2
    1    5   14    1    1   21    1    1       979   15   15    8  -15   -8   15   12   -5   12   14    5    6    7   -4   -6    0   -8  -12
    1    5   15    1    3   25    3    1      3885    4    5   -4   13  -14   11  -19   14   12    2  -11    0   -3   -8   -6   11  -10    3
    1    6    1    1    3   29    3    1      6019    4    2  -11   15  -17   13   -1   18   13    0   -8   -4    3   -7   -5    9   -7   -2
    1    6    2    1    2   28    3    0      7076    8   -8  -10   -1   -5   -3   -7    9    4   -5   -2   13    9   12   10    6    2   12
    1    6    3    1    3   30    3    1      3659    3    6  -11   14  -14   12  -11   10   13    3   -8   -7    7   -9   -7    8   -7   -2
    1    6    4    1    1   26    1    1       762   18   15    9  -13   -8   13   22    0   11   17    1    4    8    3   -3    2  -10  -10
    1    6    5    1    1   30    1    1      1181   15   14   10  -15   -7   15   17   -4   12   14    3    0    8   -7  -13   -3   -7  -11
    1    6    6    1    1   28    1    1       687   18   14    9  -13   -7   16   14   -7   13   15    5    6    6   -5   -5    3  -10  -11
    1    6    7    1    3   27    3    1      5189    3    0  -11   17  -11   10   -9   12   18   -2   -7   -5    7   -3  -10    7   -8    0
    1    6    8    1    2   27    3    0      3959    5  -11  -21   -4   -3   -4   -7    9    7   -6   -3    9    9   12   10    6    1   11
    1    6    9    1    2   26    3    0      4538    6   -9   -4   14   -1   -7   -5    6    2   -3   -5   10   18    7   14    4    4    8
    1    6   10    1    3   26    2    0      2518    3    4   -7   13  -13    9  -14   12   11    1  -17    2    4   -7   -5   10   -7    6
    1    6   11    1    2   30    3    0      2643    6   -8  -12    3  -11   -2   -9    7   13   -5   -3    7    9   11   10    8    4   12
    1    6   12    1    3   28    3    1      5498    8    5  -11   10  -21    3  -10   13   13    1   -8   -6    4   -9   -7   13   -6    1
    1    6   13    1    1   29    1    1       720   15   14   11  -11  -10   15   13   -4    7   12    5    8    4   -5    5    3  -10  -12
    1    6   14    1    2   29    3    0      4132   -3    1  -11    6   -3   -7   -6    7    6   -4   -2   10   13   13   13    6    3    9
    1    6   15    1    1   27    1    1       864   14   15    9  -13   -9   13   16   -4   11   14    5    6    5   -6   -6    2   -8  -11
    1    7    1    1    2   34    3    0      4863    1   -4  -13    5   -3   -4   -6    8    9   -4   -2    9   15   15   11    6    4   10
    1    7    2    1    2   35    2    1      9950    8   -7  -11    4   -2   -4   -8    8    6   -4   -2    8   12   10   11    6    4   10
    1    7    3    1    1   32    1    1      1089   23   13   10  -12  -11   10   17   -3   13   19    4    8    7   -6   -7    3   -7  -11
    1    7    4    1    1   35    3    0      3159   19   18    6   -9   -8   13   15   -6   11   14    4    9    6   -6  -15   -7   -1  -11
    1    7    5    1    1   33    2    0      3322    9    7    8  -11   -8   14   14   -6   19   20    2    9    6   -4   -6    5   -7  -11
    1    7    6    1    3   32    2    0     15383    1    2   -8   17  -12   15  -11    9   13    3   -7   -5    5   -8   -8   12  -12   -5
    1    7    7    1    3   34    2    0      2209    1    5  -10   12  -13    8  -13   12   14    3   -9   -4    4    3   -8   11   -7    3
    1    7    8    1    1   31    1    1       794   18   12    9  -12  -19   16   19    1   10   17    2   12    6   -7   -9    0  -10   -9
    1    7    9    1    2   32    3    0      8492    6   -7  -12    5    0   -6   -7    9    3  -10   -2   12    9   15   10   12    2    9
    1    7   10    1    3   35    3    1      2633    0    5  -11   17  -15   12  -13   10   13    3   -7   -6    6   -8   -8   11   -9    0
    1    7   11    1    3   31    3    1      3730    4    3   -9   17  -12   11  -15   16   12    2   -7   -6    5   -6   -2   14   -6   -1
    1    7   12    1    2   31    2    1      4477    9  -10  -13    5   -2   -4   -6    7    1   -4   -3    8    9   14   11    8    6   12
    1    7   13    1    1   34    1    1       811   14   15   10  -11   -7   15   14   -3   10   14    5    9    4    4   -6    2  -11   -6
    1    7   14    1    2   33    2    1     10412    4  -11  -11    3    3    5   -8    6    8   -5  -10    8   11   12   11    4    4    9
    1    7   15    1    3   33    1    0      1262    3    3   -9   14  -14   10  -12    9   14   -1   -9   -5    5   -5   -7   13  -14  -10
    1    8    1    1    3   40    3    1      4877    2    3   -8   15  -15    6  -17   14   13   -1   -8   -7    4   -9  -10   16  -10   -3
    1    8    2    1    1   39    1    1      1180   22   14   11  -14   -8   16   13   -3   13   14    2    9    8  -12   -1   -2   -8  -11
    1    8    3    1    1   37    3    0      4749   13   11   19   -5   -7   11   17   -2    6   13    5    6    5   -6   -4    7  -10  -12
    1    8    4    1    1   40    2    0      2289    9    7    9  -12  -10   16   14  -14   12   15    6    6    6   -4   -3    2   -4  -14
    1    8    5    1    2   36    2    1      3271    9   -9  -13    6   -2   -6   -7    7    2   -9   -5   10   12   11   11    7    5   12
    1    8    6    1    3   39    3    1      7173    7    8  -11   15  -13    9  -16    5   13   11   -7   -4    8   -5   -8   10   -7    1
    1    8    7    1    2   39    2    1      1496    2   -7  -11    4  -12  -11   -6    7    7   -7   -2    8    8   11   19    9    3   13
    1    8    8    1    3   38    3    1      3950   -1    8  -14   23  -14   11  -18   18   13    1   -7   -4    4   -6   -5   10  -12    4
    1    8    9    1    3   37    2    0      2113    4    6   -9   16  -13    9  -16    9   10   -1  -14  -11    3   -8   -5   11   -6   -3
    1    8   10    1    2   40    2    1      1262    6  -10  -14    4   -6    3   -6    9    0   -3   -4    8    9   10   12    7    4    9
    1    8   11    1    1   36    3    0      6989   15   15   11   -9  -10   14   14   -6   19   18    2    5    4   -5   -3    2  -10  -12
    1    8   12    1    1   38    2    0      3255   14   14    9  -11  -11   13   14   -6   10   15    6    8    4   -3   -7    2  -10  -11
    1    8   13    1    3   36    2    0      3607    2    3  -10   15  -18   10  -13   11   10    4    1  -10    6   -8   -9   11   -7    0
    1    8   14    1    2   38    2    1      2439    5   -7   -8    5   -2   -3  -12   12    8   -5   -4   11   11   12   11    7    5   13
    1    8   15    1    2   37    2    1      3415    9  -10  -12    3   -3   -5   -7    9    5   -7   -3    8   10   13   11    1    5   11
    1    9    1    1    2   44    3    0      1456    8   -7  -16   -1   -3   -7   -7    7    6   -4   -9    8   12   11   11    7    5   10
    1    9    2    1    1   42    1    1      1111   18   14   11  -22   -9   12   16   -4   11   16    6    6    5   -4   -3    4   -8   -9
    1    9    3    1    2   45    3    0      4012    5   -8  -13   11   -9    1   -8    8    5   -3   -5    9   10   17   13    5    5   11
    1    9    4    1    2   42    2    1      3742    7  -11  -12    3   -4   -4   -5    9    8   -7   -4    7    9   14   13    5    3    9
    1    9    5    1    3   45    3    1      1498    3    5  -12   15  -14   10  -21    2   12    2   -8   -6    7   -6   -6   13   -9    0
    1    9    6    1    1   43    3    0      5151    8   13   12  -11   -1   20   13   -5   13   13    2    2    4   -5   -6    3  -11  -11
    1    9    7    1    3   44    2    0      3762    3    6  -11   17  -12    8   -9   11   11    1   -7   -6    5   -8   -7   12   -6    0
    1    9    8    1    3   42    3    1      1453    4    6   -9   13  -12    8  -12   12    8    8  -16   -1    5   -6   -8   10   -4   -3
    1    9    9    1    1   41    2    0      1909   16   15   10  -15  -10   13   13   -4   11   16   -3    5    4   -4  -10    4  -10  -10
    1    9   10    1    3   41    3    1      5402    3    4   -9   19  -12   10  -15   16   13    0   -7   -5    7   -9   -6   10   -9   -1
    1    9   11    1    3   43    3    1      2179    3    4  -11   17  -13    9  -10    9   11    2   -8   -6    4   -6   -6   11   -7   -2
    1    9   12    1    1   44    1    1       782   15   16   12  -14  -10   13   23    0   12   17    6    5    6   -5   -2    4   -3  -13
    1    9   13    1    2   43    3    0      3776    6   -8  -13    4    0   -7  -17   10   10   -1   -3    9   15   10   14    7    4   12
    1    9   14    1    1   45    1    1       714   14   14   10  -15  -10   13   15   -2   10   13    4    8    2    1   -6    1  -16  -12
    1    9   15    1    2   41    2    1      3247    7  -11  -10    4    0    0  -16   12    8   -6   -3    7   11   11   10    8    6   11
    1   10    1    1    2   50    3    0      2446   -1   -7  -13    3    6  -14  -15    4    7   -6   -3    8   10   10   13    6    3   10
    1   10    2    1    3   47    2    0      7597    2    5   -7   16  -12   10  -10   11   12   -4  -10   -3    5   -6   -7    9  -16  -10
    1   10    3    1    3   50    2    0       942    1    5   -7   15  -14   10   -3   21   13   -1    0  -15    5   -8   -6   11   -6   -1
    1   10    4    1    2   46    2    1      3658    1  -14  -13    5   -3   -4   -6    9    9   -3   -4   10   14   16   13    8    7   19
    1   10    5    1    3   49    2    0      4314   -3   13   -8   16  -15   15   -9   10   12    0   -9   -4    4    2   -7   12  -10    1
    1   10    6    1    1   50    1    1       718   15   16   11  -12  -10   14   14   -6   12   15    5    7    8    0   -4    3   -9   -5
    1   10    7    1    2   48    3    0      3571    3  -13  -12    6   -3   -7   -8    8    6   -4   -2   10   11   17   12    2    6   11
    1   10    8    1    3   46    3    1      1334    0    6  -11   16  -12   10   -9   11   17    0   -7   -6    4  -12   -7   20   -7   -2
    1   10    9    1    3   48    1    0      2513    3    5    0   20  -15    9   -9    9    9    0  -10   -3    7    2   -8   11   -4  -11
    1   10   10    1    1   46    2    0      2014   15   16   11  -13  -11   14   14   -6   10   15    7   13    5   -6   -6   10  -10  -13
    1   10   11    1    1   48    1    1      1439   15   14   12  -10  -12    4   14   -3    1   13    3    7    5   -6   -2   -1   -9  -10
    1   10   12    1    2   49    2    1      5399    5   -9  -13    2   -2   -7   -9    9    8   -6   -6   10    4   21   12    1    5   13
    1   10   13    1    2   47    3    0      2304    6   -8  -12    3    0   -6   -7    9    9   -4   -5   11   12   11    7    3    4   10
    1   10   14    1    1   47    1    1      4597   16   12    9  -14  -11   20   13   -6   10   15    4    8    5   -4   -5    4  -19  -12
    1   10   15    1    1   49    1    1      1150   17   15   12  -15  -16   24   14   -2   12   17    5    7    4   -1   -2    3   -9  -12
    1   11    1    1    1   53    1    1       834   14   15    8  -15   -8   15   12   -8    4    5    3    8    5   -6   -6    2  -11  -12
    1   11    2    1    3   55    3    1      6113    1    6  -18    5  -14    8  -12   11   11    0   -6   -6    4   -5   -9   12   -9   -1
    1   11    3    1    3   51    3    1      1214    7   13   -5   14  -15   12  -12   11   12    2   -8   -4    7   -9   -3   15   -7   -2
    1   11    4    1    3   54    2    0      2254    7    8  -10   15  -18   15   -6    7   18    5   -8   -4    6   -8   -5    9   -9   -2
    1   11    5    1    2   51    2    1      3109   -2  -19  -14    3   -1   -3  -11   13    6   -4   -5   10   11   14   11    4    3   12
    1   11    6    1    1   54    1    1      2123   17   14    7   -4  -11    7   14   -3   10   16    6    8    3   -3   -6    3  -11  -10
    1   11    7    1    2   54    2    1      3975    7   -7  -13    3    0   -6  -17    7    6   -4   -2    7   10   13   13    8    5    9
    1   11    8    1    1   55    1    1       746   17   14   11  -13   -6   11   13   -3   12   14   -1    1    4   -4   -7    6  -10  -12
    1   11    9    1    1   51    1    1      1309   15   15   12  -13  -16   17   16   -5    9   14    5    6    9   -5  -15   -4  -10   -9
    1   11   10    1    2   55    2    1      4490    8   -7  -11    4   -1   -5   -7    9    5   -5   -3    9   11   14   14    6   12    9
    1   11   11    1    2   52    2    1      2568   -1   -7  -11    6   -1    5   -7    4    9   -3   -3    9    8   12   14    4    3   12
    1   11   12    1    3   52    3    1      2403    2    3  -11   17  -13    3  -12    9   15   -7  -15  -15   11  -12   -6   12   -7    3
    1   11   13    1    3   53    2    0      1156    2    2   -8   13  -16    8  -11   10   14    2   -8   -7    4   -7  -12    6   -5   -3
    1   11   14    1    1   52    1    1      1351   17   13   10  -12  -15   24   15   -5   12   15    2    8    4   -4   -5    4   -9  -10
    1   11   15    1    2   53    3    0      5314   10  -14  -14    5    3   -8   -6    7    8   -6    1    6    9   14    8    9    5   10
    1   12    1    1    3   56    2    0     19422    3    5   -9   14  -15   11   -7   11   11    1   -7   -5    3   -9   -5    9  -14    2
    1   12    2    1    1   59    1    1       903   17   14   14  -15   -8   16   16   -5   12   10    0    5    4   -4  -12    5   -9  -10
    1   12    3    1    3   59    2    0      2309    2    5   -8   17  -12   10   -7   12   14    6  -13   -5    5    2  -12   13  -10    2
    1   12    4    1    3   58    3    1      4906    1    4   -8   17  -13   11  -21   17   12    0   -7   -5   -2  -17   -6    9   -6   -2
    1   12    5    1    1   58    1    1       855   18   13   10  -14   -5    7   18   -1    9   17    2    9    4   -3   -3    1   -9   -9
    1   12    6    1    2   60    2    1      8502   10   -9  -14    6   -2   -4   -5    6    6   -5   -3    9    8   14   13    6    2   10
    1   12    7    1    2   56    2    1      3731   -2  -15  -11    3    0   -5   -6    7    8   -6   -6   10   11   11   13    5    4    6
    1   12    8    1    1   60    1    1      1008   15   12   11  -13   -8   13   15   -3    9   12    5    7    4   -6   -5    3   -8  -13
    1   12    9    1    1   57    1    1      1561   15   15   12  -12   -9   15   15   -2   12   13    5    8   10  -10   -6    3   -9  -10
    1   12   10    1    2   57    2    1      2316   12   -6  -10    4   -1   -4   -9   10    5   -3   -2    9   10   13   13    5    5    9
    1   12   11    1    2   58    3    0      1425    7  -10  -10    4   -1   -7   -6    7   12   -8   -3   10    9   13    8   11    6    9
    1   12   12    1    3   60    3    1      2185    7    8  -11   16   -8   14  -12   12   11   11   -8   -7    7   -8   -7   12   -8    0
    1   12   13    1    1   56    1    1       819   17   13    9  -12   -5   17   18   -8    8   20    6    5    4   -3   -3    1   -8  -12
    1   12   14    1    3   57    2    0      4580    2    5  -10   16  -15   12  -11   10   12    3   -3   -1    5   -5   -6   12   -8    0
    1   12   15    1    2   59    2    1      4558    4  -14  -11    3  -10   -9   -6    9    5  -10   -5    7   10   11   11    4    5   10
    1   13    1    1    2   62    2    1      3721    6   -8  -11    3   -1   -7   -2    9    7   -4   -5    9   11   12   11    6    6   10
    1   13    2    1    2   61    2    1       918    8   -9  -11    6   -2   -4   -7    9    7   -6    3   14   11   11   11    8    5   12
    1   13    3    1    3   65    3    1      1170    2    6   -9   16  -15   12  -21    6   11    0   -9   -7    4   -9   -6   10   -9   -2
    1   13    4    1    2   65    2    1       821   13  -15  -12    3   -7    0   -7    6    8   -4   -3    9   11   12   16    9    3    9
    1   13    5    1    3   64    2    0      3413    1    4  -10   16  -13    9  -12   12    7   -5   -7   -7    3   -5  -15   17   -7   -2
    1   13    6    1    3   63    3    1      2878    3    3  -10   16  -15   10  -13    9   17    4   -9   -5    7   -6   -6   11   -7   -1
    1   13    7    1    1   65    1    1       829   13   22    8  -15   -9   13   13   -5   12   14    5    6    6   -6   -5    1   -8  -10
    1   13    8    1    1   61    1    1      1053   15   14    9  -13  -10   13   15   -5    5   15    5    6    7   -6   -3    3   -8  -10
    1   13    9    1    1   62    1    1       804   15   14    9  -14   -9   15   17   -6   13   17    1    6    7   -7   -5    1   -8   -5
    1   13   10    1    2   63    3    0      2838    5  -10   -3    3    5    0   -6    8    8   -4   -4   11   15   16   13    5    3   12
    1   13   11    1    3   61    3    1     11782    3    3  -11   17  -14   12  -21   16   13    1   -8   -4    4   -6   -6   11   -9   -1
    1   13   12    1    1   63    2    0      2559   15   15   15  -10   -9   13   13   -2   11   14    3    6    4   -4   -7    2   -7  -13
    1   13   13    1    2   64    2    1      4939    8   -9  -11    4   -1   -5   -7   13    8   -4   -7    9    8   14   11    4    9   12
    1   13   14    1    1   64    1    1       919   21   13   12  -12  -10   15   15   -5    9   11    9    5    6   -4   -6   -2  -11  -13
    1   13   15    1    3   62    2    0      1219    0    5  -10   16   -8   14  -12   14   13   -7   -7   -6    5   -5  -17    8   -7   -3
    1   14    1    1    2   69    2    1      2564    8   -8  -13    3    3   -2   -6    8    8   -4   -3   13    9   11   13    6    3   10
    1   14    2    1    1   70    1    1       782   16   13   10  -14   -8   21   15   -5   10   16    5    6    4   -3   -6    1  -10  -13
    1   14    3    1    3   67    2    0      3152    3    5   -9   16  -14   10  -16   17   14   -1  -15  -11    2   -9   -6   12  -10   -6
    1   14    4    1    1   69    1    1      1044   17   13   10  -15   -8   13   15   -6    9   16    2    8    6   -5   -4    1   -8  -11
    1   14    5    1    1   68    1    1     15707   12    9    9  -12  -11   15   14   -6   14   16    4    6    3   -5   -8    7   -9  -10
    1   14    6    1    2   68    2    1      4713    6   -9  -14    2   -1   -6   -7    9    7   -4   -7   14   10   13   12    5    9   11
    1   14    7    1    3   69    3    1      2509    0    5  -10   17  -11    9  -13   11   13    0   -7   -8    7   -7   -8   11   -7    1
    1   14    8    1    3   66    3    1      3482    2    3  -11   13  -14   13  -12   11   11    2  -10   -4    6   -5   -5   11   -8   -2
    1   14    9    1    2   67    2    1      1937    8   -7  -17    8    3    5   -8    8   12    5   -2   10    9   11   10    4    5   14
    1   14   10    1    2   66    3    0      2692    6   -9  -14    4   -1   -6   -3    5    7   -6   -4    1    9   14   14    0    6   13
    1   14   11    1    1   66    1    1      1111   16   15    7   -9   -5   17   17   -5    9   15    2    7    5   -4   -7   11   -9   -9
    1   14   12    1    3   70    2    0     14430    0    3   -8   19  -14    8   -5    9   14    1   -4   -8   13   -3   -7   12   -9   -1
    1   14   13    1    3   68    3    1     12670   -1   -5  -13   15  -23   17  -11   10   15    3   -7  -10    5   -8   -8   12   -7    0
    1   14   14    1    2   70    2    1      1077    1  -17  -14    3   -3   -4   -6    8    9   -7    1    7   12   11   12    7    5   10
    1   14   15    1    1   67    1    1       572   15   15    9  -11   -9   13   15   -5    5   24    5    9   14   -2   -5    3   -9  -12
    1   15    1    1    2   74    3    0      3574    6   -7  -11    6   -3   -6   -7    9    5   -5    1    8   12   14   20    5    1   14
    1   15    2    1    3   71    3    1      1673    0    6  -10   16  -11    9  -12   13   16    3   -3  -14    6   -7   -9   12    2   -9
    1   15    3    1    1   73    1    1       903   15   12   10  -14  -10   18   16   -4   12   14    4   13    1    0   -7   -7   -9  -12
    1   15    4    1    2   71    3    0      2005    4  -12  -13    9   -1   -7   -4    4    8   -5    6   13    9   12    6   -1    5   11
    1   15    5    1    3   74    3    1      2006    1    5   -8   14  -14   11  -10   13   12   -1   -6   -6   10   -4   -7   12  -10    1
    1   15    6    1    1   74    1    1      1335    6   23    9  -13  -11   14   16   -4   12   17    3   -2    6   -6   -6    3  -19   -1
    1   15    7    1    2   75    2    1      3955   10  -12  -11    3   -2   -6   -6    9    8   -4   -4   10    9   11   11    6    2    6
    1   15    8    1    3   72    3    1      1463    0    5  -10   17  -12   10  -10    9   11    2   -8   -4    6   -6  -10    1   -9   -1
    1   15    9    1    3   75    3    1      4174    1    5  -10   13  -14    9  -13   13   13    0   -9   -7    5   -8   -9   10   -8    0
    1   15   10    1    1   72    1    1       776   17   13    8  -11   -8   15   15   -6    7   23    6    9    6   -6   -4    4   -8  -11
    1   15   11    1    1   71    3    0      4347   13    5   10  -14  -10   14   18    0   12   16    3    7    4   -5   -9   -1  -10  -13
    1   15   12    1    1   75    1    1       814   14   16    8  -11  -11   12   13   -6   12   14    2    5    7   -4   -5    0  -14   -9
    1   15   13    1    3   73    3    1      3967    1    4   -8   19  -22   20   -9   10   14    0   -7   -7    5   -8  -12    6   -9   -1
    1   15   14    1    2   72    2    1      3825    7   -7  -11    7   -1   -6   -6   10    9   -5   -3    8    9   11   11    8    4   13
    1   15   15    1    2   73    2    1       922    5   -8  -15    9   -3   -5   -8   10    6   -4   -5    9    2    3   11    7    6   10
    2    1    1    2    3    0    1    0      3754    2    4   -9   15  -13   10  -11   11   12    1   -8   -5    5   -7   -7   11   -8   -1
    2    1    2    4    1    5    2    1      1397    8   12   11  -13   -8   14   22   -5   13   17   14    2    4   -4   -6    4  -19  -15
    2    1    3    4    2    1    1    0      3230    9   -9  -11    4   -3   -3   -9    9    8   -5   -6    8    7    9   13    5   -2    8
    2    1    4    4    1    4    1    0      1534   20    4   11  -14  -11   14   16   -4   12   16    5    9    4   -4   -6    3  -10   -9
    2    1    5    4    2    5    1    0      4370    5  -10  -13    6   -2   -4   -8    7    8   -7   -5   10    8   13   14    7    3   11
    2    1    6    1    2   44    2    0      6324    8   -7  -16   -1   -3   -7   -7    7    6   -4   -9    8   12   11   11    7    5   10
    2    1    7    1    1   67    1    1      1257   15   15    9  -11   -9   13   15   -5    5   24    5    9   14   -2   -5    3   -9  -12
    2    1    8    6    0    0    2    1      1513   -2  -10   -5   -2    1    1   12    6  -10    3    6   15   -5   -8  -11    8   10    9
    2    1    9    4    3    4    2    1      2046    1    4   -8   15   -9   12   -2    4   12   -1  -10   -6    0  -11   -8   10   -7   -9
    2    1   10    1    3   49    2    0      2478   -3   13   -8   16  -15   15   -9   10   12    0   -9   -4    4    2   -7   12  -10    1
    2    1   11    4    2    2    1    0      3580    5   -9  -13    3   -4   -3   -8    9    8   -6   -5   10    9   12   14    7    4    9
    2    1   12    1    1   29    1    1      1150   15   14   11  -11  -10   15   13   -4    7   12    5    8    4   -5    5    3  -10  -12
    2    1   13    1    3   37    1    1      1377    4    6   -9   16  -13    9  -16    9   10   -1  -14  -11    3   -8   -5   11   -6   -3
    2    1   14    6    0    0    2    1      2123   12    0   14    2   13   -8  -11   -5   -5    0   -8    0   -2   -6  -12   -9  -16    9
    2    1   15    4    2    4    2    1     10584    7   -8   -9   13   -1   -4   -7    7    8   -5   -2   10    8   12   10    7    2   13
    2    1   16    6    0    0    2    1      5698  -13   15    4    3   10   11    5   -6    0   -4    6    0   -4    4    6    8    0    1
    2    1   17    2    1    0    1    0      1183   16   14   10  -13   -9   14   15   -4   11   15    4    7    5   -5   -5    2   -9  -11
    2    1   18    6    0    0    2    1      1185   14    2   14   -2   14   -6   -8   -8   -6   -2    3    0   -3   -7  -10  -10  -13   14
    2    1   19    1    2    3    1    1      2851   15  -15  -15    7   -7   -5   -8    6    3   -8   -1   15    8   11   11    6    4   13
    2    1   20    1    2   60    1    1      1282   10   -9  -14    6   -2   -4   -5    6    6   -5   -3    9    8   14   13    6    2   10
    2    1   21    2    2    0    1    0      3504    7   -9  -12    4   -2   -5   -7    8    7   -5   -4    9   10   12   12    6    4   11
    2    1   22    1    1   31    1    1      1189   18   12    9  -12  -19   16   19    1   10   17    2   12    6   -7   -9    0  -10   -9
    2    1   23    4    3    3    1    0      5111    2    6   -9   16  -13   11   -7    8   10    0   -2   -8    5  -10   -9   10   -9   -1
    2    1   24    4    1    1    1    0       893   14   23   10  -14  -10   14    7   -1   13   13    4    8    5   -6   -5    1  -14   -6
    2    1   25    4    3    2    1    0      2650    0    5  -10   14  -14    8   -5    7    8    4  -12   -7    4   -5   -6    9   -7   -2
    2    1   26    1    3   73    2    0      5074    1    4   -8   19  -22   20   -9   10   14    0   -7   -7    5   -8  -12    6   -9   -1
    2    1   27    6    0    0    2    1      1624  -15   16   -1    5    8   11    4   -9   -2   -2    6    0   -4    3    3    8    0    0
    2    1   28    4    1    2    1    0      1673   22   10   11  -13  -14   12   14   -2    2   18    3    2    6   -5   -9    7  -11  -16
    2    1   29    1    3   51    1    1      3784    7   13   -5   14  -15   12  -12   11   12    2   -8   -4    7   -9   -3   15   -7   -2
    2    1   30    1    2   11    1    1      4354   -3  -18  -12    5   -4   -7   -6    8    9   -7   -1    7    9   11   13    7    6    9
    2    1   31    1    3   10    1    1      2053    2    3   -8   16  -12   10  -11   13   12    2   -9   -5    4   -8   -8    9   -8   -2
    2    1   32    6    0    0    2    1      2532   -4  -12   -2   -2    0   -3   12    6  -10    4   -1   23   -6  -10  -13   14    7   12
    2    1   33    4    3    5    1    0      4528    1    5  -12   12  -11   10  -11    6    6   -1   -9   -5    5   -6   -2   15   -8    0
    2    1   34    4    3    1    1    0      2301   -1    4   -8   14  -13    9  -19   11   12    2   -7   -5    9   -3   -6   10   -8   -3
    2    1   35    1    1   25    1    1      1042   14   15   11  -11   -9   13   15   -5   11   17    4    5    3   -4   -3    4  -10  -10
    2    1   36    4    2    3    1    0      2042    6   -9  -11    4   -1   -3   -6   10    2    1   -1   19    6   18   16    9    3   12
    2    1   37    4    1    3    1    0      1130   15   15    9  -14   -8   14   17   -4   10   16   -3   -1    4   -5  -10    7  -11  -12
    2    1   38    1    1   18    1    1       926   17   16    1  -18   -5   17   15   -3   11   21   11   -2    6   -6   -6    2  -10  -16
    2    1   39    1    2   62    1    1      4042    6   -8  -11    3   -1   -7   -2    9    7   -4   -5    9   11   12   11    6    6   10
