    1    1    1    1    1    5    1    1      4040  -13  -15   -9   11    5    0  -13   -2    5    6    3    4    8   -2  -13    1   -2    5
    1    1    2    1    2    4    1    0      1130   -5   16   -7  -13   12    7    3    4   -4   -8   11  -17    3   -5  -12   10  -12   -7
    1    1    3    1    1    2    3    0      1159   -8   -9  -11    9    7   -1  -12   -7    4    7   -5   -4    1  -17  -16    1    1    9
    1    1    4    1    3    2    1    0      1194    8   -2   -7   20   -7   -5    7   -8   -5   19  -12  -13    5    0    0    2    0   15
    1    1    5    1    3    3    2    0      4324    9   -5  -13   12   -9   -1    6   -7    1   11   -9  -12    4    1   -1    1    5   15
    1    1    6    1    2    3    2    1      5169    0   12   -8  -10   14   -5    2    9   -6  -11   13  -13    5    3  -16    8  -14   -5
    1    1    7    1    1    4    1    1      1940   -7  -11  -11   11   -1   -6  -18   -2    5    5    0    4    4  -12  -15   -2    2    5
    1    1    8    1    2    1    3    0      1984   -9   18   -7  -15   12   -1   -3   12   -2  -14   15  -17    2   -6  -15    8  -13   -7
    1    1    9    1    3    1    3    1      2386   10   -5  -14   10  -10   -1    8   -7    2    9   -9  -15    6   -2    0   -2   -3   19
    1    1   10    1    3    4    2    0      1620   10   -4  -12   12   -7   -2    6   -6   -5    8  -12  -12   -2  -11   -3    1    1   11
    1    1   11    1    3    5    2    0      3324    9   -1  -15    8   -8   -4    6   -5   -1   11  -12  -18    6   -2   -7   -2   -2   18
    1    1   12    1    2    2    2    1      1417   -3   10   -6  -13    7   -1    0    6   -6  -10   11  -18    4   -3  -13    8  -19    0
    1    1   13    1    1    1    3    0      1378  -16  -15  -10   10    8   -3  -13   -3    4    7    1    6    4  -12  -16    2    1    9
    1    1   14    1    1    3    1    1      1645  -15  -13    1   12   11    3  -11   -7    4    5    2    1    3  -11  -18    6    2    8
    1    1   15    1    2    5    3    0      1205   -4   14   -5  -15   12    0    4    8   -7   -9   14  -15    3   -2  -15   11  -13   -7
    1    2    1    1    1    7    1    1      2374   -9  -10   -8    5    7   -4  -13   -4    5    6    0    4    3  -10  -12    0    0    8
    1    2    2    1    3    9    3    1      4705    8   -5  -15   12  -12   -3   12   -8   -1    9   -9  -12    6   -2   -1    0    1   18
    1    2    3    1    3   10    3    1      4150    8   -2  -13   11   -7    0   -3  -13   -1   10  -10  -16   -1    6    3    5    2   15
    1    2    4    1    3    8    3    1      1249    8   -2  -21    4   -6   -3    9   -9   -9    0  -16  -10    3    2   -2    1    1   16
    1    2    5    1    2    9    3    0       841   -6   15   -7  -13    4   -1    4   10   -9   -4   12  -14    3   -5  -14    7  -12   -5
    1    2    6    1    2    8    3    0      1561  -10   20   -8  -13   11    0    1    7   -5   -9   11  -15   -1   -8  -12   10  -10   -4
    1    2    7    1    1    6    1    1      2100   -5   -7  -13   15    9    0  -15   -5    6    7   -8   -1    5   -6  -15    0    2    7
    1    2    8    1    1    8    1    1       746   -7  -13   -7   11    8   -2  -12   -5   -3    9    0    4    9   -6  -15    1   -2    7
    1    2    9    1    1   10    1    1       621   -6  -11  -14   12    8   -1  -15   -6    4    8    3    3    3  -10  -17    0    4   11
    1    2   10    1    1    9    2    0      1462   -8  -10  -17    3    9   -4   -4   -1    8    4    0    0    3  -16  -14   -2    7    6
    1    2   11    1    2    7    2    1       869   -7   15   -7  -13   17   -6    1    7   -4   -5   13  -16   12   -7  -14    8  -14   -6
    1    2   12    1    3    6    1    0      1220    8   -4  -11   10   -7   -6    2  -12    2    9   -9  -14    6    1   -2   -1    0   17
    1    2   13    1    3    7    2    0      1244    3   -1  -11    9  -11  -10    0  -12   -1    3  -10  -13    8    1    0   -2    2   19
    1    2   14    1    2   10    2    1      1404   -7   14   -7  -24   15   -1    2   10   -4   -7   20  -16   -1   -8  -21    9  -11   -1
    1    2   15    1    2    6    3    0      1126   -5   18   -6  -16   20   -6    1    6   -9   -8   10  -13    4   -3  -15    9  -13   -4
    1    3    1    1    3   14    3    1      1754   11   -2  -13    9   -6   -4    8   -9    1    9   -9  -13    5   -3   -2   -1    5   17
    1    3    2    1    3   13    2    0      5301    9   -2  -13    9  -12   -1    6   -6    5    4  -12  -16    7   -1   -1    0    6    9
    1    3    3    1    3   12    2    0      1235    9   -2  -15   12   -7   -4    5   -8   -1   11  -10  -15    4    1    2    3    0   15
    1    3    4    1    2   15    2    1       867   -3    9   -7  -14   10   -5   -5   16   -6   -8   13  -16    0   -5  -17   12  -10   -3
    1    3    5    1    3   15    1    0       938    8   -2  -11   12   -6   -1    8   -5    0   11  -11  -13    7    0   -9    9   -1   14
    1    3    6    1    1   13    1    1       774   -9  -11   -9    9    8    0  -14   -5    5    6    2    4    4  -10  -19   -1    2    9
    1    3    7    1    3   11    3    1      1112    9   -3  -12   11   -9   -2    5   -6    1    9  -10  -15    6   -2    2   -5   -1   14
    1    3    8    1    2   11    2    1      1022   -7   16   -3  -11   15    0   -2    5   -7   -9   16  -23    4   -5  -13    7  -13   -5
    1    3    9    1    2   14    2    1       566   -4   14  -10  -15   12   -1    5    1   -6  -14   12  -16   -7   -2   -9    9   -8   -5
    1    3   10    1    1   15    3    0      2609  -10  -11  -11    8    9   -3  -13   -7    5   10    2    5    5   -9   -7   -4    0    6
    1    3   11    1    2   12    2    1       826   -6   15   -7  -13   17   -6    3    7   -5  -10   13  -15    4   -5  -14    7  -11   -5
    1    3   12    1    1   12    3    0      4251   -8  -12  -10   10    8   -3  -12   -2    5    5    1    7    3  -11  -13    1   -7    9
    1    3   13    1    1   14    3    0      1634  -15  -21   -3   15    5   -2   -7    3    5    5    3    3    2   -9  -19    7   -2    7
    1    3   14    1    2   13    2    1      1491   -5   10   -6  -13   21  -10    4    8    2  -12   10  -16    2   -2  -13   12  -12   -5
    1    3   15    1    1   11    3    0      1632   -7  -12   -6   19    8   -3  -14   -3    6    6    7   13   -3  -14  -12   -2   -1    7
    1    4    1    1    3   20    2    0      4848   10   -4  -13   12  -10   -3    7   -6   -1   10   -9  -16    7   -1   -3   -3   -3   17
    1    4    2    1    2   16    3    0      2024   -6   13   -4  -13   14    1    1   13    0  -11   12  -14    4   -3   -9    7   -9   -1
    1    4    3    1    2   18    3    0      1361   -3    5   -6  -15   14   -2   11   18    0   -1   11  -16    1   -4  -12    8  -21  -15
    1    4    4    1    1   18    1    1      1332   -9  -11  -10   11    7   -3   -5    0    4    4    4   -1    5  -12  -15    1    1   11
    1    4    5    1    1   16    1    1       840   -3  -13  -10   11    5   -4  -12   -6    6    5    3    5   -5  -20  -12  -10    0    9
    1    4    6    1    3   18    2    0      1256   13   -6  -12    9   -9   -5   16    0    0    9   -6   -6    3    1   -4    1    1   18
    1    4    7    1    2   19    3    0      1439   -4   14   -8  -18    4    1   11    6   -5  -10   16  -20    0   -4  -14    8  -16   -6
    1    4    8    1    2   17    2    1      2855   -7   15   -5  -14   14    0    2    7   -8  -10   11  -17    2   -5  -15   10  -14   -3
    1    4    9    1    1   17    3    0      1463   -6  -13  -11   10    8    0  -13   -4    3   10   -1    9   10   -2  -12   -1    1    5
    1    4   10    1    1   19    1    1       710  -10  -14   -9   12    3    2  -15   -3    3    5   -1    4    6   -9  -16   -1    0    8
    1    4   11    1    1   20    1    1       563   -5  -18   -8   10    8   -1  -14   -3    2    5    1    3   14   -5  -15    0    0    9
    1    4   12    1    3   16    3    1       919   10   -3  -13    9   -6   -3    2   -8    0    9   -9  -14    3   -1   -1   -1    2   16
    1    4   13    1    3   19    2    0      2787   -1    7  -14   10  -10   -1   17    2   -1   11   -6  -10    5   -2   -3   -2    0   17
    1    4   14    1    2   20    2    1      5997   -5   14   -5  -15    4  -11    1    8   -4  -12   10  -15    0   -3   -7   17  -13  -13
    1    4   15    1    3   17    3    1      1703   10   -5  -14   11   -7   -4    5   -8    0   11  -11  -12    3    1   -1   -4   -8    9
    1    5    1    1    2   21    3    0      1637   -5   16   -5  -12   12    5    3    7   -2   -5   11  -15    3   -3  -15   10  -14   -4
    1    5    2    1    1   21    1    1       837  -16  -17   -9   11    6   -2  -12   -5    4    7    2    2    2  -11  -22    0    1    6
    1    5    3    1    3   24    2    0      2285   11   -2  -14   11   -4   -5    7   -4    1    8   -6  -13    6   -1   -2    1    1   15
    1    5    4    1    2   23    2    1      2091   -6   15   -4  -13   12   -3    1    6   -6   -7    5  -14    1   -6  -13    9  -13   -6
    1    5    5    1    3   23    3    1      1281    8   -4   -9    9   -8   -4   12   -9   -2    8  -10  -12    5   -2   -1    0   -2   16
    1    5    6    1    3   21    3    1      2007    5   -7  -12    8   -9   -4    9   -5    1   11   -9  -16    4   -2   -5   -2    8   21
    1    5    7    1    1   24    2    0      2984    2  -14   -8    3    8   -3   -7  -15    9    4    0    4    0  -13  -13    1   -3   -3
    1    5    8    1    3   25    3    1      1618    7   -3  -14   10  -10   -1    7   -6    1    8   -8  -16    3    0   -1    0    2   15
    1    5    9    1    1   25    1    1       787   -7  -14  -10   12    6   -3  -13   -8    6    4   -1    3    5  -12  -16    1    2    9
    1    5   10    1    2   22    3    0      1741   -6   20   -5  -15   13   -3    1    9   -3  -10   13  -16    1   -2  -16    9  -11   -5
    1    5   11    1    1   23    1    1       721  -10  -11   -6    8    9   -3   -4    1    5    4   -1    3    4  -10  -16   -1    0    9
    1    5   12    1    1   22    1    1       598   -9  -11   -7   11    6   -1  -12   -5    4    7    1    2    4  -10  -14    1   -1    9
    1    5   13    1    2   25    2    1      1543  -12   22  -15  -10   11    0    2    6   -5   -6   10  -16    4    0  -13    9  -17   -9
    1    5   14    1    3   22    3    1      3971   10   -5  -13    9   -8   -4    8   -6    0   12  -11  -13    5   -2   -1    0   -1   18
    1    5   15    1    2   24    2    1      1862   -7   16   -6  -12   12    0    0    7   -7   -9   16  -21    2   -6  -12   10  -11   -6
    1    6    1    1    3   27    3    1      1589    9   -3  -13   11   -7   -3   10   -8   -1    8  -11  -16    4    0   -1   -1    1   15
    1    6    2    1    3   29    3    1      2879    7   -8  -12    9   -3   -3    9   -3   -1   10  -11  -15    6    3   -2   -1   -2   20
    1    6    3    1    2   28    2    1      1670   -3   15   -5  -15   14   -2    1    9   -5  -11   10   -7    0   -4  -12   10   -5   -3
    1    6    4    1    1   27    1    1       604  -11   -7   -7    9    2    1  -18    0    7    9    1    3    6  -11  -13   -1    1    9
    1    6    5    1    3   28    3    1      1598   10   -3  -13   17   -9   -3    8   -6   -3    5   -9  -14    6   -1   -1    0    2   14
    1    6    6    1    2   30    3    0      1527   -5   16   -5  -14   12    0    5    5   -8   -9   13  -16    1   -4  -17   13  -14   -4
    1    6    7    1    1   28    1    1       836   -9  -11   -7   11    5   -1  -14   -7    3    7    2    3    3  -13  -12   -2   -1    8
    1    6    8    1    2   29    2    1      1540   -4   15   -6  -15   20   -1    4    9   -2    0    8  -17    7   -5  -14   11  -17  -13
    1    6    9    1    3   26    3    1      3120   12   -8  -11   10   -8   -1    8   -8    2   10  -19  -13    5   -3   -2    2    0   17
    1    6   10    1    2   26    2    1      2612   -6   13   -5  -13   12   -2    5   10  -11  -11   11  -13    8   -8  -18   -1  -13   -5
    1    6   11    1    2   27    2    1      1118   -4   14   -2   -9    7  -10    4    8   -6   -8   12  -14    3   -3  -15    9  -10   -8
    1    6   12    1    1   30    3    0      2354   -7  -10   -8    9    5   -2  -13   -3    4    7    0    4    4  -12  -15    0   -3    4
    1    6   13    1    3   30    1    0      1758    7   -5  -21   12  -16    3    5   -9   -2   12  -10  -16    4    1   -2    1   -2   19
    1    6   14    1    1   29    1    1       833   -9  -11  -10   12    7    0  -21    5    5    5    1    3   14   -8  -14   -1    1    7
    1    6   15    1    1   26    1    1       633   -6   -9  -15   15    5   -7  -13   -6    4    5    1   -1    2  -12  -14    1    0    8
    1    7    1    1    3   35    3    1      1073    9   -1  -14    9   -3   -5    8   -9    1    9   -9   -5    1   -8    0    1    8   11
    1    7    2    1    1   35    3    0      1512   -5   -9  -10   11   10    2  -11   -6    5    6   11   10    4  -13  -12   -2   -2    7
    1    7    3    1    3   33    2    0      1221    6   -3  -11   10  -10   -3    7   -6   -2    8  -20  -20    4    1   -3    1    4   12
    1    7    4    1    3   31    2    0       542   16    3  -12   20   -8   -2    8   -5    0   12   -9  -14    5   -3   -2    2    0   15
    1    7    5    1    2   32    2    1       554   -6   17  -16  -10   11   -1    2    7    2   -9   10  -13    4   -3  -13    8  -11   -6
    1    7    6    1    2   31    3    0       966   -5   16   -8  -14   22  -11    2    7   -7   -8   13  -15    6  -14  -13   11  -13   -5
    1    7    7    1    3   32    2    0      1880   10   -3  -12    0   -9   -3    6   -7    0   11  -16  -11    3    1   -1    2    0   14
    1    7    8    1    2   33    3    0      1543   -5   16   -7  -14   15   -6   -3    5  -10  -15   12  -16    9   -8  -16    8  -12   -5
    1    7    9    1    1   31    1    1       635   -6  -13  -10   10    6   -1  -17   -9    3    5    1    3    1  -14  -14   -1    0    8
    1    7   10    1    1   34    1    1       755   -6  -11  -10    8    8   -3  -12   -6   10    3   -4    0   -1  -14  -14   -1   -2    9
    1    7   11    1    2   34    3    0      4446   -7   15   -5  -16   12   -1   -3   10  -12  -19   14  -13    0   -4  -13    8  -10   -8
    1    7   12    1    3   34    1    0      5230    7   -7  -13   11   -6   -4    5   -8    1    9   -8  -16   15    5   -3   -1    1   16
    1    7   13    1    1   32    1    1      1087   -9  -11   -7    9    5   -2  -12   -3    6    8    2    5    4  -13  -13   -1   -5    4
    1    7   14    1    1   33    1    1      3212   -9  -11  -11   10    6   -4  -15   -4    6    6    5   -1    5  -10  -18    8    2    5
    1    7   15    1    2   35    2    1      5486   -9    5   -5  -10    4   -9    0   11   -6  -19   13  -15    3   -4  -15    7  -12   -7
    1    8    1    1    1   39    1    1      4148   -9  -11    0   18    5    0  -11   -3   -5   -2    0    4    3  -10  -11    3    2    6
    1    8    2    1    1   40    1    1       631   -7  -12   -8   10    6    0  -11   -6    9    4    2    4    3   -7  -15   -2   -1    7
    1    8    3    1    2   39    3    0      2735   -3   16   -4  -14   18    0   -3   13   -8   -7   12  -12    6   -9  -15    8  -11   -7
    1    8    4    1    3   36    3    1      3499    7   -5  -23   10   -6   -1    8   -9    4    8  -10  -15   13   -5   -3    1    1   18
    1    8    5    1    3   38    2    0      1264    7   -5  -14   10   -9   -4    6   -9    1   10  -14  -18    4   -1   -2   -1   -2   17
    1    8    6    1    2   40    2    1      1895   -4   14   -1  -13   14    0    2    7   -1   -8   13  -14    6   -5  -15   10  -11   -9
    1    8    7    1    2   36    2    1      2149   -2   13   -9  -18    4    0   -6   18   -1   -7   12  -13    1   -5  -15   10  -14   -5
    1    8    8    1    3   37    3    1      4232    7   -2  -13   11  -10   -4    1  -15   -1    2   -6  -17    8    2   -3    0    1   24
    1    8    9    1    1   36    1    1      5992   -8  -15   -8   10    6   -1  -13  -12    5    6    0   12    5  -11  -16   -1    1   14
    1    8   10    1    3   40    3    1      2834    9   -3  -14   11  -12   -5    3  -12    0   11  -10  -12    4   -1   -3    0    1   15
    1    8   11    1    2   38    2    1      1242   -6   16    0  -12   14   -3    2    6   -8  -10    9  -16    6    4  -13   10  -19   -4
    1    8   12    1    3   39    3    1      1298    8   -2   -4   13   -8   -4    5   -3    0   11   -8  -15    6    0   -4    1   -4   21
    1    8   13    1    1   38    1    1       816   -5   -8   -7   11    8   -2  -15   -7   -4   13    0    6    9   -7  -13    1    6   14
    1    8   14    1    2   37    2    1      3041   -4   14   -1   -8    9    1    1    8   -5   -7   11  -14   -4   -5  -24   14   -7  -12
    1    8   15    1    1   37    1    1      1072   -9   -9   -8    1    8   -3  -11   -7    6    9    2    5    2   -9  -10    0   -2   12
    1    9    1    1    1   44    1    1       887   -6  -16   -6   15    8   -3  -14   -6    3    5   -3   -1    7   -8  -15   -1   -2    7
    1    9    2    1    2   45    3    0      1229   -4   14    2  -11   13   -3    1    9  -10   -4   17  -21    6   -5  -19    4  -17    1
    1    9    3    1    3   42    3    1       878   10   -3  -15   12   -7   -3    9   -8    5   15   -8  -15    6   -1   -5    7    1   18
    1    9    4    1    3   45    1    0       741    4   -7  -12    9   -6   -7    0  -17    2    9  -13  -15    5   -2   -3    0    1   15
    1    9    5    1    1   42    2    0      2785  -16   -1    0   14    7    0  -11   -3    4    4    2    3    6  -10  -22    2   -2    7
    1    9    6    1    2   42    3    0      3451   -3   24   -2  -10   13   -1    4   15   -6  -11   11  -17   -1    2  -15    9  -11   -6
    1    9    7    1    2   43    2    1      7578   -5   17   -5  -12   12   -1    1    7   -6  -10   11  -20    1   -3  -23   11  -12   -5
    1    9    8    1    1   41    1    1      1053   -9  -10   -8   12    6    0  -13   -4    5    7    0    5    4  -12  -16    1   -3    9
    1    9    9    1    2   41    3    0      9964   -4   13   -6  -15   14   -3    2    6   -8  -10    5  -24    1   -6  -12    8  -11   -7
    1    9   10    1    1   45    1    1      4007   -7   -9   -3   15    8   -1  -14   -6    3    4    1    3    5  -12  -15   -1    1    9
    1    9   11    1    3   43    3    1      3376    6   -5  -14   10   -7   -4    8   -6    1   15  -11  -16    5    0  -11   10    5   12
    1    9   12    1    2   44    2    1      2643   -4   15   -6  -23   10  -12    2    6   -6   -7   13  -15    3   -5  -15    8  -13   -5
    1    9   13    1    3   41    2    0      2419    8   -1  -13   12   -8   -4    8   -9   -2    9  -12  -14    7   -3    7    6    0   17
    1    9   14    1    3   44    3    1      1971   17   -3  -11   11   -9   -5    8   -5   -2   10   -8  -16    6   -1   -4   -1    0   17
    1    9   15    1    1   43    2    0      1926  -10  -10   -9   11    2   -8  -11   -5    6    5    6   10    5   -9   -7  -10    2    3
    1   10    1    1    1   47    1    1       771  -10  -11   -8    9    5    0   -3   -8    4    9   11   14    5  -13  -15    1    5    7
    1   10    2    1    3   50    2    0      6014    8   -2  -12    5  -11   -8    6   -6    0   11  -10  -12    8    4   -4    1    0   18
    1   10    3    1    3   47    2    0      1687    8   -2  -14   12   -9   -4    6   -6    2   10  -10  -15    3    0   -1   -1    1   16
    1   10    4    1    2   46    2    1      3501   -4   15   -7  -15   14   -4    1   10   -5   -9   13  -15    4   -4  -15   10  -13   -6
    1   10    5    1    2   50    2    1      1570    4   24   -5  -13   13   -4   -7    3   -5   -9   13  -16    4   -2  -13    9  -10   -6
    1   10    6    1    1   49    1    1      1093   -8  -13   -7   11   12   -3  -14   -6    2    6    1    3    7   -2  -13    1   -1    8
    1   10    7    1    2   49    2    1      1291   -4   20   -5  -11   14   -1    2    7   -4   -9   10  -16    4   -5  -13   10  -12   -4
    1   10    8    1    3   46    1    0      1673    6   -4  -13    9   -9    4    7   -9    2   12  -11  -15    7   -1   -3    1   -7    9
    1   10    9    1    3   48    3    1      1376    6   -2  -13   11   -9   -3    6   -6    0    8   -9  -15    4    0   -4    1    0   17
    1   10   10    1    1   46    1    1       762   -9  -12   -8   12    8   -3  -14   -4    3    8    0    4    2  -12  -12   -2   -1    8
    1   10   11    1    2   47    2    1      1190   -6   16   -6  -15   14   -2    2    9   -6  -10   13  -14    6   -1  -13    9  -13   -5
    1   10   12    1    1   50    1    1       696   -6  -11  -11   12    6   -3  -13   -4    2    6   -1    4    6  -14  -11    0    1    8
    1   10   13    1    2   48    2    1       734   -5   14   -5  -16   12    0    1    8   -5   -9    9  -21    6    1  -12    7  -14   -6
    1   10   14    1    1   48    1    1       866  -13   -9   -9   11    5   -3   -8   -2    3    6    1    2    4  -12  -16    3    1    7
    1   10   15    1    3   49    3    1      2736   13   -1  -14    9  -13   -3    7   -8   -1   14  -11  -13    7    1   -3    0    0   17
    1   11    1    1    2   53    2    1      1396   -4   10   -2  -15   14   -1    1   10   -5   -8   13  -15    1   -3  -12    8   -7   -7
    1   11    2    1    2   52    2    1      1135   -6   16   -7  -13   11   -2    0    7   -7   -7   14  -14    5  -13  -14   10  -22  -10
    1   11    3    1    3   52    3    1      5787    9   -2  -15   10  -11   -7    2   -8    1    7  -19  -19    7    0   -2    1   -7   15
    1   11    4    1    1   53    1    1      1036  -10  -12   -8   12    8   -2  -15   -4    3    7   -7   -1   14  -11  -12    1   -2    6
    1   11    5    1    1   55    1    1      1653   -6  -10   -9    8    5   -2  -13   -3    6    7   -1    2    2  -11  -14   -1   -4   -3
    1   11    6    1    2   54    2    1      1188   -4   16   -8  -14   13   -1    0    9  -10   -4   12  -16    0   -5  -13   11  -12   -5
    1   11    7    1    2   55    2    1      2118   -5   16  -11  -17   11    0    3   10   -7  -10   16   -8    4  -12  -12   10  -10   -6
    1   11    8    1    1   54    1    1       771   -9  -12  -10    8   12  -10  -14   -5    9    2    2    3    5  -10  -14    1    2    6
    1   11    9    1    3   53    3    1      1229    8   -4  -12   11   -9   -3    2  -16   -2   12   -8  -12    6    1   -2   -3    1   16
    1   11   10    1    1   52    1    1       998   -9  -11  -10   12    6   -2   -7    4    6    4    3    5    6  -11  -13    0   -2    5
    1   11   11    1    3   51    3    1       903    7   -3  -12    8  -10   -5    9   -8    1    8   -1  -16    1   -3   -2   -1    0   15
    1   11   12    1    3   54    3    1      2021   13   -6  -13    9  -17    0    6   -5   -1    8  -11  -14    5    0   -3    2   -3   21
    1   11   13    1    3   55    1    0      1661    0  -11  -15   17   -8   -2    9   -6   -1   10  -12  -12    8   -3    4   10    0   14
    1   11   14    1    1   51    1    1       893  -16  -11   -8   11    5   -4  -12   -5    3    8    3    3    6  -11  -15    1    2    5
    1   11   15    1    2   51    2    1       907   -4   17   -7  -14   12   -2    2   10   -6   -8   13  -16    3   -4  -15   10  -12   -5
    1   12    1    1    1   56    1    1       688   -7  -13  -11    9   11    0  -13   -6    4    8    0    5    3  -12  -15    1   -2    6
    1   12    2    1    2   60    3    0      2190   -4   15   -1  -17   12   -3    1    8  -14  -16   12  -16    4   -4  -16   10  -11   -6
    1   12    3    1    1   60    1    1       896   -6  -12  -13    5    9   -2  -10   -8    4    7    4   -1    3  -13   -9   -5   -2    5
    1   12    4    1    2   57    2    1      1038   -7   17   -7  -13   15   -6    3    8   -7   -8   14  -19    4   -2  -11   13  -11   -8
    1   12    5    1    2   59    2    1       678   -2    7   -6  -15   13   -4    1    8   -4  -11   15  -14    5   -5  -19   10  -10   -7
    1   12    6    1    2   58    2    1       517   -3   13   -6  -15   14   -3    4    6   -8   -9    8  -14    2   -2  -12    7  -12   -7
    1   12    7    1    2   56    2    1       634   -5   14   -7  -13   13   -1    9    9   -7   -9    6   -7    2   -3  -14    8  -11   -7
    1   12    8    1    3   60    3    1      1145    6    6  -14    6   -7   -4   10   -7    1    0   -9  -15    3    1    4    5   -2   16
    1   12    9    1    1   58    1    1       870   -8  -13  -10   10    9   -2  -11   -4    3    4    1    2    4   -9  -13    0    0    6
    1   12   10    1    1   59    1    1       604   -7  -13  -11   11    8   -2  -12   -6    4    8    1    3    4  -12  -12   -1   -1    5
    1   12   11    1    3   58    3    1      1062    7   -3  -13    9   -9   -3    7   -6    0    8   -9   -6   10    3   -1   -1  -10   20
    1   12   12    1    3   56    1    0       853    3  -13  -14   10   -8   -1    8   -6   -2   10  -17  -14    5    0   -1    0    0   11
    1   12   13    1    3   59    3    1      1892   16  -10   -7    9   -7   -3    7   -9    0    9   -9  -15    6    0  -11   -6    1   15
    1   12   14    1    1   57    1    1       698   -8  -13  -11    9   10   -2  -13   -4    4    5    1    3    3  -12  -14   -1   -1    8
    1   12   15    1    3   57    2    0      3151    8   -4  -15    9   -8   -2    9   -6    1    8  -15  -12    6    1    0   -2   -7   19
    1   13    1    1    3   61    3    1       723    9   -2  -12   10  -10   -2    8   -5    7    5  -11  -16    5   -2    0   -2   -2   17
    1   13    2    1    2   62    3    0      1888   -4   14   -3  -10   13    0    9   12  -11  -12   14  -14    2   -5  -13   10   -5   -6
    1   13    3    1    2   64    2    1       782   -7   17   -4  -14   13   -1    1    8   -3   -8   14  -15    1   -3   -5   13  -10   -7
    1   13    4    1    3   64    3    1      1592    8   -1  -11    9   -6   -2    4    1   -1    9  -10  -16    7    1   -9   -1   -2   15
    1   13    5    1    3   62    3    1      2138    4  -13  -14    8  -12    0    6   -4   -2    8  -11  -12   -3    2   -2   -1    1   14
    1   13    6    1    3   65    3    1      1942    7   -5  -14   10   -7   -2    6   -8    1   12   -8  -17    4    0   -2    2   -1   14
    1   13    7    1    1   62    1    1       802   -6   -8  -10    8    8   -3  -15   -3   14    8    2    3    5  -12  -13   -2   -2    7
    1   13    8    1    1   61    3    0      1691  -17   -3  -11   10    5   -1  -19  -13    5    5    3    2    1  -19  -16    1    0    8
    1   13    9    1    1   65    1    1      1553  -14  -16   -6    6   11    3   -3   -5    5    8   -1    6    5  -13  -13    2    1    8
    1   13   10    1    1   63    1    1       588  -10  -13   -9   11    4    0  -14   -5    4   11    1    3    2   -9  -15   -2    0    6
    1   13   11    1    3   63    3    1      2222   13  -12  -14   10  -13   -6    6   -7    0    8  -15  -16    5   -2   -1    0    1   18
    1   13   12    1    1   64    1    1       831   -5   -7   -5    6   15    2  -11   -4    5    5    6    7    3  -12  -15    1   -1    6
    1   13   13    1    2   61    3    0      1623   -3   15   -4  -14   14   -2   -5   11   -6  -13   10  -16    3   -4  -15    8  -13   -5
    1   13   14    1    2   65    2    1      1032   -7   14   -5  -13   14   -1    0   18   -7  -10    6   -6    4   -4  -15   10  -16  -10
    1   13   15    1    2   63    2    1       440   -8   15   -6  -15   17   -5    4    7   -7   -9   17  -14    3   -3  -13    9   -9   -1
    1   14    1    1    2   67    2    1       584   -6   15   -6  -15   11    0    3    5   -4   -6   11  -15    3   -9  -13    9  -13   -5
    1   14    2    1    2   66    2    1       426   -5   14   -7  -14   13   -1    4    6   -7   -9   13  -15    4   -4  -13   10  -11   -6
    1   14    3    1    1   70    1    1       754   -7  -11   -9    8   10    2  -14   -5   -6   14   -1    5    4  -10  -15    2   -2    8
    1   14    4    1    1   68    1    1      1134   -8  -12   -8   12    6   -3  -14   -5    3    5    4    7    5  -10  -10   -5    5    4
    1   14    5    1    2   68    2    1      2690   -4   17   -6  -16    6    8    1    7   -4  -10   12  -10    1   -2  -15   10  -12   -5
    1   14    6    1    2   70    1    0      1168    2   14  -14   -5   14   -2    1    9   -5   -9   12  -14    1   -7  -14    8  -10  -16
    1   14    7    1    3   69    3    1       970   -1    4  -11   13  -10   -1    8   -5    0   11  -11  -15   14   -6   -1    0   -7   22
    1   14    8    1    2   69    2    1      1165  -10   16   -6  -13   16    3    0    7   -7   -9   13  -24    1   -4  -17    7  -12   -7
    1   14    9    1    1   66    1    1       795   -8  -13  -13    6    7   -3  -14   -2    5    5   -4    5    4   -9  -13    0    3    7
    1   14   10    1    3   70    3    1      2082   10   -5  -12   10  -17  -13   -1   -1   -6    3  -10  -15    9    1   -2    3   -1   16
    1   14   11    1    3   66    3    1       863    9   -2  -12   11   -6   -2   14   -3    0   11   -5  -15    3    1    0   -2    0   17
    1   14   12    1    1   67    1    1       983   -8   -6   -9    9    6    0  -13   -4    4    7    3    5    2  -11  -13    0   -1    7
    1   14   13    1    1   69    3    0      2073   -8  -13   -1   10    6   -6   -5    0   11    8   -1    3    5  -11  -13   -1   -3   12
    1   14   14    1    3   67    3    1      1015   10   -3  -11   10   -6   -5    8   -8    2   12  -11  -12    3    3   -5   -2   -1   17
    1   14   15    1    3   68    3    1      2080   15    6  -15    8  -14   -9    6   -7   -1   11  -11  -13    7   -3   -7   -3    2   17
    1   15    1    1    1   73    1    1       679   -7  -11  -10   11    8    0  -16   -9    4    5    2    3    5   -9  -16    0   -1    7
    1   15    2    1    3   73    3    1      2110    8   -2  -13    9   -9   -5    9   -7   -4    7  -12  -11    6    0   -2    3    1   17
    1   15    3    1    1   74    1    1       755  -12  -15   -7   10    9    0  -17   -8    5    6    1    2    6  -11  -21    0    1    6
    1   15    4    1    2   74    2    1       742   -6   22   -7  -13   12   -2    2   11   -7   -9   12  -17    3   -4  -15    8  -12   -5
    1   15    5    1    3   74    3    1      2274    8   -4  -14   12  -12   -4    7   -6   -6   20  -11  -13    4   -1   -6   -1    2   18
    1   15    6    1    2   71    2    1      1313   -5   14   -6  -12   13   -1    1    9   -7   -9   11  -15    2   -3  -15    8  -10   -4
    1   15    7    1    2   73    2    1       558   -4   17   -5  -14   11   -3    2    7   -5  -10   12  -13    3   -3  -15    9  -14   -7
    1   15    8    1    1   72    1    1       626   -7   -9  -10   12    7   -4  -12   -5    5    6    6   13   13  -13  -13    2    0    6
    1   15    9    1    2   72    2    1      2914   -3   16   -5  -16   13   -1    0   10   -7   -7   13  -17    4   -2  -22    6  -14   -7
    1   15   10    1    3   72    3    1      1399    3   -3  -13    9   -8   -5    5   -7    2    8   -9  -12    3    1    0   -2    2   13
    1   15   11    1    1   75    3    0      2008   -8   -1   -5   14    4    3  -11   -4    3    5    1    2    4  -10  -15   -1   -2    9
    1   15   12    1    3   71    3    1      1922    6   -6  -15    8   -6   -5    8   -9    0    9  -10  -15    4    0   -3   -5    2   18
    1   15   13    1    1   71    1    1       638   -9  -11  -15    8    8   -1  -16   -7    7    8    3    4    4  -13  -14    1   -1    5
    1   15   14    1    3   75    3    1      4182   16   -8  -13    9   -7   -3    5   -8    2   11   -8  -13    6   -2    3   -7    2   16
    1   15   15    1    2   75    1    0      2952   -6   14   -1  -15   13   -3    4    6   -8  -10   14  -14    2   -6  -13    9  -14   -6
    2    1    1    1    1    8    1    1      4669   -7  -13   -7   11    8   -2  -12   -5   -3    9    0    4    9   -6  -15    1   -2    7
    2    1    2    1    3   60    1    1      2627    6    6  -14    6   -7   -4   10   -7    1    0   -9  -15    3    1    4    5   -2   16
    2    1    3    6    0    0    2    1      1244  -11  -18  -16    4    2    2    8   -2   -2   -6   21    6    4   15   10  -12    8   12
    2    1    4    4    1    3    1    0      5604   -8   -9   -9    8    7   -3  -12   -6    5    8    0    3    3   -9  -13   -2    1    7
    2    1    5    4    3    1    2    1      3646    9   -4  -16    3   -8   -2    6   -9    9   20  -10  -12    4    0   -3    1    1   14
    2    1    6    1    2   11    1    1      2894   -7   16   -3  -11   15    0   -2    5   -7   -9   16  -23    4   -5  -13    7  -13   -5
    2    1    7    4    1    4    1    0      3291  -10  -11  -13   11    8   -2  -12   -5   11   -1    1    2    2   -9  -15   -1   -1   12
    2    1    8    1    3   24    1    1      2353   11   -2  -14   11   -4   -5    7   -4    1    8   -6  -13    6   -1   -2    1    1   15
    2    1    9    4    1    5    2    1      2869   -9   -9  -10   10    9   -2  -12   -6   12    6    0    5    3  -10  -13   -1   -1    9
    2    1   10    1    3   42    2    0      1244   10   -3  -15   12   -7   -3    9   -8    5   15   -8  -15    6   -1   -5    7    1   18
    2    1   11    1    3   46    2    0       995    6   -4  -13    9   -9    4    7   -9    2   12  -11  -15    7   -1   -3    1   -7    9
    2    1   12    1    2   67    1    1      1669   -6   15   -6  -15   11    0    3    5   -4   -6   11  -15    3   -9  -13    9  -13   -5
    2    1   13    4    2    3    2    1      2044   -7   16   -6  -13   11   -2    3    7   -7  -10   13  -14    2   -5  -14   10   -8    4
    2    1   14    6    0    0    2    1       964  -13   14   -6   13   14   -3    3    8    6   10   -9   11   -3    2  -25  -12   11    3
    2    1   15    6    0    0    2    1      1311    1   11    6    9   -4   -2   -8   -8    0  -10  -13   -1   16  -10   13   12    4    7
    2    1   16    4    3    3    2    1       980   13   -4  -15   11   -7   -3    9   -1    1   10  -11  -14    3   -3    0   -5    1   14
    2    1   17    1    2   29    1    1      1439   -4   15   -6  -15   20   -1    4    9   -2    0    8  -17    7   -5  -14   11  -17  -13
    2    1   18    1    2   40    1    1       735   -4   14   -1  -13   14    0    2    7   -1   -8   13  -14    6   -5  -15   10  -11   -9
    2    1   19    1    1   32    2    0      2763   -9  -11   -7    9    5   -2  -12   -3    6    8    2    5    4  -13  -13   -1   -5    4
    2    1   20    4    3    2    2    1      1046    9   -2  -15    9   -8   -8    9   -8    0   12   -8  -13    6  -10   -3    1    1   15
    2    1   21    6    0    0    2    1       774  -15   14  -17   21   14   -6    3    6    6    9   -9    4   -1   -1  -13  -12    2   10
    2    1   22    1    1   74    1    1      1385  -12  -15   -7   10    9    0  -17   -8    5    6    1    2    6  -11  -21    0    1    6
    2    1   23    4    1    1    2    1      4235   -9  -10  -10    9    6   -2  -11   -5    5    5   -2    2   10  -13  -16   -1    2    7
    2    1   24    2    3    0    1    0      1523    8   -3  -13   10   -8   -3    7   -7    0   10  -10  -14    5   -1   -2    0    0   16
    2    1   25    6    0    0    2    1       848   -8   -7  -13    3    3   -2    8    1   -3   -7   12   10    6   17   12   -8    8   12
    2    1   26    1    1   16    2    0      2631   -3  -13  -10   11    5   -4  -12   -6    6    5    3    5   -5  -20  -12  -10    0    9
    2    1   27    1    1    5    1    1      2135  -13  -15   -9   11    5    0  -13   -2    5    6    3    4    8   -2  -13    1   -2    5
    2    1   28    4    2    2    1    0      2531   -5   14   -5  -12   13   -3    0    9   -7   -8   11  -14    2   -5  -12    9  -11   -7
    2    1   29    4    2    1    1    0       735   -4   14   -6  -12    8   -2    5    8   -5   -9   13  -14    2   -3  -12    9  -11   -4
    2    1   30    2    2    0    1    0       483   -5   15   -6  -14   13   -2    2    8   -6   -9   12  -15    2   -4  -14    9  -12   -6
    2    1   31    6    0    0    2    1       745   -3    1    9    7   -5   -2    0  -12    1   -9  -12    2    6    1    2    6   12    7
    2    1   32    2    1    0    1    0      2325   -8  -11   -9   10    7   -2  -13   -5    4    6    1    4    4  -11  -14    0    0    7
    2    1   33    4    1    2    1    0      2194   -9  -10   -9   11    7   -1  -13   -7    5    8    2    2    3   -9  -16    2    0    5
    2    1   34    1    2   53    1    1      1148   -4   10   -2  -15   14   -1    1   10   -5   -8   13  -15    1   -3  -12    8   -7   -7
    2    1   35    4    2    5    1    0       759    1   10   -4  -16   13   -4    7    6    4  -14   11  -14    1   -3  -14   11  -13   -7
    2    1   36    4    3    4    2    1      1115    9    5  -12   10   -8   -2    6   -9    0   12  -20  -14    5    0  -12   -7    0   17
    2    1   37    4    3    5    2    1      1208    9   -4  -14   10   -9   -2    6   -5   -8    0   -1  -13    3   -2   -2   -1   -4   14
    2    1   38    1    3   63    2    0       953   13  -12  -14   10  -13   -6    6   -7    0    8  -15  -16    5   -2   -1    0    1   18
    2    1   39    4    2    4    1    0       940   -7   14   -5  -15   12   -2    0    9   -5   -9   13  -14   -4    3  -14   10  -12   -7
