    1    1    1    1    1    3    1    1      1741    1    2   -5    4    6  -11    9   -8   -7    2   15  -14    7    5    1  -13    2   -9
    1    1    2    1    2    1    2    1      2073  -10    7   -6    2  -16   -3    7   -7   -3  -12   -4    0    9    5   -9  -12    0    8
    1    1    3    1    2    2    3    0      1256  -14    2  -10   12  -15   -2    5   -7  -10   -3   -3    0   11    7   -4  -19    6    5
    1    1    4    1    2    3    3    0      3671   -8   11  -12   11   -4    1    5   -7   -5  -12   -6    0   16   15   -6  -10    3    5
    1    1    5    1    1    2    2    0      1014    0    3   -4    3    7  -10    7   -6  -17   11   12  -14    7    6    6   -3    4   -9
    1    1    6    1    1    1    3    0      4334    4   -1   -2    4    7  -10   11   -4  -11    3   12  -13    2    2    8   -5    4  -17
    1    1    7    1    3    1    1    0      3762    2   -7  -11   -7    5   -4   12  -13    1    7    3    2   -6   -9    1   18    9   13
    1    1    8    1    1    4    2    0      1981   -2    4   -6    8    6  -12   10   -2  -16   -4   14  -16    6    6    8   -6   -3   -7
    1    1    9    1    1    5    1    1       751    1    1    0    7    8  -13    6   -8  -10    0   11  -14    3    6    9   -7    3  -11
    1    1   10    1    3    4    2    0       882   -2  -10   -5   -5    4   -3   10  -11   -6   -1    1    2   -4  -15    2   16    8    9
    1    1   11    1    3    5    3    1       672    2   -8   -6   -3   12    7   12  -11   -4    5    6    3   -4  -12    2   16   10   12
    1    1   12    1    3    2    3    1      1158    4  -10    0   -9    2    0    9   -7   -4    4    4    1   -6  -12    4   17    8   12
    1    1   13    1    2    4    1    0      1817   -9   14   -3    2  -24    4    6   -6   -2   -9  -13    5    7   17   -8  -14    5    3
    1    1   14    1    3    3    1    0       834   -1   -2   -6    0    3    0   14  -14   -4    4    7    4   -6  -10    0    5    1   11
    1    1   15    1    2    5    3    0      4274  -17   11  -11    9  -10    3    2  -10    2   -7   -1    2   11    7  -10  -13    3    5
    1    2    1    1    2    8    3    0       793   -7   11   -4   16  -16   -1    6   -8   -1  -13   -3    3   10    8   -9  -11    3    3
    1    2    2    1    2    9    3    0      1034   -4   22  -19    7   -9   -6    4   -6    7   -9   -6    2    6    5  -11  -10    3    3
    1    2    3    1    3    8    3    1       770    2   -9  -13    5    5   -4   10  -13    5    7    3    2  -13  -20    3   17   12   13
    1    2    4    1    1   10    1    1      2004   -2    4   -6    3    7  -10    7   -6   -9   -1   14  -16    4    8    8   -3    2   -8
    1    2    5    1    2   10    3    0       822   -9   13  -11   15  -24   -9    6  -16  -12  -16   -5    2    9    9  -18  -18    6    6
    1    2    6    1    1    9    2    0      2630   -2   -2   -3    4    7  -12   12   -5  -18   -2   22  -22    3    8    5   -4    8   -8
    1    2    7    1    2    7    3    0      1726   -7   12  -11   11  -10    2    6   -8   -3  -12   -5    2    9    8  -16   -3    2    4
    1    2    8    1    1    7    1    1       858   -2    1   -3    4    7  -10    9   -6  -11    0    5  -14    7    7   10   -9   -1  -11
    1    2    9    1    3    9    3    1      2665    0   -5   -6   -6    5   -1   12  -13   -3    4    2    3   -6  -10    1   14   12    6
    1    2   10    1    3    7    3    1       896   -2   -6  -10    1    6   -1   14  -13   -5    4    2    2   -7  -12    2   16    7    9
    1    2   11    1    1    6    1    1       829   -1    3   -3    5   -2   -2    8   -8   -9   -1   14  -25    4    7    5   -7    4   -9
    1    2   12    1    1    8    1    1       925    0    4   -4    3    7  -12   10  -12  -12    1   12  -16    3    8    6   -5    4  -10
    1    2   13    1    2    6    2    1       506  -10   10  -12   11  -12   -3    7   -6   -2   -9   -6    1   11    5  -12  -11    5    4
    1    2   14    1    3   10    3    1       615    0   -6   -5   -8    3   -1   11  -14   -3    2    1    0   -5  -11    1   15    7   13
    1    2   15    1    3    6    3    1      1040   -1   -9   -6   -5    4   -3   12  -13   -5    4    5    1   -8  -13    1   17    6    9
    1    3    1    1    1   14    1    1       839    3    7    0    3    8  -12    7   -7  -11    0   12  -14    3    3   11   -4    3  -12
    1    3    2    1    1   11    2    0      1639   -1    1   -3    4    9  -16    7   -5  -11    2   21  -22   14   12    5   -4    1  -11
    1    3    3    1    2   13    2    1       823   -9    8   -7   13  -15   -4    6   -5    2   -6   -5    1   11    5  -18  -12    3    6
    1    3    4    1    1   15    1    1       776    1    4   -5   14    6   -9    7   -7  -11    0   11  -20    4    7   13  -10   -3   -4
    1    3    5    1    1   12    1    1      3290    7    0    0    8    7  -10    9   -3   -8   -1   14   -5    4    8    8   -8    3  -11
    1    3    6    1    2   11    3    0      1368   -8   11   -8   18  -13   -1    4   -7  -12   -4   -2    1    9    8   -7  -11    8   13
    1    3    7    1    2   15    3    0      1090   -8   11  -12   10  -14   -3    7   -8   -2  -13   -4    3   10    6  -11  -13    6    7
    1    3    8    1    2   12    3    0       616  -10   12   -7   19  -14   -3    4   -8    7   -1   -5    0    8    5  -10  -13    5    5
    1    3    9    1    1   13    1    1       913    1    1   -3    3   13   -2    9   -8  -10    1   12  -15    6    7   13   -7    2   -8
    1    3   10    1    3   14    3    1      1022    1   -8   -8   -3    6   -4   13  -13   -5    1    5   -1   -4  -11    2   16   10   12
    1    3   11    1    3   11    1    0      3126   -1   -5  -12   -7    5   -3   11  -14   -4    2    3    0   -2  -14    2   14    8   12
    1    3   12    1    3   13    3    1      1914    2   -7   -6   -5    5   -4   13  -13   -5    3    3    0   -5  -13   -3   16    7   12
    1    3   13    1    3   12    2    0      3535   -1   -2  -16  -13    3    0   12  -13   -5    2    4    2   -7  -12   -2   22    9   13
    1    3   14    1    3   15    3    1      1250    1   -6   -6   -1    3   -1   14  -10   -3    2   -4   -7   -5  -11    1   15    8   10
    1    3   15    1    2   14    3    0      1010  -10   14  -11    9  -14   -3    6   -9   -3  -10   -6    2   10    6  -10  -10    7   -1
    1    4    1    1    2   17    2    1      1050   -6   12   -9   11  -13   -1    3    3   -2   -9   -4    1   10    9  -16  -13    2    5
    1    4    2    1    3   16    3    1      1042    1   -8   -6   -5    9   -6   13  -13   -4    4    4    1   -5  -12    3   17   13   15
    1    4    3    1    1   20    1    1       633    0    1   -4    3    6  -10    9   -8  -12    1   12  -16    5    8    2   -7    1  -11
    1    4    4    1    3   20    2    0      1441    5   -2   -6   -5    3    7   14  -13   -5    4    2    0   -4  -13    0   14    7   12
    1    4    5    1    1   17    1    1       713    2    1   -3    3    6  -10    7   -5  -12    3   14  -16    4    6    9   -3    3   -9
    1    4    6    1    2   20    3    0       718   -7   14  -12   12   -6    6    8  -12   -4  -11   -5    3   11    7   -6  -16   13   14
    1    4    7    1    3   17    2    0      1378    0  -10   -5   -3    3  -12   11  -12   -1    8    3   -1   -5  -13    3   15    9   11
    1    4    8    1    1   19    2    0      1404    9   -8   -4    3    8  -13    0  -17  -13    2   15  -16    7    6    6   -5    5  -12
    1    4    9    1    3   19    2    0      1094    0   -7   -5   -5    3   -4   13  -10   -3    2    3    2   -6  -10    1   14   10   13
    1    4   10    1    2   16    3    0      2843   -6   10  -14   14  -24  -11    7   -6   -1  -13   -4    3   12    9  -10  -11    3    6
    1    4   11    1    1   16    1    1       762   -1    2   -4    5    9  -12    9   -7  -11   -1   13  -14   14    7    5   -6    1  -10
    1    4   12    1    2   18    2    1      3341   -6   11   -3    3  -13   -2    8   -6   -4  -12    3   -3    9    6   -9  -12    6    4
    1    4   13    1    2   19    3    0      2264   -9   12  -13    5  -15    6    7   -6   -3  -10   -5    3   12   12  -16  -11    4    6
    1    4   14    1    1   18    1    1       735    0    0   -2    6    8  -13    9   -8  -13    2   11  -15    6    9    8   -5    5  -12
    1    4   15    1    3   18    1    0      1139    2   -9   -6   -5   -1   -4   13  -11    0   13    2    2   -6  -10    2   17    0    7
    1    5    1    1    2   24    2    1      1927  -13   15  -11    5  -24   -2    1   -4   -4  -10   -3    0   10    8   -9  -13    3    6
    1    5    2    1    3   22    3    1      1115   -2   -9   -9    5    1   -3   12  -13   -5    4    6    6   -7  -12    3   17    9   13
    1    5    3    1    3   21    3    1       576    1   -8   -7   -4    4   -1   10  -14   -5    2    3    5   -6  -12    0   13    6   11
    1    5    4    1    2   21    2    1       682   -6   14  -10    9   -7    0    0  -16   -3   -9   -1    3   11    7  -12  -11    5    7
    1    5    5    1    1   21    1    1      1280    2    3   -8    1    9  -10    7   -9  -10    0   12  -15    5    3    6   -5    4  -14
    1    5    6    1    3   23    3    1      1038    1   -8   -6   -2    3   -4   12  -11   -4    2    1    1   -2  -11    2   13    7   14
    1    5    7    1    2   22    2    1       710  -10   11  -13    3  -16   -3    7   -7   -5   -9    0    3   10    6  -11  -10   -2    2
    1    5    8    1    3   25    3    1      1531    3   -6   -5   -4    4   -1   10  -14    0    7   -5   -1   -7  -13   -1   18    8   12
    1    5    9    1    1   23    1    1       574   -1    3   -2    6   -1   -1    8   -8  -11    0    6  -18    4    5    9   -6    5  -13
    1    5   10    1    2   23    2    1      1465  -12    7  -11    9  -12   -3    6   -5   -6   -2   -1   -2    8    8   -9  -13    3    4
    1    5   11    1    1   22    1    1       704    2    7    4    0   14   -8    8   -5  -11    2   14  -15    0    9    2   -5    4   -9
    1    5   12    1    1   25    1    1      1093    1    2   -6    3    9  -13    2   -8  -13    5   14  -13    5    9    6   -3    4  -10
    1    5   13    1    2   25    2    1      2922   -7   11   -9   10  -12   -1    1   -3   -5  -11   -6    2   12    9  -10  -10    6    5
    1    5   14    1    1   24    1    1      1287    6   -1   -3    4    7  -12    7   -5   -6   -3   14  -17   -4   -1    8   -3    5  -11
    1    5   15    1    3   24    3    1      1861    2   -8   -6   -3    2   -3   14  -14  -12   10    5    2   -5  -12    4   13   10    9
    1    6    1    1    2   30    2    1       939   -9   13  -13    8  -14   -1    8   -8   -2  -12   -4    3    9    5   -9  -13    4    6
    1    6    2    1    1   29    1    1       647    1    1   -4    3    6  -11    6   -7  -18   -8   11  -13    6    9    6   -4    1   -8
    1    6    3    1    3   28    2    0      3550    0   -5   -5   -6    3    0   13  -10   -4    4    8   -3   -4  -15    4   17    7   11
    1    6    4    1    2   28    2    1      1314  -10   13  -21   10  -13   -2    7   -7   -7  -18    4    4    9    9  -11  -16    4    7
    1    6    5    1    2   29    2    1      1006   -7   13  -11    8  -16   -1    4   -5   -5  -12   -5    0    9    7  -11  -14    2    7
    1    6    6    1    3   26    1    0      2039   -3  -11   -4   -4    6   -4   14  -12    3   -5    1    3  -11  -19    1   16   10   10
    1    6    7    1    2   27    2    1      1303   -8   11  -10    5  -15   -6    8   -6   -1  -13   -1    2    5    8  -20  -20    3    4
    1    6    8    1    1   28    1    1       740    1    2    1    8    8  -12    6   -6  -13    2   17   -5   13   16    8   -5    5   -9
    1    6    9    1    3   29    1    0      2009   -1   -5   -9   -5   13    3   12  -10    2   -6   -3    0   -7  -10   -2   11    8   18
    1    6   10    1    1   30    1    1       618   -4   -3   -3    3    6  -10   10   -7   -9    2   14  -16    4    8    7   -4    1  -10
    1    6   11    1    1   27    1    1      1026   -1    3   -7    4   12  -19    7   -6  -16   -2   11  -16    7    6   15    4    4  -11
    1    6   12    1    3   30    3    1      7018    0   -7   -7   -4    5    0   12  -13   -5    2    2   -1   -7  -10    6   17    7   12
    1    6   13    1    3   27    3    1       835    0   -7   -7   -6    5   -2   11  -12   -3    3    3    4   -7  -17    1   15    7   12
    1    6   14    1    2   26    2    1      1491   -3   12   -7    7  -13   -1    5   -7   -4  -10   -6    3    8    3  -16  -14    5    6
    1    6   15    1    1   26    1    1      1113    0    3   -6   -1    6   -9   18    2  -10   -1   12  -14    4    6    6   -5    2  -10
    1    7    1    1    3   33    3    1      1613    1   -8   -8   -3    5   -3   21  -10   -4    5    4    2   -7  -10   -2   20    7   12
    1    7    2    1    2   31    1    0       814  -13    9   -9   11  -24  -12    0    3   -2   -9   -6   -7    9    5  -10   -8    4    3
    1    7    3    1    1   33    1    1       782   -5    0   -4   12   -2   -6    8   -6  -12    3    9  -12    3    8    2   -7    0  -15
    1    7    4    1    1   32    1    1       560    0    1   -4    2    8  -12    6   -7  -10    1   11  -15    5    8    8   -6    5  -10
    1    7    5    1    2   34    2    1       923  -12   17  -14    9  -24    1    6   -6   -3   -9    2   -8   11    5   -3  -12    2    6
    1    7    6    1    2   33    2    1       599   -9   13  -11    3  -18   -2    8  -15   -4  -10   -5    3    0    0  -14  -18    3    6
    1    7    7    1    3   35    3    1       657    0   -6   -5   -4    3   -1   11  -11   -6    3    2    1   -8   -9    4   13   10   10
    1    7    8    1    2   35    2    1      2024   -7   11  -10   10  -12   -2    2   -7  -11  -11   -5    2    6    3   -1   -3    3    6
    1    7    9    1    3   34    2    0       584    0   -8   -8   -2    9   -3    5   -5   -3    3    5    0   -5  -12    3   15    9   12
    1    7   10    1    3   31    2    0      2466    3   -7   -6   -6    4   -3   13  -10   -4    2    5    3   -7  -11    6   19    7   16
    1    7   11    1    2   32    2    1       705   -9   13  -12    8  -14   -1    5   -9    2  -18   -5    6   11    3  -12  -13    2    4
    1    7   12    1    3   32    1    0       903    2   -5   -5   -4    6   -3   14  -17    1    0    4   -1   -5  -11   10   24    6   13
    1    7   13    1    1   31    1    1       644    1    1   -5    5    8  -12   12   -7  -10    0   16  -19    6    7    6   -7    2   -9
    1    7   14    1    1   34    1    1       523   -1    2   -4    5    7  -12   10   -7  -12    2   11  -14    5    8    8   -3    1   -8
    1    7   15    1    1   35    1    1       424    1    3   -2    3    8  -11   10   -9  -11   11   15  -17    1   11    8   -6    3   -9
    1    8    1    1    2   37    2    1       792   -7   11  -10    9  -13   -4    5   -6    4  -11   -9    3   11    6  -11  -11    3    3
    1    8    2    1    1   39    1    1       714    1    1   -5    6    6  -13    9   -8  -12    0   12  -14    7    8    7   -4    0  -11
    1    8    3    1    3   39    3    1      2127    1   -8   -2   -5    4   -3   11  -10   -5    3    1    3   -4  -10    2   14    8   10
    1    8    4    1    2   40    2    1      1803   -7   13  -10    9  -13   -2    7   -7   -8  -16   -9    6   14    2   -9  -12    4    6
    1    8    5    1    1   37    1    1       660    1    1   -3    4   10   -7   13   -7  -12    1   21  -25    6    6    6   -5    2   -9
    1    8    6    1    3   38    2    0      1322    2   -7   -7   -2    1    4   11  -12   -4    1    4    1   -4  -13    4   13    7   12
    1    8    7    1    2   36    2    1       951   -9   12   -6    8  -12    0    7   -6   -4  -10    5   -7   10    8  -11  -11   10   12
    1    8    8    1    2   38    3    0      2418   -7   11  -12   10  -15    1    8   -6    2   -8  -14   -5   15    8  -10  -11    3    1
    1    8    9    1    1   38    2    0      3779    9   11   -5    6    8  -13   13   -9  -12    6   12  -13    7    7    6   -4    3   -9
    1    8   10    1    3   40    1    0       701    0   -6   -5   -5    5   -2   11  -12   -3    5    3    2   -3  -15    6    8    7   12
    1    8   11    1    3   37    1    0       738    1   -6   -6   -1    6   -3   11  -12   -3    2    4    1   -6  -10    1   14    2   19
    1    8   12    1    1   40    1    1       630    2    1   -4    3    8  -11    7   -7  -13   -4   15  -15    3    6    9    4    4  -11
    1    8   13    1    2   39    2    1      1534   -7   10   -9    8  -13   -2   12   -7   -5   -9   -5    2   14   11   -8  -16    5    5
    1    8   14    1    1   36    1    1       658    1    1   -6    3    5   -9   10  -13  -13    1   13  -17    5    6    7   -4   -2  -13
    1    8   15    1    3   36    2    0      2089    0   -6  -12  -10   13   -6   19  -17   -5    4   -2    6   -7  -10    3   15    9   14
    1    9    1    1    3   42    3    1       983    2   -9  -11   -3    6   -2   13  -12   -6    2    4    0   -1   -7    4   16    6   10
    1    9    2    1    2   41    2    1      1121  -10   12   -7    7  -14    0    6   -5   -2  -11   -4    3    0    1   -9  -13    5   10
    1    9    3    1    3   41    3    1      2149    2   -9   -8   -4    2   -1   12  -11   -4    5    3    2   -6   -9    2   16    9   10
    1    9    4    1    3   45    3    1       849    2   -8   -6   -2    6   -7   12  -11   -5    3    2    0   -6  -12    3   13    7    5
    1    9    5    1    1   41    1    1       688   -2    2   -3    4    7  -10    9   -7  -10    1   13  -14    7    8    6   -5    4  -12
    1    9    6    1    1   42    1    1       742    0    3   -5    5    5  -10    9   -5   -9    1   13  -16    3    5    8    0    1  -11
    1    9    7    1    1   44    1    1      1130   -1    2   -6    2    6  -11   10   -8  -10   -1   12   -9    5    8   12   -6    4  -10
    1    9    8    1    1   45    1    1       590   -1    2   -4    5    9  -10    3   -5  -10    1    9  -16    7    8   12   -5    3  -11
    1    9    9    1    3   44    1    0       824   -1   -5   -7   -4    5   -4   14  -11   -1   11    2    2   -4   -8    3   17    7   11
    1    9   10    1    2   43    1    0      1240   -6   13   -1    0  -13   -4    6   -5   -7  -17   -3    3   10    8   -9  -13    2    6
    1    9   11    1    2   42    2    1       968  -13    9  -21    8  -15   -6   14   -1   -3  -12   -3    2   12    5   -9  -13    2    7
    1    9   12    1    3   43    2    0      6547   -1   -6   -6   -5    3   -2   12  -11  -10   -6    1    2    0  -16    2   14   16   11
    1    9   13    1    2   44    2    1      1454   -7   16  -11   11  -14   -3    5   -7    0   -6    1   -4   15   11   -8  -11    4    6
    1    9   14    1    1   43    1    1       773   -1    3   -5    5    5  -12    5   -2   -9    0   12  -14    7    5    8   -4    2   -9
    1    9   15    1    2   45    2    1      3752   -8   13  -12   10  -13    3    6   -6   -5  -10   -6    2   11    9   -8  -14    4    4
    1   10    1    1    2   47    2    1      1395  -10    7  -13    7  -13   -3    6   -6   -7  -10   -3    1    9    8  -10  -13    3   10
    1   10    2    1    1   48    1    1       540   -2    0   -3    3    6  -12    9   -7  -21   -2   14  -17    6    6    5   -5    7  -10
    1   10    3    1    1   49    1    1       872    0    4   -7   -1    6  -10   16   -8  -13    6   14  -15    6    6    7   -4   13  -19
    1   10    4    1    1   46    3    0      9286    1    3   -6    6   -3  -18    7   -7  -10    0   14  -14    7    7    9   -6    4  -12
    1   10    5    1    3   46    1    0      1013    2   -8   -5   -5    2    0   13  -13  -10    2    4    2   -2   -8    2   14   14    3
    1   10    6    1    2   49    3    0      1421   -7   13  -11    9  -13   -1    5   -6   -5  -10   -4    3    9    5   -9  -11   -3   10
    1   10    7    1    2   48    2    1       678   -6   11  -10    8  -13   -1    5   -6   -5  -10   -5    3    4   16   -8   -7    3    6
    1   10    8    1    3   48    3    1      1211    2   -6   -6   -6   -1   -3   20  -11   -4    4    4    2   -3  -12    2   14    7   12
    1   10    9    1    1   47    1    1       636   -2    0   -3    3    5  -12   10   -7  -13    2   13  -14   -4    9    8   -3    3   -9
    1   10   10    1    1   50    1    1       804    0    3   -4    3    8  -11    6   -8   -2    8   16  -10    6    8    8   -1    3  -11
    1   10   11    1    3   47    1    0       678    0   -9   -6   -5    5   -1   16  -16   -4    2    4    2  -14   -1    0   14    6   10
    1   10   12    1    3   49    3    1      2987    0   -9   -7   -4    5   -3    2  -15   -4    6    4    1   -4  -11   -3   19    8   10
    1   10   13    1    2   50    1    0      1381  -16    6  -12   10  -12   -3    8   -6    2   -7   -2    1    8    2   -9  -12    5    4
    1   10   14    1    2   46    2    1       767  -10   13  -20   15  -13    0    6   -8   -3  -13   -3    3    9    9   -9  -12    5    3
    1   10   15    1    3   50    2    0      1298    2   -6   -4  -13    3   -3   11  -11   -5    1    3    0   -7  -13   -8   20    9   11
    1   11    1    1    2   53    2    1      2031   -7   11   -9    8  -16    0    5   -6   -5  -14   -6    2    1   -3  -11  -10    3    6
    1   11    2    1    1   53    1    1       767   -1    1  -12    9    9  -11    9   -8  -14    4   13  -16    5    2    8   -3    4   -8
    1   11    3    1    2   52    2    1      1025    0   10   -8    6  -13   -1    5   -7   -2  -13   -5    3    7   12   -6  -15    5    3
    1   11    4    1    1   51    2    0      3354    6    9   -5    5    7  -12   13  -13  -10    0    9   -9    4    6    5   -4    5   -8
    1   11    5    1    3   55    2    0      2357    5    0   -5   -2   14   -6   13  -11   -9    8    1   -8   -8   -9    2   17    8   10
    1   11    6    1    3   51    3    1      2073    1   -8   -7   -4    7   -7   10  -14   -9    5    9   -9   -8   -1    2   12    9   10
    1   11    7    1    3   52    3    1      2391    2   -6   -7   -3    7   -3   13  -11   -3    2    3    9   -7  -11    5   13    6   11
    1   11    8    1    2   54    2    1      1737  -10   13   -8    6  -18   -1    6   -5   -2  -11    1   -7    9    5  -10  -11    2    5
    1   11    9    1    1   55    1    1       677    5   12   -4    3    5   -9    9   -8  -11    3   12  -16   15   15    5   -6    2   -8
    1   11   10    1    3   53    2    0      1051   -1   -6    4   -7    6   -2   10  -13   -3    3   -2   -9   -7  -11    0   15    5   15
    1   11   11    1    3   54    3    1      1202    2   -8   -5   -5    3    0   14  -11   -5    3    5   -1   -7   -6    0   13   10   13
    1   11   12    1    1   52    1    1      1011    5    2    0   -6    9  -11    4  -13   -4   -8   12  -14   10   10   14   -6   12   -2
    1   11   13    1    1   54    1    1       956    2    3   -4    3    8  -12    7  -10  -13    1   11  -15    3    6    8   -4    2  -10
    1   11   14    1    2   51    2    1       871  -16    3  -10    9  -15   -2    6   -8   -1  -12   -8    5    8    5   -7  -17    3    6
    1   11   15    1    2   55    3    0      2566   -8   13  -13   11  -15   -4    2  -15   -4  -12   -4    1   10    9  -10  -10    4    4
    1   12    1    1    1   58    1    1       784   -4   -2    1    2   17   -7    8   -5  -11    2   14  -15   10    1    6   -6    1   -8
    1   12    2    1    2   59    2    1      1186  -11    8  -10   12  -18   -3    5   -6   -5  -11   -3    0   14    8  -10  -10    5    3
    1   12    3    1    3   56    3    1      1012    0   -6   -7   -2    3   -1   13  -12   -3    5    1    1   -5  -11    3   15    9   10
    1   12    4    1    1   57    2    0      2605   -4   -1   -5    3    2   -3    6   -7   -7   11   14  -16    2    9    9   -4    3   -9
    1   12    5    1    2   57    2    1      1606   -6   10  -10    5  -15   -2    7   -8   -9   -1   -4    3    9    5   -9  -10    5    5
    1   12    6    1    2   60    1    0       935   -9   13  -10    9  -10   -4    7   -7   -5  -11    0    2   10    8  -16  -16   -3    8
    1   12    7    1    3   58    2    0      1507   -2  -10   -4   -3    5   -3   10  -12   -7   -1    3    5   -6  -12    4   18    8   10
    1   12    8    1    1   56    1    1       712    3    5   -3    6    9  -12    6   -6   -7    0   14  -15    6    6   14   -1    4  -10
    1   12    9    1    1   60    1    1       573    0    4   -3    2   -1   -4    7   -6  -15   -4   14  -17    2   14    6   -3    1   -8
    1   12   10    1    2   56    2    1      1640   -4    8  -11    9  -12   -2   13   -4   -1  -12   -4    3   14   16  -11  -12    3    5
    1   12   11    1    3   57    2    0      3287    5  -12   -4  -10    3   -2    2   -6   -7   -2    5    3   -7  -11    3   15    8   13
    1   12   12    1    3   60    1    0      1493   -7    0   -6   -2    5   -3   13  -11    3    4    5    0   -8  -11    0   17   15    8
    1   12   13    1    1   59    1    1      1739    0    3   -5    4   17  -18    7  -13  -12    1   12  -14    3    9   17  -13    4  -12
    1   12   14    1    2   58    2    1      1015   -7   12  -12   11  -16    4   10  -10   -1  -12   -4    1    9    6  -12  -14    6    5
    1   12   15    1    3   59    3    1       543    2   -6   -8   -4    4   -1   12  -11   -5    3   13    9   -8  -11    0   16    9   10
    1   13    1    1    1   65    1    1      2826   -1    3   -2    8   10  -15    9   -6  -21    4   13  -17    5    6    7   -7   11  -18
    1   13    2    1    3   62    3    1      1658    6   -5   -8   -3    6  -12   13   -8   -4    4    4   -1   -7  -12   -7   15    9   11
    1   13    3    1    2   62    2    1       554   -9   12   -9    8  -24    0    8   -8   -5   -9   -2    0   10    3  -10  -13    5    5
    1   13    4    1    1   63    1    1       533    1    1   -4    6    6  -11   10   -8  -11    0   12  -13    7    5    9  -10    4  -10
    1   13    5    1    2   64    2    1       753   -6   12  -13   12  -15   -3    7   -5   -3  -16   -4    1   15    8  -10  -20    4    6
    1   13    6    1    1   62    1    1       452   -1    1   -4    5    5  -12    9  -11  -12    3   12   -6    1    8    6   -5    2  -12
    1   13    7    1    3   64    2    0       947   -1  -15   -6   -5    4   -3   10  -12   -5    3    3    3   -7  -12    1   15    7   15
    1   13    8    1    2   63    2    1      1055   -9   12  -12   11  -15   -2    7   -7   -4   -9   -4    0    8    8   -9  -11    4    4
    1   13    9    1    2   61    1    0       806   -8   13  -11   12   -7    5    2    1   -9   -1    1   -3    9    8  -11  -11    4    4
    1   13   10    1    3   61    1    0      1783   -1   -5  -11   -4   11   -4   11  -14   -6    3    1    3   -7  -15    0   16    9   12
    1   13   11    1    3   63    3    1       529    2   -8   -8   -3    5   -3   20  -14   -3    3    3    2   -7  -10    1   14    9   12
    1   13   12    1    2   65    2    1      2093   -7   12  -12    8  -17    3    6   -6   -2  -13   -6    3    9    7  -10  -13    3    4
    1   13   13    1    3   65    3    1      1562    2   -4   -7   -3    6   -2    9   -8   -2    1    3   -1   -7  -12   -1   17    6   11
    1   13   14    1    1   64    1    1      1293   -4    0   -5    2   10   -8    3   -5  -13   -2   13  -17    9    8    7   -6    5   -9
    1   13   15    1    1   61    1    1       746    2    1    0    8    6   -9    7   -7  -12    1   13  -16    7    8    8   -3    2  -10
    1   14    1    1    3   66    3    1      3805   -1   -6   -9   -4    6   -4   12  -10   -3    4    2    1   -5  -12    1   14   12    8
    1   14    2    1    3   67    2    0      1063    3   -6  -14   -9    9    5   16  -16   -3    3    5   -1   -8   -9    1   19   10    9
    1   14    3    1    2   66    2    1      1149   -9   12  -10   10  -24    4    6   -5   -1   -9    0    5   11    7   -7   -6    6    3
    1   14    4    1    3   69    3    1      1600    0   -8   -6   -3    9   -2   14  -11   -4    1    3    0   -7  -12    3   20    8   10
    1   14    5    1    1   67    1    1      1154   -4   -2   -3    5    6  -10    9   -8  -11    0   12  -14    3   11    9   -3    2  -12
    1   14    6    1    2   69    2    1      1189   -7   11   -7    5  -13   -2    4   -8   -4  -10   -5    4    9    7   -7  -12    4   13
    1   14    7    1    1   69    3    0       935   -1    5   -4    3   11   -1    8  -15  -13    2   13   -8    3    8    6   -5   -2  -13
    1   14    8    1    1   66    1    1       499    0    3   -3    4    9  -13   10   -8   -8   -1   14  -15    5    8    7   -6    2   -9
    1   14    9    1    2   70    2    1      1120  -10   13  -10   10  -15   -1    7   -5   -7   -5  -10   -6   12    5   -5  -14    5    2
    1   14   10    1    3   68    3    1       757    3   -9   -5   -5    5    0   13  -13   -2    1    6   -2   -5  -12    2   14    7   13
    1   14   11    1    3   70    3    1       648    4   -6   -4   -4    4   -1   14  -10   -4    2    0    0   -4  -12   -3   21    4   21
    1   14   12    1    2   67    2    1       431   -7   12  -12   11  -15   -4    6   -6   -4  -10   -1    1   11    7   -6   -2    2    5
    1   14   13    1    1   70    1    1       319    1    3   -6    4    7  -12    7   -8  -11    0   11  -13    3    6    8   -4    4   -7
    1   14   14    1    2   68    2    1       948   -6   10   -9   10  -13    3    7   -5   -3  -13   -3    2   11    7  -13   -7    4    4
    1   14   15    1    1   68    1    1      1039    0    3    5    8    6  -11    9   -8  -13   -1   12  -15    8   11   11   -5    7  -14
    1   15    1    1    3   72    3    1       903    3   -9   -6   -6    4   -4   11  -10   -2    8    2    3   -5   -8    3   15   11   15
    1   15    2    1    1   73    1    1       532    0    4   -6    6    9  -10   18  -12  -12    2   13  -14    3    7    7   -4    1   -9
    1   15    3    1    2   71    2    1       864   -8   11   -5   15  -11   -3    6   -8   -2  -12   -1    0    9    9  -12  -13    6    2
    1   15    4    1    1   71    1    1       799    0    1   -3    4    6  -10    8   -8  -16   -3    9  -16    6    7    8   -1    3   -9
    1   15    5    1    2   73    2    1       800   -5   12   -9    9  -13   -3    5   -7   -5   -9   -5    2   15   11   -9  -13    5    3
    1   15    6    1    2   75    2    1      1041   -8   13  -13   10  -19   -3    3  -12   -2  -12   -1   -3    8    9  -11  -11    6    3
    1   15    7    1    1   72    1    1       601    4   -8   -4    6   -3  -15    9   -8   -7    3   13  -16   13   11    5   -3    3  -11
    1   15    8    1    1   74    1    1       626    4    0   -4    5    6  -13    7   -8  -12    3   10  -17    7    7    5   -5    8  -10
    1   15    9    1    1   75    1    1       506    7   11   -6    2    8  -11    5    1  -11    3   13  -14    6    5    5   -6    2   -9
    1   15   10    1    3   74    3    1      1256    1   -9    1   -1    8   -5   12  -13   -2    4    5   -1   -4  -13    2   16    9   13
    1   15   11    1    2   74    2    1      1143  -12   16  -11   13  -16   -2    5   -6   -3  -10   -5    1   11    6  -20  -10    6    7
    1   15   12    1    3   75    3    1      1578   -1   -3   -8   -3    2   -4   13  -12   -5    5    2    0   -5  -13   -2   17    8    9
    1   15   13    1    3   73    3    1       828    2   -7   -8   -2    4    0   15   -8   -4    2    1    3   -6  -13    2   16    7   11
    1   15   14    1    2   72    2    1      1004  -16   10  -16   13   -6  -11   -2  -15   -7   -5   -3    2   11    6   -8  -14    3    6
    1   15   15    1    3   71    3    1      1109    0   -7   -6   -5    2   -2   13  -12   -2    1    5   -5   -7  -15    2   14    5   10
    2    1    1    6    0    0    2    1      2826    4  -15  -13   13  -15    3    5    8    9   15   14   -5   10    6   10  -14    9   -3
    2    1    2    2    2    0    2    1      1418   -8   12  -11   10  -14   -2    6   -7   -3  -11   -4    2   10    7  -10  -12    4    5
    2    1    3    2    1    0    2    1       770    0    2   -4    4    7  -11    8   -7  -11    1   13  -15    5    7    7   -5    3  -10
    2    1    4    4    3    5    2    1      1845    0   -8   -5   -2    3   -1   12  -10    6   -7    4    1   -4  -12   -3   13    6   13
    2    1    5    4    1    3    2    1       748   -4    6   -5    3    2   -6    7   -6  -12    1   19  -10    7    5   10   -4    4  -10
    2    1    6    6    0    0    1    0       944  -16   -3  -14  -13   14   -2   18   -7    5   -2   20  -15   15  -14    8   -1    2   -1
    2    1    7    4    3    2    2    1       907   -1   -2   -4   -3    4    0    8  -16   -5    2    3    2   -7  -11   -1   21    8   12
    2    1    8    4    3    4    1    0      1592    2   -7   -5   -5    3   -3   13  -10   -1    8    4    2   -5  -11    2   17    7   12
    2    1    9    4    1    1    1    0       842   -1    3   -3    4    7  -12    1  -13  -15    6   12  -17    6    8    7   -4    2   -8
    2    1   10    4    2    5    2    1      1338   -3   17   -9   10  -13   -4    7   -6   -4   -9    0    7   11    8  -13  -13    5    4
    2    1   11    4    1    5    1    0       838    1    2   -3    5    6  -11    7   -9   -9   -1   15  -16    5    6    7   -4    1   -9
    2    1   12    4    1    4    1    0       966    3   -7   -7    9   12  -13    9   -8  -11   -1   13  -17    2   17    6   -1    4   -4
    2    1   13    4    2    1    1    0      2144   -9   13  -12   11  -15   -2    6   -8  -12   -9   -2    0   10    6  -10  -11    4    7
    2    1   14    1    1   52    2    0       700    5    2    0   -6    9  -11    4  -13   -4   -8   12  -14   10   10   14   -6   12   -2
    2    1   15    6    0    0    2    1      3377   15  -11   -6   15  -14    4   -2    6   11   17   14   -5   18    7    1   -8    4    4
    2    1   16    1    2   17    2    0      1163   -6   12   -9   11  -13   -1    3    3   -2   -9   -4    1   10    9  -16  -13    2    5
    2    1   17    1    3    9    1    1      1981    0   -5   -6   -6    5   -1   12  -13   -3    4    2    3   -6  -10    1   14   12    6
    2    1   18    4    3    1    1    0       815    1   -8   -8   -4    5   -1   13  -13   -1    2    2    3   -1   -7    3   15   11   16
    2    1   19    1    3   62    2    0       800    6   -5   -8   -3    6  -12   13   -8   -4    4    4   -1   -7  -12   -7   15    9   11
    2    1   20    1    1    3    1    1      1377    1    2   -5    4    6  -11    9   -8   -7    2   15  -14    7    5    1  -13    2   -9
    2    1   21    1    1   75    1    1       539    7   11   -6    2    8  -11    5    1  -11    3   13  -14    6    5    5   -6    2   -9
    2    1   22    1    2   68    2    0       679   -6   10   -9   10  -13    3    7   -5   -3  -13   -3    2   11    7  -13   -7    4    4
    2    1   23    6    0    0    2    1       573    9  -15   10    3    2  -13    2   -1   -7   -3    9   -6   12    2   15   20  -13  -14
    2    1   24    1    3   15    1    1       328    1   -6   -6   -1    3   -1   14  -10   -3    2   -4   -7   -5  -11    1   15    8   10
    2    1   25    1    1   56    1    1       315    3    5   -3    6    9  -12    6   -6   -7    0   14  -15    6    6   14   -1    4  -10
    2    1   26    1    1   39    1    1       464    1    1   -5    6    6  -13    9   -8  -12    0   12  -14    7    8    7   -4    0  -11
    2    1   27    4    1    2    1    0       367   -1    0   -4    2    7   -9    8   -6  -12    2   11  -12    6    5    7   -4   -4  -16
    2    1   28    1    3   48    1    1       385    2   -6   -6   -6   -1   -3   20  -11   -4    4    4    2   -3  -12    2   14    7   12
    2    1   29    2    3    0    1    0      1235    1   -7   -6   -4    4   -2   12  -12   -4    3    3    1   -6  -11    2   15    8   11
    2    1   30    1    2   30    1    1      2355   -9   13  -13    8  -14   -1    8   -8   -2  -12   -4    3    9    5   -9  -13    4    6
    2    1   31    1    3   21    1    1       742    1   -8   -7   -4    4   -1   10  -14   -5    2    3    5   -6  -12    0   13    6   11
    2    1   32    4    2    3    2    1       602   -9   19   -9   11  -13   -3    7   -3   -5  -12   -2    1    4    5   -8  -13    1   -3
    2    1   33    4    2    2    2    1       932   -8   11   -9    8  -15   -2    6   -5   -1  -11   -1    7   11    7  -10  -14   -6    2
    2    1   34    6    0    0    1    0       287   16   -6   10    6    0  -13   -2   -2   -7   -3   10   -3   11    9   11   21  -11   -7
    2    1   35    6    0    0    2    1       293  -14   -6  -10  -11   13   -1   17    4    4   -4   15   -9   15  -14    7    0   -6    2
    2    1   36    1    2   34    2    0       347  -12   17  -14    9  -24    1    6   -6   -3   -9    2   -8   11    5   -3  -12    2    6
    2    1   37    4    2    4    2    1       462   -9   11   -6   10  -10   -4    8   -8   -3  -12   -2    4    8    8   -8   -7    5    3
    2    1   38    1    2   41    2    0       524  -10   12   -7    7  -14    0    6   -5   -2  -11   -4    3    0    1   -9  -13    5   10
    2    1   39    4    3    3    2    1      1353    7   -6   -7   -3    3   -1    8  -21    1    0   -2    4   -4  -10   -4   13    9   11
