    1    1    1    1    2    4    1    2    1      8044  -12   -8  -13  -12   -3    3   -2    1   -6  -12   -4   -2    2    5  -16   13  -10   15
    1    1    2    1    1    3    1    1    1      3307    4   -5   12  -12  -14  -15    0   10    2   -2    6   -3   10    7   15   15   -5   10
    1    1    3    1    3    7    1    3    1      1936   -4    9   -7    1    6   10  -14  -10  -14   16   -7    6    7   12  -13    8    7   -5
    1    1    4    1    2    1    1    1    0      3038  -12   -7  -13  -11   -2    4   -6   -4   -5  -12   -3   -3    0   15  -14    9   -9   15
    1    1    5    1    3    3    1    1    0      2542    0    4   -8    1   11    5  -16  -13  -14   17   -8    7   16    4   -8   11    9   -5
    1    1    6    1    1    1    1    3    0      2738    6   -6   11  -15  -15  -15   -1   12    2   -3    6   -3   11    6    5    7   -5   10
    1    1    7    1    2    2    1    2    1      1811  -12   -9  -12  -12   -2    4   -1    0   -6  -13   -5   -1    2    5  -15   10  -10   16
    1    1    8    1    2    7    1    2    1      1206  -11   -9  -14  -12   -2    4   -3    2   -4  -13   -3   -4    3    5  -14    9  -10   16
    1    1    9    1    3    2    1    3    1      3151    0    6   -8    1   11    5  -14  -11  -15   16   -9    8   16    4   -8   11    8   -6
    1    1   10    1    1    7    1    1    1      1435    6   -7   17   -7  -15  -16    0   11    2   -2    5   -3   10    7   15   15   -5   10
    1    1   11    1    1    6    1    3    0       843    5   -6   13  -12  -14  -15   -1   11    2   -2    5   -1    9    8   15   15   -6    9
    1    1   12    1    2    6    1    2    1      1091   -9   -7  -12  -11   -3    5   -4    3   -6  -12   -4   -2    3    4  -14    8  -11   17
    1    1   13    1    1    8    1    3    0      1970    5   -4   13  -12  -14  -15   -1   11    1   -1    5    0    9    6   14   14   -4   12
    1    1   14    1    1    4    1    1    1      1887    6   -7   12  -12  -17  -18    1   12    1   -2    4   -3   10    7   14   16   -5   10
    1    1   15    1    3    1    1    1    0      1439    0    4   -8    1   11    4  -14  -11  -14   15   -7    6   15    5   -8   10    8   -7
    1    1   16    1    3    9    1    3    1       896    1    6   -8    1   11    5  -13  -10  -14   16   -8    6   16    4   -9   11    8   -6
    1    1   17    1    2    3    1    2    1       855  -13   -8  -12  -12   -3    4   -1    0   -6  -13   -4   -2    7    7  -14    9   -9   15
    1    1   18    1    1    5    1    1    1      1103    4   -5   14  -13  -14  -15   -1   11    2   -3    5   -2   11    6   15   15   -5   10
    1    1   19    1    3    8    1    3    1       782    0    5   -8    1   12    4  -14  -12  -15   16   -8    7   16    3   -9   10    8   -6
    1    1   20    1    1    2    1    1    1      1338    5   -7   10   -3  -14  -15   -1   11    1   -2    6   -1    9    7   16   15   -5   11
    1    1   21    1    3    4    1    3    1       879   -1    5   -8    1   12    4  -14  -12  -15   16   -8    7   17    3   -8   11   11   -3
    1    1   22    1    1    9    1    1    1      1480    5   -7   13  -12  -14  -15   -2   12    1   -1    5   -2   10    8   16   15   -5   10
    1    1   23    1    3    6    1    3    1      1640    0    4   -7    1   11    5  -14  -11  -14   16   -9    7   18    4   -8   10    8   -6
    1    1   24    1    2    5    1    2    1       863  -11   -6  -15   -4   -3    4   -2    2   -6  -13   -5   -3    3    5  -14    9  -11   17
    1    1   25    1    3    5    1    3    1      2439    0    5   -8    1   12    5  -12  -12  -14   16   -8    8   16    4   -8   11    8   -6
    1    1   26    1    2    8    1    2    1       736  -11   -7  -14  -10   -1    4   -3    1   -7  -12   -4   -2    2    5  -14    9  -10   16
    1    1   27    1    2    9    1    2    1       973  -10   -9  -12  -12   -2    4   -2    1   -5  -13   -3   -2    2    5  -13   10  -10   16
    1    2    1    1    2   15    1    2    1      2113  -11   -8  -13  -11   -2    4   -2    1   -6  -13   -5   -2    3    6  -14    9  -10   16
    1    2    2    1    2   13    1    2    1       953   -8   -9  -13  -11   -2    4   -2    1   -6  -13   -5   -1    2    7  -13   10  -10   16
    1    2    3    1    1   10    1    1    1      1358    6   -6   12  -12  -14  -14   -2   12    2   -2    5   -2   10    7   15   15   -6    9
    1    2    4    1    2   18    1    2    1       851  -10   -9  -13  -10   -2    4    8   -5   -7  -11   -4   -1    2    5  -12    7   -9   17
    1    2    5    1    3   11    1    3    1       716    0    6   -9    1   10    5  -13  -12  -15   16   -9    7   17    3   -8   10    7   -7
    1    2    6    1    1   14    1    1    1      1337    4   -4   13  -11  -13  -15    0   10    1   -2    6   -1   10    7   15   15   -5   10
    1    2    7    1    2   12    1    2    1       959  -12   -6  -13  -11   -1    5   -2    0   -6  -13   -3   -2    3    5  -15   10  -10   15
    1    2    8    1    1   18    1    1    1      1044    6   -7   13  -12  -17  -12    0   10    3   -1    2   -4    9    8   14   16   -6   11
    1    2    9    1    3   18    1    3    1       581    0    5   -7    3   10    6  -22   -5  -14   16  -13    7   16    4   -9   10    5    1
    1    2   10    1    3   13    1    3    1      1880    1    6   -9    1   11    5  -14  -12  -13   16   -9    8   16    4   -8   10    8   -7
    1    2   11    1    3   15    1    3    1       839   -1    5   -1    1   10    5  -13  -10  -13   14   -8    7   15    7   -7   10    7   -6
    1    2   12    1    1   15    1    1    1       818    6   -6   13  -11  -15  -15   -1   11    2   -2    6   -3   10    7   14   15   -4   10
    1    2   13    1    3   14    1    3    1       717    0    6   -8    1   12    4   -8   -9  -15   17   -4   10   16    4   -9   12    7   -6
    1    2   14    1    2   10    1    2    1       667  -11   -8  -13  -11   -2    5   -3    1   -5  -13   -4   -3    1    5  -14   10  -11   15
    1    2   15    1    1   11    1    1    1      1227    4   -5   13  -12  -14  -14   -1   12    2   -2    5   -2   15    6   15   15   -5   10
    1    2   16    1    2   11    1    2    1       503  -11   -9  -13  -11    1    1   -1    2    4   -5   -4   -2    3    7  -13    8  -11   19
    1    2   17    1    2   17    1    2    1      2654  -10   -9  -13  -11   -1    3    7   -3   -1  -12   -4   -2    2    5  -14    9   -9   16
    1    2   18    1    3   16    1    3    1      1679    1    4   -9    1   10   10  -14  -12  -14   16   -8    7   16    4   -7   11    9   -7
    1    2   19    1    3   10    1    3    1      3097   -2    6  -12    6   10    6  -13  -11  -16    9   -7    6   17    4   -8   11    8   -6
    1    2   20    1    1   17    1    1    1      2024    5   -6   13  -11  -14  -15   -2   10    1   -1    4   -1   11    8   16   15   -4    9
    1    2   21    1    3   17    1    3    1       933    0    5   -8    1   11    5  -15  -11  -15   19   -9    7   15    5   -8   11    8   -5
    1    2   22    1    1   12    1    1    1      1083    6   -5   14  -11  -14  -15    0   10    2   -1    5   -1   10    7   16   14   -5   10
    1    2   23    1    1   16    1    1    1      1435    5   -6   13  -12  -18  -20   -1   11    1   -3    5   -3    9    7   15   17   -5   11
    1    2   24    1    1   13    1    1    1      1245   12  -16   12  -11  -15  -16   -3    7    4   -9    5   -2   10    7   14   15   -4    9
    1    2   25    1    2   14    1    2    1       613  -11   -9  -12  -12   -2    4   -2    1   -6  -13   -4   -2    3    4  -14   10   -9   16
    1    2   26    1    2   16    1    2    1       809  -11   -7  -13  -12   -8   11   -3    2   -6  -13   -4   -2    2    4  -14    9  -10   16
    1    2   27    1    3   12    1    3    1      2565    0    5  -10    0   11    4  -14  -10  -13   15   -9    7   16    5   -8   11    9   -5
    1    3    1    1    1   24    1    1    1      2315    6   -6   14  -12  -15  -15   -1   11    2   -2    6   -1    9    8   13   14   -4    9
    1    3    2    1    3   23    1    3    1      1290    0    5   -7    1   11    5  -14   -6  -14   16   -7    8   15    5   -8   11    8   -6
    1    3    3    1    2   19    1    2    1       771  -10   -8  -12  -11   -2    3   -2    0   -8  -14   -4   -2   -8    4  -14    9  -10   16
    1    3    4    1    3   26    1    3    1      1600   -1    6   -3   -3   12    4  -14  -12  -15   14  -10    8   16    5   -7   11    8   -6
    1    3    5    1    1   21    1    1    1      3291    5   -6   17  -22  -13  -17   -6   16    3   -4    4   -2    9    8   15   15   -6   10
    1    3    6    1    3   20    1    3    1       837   -1    6   -2    8   11    5  -15  -13  -14   16   -8    6   16    5   -8   11    9   -4
    1    3    7    1    2   22    1    2    1       897  -11   -9  -14  -11    0    3   -1    1   -6  -13    1   -2    3    4  -14   10   -8   18
    1    3    8    1    2   20    1    2    1      1319  -11   -8  -13  -11   -1    3   -3    1   -5  -14   -5   -3    3    4  -13   10  -10   16
    1    3    9    1    1   20    1    1    1      1199    5   -5   19   -5  -14  -15   -1   11    2   -1    6   -2    9    8   15   14   -5    9
    1    3   10    1    2   26    1    2    1       905  -12   -8  -13  -12   -2    5   -1    1   -7  -13   -5   -2    2    5  -13    8  -10   16
    1    3   11    1    1   19    1    1    1      2688    5   -8   15  -22  -10  -17   -1   11    1   -3    4   -1   10    7   14   16   -5   10
    1    3   12    1    3   27    1    3    1      1217    0    5  -10    3   12    5   -9  -14  -13   16   -9    7   16    4   -8   11    8   -6
    1    3   13    1    3   24    1    3    1      2268    0    4   -7    3   11    5  -14  -11  -14   16   -8    5   16    5   -9   12    8   -5
    1    3   14    1    1   26    1    1    1      4110    2   -5   13  -12   -8  -20   -1   12    2   -1    5   -3   10    6   15   15   -6   10
    1    3   15    1    1   25    1    1    1      3812    5   -6   20  -21  -15  -17   -2   12    2   -1    5   -2   11    7   15   15   -5    9
    1    3   16    1    3   19    1    3    1       808    1    5   -8    1   11    5  -14  -10  -14   16   -8    7   16    4   -8   10    8   -6
    1    3   17    1    1   23    1    1    1       964    4   -7   13  -12  -15  -14    0   11    2   -2    5   -2    7   11   15   16   -4   10
    1    3   18    1    2   24    1    2    1       904  -10  -10  -13  -11   -2    5   -1    1   -6  -13   -3   -2    3    5  -14    9  -10   16
    1    3   19    1    3   25    1    3    1      2063    3   -2   -8    1   10    5  -12  -11  -15   17   -9    6   16    5   -8   11    8   -5
    1    3   20    1    2   23    1    2    1       921  -11   -8  -17   -9   -3    5   -3    1   -7  -12   -5   -2    2    5  -14    9   -7   18
    1    3   21    1    2   27    1    2    1       878  -14   -5  -14  -11   -1    4   -2    2   -6  -14   -3   -2    6    6  -14    9  -10   16
    1    3   22    1    3   21    1    3    1       744    1    5   -8    0   12    5  -13  -10  -14   17   -9    7   17    4   -8   11    7   -6
    1    3   23    1    3   22    1    3    1       887    1    4  -10   -1   11    6  -15  -11  -15   15   -7    7   15    5   -8   11    8   -6
    1    3   24    1    1   27    1    1    1      1166    5   -5   13  -12  -16  -15    1   14    2   -2    5   -2    5    7   16   15   -5   10
    1    3   25    1    1   22    1    1    1      1114    5   -6   13  -12  -15  -16   -2   11    2   -1    6    0   10    7   13   14   -4    9
    1    3   26    1    2   25    1    2    1       826  -14   -5  -13  -10   -3    3   -2    1   -7  -13   -4   -2    1    6  -14    9  -10   16
    1    3   27    1    2   21    1    2    1      1459  -11   -8  -12  -11   -2    3   -1   -1   -6  -12   -3   -2    2    4  -14   10  -10   16
    1    4    1    1    1   31    1    1    1      4325    6   -7   12  -12  -13  -16    0   12    2   -1    4   -3   10    8   14   16   -4    9
    1    4    2    1    3   36    1    3    1      1172    0    4   -9    1   10    4  -14  -11  -14   15   -7    6   16    5   -7   10    7  -15
    1    4    3    1    1   33    1    1    1      2738    5   -6   13  -12  -14  -15   -1   11    2   -2    7   -2   10    8   16   16   -5   11
    1    4    4    1    2   29    1    2    1       913  -11   -8  -12  -10   -3    4   -2    1   -6  -13   -5   -1    2    6  -15    8  -11   17
    1    4    5    1    3   32    1    3    1      3448    0    5   -8    2   13    5  -14  -11  -21   12   -8    6   17    5   -8   11    8   -6
    1    4    6    1    3   33    1    3    1      1610    1    4   -8    1   11    6  -23   -5  -14   17   -8    7   16    4   -9   11    8   -6
    1    4    7    1    1   32    1    1    1      2565    6   -7   13   -7  -14  -15    0   11    2   -2    6   -3   20   15   21   13   -5   10
    1    4    8    1    3   31    1    3    1       747    1    6  -13    2   12    5  -13  -12  -14   15   -8    7   18    5   -8   11    6   -5
    1    4    9    1    2   36    1    2    1       472  -12   -7  -13  -12   -2    4   -1    0   -6  -13   -4   -2    1    6  -15   10  -10   16
    1    4   10    1    1   28    1    1    1      1234    5   -6   13  -12  -14  -16   -2   12    1   -2    5   -2    6    5   14   13   -5   10
    1    4   11    1    2   32    1    2    1       733  -11   -7  -13  -10   -3    4   -2    1   -6  -13   -4   -2    9    2  -15   10  -10   16
    1    4   12    1    1   35    1    1    1      1660    4   -5   14  -11  -13  -14    0   10    1   -1    5   -2   13    2   15   15   -5   10
    1    4   13    1    2   34    1    2    1       565  -11   -8  -14  -11   -6    2   -2    1   -4  -10   -4   -2   -1    9  -14    9  -10   15
    1    4   14    1    1   34    1    1    1       619    5   -6   13  -12  -14  -15   -2   12    1   -3    5   -2   10    7   16   17   -5    9
    1    4   15    1    1   36    1    1    1       765    5   -6   13  -12  -14  -16   -1   11   -6    1    5   -1   11    7   15   15   -5   11
    1    4   16    1    3   29    1    3    1       794   -1    6   -8    2   11    5  -15  -12  -15   15   -6    8   16    4   -8   11    9   -6
    1    4   17    1    3   30    1    3    1       676    0    6   -7    0   12    6  -13  -11  -14   16   -7    6   16    4   -8   11    8   -5
    1    4   18    1    3   28    1    1    0      1652   -2    6   -9    0   12    4  -14  -11  -18    7   -7    7   15    6   -8   11    9   -6
    1    4   19    1    1   29    1    1    1      2620    5   -6   14  -13  -17   -8   -1   11    2   -2    6   -2   10    8   14   16  -15    3
    1    4   20    1    2   30    1    2    1       910  -11   -8  -13  -12   -2    4   -1    2   -2  -13   -4   -1    2    4  -15    7  -10   17
    1    4   21    1    2   28    1    2    1       631  -10   -8  -12  -11   -3    5   -1    0   -7  -13   -4   -1    2    4  -14    9   -9   16
    1    4   22    1    2   31    1    2    1       827  -11   -9  -13  -11   -2    4   -3    1   -5  -14   -4   -2    1    5   -9    8   -9   16
    1    4   23    1    3   35    1    1    0      1781    0    5    1    3   11    5  -15  -12  -14   16  -10    9   14    6   -9   11    8   -7
    1    4   24    1    2   35    1    2    1      1067  -10   -7  -13  -12   -2    5   -1    2   -6  -13   -3    0    2    5  -13    8  -11   16
    1    4   25    1    2   33    1    2    1       766  -11   -7  -13  -11   -2    4   -2    1   -6  -12   -5   -1    2    5  -17    9  -11   15
    1    4   26    1    1   30    1    1    1       829    5   -5   13  -12  -14  -14   -1   11    1   -1    4   -2    9    7   14   15   -5   10
    1    4   27    1    3   34    1    3    1       551    1    6   -8    0    3    2  -14  -11  -14   15   -7    6   16    4   -8   12    6   -6
    1    5    1    1    3   37    1    3    1      1595    0    6   -8    1   10    6  -14  -11  -14   16   -7   -2   16    4   -8   11    8   -5
    1    5    2    1    2   40    1    2    1       665   -7  -13  -14  -10   -1    4   -3    2    0  -11   -2   -4    3    4  -14    9   -9   17
    1    5    3    1    1   44    1    1    1       795    4   -5   13  -12  -14  -15    0   11   10    3    5   -1   11    6   15   16   -5   10
    1    5    4    1    1   43    1    1    1      1046    4   -6   13  -13  -14  -15   -1   11    2   -2   14   -4   11    7   16   16   -5   15
    1    5    5    1    3   40    1    3    1       726    0    5   -8    1   11    5  -16  -13  -14   16   -8    7   15    5   -7   12    8   -6
    1    5    6    1    3   42    1    3    1       596   -2    2   -7    1   10    5  -14  -11  -14   16   -8    6   16    3   -8   11    7   -7
    1    5    7    1    1   38    1    1    1      1047    5   -5   13  -12   -9  -19   -2   10    1   -2    5   -2   11    7   16   14   -5   10
    1    5    8    1    1   40    1    1    1       553    5   -6   13  -13  -15  -15   -1   11   -3   -5    6   -2    8    7   15   15   -5   10
    1    5    9    1    2   42    1    2    1       574  -12   -8   -5   -6    0    2   -2    1   -6  -13   -4   -2    2    5  -13    8   -9   16
    1    5   10    1    1   45    1    1    1      1939    5   -6   13  -12  -14  -16   -1   11    6    2    4   -1   10    7   19   20   -4   11
    1    5   11    1    3   44    1    3    1      1202    0    5   -8    1   11    5  -14  -11  -14   16  -11   -3   20    9   -9   11    9   -7
    1    5   12    1    2   45    1    2    1       957  -11    1  -14  -10   -3    4   -2    1   -6  -13   -5   -1    1    6  -14    8  -10   15
    1    5   13    1    3   41    1    3    1      4146    0    5  -17   -1   11    6  -14  -17  -13   15   -8    7   16    4   -4   14    8   -7
    1    5   14    1    2   37    1    2    1       870  -11   -8  -14  -11   -2    4   -2    1  -11  -16   -5   -2    3    4  -15   10  -10   16
    1    5   15    1    1   37    1    1    1      2415    3   -8   13  -11  -14  -15   -1   11    2   -2    5   -2    9    7   14   15  -10   13
    1    5   16    1    3   43    1    3    1       762    1    5   -7    1   11    5  -13  -11  -15   17   -7   14   16    3   -8   11   15   -3
    1    5   17    1    2   38    1    2    1       567  -10   -8  -13  -11   -2    4   -2    0   -6  -13   -4   -2    2    5  -13   10  -15   13
    1    5   18    1    2   41    1    2    1      2125   -9  -10  -20  -11   -3    3    7    1   -6  -13   -4   -1    2    5  -13    8  -11   17
    1    5   19    1    1   41    1    1    1       773    5   -7   14  -12  -15  -15   -1   11    1   -3    5   -2   11    7   15   14   -6   10
    1    5   20    1    2   43    1    2    1       849  -12  -10  -14  -11   -2    4   -3    1   -6  -12   -4   -2    2    5  -13    9   -9   16
    1    5   21    1    2   44    1    1    0      1929  -12   -7  -14  -11   -2    4   -3    1   -6  -13   -5   -1    1    6  -19   16  -10   16
    1    5   22    1    3   45    1    1    0      3928    0    5   -9    0   11    5  -14  -10  -14   15   -8    7   17    5   -8   11    8   -6
    1    5   23    1    2   39    1    2    1       698  -10   -9  -12  -12   -3    5   -2    1   -6  -14   -4   -1   -2    9  -14    9  -10   16
    1    5   24    1    1   39    1    1    1      1004    4   -6   14  -13  -13  -15   -2   12    2   -2    6   -2   10    8   14   15   -6   10
    1    5   25    1    3   39    1    3    1      1230    7    7    1   10   11    4  -17  -11  -13   16   -8    7   12   -1    0    8   17    4
    1    5   26    1    3   38    1    3    1      1466   -1    5   -9    0   13    5  -13  -12  -13   17   -9    7   12    2   -8   11    9   -6
    1    5   27    1    1   42    1    1    1       921    5   -6   13  -12  -13  -15    0   11    2   -2    5   -2    9    8   16   14   -6   10
    1    6    1    1    2   48    1    2    1      3168  -11   -8  -13  -11   -3    4   -2    1   -5  -12   -4   -2    1    5  -13   11  -11   17
    1    6    2    1    3   54    1    3    1       909    0    5   -8    1   12    5  -13  -10  -14   15   -8    7   17    4   -8   11    9   -5
    1    6    3    1    1   47    1    1    1      3444    5   -7   13  -12  -14  -14   -1   12    1   -3    7    0   10    7    7   11   -4   10
    1    6    4    1    1   49    1    1    1      1462    5   -6   17  -10  -13  -16    0   11   -4    3    6   -3   10    7   15   15   -5   10
    1    6    5    1    1   54    1    1    1       934    4   -6   13  -10  -13  -15   -1   11    3   -3    6   -2   10    7   16   14   -4   10
    1    6    6    1    1   48    1    1    1       748    5   -6   14  -15  -14  -15   -2   10    2   -3    5   -2   10    7   16   14   -5    9
    1    6    7    1    2   53    1    2    1      1690  -11   -9  -12  -11   -1    4   -3   -1   -6  -13   -9   -5    2    6  -15   10   -4   24
    1    6    8    1    2   51    1    2    1       948   -2  -13  -13  -10   -1    5   -2    2   -6  -13   -4   -2    3    5  -14    9  -10   16
    1    6    9    1    3   47    1    3    1      1402    1    5   -7    4   11    6  -14  -10  -14   16   -8    8   21    6   -8   11    8   -6
    1    6   10    1    1   46    1    1    1      1006    5   -6   13  -12  -14  -15   -1   10    2   -2    6   -3   10    7   14   15   -5   10
    1    6   11    1    1   52    1    1    1       770    6   -8   13  -12  -13  -14    0   10    2   -3    5   -2   11    8   14   14   -7   11
    1    6   12    1    1   50    1    1    1       688    8   -7   11  -11  -15  -14   -1   11    2   -2    5   -2   11    8   15   15   -5   10
    1    6   13    1    3   50    1    3    1       880    0    4   -8    1   11    5  -14  -11  -14   16   -8    7   16    4   -8   12    8   -7
    1    6   14    1    3   53    1    3    1       681    4    9   -8    1   12    5  -15  -11  -14   16   -8    7   16    4   -2    4    7   -5
    1    6   15    1    3   49    1    3    1       553    0    5  -10    0   11    5  -14  -11  -14   17   -1   -1   16    4   -8   11   15  -11
    1    6   16    1    3   48    1    3    1      1183   -4   10  -10    5   10    5  -14  -10  -13   17   -8    8   23    6   -8   11    7   -5
    1    6   17    1    2   54    1    2    1       812  -10   -9  -13  -11   -5    4   -3    1   -8  -17   -3   -3    3    6  -15    8  -10   16
    1    6   18    1    2   50    1    2    1       713  -11   -8  -14  -11    0    2   -2    1   -8  -11   -4   -3    2    5  -14    8  -10   16
    1    6   19    1    1   53    1    1    1       665    6   -8   16   -8  -14  -15   -1   11    2   -2    5   -1   11    7   15   15   -4    9
    1    6   20    1    2   52    1    2    1      1067  -11   -8  -14  -10   -1    3   -2    1   -5  -12   -3   -4    3    5  -14    9  -10   16
    1    6   21    1    2   46    1    2    1       714  -10   -8  -13  -10   -1    5   -2    2   -6  -13   -5   -2    2    5  -15    8  -10   16
    1    6   22    1    2   49    1    2    1       635  -11   -9  -13  -10   -2    5   -2   -2   -5  -13   -6   -1    3    5  -14    9  -10   16
    1    6   23    1    1   51    1    1    1      1039    5   -5   15  -11  -13  -16   -1   11    2   -2    6   -2   11    8   15   15   -4   11
    1    6   24    1    3   51    1    3    1      2020    1    5   -9    2   12    6  -14  -11  -14   16   -7    8   16    4   -8   11    9   -6
    1    6   25    1    3   46    1    3    1       752    0    5   -8    2   12    4  -13  -12  -15   17   -7    8   15    4  -15    6    6   -7
    1    6   26    1    3   52    1    3    1       811   -1    5   -8    2   12    5  -14  -11  -14   16   -4    3   16    4   -7   13    7   -7
    1    6   27    1    2   47    1    1    0       598  -12   -7  -10  -13   -1    4    1    8   -7  -12   -5   -3    2    5  -14    9   -9   16
    1    7    1    1    2   59    1    2    1      1322  -11   -8   -6  -16   -1    5   -3    2   -6  -13   -4   -2    3    4  -14   10   -9   16
    1    7    2    1    2   56    1    2    1       995  -10   -8  -13  -11   -3    5   -2    1   -5  -12   -4   -2    2    5  -14    9  -10   16
    1    7    3    1    2   55    1    2    1       794  -10   -7  -13  -11   -1    5   -2    2   -7  -13   -4   -2    2    5  -15    9  -10   16
    1    7    4    1    2   62    1    2    1       536  -10   -9  -16   -9   -3    5   -3    1   -6  -14   -3   -2    2    5  -14    9   -9   16
    1    7    5    1    2   63    1    1    0      3423  -11   -8  -13  -11   -2    4    0   -1   -5  -13   -4   -2    2    5  -14    9   -6    8
    1    7    6    1    3   63    1    3    1      1860    0    5   -8    0   11    5  -15  -11  -14   15   -7    7   16    4   -8   10    9   -6
    1    7    7    1    1   56    1    1    1      1269    6   -5   14  -12  -13  -15    0   11    2   -3   -1  -11    9    7   15   15   -5   10
    1    7    8    1    3   58    1    3    1       957   -5   -4   -8    1    9    7  -14  -11  -14   16   -8    7   16    5   -8   11    7   -7
    1    7    9    1    1   62    1    1    1       738    6   -7   13  -12  -15  -16    0   11   -6    0    5   -2    9    6   15   17   -5   10
    1    7   10    1    3   61    1    3    1       881   -1    5   -8    1   11    5  -13  -12  -14   16   -8    7   16    3   -8   11    7   -7
    1    7   11    1    2   61    1    2    1      1005  -11   -8  -13  -12   -2    4   -2    1   -6  -13   -4   -3    1    6  -14    8  -11   16
    1    7   12    1    3   62    1    3    1      1567    0    5   -8    1   11    5  -13  -12  -14   17   -9    7   16    5   -8   10    7   -6
    1    7   13    1    1   60    1    1    1       701    6   -7   14  -13  -14  -15    0   11   -4    4    5   -2    9    6   15   14   -5   10
    1    7   14    1    1   61    1    1    1       670    6   -6   13  -12  -13  -14   -1   11    1   -3    4   -1    9    7   15   15   -3    8
    1    7   15    1    2   57    1    2    1       863  -11   -8  -13  -10   -3    4   -2    1   -6  -13   -4   -2    3    6  -14    9  -11   17
    1    7   16    1    3   55    1    3    1       758    0    5   -7    0   10    5  -14  -11  -15   16   -8    7   16    4   -8   11    8   -7
    1    7   17    1    1   63    1    1    1      1475    5   -7   12  -13  -13  -14   -1   11    2   -3    5   -2   10    7   11   11   -5   10
    1    7   18    1    3   57    1    3    1       789    0    6   -7    1   10    4  -14  -11  -13   14   -6    8   15    3   -9   11    9   -4
    1    7   19    1    3   56    1    3    1       817    0    5   -8    1   11    5  -14  -11  -15   17   -8    7   15    4   -8   11    8   -6
    1    7   20    1    2   60    1    2    1       892  -11   -8  -13  -11   -2    5   -2    1   -8  -14   -3   -3    3    4  -14    9  -11   15
    1    7   21    1    1   57    1    1    1      1815    6   -7   14  -13  -14  -15    0   10    1   -2    5   -3   10    6   14   15   -5   10
    1    7   22    1    1   59    1    1    1      1055   15   -7   13  -12  -13  -15   -2   11    1   -1    5   -2   10    7   16   14   -4    9
    1    7   23    1    3   60    1    3    1       977   -1    6   -7    2   11    5  -15  -11  -14   16   -8    7   17    4   -4    8    8   -6
    1    7   24    1    1   55    1    1    1      2773    5   -6   10  -15  -14  -14   -1   11    2   -2    4   -3   10    7   15   15   -5   11
    1    7   25    1    3   59    1    3    1       691    0    5   -9    1   11    5  -14  -11  -14   16   -7    6   17    4   -8   10   15  -15
    1    7   26    1    1   58    1    1    1       962    7   -6   14  -13  -17  -13   -1   11    2   -2    4   -4    9   17   14   15    0   16
    1    7   27    1    2   58    1    3    0      1689  -11   -8  -17  -11   -2    4   -2    1   -6  -13   -5   -1   12   -4  -14    9   -7   18
    1    8    1    1    3   66    1    3    1      2992    0    5   -8    0   10    5  -14  -10  -13   14   -9    8   17    4   -7   12    8   -7
    1    8    2    1    3   64    1    3    1       739    1    5   -8    1   11    5  -15  -11  -13   15   -9    7   20    8   -8   11    8   -6
    1    8    3    1    3   68    1    3    1      4737   -1    3   -7    0   10    6  -12   -8  -14   17   -8    6   17    4   -9   12    9   -7
    1    8    4    1    3   70    1    3    1      1054    1    5   -9    2   11    5   -4   -9  -14   16   -8    8   15    5   -7   11    9   -4
    1    8    5    1    1   66    1    1    1       815   13   -2   14  -11  -14  -15   -1   11    1   -3    4   -1   11    8   15   14   -6   10
    1    8    6    1    1   67    1    1    1      1743    2   -7    8  -12  -14  -15   -1   12    2   -2    6   -2   10    7   15   15   -3   10
    1    8    7    1    2   70    1    2    1       951  -11   -9  -13  -11   -2    4   -3    0   -7  -12   -4   -3    2    5  -13    8  -10   16
    1    8    8    1    2   68    1    3    0      1967  -11   -8  -13  -11   -1    4   -3    1   -6  -12   -4   -2    2    5  -14    9  -17   23
    1    8    9    1    3   65    1    3    1      1277    0    6   -8    2   16    6  -14  -11  -14   15  -16   16   14    2   -9   11    9   -7
    1    8   10    1    2   72    1    2    1       856  -11   -9  -14  -10   -1    5   -3    2   -7  -13   -4   -2    3    4  -13    9  -10   17
    1    8   11    1    2   69    1    2    1       670  -10   -9  -14  -12   -3    5    0   10   -4  -13   -5   -1    2    5  -14   10  -10   16
    1    8   12    1    2   66    1    2    1       643  -11   -8  -13  -11   -3    4   -2    1   -7  -15   -4   -1    3    3  -15   10   -9   16
    1    8   13    1    2   67    1    2    1       530  -11   -7  -13  -11   -1    4   -3    1   -2  -15   -3   -3    2    5  -14    9  -10   16
    1    8   14    1    3   72    1    3    1       986    0    5   -5   -1   10    4  -16   -9  -14   16   -8    6   16    4   -8   11    9   -5
    1    8   15    1    1   68    1    1    1      1200    5   -6   14  -13  -13  -15    7   19    2   -2    7    3   10    7   16   15   -6   11
    1    8   16    1    1   64    1    1    1      1500    6   -5   12  -12  -15  -14   -1   11    1   -2    6   -1   10    7   13   17   -5   11
    1    8   17    1    1   71    1    1    1       781    5   -6   12  -11  -13  -16   -3   10    2   -3    5   -3    9    8   16   15    0   16
    1    8   18    1    3   71    1    3    1       907   -1    4   -7    1   11    5  -15   -9  -14   16   -8    6   17    3   -8   11    6   -7
    1    8   19    1    1   72    1    1    1      1828    6   -6   12  -11  -14  -15   -1   13    3   -3    5   -2    9    7   15   15   -6   10
    1    8   20    1    1   69    1    1    1       665    5   -6   12  -11  -14  -15   -1   11    2   -2    5   -2   10    7   16   14   -5   10
    1    8   21    1    3   69    1    3    1      1596   -3   -4   -7    2   12    5  -12   -6  -13   15   -7    7   16    4   -4   15    8   -6
    1    8   22    1    1   65    1    1    1       665    5   -6   13  -10  -14  -16    0   10    0    1    4   -1   12    5   15   15   -5   10
    1    8   23    1    2   64    1    2    1       811  -11   -7  -14  -11   -2    4   -1    2   -6  -13   -4   -2   -8   -5  -14    9   -9   14
    1    8   24    1    1   70    1    1    1      4376    4   -6   14  -13  -14  -14   -1   12    3   -2    6   -3   13    8   13    5   -9    0
    1    8   25    1    3   67    1    3    1       773    0    5   -4   -6   11    4  -13  -12  -23   13   -9    8   16    4   -7   11    8   -6
    1    8   26    1    2   71    1    2    1      4192  -12   -8  -15  -10   -1    3   -3    2   -6  -13   -3   -2    3    4  -15   10  -10   16
    1    8   27    1    2   65    1    2    1       710  -13   -5  -13  -11   -2    4   -3    2   -6  -13   -4   -2    1    4  -13    8   -9   16
    1    9    1    1    2   80    1    2    1      1302  -12   -7  -13  -11   -2    4    3   -1   -6  -13   -4   -2    0    7  -13    9  -10   16
    1    9    2    1    1   73    1    1    1      1407    6   -6   12  -11  -15  -14   -1   11    2   -2    6   -2   11    6   14   15   -6    9
    1    9    3    1    3   76    1    3    1       916    1    7   -7    2   11    5  -14   -9  -14   15   -9    7   16    4   -6    9    8   -6
    1    9    4    1    3   77    1    3    1       491    1    5   -8    1   13    1  -14  -11  -14   16   -9    6   17    3   -9   12    9   -5
    1    9    5    1    2   73    1    2    1       611  -11   -7  -12  -11   -2    4   -1    1   -5  -13   -4   -2    2    5  -14    9  -10   16
    1    9    6    1    2   77    1    2    1       824  -12   -8  -11  -13   -2    4   -2    1   -7  -13   -5   -1    3    4  -14    9  -10   16
    1    9    7    1    3   81    1    3    1       870   -1    5   -9    1   11    5  -14  -11  -14   16   -8    7   17    4   -8   10    6   -4
    1    9    8    1    1   78    1    1    1       928    5   -6   20   -4  -14  -15   -1   12    2   -2    8   -2    1    2   20   16   -6   10
    1    9    9    1    3   79    1    2    0      1271    9   12   -9    1   10    4  -15  -12  -14   16   -7    8   10   -6   -6   12    7   -6
    1    9   10    1    3   80    1    3    1      1969    1    4   -8    1   12    4  -14  -12  -13   16   -8    6   15    3   -8   11    8   -5
    1    9   11    1    2   81    1    2    1       701  -11   -8  -13  -11   -3    2   -1    1   -6  -13   -4   -2    1    6  -15   10   -9   16
    1    9   12    1    1   76    1    1    1      1199    5   -6   13  -12  -14  -15   -2   11   -2    0    6   -1   10    7   15   14   -6   10
    1    9   13    1    3   73    1    3    1       797    0    5   -9    2   11    5  -14  -12  -14   15   -8    7   17    3   -8   11    7   -6
    1    9   14    1    1   74    1    1    1      1611    5   -6   13  -12  -15  -15    0   11    2   -2    5   -1   11    7   15   15   -5   10
    1    9   15    1    2   79    1    2    1       455  -11   -8  -13  -11    3    3   -2    1   -6  -11   -5   -1    3    6  -14    9  -11   13
    1    9   16    1    3   78    1    3    1       706    0    6   -8    1   11    5  -15  -11  -14   16   -8    7   16    4   -6   14    8   -6
    1    9   17    1    3   75    1    3    1      2387    0    5   -9    0   11    5  -14  -11  -11   20   -5    3   17    5   -8   11    8   -6
    1    9   18    1    2   75    1    2    1       672  -11   -8  -13  -11   -2    4   -4   -4   -6  -12    4   -7    1    5  -14    8  -10   17
    1    9   19    1    3   74    1    3    1      1023   -5    4   -8    1    9    3  -14  -11  -13   16   -7    7   19    7  -14    9    8   -7
    1    9   20    1    1   75    1    1    1       597    4   -7   13  -12  -13  -15   -1   11    1   -2    5   -2   10    7   15   15   -5   10
    1    9   21    1    1   80    1    1    1      2426    5   -6   13  -13  -13  -14    0   12    1   -2    5   -2   10    8   16   18   -5   10
    1    9   22    1    1   77    1    1    1       535    6   -5   12  -12  -14  -15   -2   11    2   -1    4   -2    9    8   16   14   -5   10
    1    9   23    1    2   76    1    2    1       605  -10   -8  -12   -9   -1    3    2   -4   -6  -14   -4   -2    2    5  -14    9  -11   16
    1    9   24    1    2   74    1    2    1       610  -11   -8  -14   -8   -2    4   -2    0   -6  -13   -4   -2    2    5  -13    8  -11   16
    1    9   25    1    1   79    1    1    1       840    8  -14   13  -13  -14  -14    0   12   -6  -10    4   -1   10    8   16   14   -5   10
    1    9   26    1    2   78    1    2    1      4371  -11   -8  -13  -10   -2    3    0    0   -7  -13   -4   -1    1    5  -15    9    0   10
    1    9   27    1    1   81    1    1    1       674    4   -6   13  -10  -15  -15    0   11    1   -3    5   -1   10    8   15   15   -5   10
    1   10    1    1    3   90    1    3    1      2627   -4    5   -8    1   11    5  -19  -14  -16   14   -8    7    8   -1   -8   12    8   -7
    1   10    2    1    1   89    1    1    1       760    5   -7   13  -12  -13  -10   -2   11    2   -2    5   -1   11    6   15   15   -3    9
    1   10    3    1    2   82    1    3    0      2261  -15   -5  -11  -13   -2    6   -1    3   -5  -13   -5   -1    2    5  -15   14  -20   10
    1   10    4    1    1   88    1    1    1       983    5   -6   14  -12   -7  -20   -1   10    2   -2   15    7    9    6   15   16   -6    9
    1   10    5    1    2   90    1    2    1       620  -12   -7  -14  -12   -2    5   -2    0   -6  -12   -5   -1    2    4  -15    9  -10   16
    1   10    6    1    2   85    1    2    1      1153  -16   -6  -10  -17   -2    5   -2    1   -5  -14   -4   -2    2    6  -14    8  -11   17
    1   10    7    1    2   83    1    2    1       991  -10   -8  -13  -11   -2    4   -2    1   -5  -14   -3   -3    3    4  -14    9   -9   15
    1   10    8    1    1   90    1    1    1       757    7   -7   12  -11  -14  -15   -7   17    3   -2    8    0    9    7   14   15   -5   10
    1   10    9    1    1   82    1    1    1       629    4   -8   13  -12  -14  -15   -1   11    2   -3    5   -2   10    7   15   15   -5   10
    1   10   10    1    1   84    1    1    1      1081    5   -6   14  -12  -14  -15  -10   19    3   -1    6   -2    9    6   15   16   -5   10
    1   10   11    1    1   83    1    1    1       683    6   -8   14  -12  -13  -15   -2   17    1   -2    5   -1   10    7   16   15   -4    9
    1   10   12    1    3   89    1    3    1       923   -1    5   -8    1   11    4  -14  -11  -14   16   -9    7   16    4   -8   11    9   -5
    1   10   13    1    2   86    1    2    1       787   -4   -9  -14  -12   -2    3   -3    1   -7  -12   -5   -1    3    4  -13    8  -11   17
    1   10   14    1    2   87    1    2    1      1119  -11   -8  -13  -11   -2    4   -1    1   -5  -13   -5   -1   -8   15  -17    8   -9   17
    1   10   15    1    3   85    1    3    1       799    0    5   -8    1   11    5  -12   -8  -15   15   -7    6   16    4   -9   11    7   -8
    1   10   16    1    2   89    1    2    1       669  -11   -8  -13  -12   -3    4   -2    1   -6  -13   -5   -1    2    5  -13    9  -10   16
    1   10   17    1    1   86    1    1    1      1839    5   -7   12  -13  -15  -16    0   10    2   -2    8   -7   10    7   15   15   -5   10
    1   10   18    1    3   83    1    3    1       612    0    4   -4    4   11    5  -14  -11  -11   13  -11    0   16    8   -8   11    9   -6
    1   10   19    1    2   84    1    2    1      1479  -11   -8  -14  -11   -3    4   -3    1  -14  -17   -5   -1    3    6  -15    7  -10   16
    1   10   20    1    1   85    1    1    1       745    4   -7   13  -11  -15  -15   -2   11    4   -3    6   -4    9    8   16   16   -5   11
    1   10   21    1    1   87    1    1    1      1224    6   -7   14  -12  -14  -16   -6    6    3   -4    5   -2   11    6   17   14   -6   11
    1   10   22    1    3   84    1    3    1       645    0    5   -9    2   11    5  -14  -11  -15   17   -8    7   17    2   -9   12    8   -6
    1   10   23    1    3   88    1    3    1       582   -1    4   -8    1   11    5  -14  -11  -14   17   -8    7   16    4   -9   11    8   -5
    1   10   24    1    3   87    1    3    1       556   -5   -1   -8    1   12    4  -14  -12  -14   16   -6    8   17    4   -7   10    8   -6
    1   10   25    1    3   86    1    3    1       515    0    6   -8    1   14    3  -14  -11  -14   15   -7    7   16    4   -8   11    9   -6
    1   10   26    1    2   88    1    2    1       890  -11   -7  -13  -11   -2    4   -2    0   -6  -13   -5    0    3    5  -14    9  -11   16
    1   10   27    1    3   82    1    3    1       756    1    6   -7    2   11    5  -15  -11  -14   17   -7    7   16    4   -8   10    8   -6
    2    1    1    1    2    8    1    2    1      2311  -11   -7  -14  -10   -1    4   -3    1   -7  -12   -4   -2    2    5  -14    9  -10   16
    2    1    2    1    2   11    1    2    1       664  -11   -9  -13  -11    1    1   -1    2    4   -5   -4   -2    3    7  -13    8  -11   19
    2    1    3    1    1   24    1    1    1      1532    6   -6   14  -12  -15  -15   -1   11    2   -2    6   -1    9    8   13   14   -4    9
    2    1    4    4    3    4    2    3    1      1963    0    7   -9    2   10    5  -12  -11  -17   12   -7    8   17    4   -8   12    4   -8
    2    1    5    1    1   34    1    1    1       569    5   -6   13  -12  -14  -15   -2   12    1   -3    5   -2   10    7   16   17   -5    9
    2    1    6    4    2    4    2    2    1       749  -10   -6  -10  -14   -2    6   -4    2   -2  -11   -7   -3    4    6  -16    7  -11   15
    2    1    7    5    1    9    3    1    1      1982    2   -6   21   -4  -17  -18   -1    7   -6   -4   -2   -1   19    1   20   12  -10   12
    2    1    8    5    1    3    3    1    1      1242    3   -6    5   -8  -15  -15   -7    7    1   -2    7   -1    9    8   24   14  -13    2
    2    1    9    4    3    5    2    3    1      1508   -1   10  -10    2   13    5  -12  -13  -15   18  -10    6   16    3   -7   11   10   -7
    2    1   10    1    3   38    1    3    1     12051   -1    5   -9    0   13    5  -13  -12  -13   17   -9    7   12    2   -8   11    9   -6
    2    1   11    5    1    1    3    1    1      2188    3  -16   20   -7  -21   -6    4   10    4   -6   -1   -7   15   11   14   16   -7    9
    2    1   12    1    1   54    1    1    1       802    4   -6   13  -10  -13  -15   -1   11    3   -3    6   -2   10    7   16   14   -4   10
    2    1   13    2    3    0    0    3    1       575    0    5   -8    1   11    5  -14  -11  -14   16   -8    7   16    4   -8   11    8   -6
    2    1   14    5    3    9    3    1    0      3521    1    6   -9    1   10    5  -19  -21   -8   17   -7    6    7   -2  -10   10    5   -3
    2    1   15    1    1   55    1    1    1       899    5   -6   10  -15  -14  -14   -1   11    2   -2    4   -3   10    7   15   15   -5   11
    2    1   16    5    3    7    3    1    0      2811   -1    3   -4    1   11    6  -13  -11   -6   22  -10    9   11   11   -2   14    9   -5
    2    1   17    5    1    2    3    1    1      1161    2   -1   17   -8  -13  -16   -4   15    8  -12    7   -4   13    5   14   12    3   16
    2    1   18    1    3   70    1    3    1       857    1    5   -9    2   11    5   -4   -9  -14   16   -8    8   15    5   -7   11    9   -4
    2    1   19    1    1   75    1    1    1      1538    4   -7   13  -12  -13  -15   -1   11    1   -2    5   -2   10    7   15   15   -5   10
    2    1   20    1    3   89    1    3    1       833   -1    5   -8    1   11    4  -14  -11  -14   16   -9    7   16    4   -8   11    9   -5
    2    1   21    4    2    3    2    2    1      1452  -10   -9  -17  -14   -2    3   -8   -2   -2  -18   -4   -3    3    4  -16   13  -12   15
    2    1   22    5    3    4    3    1    0      1376    0    4   -9    2    6    4  -22  -17   -9   16  -11    7   11    5  -12    5    7   -6
    2    1   23    5    3    5    3    3    1       997    0    8   -7    1   10    6  -15  -13  -13   17   -3   -1   18    3   -9   12    6   -4
    2    1   24    4    1    1    2    1    1      1050   10   -5   13  -10  -18  -15   -2   11    8   -2    6   -3   11    5   14   16  -11    3
    2    1   25    3    3    3    1    3    1       718    1    4   -8    1   12    4  -14  -11  -14   16   -9    6   10   -2   -8   11    9   -5
    2    1   26    4    1    6    2    1    1      1661    3  -14    3  -18  -14  -14   -2   11    2   -1    4   -3   11    8   17   15   -3    8
    2    1   27    4    3    2    2    1    0      1255    1    4    0   10   13    4  -13  -11   -5    8   -7    6   18    8   -5   13    8   -7
    2    1   28    5    1    7    3    1    1       945    2    1   14  -11   -8   -5    3    7    1   -1    4   -1    9    8   16   17  -12    7
    2    1   29    2    1    0    0    1    1       681    5   -6   13  -12  -14  -15   -1   11    2   -2    5   -2   10    7   15   15   -5   10
    2    1   30    1    2    3    1    2    1      1099  -13   -8  -12  -12   -3    4   -1    0   -6  -13   -4   -2    7    7  -14    9   -9   15
    2    1   31    5    3    2    3    3    1       955    1    4  -12   -2   10    5  -14  -12  -16   18    0   12   17    4   -9   21    3   -4
    2    1   32    5    2    3    3    2    1      1635  -19  -17  -18  -13   -2    3   -4    2  -13   -7   -4   -1    2    2  -11   11  -15   12
    2    1   33    4    2    5    2    2    1       749  -11   -9  -12  -12   -1    4   -1    1   -8   -6   -4   -1    3    4  -12    9   -9   18
    2    1   34    4    3    6    2    1    0      3098   -1    6   -9    2   14    0  -19   -9  -12   14   -6    5   17    2  -14   10    8   -7
    2    1   35    5    2    2    3    1    0      3001  -11  -10  -22   -7  -10   14    0   -3   -5  -13   -1    2    8    1  -15    9   -3    6
    2    1   36    4    2    1    2    3    0       927  -12   -6  -12   -9   -2    5    5   10   -5  -13   -3   -2    4    4  -20   19  -11   17
    2    1   37    4    3    3    2    3    1      1063    0    6   -9    1   11    6  -15  -11  -13   16  -10    9   17    4   -9   12    7   -5
    2    1   38    3    1    3    1    1    1       888    5   -6   13  -12  -13  -16   -1   11    2   -2    6   -3   10    7   21   19   -5   10
    2    1   39    1    1   11    1    1    1      1346    4   -5   13  -12  -14  -14   -1   12    2   -2    5   -2   15    6   15   15   -5   10
    2    1   40    2    2    0    0    2    1       761  -11   -8  -13  -11   -2    4   -2    1   -6  -13   -4   -2    2    5  -14    9  -10   16
    2    1   41    1    1   22    1    1    1      2184    5   -6   13  -12  -15  -16   -2   11    2   -1    6    0   10    7   13   14   -4    9
    2    1   42    3    3    1    1    3    1       780   -1    5   -7    0   10    6  -14  -11  -14   16   -8    7   16    4   -8   11    9   -8
    2    1   43    4    1    2    2    1    1      1178    4   -7   12  -13   -7   -7    0   11    4    4    5   -3    8    7   16   15    3   20
    2    1   44    1    3   28    1    3    1      9753   -2    6   -9    0   12    4  -14  -11  -18    7   -7    7   15    6   -8   11    9   -6
    2    1   45    5    1    4    3    1    1       962    5   -7   12  -12  -15  -14    4    8    3    0   -2   -9    9    9   12   11   -5    8
    2    1   46    5    1    6    3    1    1      1417    0  -10   18  -10  -20  -23    1   12    2   -4    5    0    8    9   12   16   -8   10
    2    1   47    1    3   39    1    3    1       976    7    7    1   10   11    4  -17  -11  -13   16   -8    7   12   -1    0    8   17    4
    2    1   48    5    2    1    3    3    0      2325   -8   -5   -9   -7   -7    1   -3    1   -7  -16   -3   -2    4    6  -21   16  -12   16
    2    1   49    3    2    1    1    2    1       675  -11   -8  -15  -11   -1    4   -1    0   -6  -13   -3   -1    3    6  -15    7  -10   16
    2    1   50    5    3    1    3    3    1      1350    1    4   -8    3    6    8  -14  -13  -14   17  -12   14   17    4   -8   12   13   -2
    2    1   51    1    2   49    1    2    1       682  -11   -9  -13  -10   -2    5   -2   -2   -5  -13   -6   -1    3    5  -14    9  -10   16
    2    1   52    5    1    5    3    1    1       571    5   -5   15  -13  -19  -15   -8    2    1    6    4   -1   13    7   11   22   -6    9
    2    1   53    3    3    2    1    3    1       978    1    6   -7    0   11    5  -14  -11  -14   16   -8    7    7    9   -8   11    8   -6
    2    1   54    3    1    2    1    1    1       693    6   -7   14  -13  -15  -15   -1   11    2   -2    5   -3    9    8   16   14   -6   10
    2    1   55    1    2   61    1    2    1       503  -11   -8  -13  -12   -2    4   -2    1   -6  -13   -4   -3    1    6  -14    8  -11   16
    2    1   56    3    1    1    1    1    1       670    5   -6   14  -13  -12  -16   -1   10   -1   -3    5   -2    9    6   15   15   -5   10
    2    1   57    4    1    5    2    1    1       689    4   -5   12  -11  -15  -16    0   12    4   -1    5   -3   15    4   17   17   -6   10
    2    1   58    1    3   72    1    3    1       914    0    5   -5   -1   10    4  -16   -9  -14   16   -8    6   16    4   -8   11    9   -5
    2    1   59    1    2   78    1    2    1      1162  -11   -8  -13  -10   -2    3    0    0   -7  -13   -4   -1    1    5  -15    9    0   10
    2    1   60    5    3    6    3    3    1      1705   -1    6   -9    1   15   11  -17  -12  -18   20   -7    6   14    4    2    9   11   -8
    2    1   61    1    1   86    1    1    1       657    5   -7   12  -13  -15  -16    0   10    2   -2    8   -7   10    7   15   15   -5   10
    2    1   62    4    2    2    2    2    1       580  -12  -10  -15  -13   -3    4    4   10   -8  -12   -5   -3    3    5  -13   11  -12   18
    2    1   63    5    2    8    3    2    1       617   -6  -14  -14  -12   -4    6   -2    3   -7  -12    1    2   -8    6  -17    9  -10   17
    2    1   64    4    1    4    2    1    1       524    6   -5   13  -13  -15  -22    3    3    3   -7    3   -1   19    0   13   14   -3   12
    2    1   65    3    2    2    1    2    1       564  -10   -8  -13  -11   -2    4   -2    1   -6  -13   -4   -1    1    6  -15    9  -11   17
    2    1   66    1    3   77    1    3    1      1642    1    5   -8    1   13    1  -14  -11  -14   16   -9    6   17    3   -9   12    9   -5
    2    1   67    1    3   58    1    3    1      3076   -5   -4   -8    1    9    7  -14  -11  -14   16   -8    7   16    5   -8   11    7   -7
    2    1   68    1    1   71    1    1    1       999    5   -6   12  -11  -13  -16   -3   10    2   -3    5   -3    9    8   16   15    0   16
    2    1   69    1    2   86    1    2    1       844   -4   -9  -14  -12   -2    3   -3    1   -7  -12   -5   -1    3    4  -13    8  -11   17
    2    1   70    5    1    8    3    1    1      1095   -4   -2    7   -5  -16  -12    0   10    3   -2   -4  -10   10    6   18   12   -4   12
    2    1   71    4    3    1    2    3    1       728   -2    4   -6    3   11    4  -12  -11  -15   15   -7    7   16    3   -8   10    7   -5
    2    1   72    1    2   45    1    2    1       728  -11    1  -14  -10   -3    4   -2    1   -6  -13   -5   -1    1    6  -14    8  -10   15
    2    1   73    4    2    6    2    1    0      1944   -8   -7  -15   -9   -1    4    6   -5   -8  -13   -5   -4    3    5  -11    6  -15   11
    2    1   74    5    2    5    3    1    0      2008  -10  -11  -13  -13   -5   14    1    3   -8  -14   -4   -4    8   12  -14    8   -9   13
    2    1   75    3    2    3    1    2    1      2102  -11   -8  -12  -10   -3    3   -2    0   -4  -14    5   -9    3    3  -14    9   -9   15
    2    1   76    5    2    6    3    2    1       942  -12  -16  -15  -11    3   10    1   11   -8  -15   -4  -12   -6    1  -11    8   -9   13
    2    1   77    5    2    7    3    2    1      1557  -12   -4  -14  -10    5   14    0    4  -11  -23  -10    3   -2   11  -15   10  -10   17
    2    1   78    4    1    3    2    1    1       994   -5   -7   11  -12  -15  -14    1   12    1    2    5   -3    9    6   13   13   -7   12
    2    1   79    5    2    4    3    2    1      1543  -10   -9  -13   -9    2    6    5   -7   -4  -15   -3    7    3    9  -15   10  -11   15
    2    1   80    5    3    8    3    3    1      3353   -1    8   -6    1    7    3  -19   -6  -14   17  -18   15   23    4  -10   15   10   -2
    2    1   81    1    3    6    1    3    1       703    0    4   -7    1   11    5  -14  -11  -14   16   -9    7   18    4   -8   10    8   -6
    2    1   82    5    3    3    3    3    1       993   -1    7   -8   -1    9    7  -15   -7  -15   18   -4   16   24    7   -5   12    1    1
    2    1   83    5    2    9    3    3    0      1046  -11   -9  -13  -12   -7    4    3    4   -8  -12  -10    2   10   -2  -18   12   -9   21
    2    1   84    1    2   46    1    2    1       569  -10   -8  -13  -10   -1    5   -2    2   -6  -13   -5   -2    2    5  -15    8  -10   16
