    1    1    1    1    1    7    2    1    1      2885   -6   17    0  -10   -6  -15   -7   -4    4   -2   -8   12   -3   11   -3    6   14   -4
    1    1    2    1    3    4    2    1    0      1665  -10   -8   14  -10   -9   15   10   -4  -11    1   -2    5  -14  -10   -1   -8   14    3
    1    1    3    1    2    1    2    1    0      4762   12   14   -3   13   -2    9  -10    4   -7  -11    5   -6    5    5  -16   10    7    9
    1    1    4    1    3    2    2    3    1      1366   -8   -3    7    1    0   12    9   -5  -11    2   -1    4  -10   -4    4   -7   16    3
    1    1    5    1    2    8    2    2    1      1836   13   14   -7   12   -3    8  -15    3   -6  -12    6   -8    2    6  -12    7    5    9
    1    1    6    1    3    7    2    3    1      2300  -10   -8   15   -7    9   17   17   -6  -13    0   -2    5  -20  -13    7   -7   24    2
    1    1    7    1    1    9    2    1    1      1146   -8   16   -3   -6   -5  -12   -6   -6    5   -5   -7    5   -5    9   -5    4   10   -2
    1    1    8    1    2    3    2    3    0      3542   17   10   -3   12    0    9  -13    0   -4  -11    4   -8    3    8  -15   12   -4   15
    1    1    9    1    3    8    2    3    1      1475   -7   -9   13  -11   -1   12    8   -6  -15   -8    1   10  -13  -10    5   -4   15    6
    1    1   10    1    1    5    2    1    1       994    2   18   -2   -7   -3  -14   -8   -7   13   -8   -7   10   -8    8   -4    4   14   -4
    1    1   11    1    2    5    2    2    1      1413   11   16   -5   14   -2    6  -24   -7   -7   -7    6   -8    1    3  -16   12    5   10
    1    1   12    1    3    5    2    3    1      1542   -8  -10   15   -8   -2   10    6   -5  -10    1   -7    4  -14  -10   -4  -12   17    4
    1    1   13    1    2    9    2    2    1      4083   15   18   -5   15   -2    7  -13    2   -7  -11    7   -7    5    4  -15   11    6   11
    1    1   14    1    1    2    2    1    1       730   -8   17    0   -9   -2  -14   -6   -4   -3    6   -9   15   -4    8   -4    3   11   -2
    1    1   15    1    3    6    2    3    1      1385   -7   -7   14   -8   -3   12    9    1  -21   -7   -3    5  -15  -10    5   -8   13    5
    1    1   16    1    1    3    2    1    1      1371  -10   15   -8   -8   -6  -12    2    4   -2    1   -6   11   -5    9   -4    7    3  -14
    1    1   17    1    2    6    2    2    1      2351   19   12   -1   23   -3    9  -11    4    2    0    5   -7    1    6  -15   11    7   11
    1    1   18    1    1    4    2    1    1      2236  -16   22    1   -9   -5  -12   -1   -4   11    0   -8   15   -6    8  -12    3   12   -4
    1    1   19    1    3    3    2    2    0      1678   -7   -9   12  -11   -2    9    4    4  -12    5   -3    5  -12   -8    7   -1   13    9
    1    1   20    1    3    1    2    3    1      2741   -7  -12   12  -10   -3   12   13   -7   -8   -3   -3    4  -14  -13    7   -6   18   10
    1    1   21    1    2    4    2    2    1      1679   23   11   -4   14   -2    9  -13    4   -3   -9    7   -5    3    2  -17   14   13   17
    1    1   22    1    3    9    2    3    1      1239   -8  -11   12   -9    0   13   11    0  -12    4   -5    5  -15   -8    4   -8   22    0
    1    1   23    1    2    2    2    2    1      1149   15   15   -3   14   -3    9  -12    3   -4   -8    7   -7    1    2  -14    9   13    2
    1    1   24    1    1    1    2    1    1       650  -10   16   -3   -9   -5  -15   -6   -6    3   -3   -1    2   -6   13   -4    4   14    1
    1    1   25    1    1    8    2    1    1       620  -15   17   -4   -5   -3  -14   -7   -4    6   -2   -7   12   -3    8   -4    3   11   -3
    1    1   26    1    2    7    2    3    0      1487   12   17   -5   13   -1    7  -13    2   -4  -10    5   -6    2    2  -13   20   11    7
    1    1   27    1    1    6    2    1    1      1470   -7   15   -1   -9    0  -16   -5   -6   14   -9   -7   11   -8    7   -6    6   13   -3
    1    2    1    1    1   10    2    2    0      3871   -6   16    0   -9   -6  -15    0    5    3   -4   -8    9  -12    1   -6    3   13   -4
    1    2    2    1    1   14    2    1    1      1295   -6   14    0  -10   -6  -11   -4   -3    4   -5    0   14   -3    2    3   10   14   -6
    1    2    3    1    3   15    2    2    0      1095   -7   -7   18  -17   -1   10    7   -3  -14    4   -2    6  -18  -18    5   -8   13    7
    1    2    4    1    3   10    2    3    1      1447   -6   -9   22  -11    1    6    6   -2  -15    4   -4    5  -12  -10    4   -6   15    4
    1    2    5    1    3   12    2    3    1       709   -9   -8   14  -11    2   10    9   -3  -12    1   -4    8  -16  -10    8   -6   11    9
    1    2    6    1    1   12    2    1    1       674   -3   14   -1   -7   -6  -13   -6   -6    6   -7   -8    9   -4    7   -7    4    8  -10
    1    2    7    1    2   12    2    2    1      1281   12   16    1   14   -4    8  -13    1   -3  -11    7   -5   -2    2  -13   11   -2   17
    1    2    8    1    1   17    2    1    1      1465   -6   17   -4  -10   -5  -12   -7   -5    0   -8  -10   11   -7   10   -5    4   12   -5
    1    2    9    1    3   16    2    3    1      2107   -7  -11   16   -8   -5    6    8   -5  -21    8  -13    1  -14  -10    5   -5   18    7
    1    2   10    1    2   17    2    2    1      5585   14   14   -3   14   -4    9  -12    2   -7   -8   14  -11    7    4  -22   14    8    7
    1    2   11    1    1   13    2    1    1       651   -6   16   -3   -8   -2  -15   -4   -6    3   -3   -8   11   -5    8   -6    3   13   -4
    1    2   12    1    1   18    2    1    1      3116  -13   18   -9  -17   -4  -13  -11   -8    4   -5   -4    0   -6   10   -6    4    9   -5
    1    2   13    1    1   11    2    1    1       828   -5   10   -3   -7   -5  -13   -8   -5    5   -4   -7    9   -8   12   -6    7   12   -5
    1    2   14    1    1   15    2    1    1      2231   -7   14  -11   -7   -3  -12   -5   -6    5   -5    2    0   -4   10   -9    7   20  -12
    1    2   15    1    2   15    2    2    1       810   13   14   -3   12   -8    6  -15    2   -7  -10    7   -7    4    3  -13    9    5    9
    1    2   16    1    2   16    2    3    0      3382   14   15    2    9   -3    9  -10    0    2   -7   -4    0    3    5  -15   12    4   10
    1    2   17    1    3   18    2    3    1      1305  -10   -3   15   -9    7    2    6   -2  -13    3    1   16  -15  -10   -2   -5   14    6
    1    2   18    1    2   14    2    1    0      3424   23    6   -3   14   -4    8  -14    1   -6   -9    2   -1    2    5  -17    6    1   11
    1    2   19    1    2   18    2    3    0      3028   14   15   -8   15   -4    8  -13    0   -5  -11    7   -4    2    2  -13   11   12    4
    1    2   20    1    3   17    2    3    1      1749   -9   -7   10   -8   -4    8    8   -3  -13    1   -5    5  -16   -9   11  -16   16    5
    1    2   21    1    2   10    2    3    0      1689   13   18   -3   11    2    5  -15    2   -7  -10    7   -8    3    2  -16   15    5    8
    1    2   22    1    2   13    2    2    1      1153   12   14   -4   12   -3    9  -15    1   -6  -11    5   -8    5    6  -15    9    8    8
    1    2   23    1    1   16    2    1    1       718  -10   15   -2   -6   -6  -14   -5   -7    4   -3   -9    9   -5    8    4    4   14  -14
    1    2   24    1    3   11    2    3    1      1995   -7  -10   13   -9    0   10    7   -5  -15   -5   -7    9  -14   -8    5   -6   13   12
    1    2   25    1    3   14    2    2    0      4151   -6   -8    5  -19    1   15    8   -5  -13    4   -8    5  -14   -7    5   -5   22    5
    1    2   26    1    3   13    2    3    1      3018   -7   -7   16   -5    1   12    5   -3  -11    0   -3    7   -6  -18   11   -9   14    4
    1    2   27    1    2   11    2    3    0      3051   10   14   -3   12   -2    7  -11    0   -3  -18    6   -7    4    3  -12   12    6   10
    1    3    1    1    2   24    2    3    0      1739   12   15   -9   12   -3    8  -20    9   -4  -14    6   -5    1    1  -23    4    5   10
    1    3    2    1    2   25    2    3    0      2913   13   14   -7    9   -3    8  -14    3   -4   -9    5   -5    5    5  -16   10    6    7
    1    3    3    1    1   26    2    1    1      1065   -3   15   -4   -5   -4  -15   -7  -10    2   -2  -10   12    2    2   -7    3   13   -6
    1    3    4    1    2   21    2    2    1      1433   18   14    4   20    0   10  -19    6   -6   -8    7   -7    1    2  -12   11    6   10
    1    3    5    1    1   23    2    1    1       684   -7   14   -2   -6   -2  -22   -7   -3    5   -2   -8    8   -2   14   -5    4   12   -5
    1    3    6    1    3   22    2    3    1      7116  -16    1   12   -5    1   12   11   -8   -2    2   -1    5  -14   -8    7   -8   15    4
    1    3    7    1    2   23    2    2    1      2250   12   13   -5   12   -3    8  -18   -3   -7   -9   11   -6    1    2  -15    9    5    9
    1    3    8    1    3   23    2    2    0      6027   -7  -18   16   -9    1   11   10   -8  -10    4   -4    6  -23  -11    8   -6   16    5
    1    3    9    1    2   22    2    3    0      2181   20   21   -6   13   -3    9  -13    3    1   -2   10   -9    3    3   -5    5    7    9
    1    3   10    1    2   20    2    2    1      1402   13   13   -3   15   -1    5  -13    2   -5   -9    6   -5    8    6  -17    6    7    8
    1    3   11    1    1   20    2    1    1       926   -9   16    0  -10   -2  -13   -5   -5    1   -8  -12   16   -5    8   -6    6   11   -6
    1    3   12    1    2   27    2    2    1      1429   17   11   -3   12    2    3  -15    1   -5  -11    7   -7    5    2  -14   15    5    9
    1    3   13    1    3   20    2    3    1      1272   -7   -9   13   -8    0   13    9   -5  -12    1    1    1  -12  -12    5   -6   15    4
    1    3   14    1    3   19    2    3    1      1632    1   -9   15  -11   -1   10   12   -9  -11    3   -4    6  -15   -9    9   -2   15    6
    1    3   15    1    1   21    2    1    1       987   -9   16    0   -8   -4  -13   -8   -6    6   -6   -6    8   -6    3   -3    4   12   -5
    1    3   16    1    3   21    2    3    1      1711   -5   -7   18  -12   -3   13    9   -4  -11    2   -4    7  -13   -9    5   -4   14    4
    1    3   17    1    3   25    2    2    0      1910   -8  -10   15   -7    0   12   10   -5  -12    3   -3    5  -14  -10    8   -7   14    5
    1    3   18    1    3   26    2    3    1      1829   -9   -9   20   -5   -2   13    7   -2   -3   -7   -3    4  -16   -9    5   -7   14    5
    1    3   19    1    3   27    2    3    1       902   -8   -8   13   -9   -1    9    4    1  -12    1   -2    5   -9  -10    6   -7   12    4
    1    3   20    1    1   22    2    1    1       812  -10   14   -2   -6   -5  -14   -6   -6    4   -3   -8   12   -4   10   -9    5   16  -10
    1    3   21    1    3   24    2    3    1      3175   -8   -7   17  -12    0   11    4   -1  -10    0    1    5  -15  -11    5   -7   18   -1
    1    3   22    1    1   19    2    1    1       786   -6   16   -2   -8   -2  -16   -5   -6    3   -3   -7   12  -16   15   -5    4   15   -6
    1    3   23    1    2   26    2    2    1       924   22   24   -5   14    0    8  -14    4   -5  -11    5   -6    5    7  -16   11    8    7
    1    3   24    1    1   24    2    1    1      1905  -13   17   -2   -8   -1  -14   -1   -3    5   -4  -10   11   -5   11  -11   13   13   -4
    1    3   25    1    1   25    2    2    0      2448   -8   16    7    2   -6  -15   -6   -6    2   -4  -10    9   -5    8    4   14   15   -7
    1    3   26    1    2   19    2    2    1      2171   15   16   -4   14   -1    7   -9   -6   -7   -8    8   -8    1    6   -6   10    5   10
    1    3   27    1    1   27    2    1    1       656   -7   15    0   -6   -4  -15   -6   -4    2   -5   -7   10   -5    7   -7    5   14   -7
    1    4    1    1    2   28    2    2    1      1523   13   14   -3   12   -1    7  -15    8   -5  -12   10   -5    1    6  -11   12    6    7
    1    4    2    1    1   36    2    1    1       866   -7   14    0   -9   -5  -13   -4   -6    5   -3  -11    8   -5   11   -4    6   15   -7
    1    4    3    1    2   32    2    3    0      1707   15   13   -3   13   -2    9  -14    1   -6  -10   12   -2    2    5  -14   10   11   10
    1    4    4    1    1   32    2    1    1       723  -11    6   -1   -7   -6  -13   -7   -4    3   -4   -9   11   -7    8    3    2   12   -5
    1    4    5    1    1   33    2    1    1       658   -8   14   -2   -7   -5  -16   -6   -6    2   -2   -6   10  -14   13   -5    6    9  -13
    1    4    6    1    2   30    2    2    1      1732   12   17   -6   13   -1   11  -16    2   -6  -11    4   -7    3    6  -12   12    7   17
    1    4    7    1    3   33    2    3    1      1035   -7  -11   15   -7    0   13    9   -4  -10    4    4    5  -20   -5    5   -4   14    6
    1    4    8    1    1   28    2    1    1       781   -7   13    0  -10   -3  -15   -6    1    2   -3  -12   14    3    7   -7    5   14   -5
    1    4    9    1    2   36    2    2    1      1099   13   14   -7   15    8   17  -13    2   -8  -11    5   -5   -5   14  -13   11   -1   -1
    1    4   10    1    1   31    2    1    1       795   -9   15    0   -6   -6  -15   -4   -2    2   -2   -7   10   -3    7  -10    4   12   -5
    1    4   11    1    3   29    2    3    1      1001  -17  -12   15   -9   -2    9   -2    2  -12    0   -2    6  -18   -4    8   -8   16    5
    1    4   12    1    2   31    2    3    0      2205   11   16  -14   18  -12    7  -15    3   -8   -7    8   -4    5    5  -13   11    7    9
    1    4   13    1    1   29    2    1    1       801   -9   15   -2   -8   -3  -15   -4   -6    3   -5  -13    6   -4    9   -6    6   11   -6
    1    4   14    1    2   35    2    2    1      1373   11   14   -3   12   -5    8  -13    0   -5  -11    7   -6    2    4   -5   15    6    7
    1    4   15    1    3   35    2    3    1      1297   -9  -10   16   -7   -1   10   18   -2  -11    0   -4    5  -15   -9    6   -5    7   10
    1    4   16    1    3   34    2    2    0       970   -7   -7   13   -8    0   12    6   -5  -15    2   -2    7  -14   -5    1  -14   14    6
    1    4   17    1    3   32    2    3    1      1966   -7  -10   21   -4   -5    6    9   -3  -11    3   -2    6   -9   -6    5   -5   19    5
    1    4   18    1    1   30    2    1    1       651   -9   15   -8    2   -4  -15   -6   -3    5   -3  -10   11   -3   13   -7    6   17   -5
    1    4   19    1    1   34    2    2    0       987   -9   17   -1  -10   -2  -15   -6   -4    6   -3   -7   12   -5   11   -5    6   14   -7
    1    4   20    1    2   33    2    2    1       992   12   15   -4   12   -1    8  -14    3   -4   -9    6   -5    3    5  -15   10    7   10
    1    4   21    1    2   29    2    3    0      1462   14   15   -2   12   -4    6  -14    3   -5   -9   16   -3    4    2  -15   15    5   10
    1    4   22    1    3   36    2    3    1      1272   -8  -10   13  -10   -3   13    5    0  -13    4   -8    7  -13  -10    4   -4   17    6
    1    4   23    1    1   35    2    1    1       562   -9   16   -6  -11   -8  -15   -4   -7    6   -5   -7   10   -8   14   -3    5   15   -3
    1    4   24    1    2   34    2    2    1       646   15   12   -6   13   -3    7  -13    2    3   -5   10   -7   -5   10  -22   16    6    8
    1    4   25    1    3   31    2    3    1       729   -7  -10   14  -10    0   11    8   -6   -8    5   -1    5  -16   -6    8   -1   16    7
    1    4   26    1    3   28    2    3    1      1080  -10   -7   12  -10   -2   11    8   -5  -16   -2   -4    6  -14  -10    4   -4   15   10
    1    4   27    1    3   30    2    2    0       584   -5   -9    8   -9   -3   12    7   -4  -10    2   -2    8   -9  -17    7   -7   13    7
    1    5    1    1    3   41    2    3    1       734   -7  -10   14   -8   -2   10    7   -5  -14    3   -2    6  -15  -11   11   -7   23   -4
    1    5    2    1    1   39    2    1    1       700  -10   17    0   -9   -7  -14    4    2    2   -4  -14   16   -8   13   -6    7   11   -3
    1    5    3    1    3   42    2    3    1      1692   -9   -7   13   -8   -1   10    9   -5  -12    0   -3    7  -15   -8    7   -6   15    4
    1    5    4    1    3   39    2    3    1      1701   -9  -10   10   -8   -7   13   10   -4  -11    2   -4    7  -15   -8    6   -7   17    6
    1    5    5    1    3   37    2    3    1      1118   -2   -4   17   -4   -6   15    9   -3  -10    3   -1    7  -11   -6    7   -6   22    4
    1    5    6    1    1   38    2    1    1       940   -5   11    1   -7   -6  -14   -6   -4   14    6  -13    8   -4    9   -6    4   15   -7
    1    5    7    1    1   37    2    1    1       577   -7   17    0   -9   -5  -14   -6   -4    9   -8   -7   10   -4   11   -5    3   14   -6
    1    5    8    1    2   45    2    2    1      2886   12   15   -4   14   -3    8  -15    4   -5  -11    7   -8    1    3   -4    2    7    9
    1    5    9    1    1   45    2    1    1      3839   -7   15    0   -9   -6  -15   -7   -7    5   -4  -10   15    2   10   -5    6   12   -4
    1    5   10    1    2   42    2    2    1      1954   13   14   -3   11   -2    7  -13    4   -6  -10    6   -5    5    4  -13   10    6    8
    1    5   11    1    1   40    2    2    0       703   -8   14    9  -18  -10  -17   -8   -5    0  -13   -6   11   -7    9   -6    5   18    0
    1    5   12    1    3   38    2    3    1      1776   -8   -8    6  -13    4    9    6   -3  -13    3   -2    5  -16   -9    5   -6   17    7
    1    5   13    1    3   45    2    3    1      1189   -7   -9   15   -9   -2   12    6   -5  -17   -3   -5    6  -13  -10   11   -5   15    4
    1    5   14    1    3   44    2    3    1      1970  -10   -8    7   -7   -1   10    7   -4  -11    3   -5    8  -13   -9    5   -5   14    6
    1    5   15    1    2   43    2    2    1      1838   13   14   -3   12   -3    9  -10    6   -4  -10    4   -6    2    4  -16   10    7    8
    1    5   16    1    2   44    2    2    1      1298   11   15   -3   12    3   11  -15    2   -2  -15   10  -10    4    6  -13   11    8    8
    1    5   17    1    2   38    2    3    0      2395   13   14   -5   10    4    1  -15   -1   -3  -10    6   -7   -2   -1  -14   10    7    9
    1    5   18    1    2   41    2    1    0      3414   17   11   -3   11   -1    8  -16    3   -4   -9   16  -15    1   -5  -16   13    6   10
    1    5   19    1    1   41    2    1    1       970   -5   14    0   -9   -1  -15   -7   -5    2   -4   -9    9    1    6   -4    4   14   -7
    1    5   20    1    2   37    2    2    1      1855   13   16   -1   15    8   14  -17   -3   -6   -8    6   -4    2    2  -16   10    5   10
    1    5   21    1    1   43    2    1    1      1345   -7   14   -2   -8    0  -14   -7   -5    4   -5  -11    9   -8    9   -5    6   15   -9
    1    5   22    1    2   39    2    2    1      2808   11   15   -5   16   -2    6  -14    3   -4  -10    8   -5    1    5  -14    7    4   12
    1    5   23    1    2   40    2    2    1      1429   14   15  -10   12    3   13  -15    3   -6  -12    4   -5    5    6  -12    9    4   10
    1    5   24    1    1   44    2    1    1       663   -9   14    0   -6   -6  -12   -4   -3    3   -2   -9   11   -4    8    0    0    5   -1
    1    5   25    1    3   40    2    2    0      3065    2   -9   13   -7   -2   11    9   -4   -3   -7   -1    4  -21  -17    4   -5   13    4
    1    5   26    1    3   43    2    3    1      1642   -9   -7   14  -10    0   12   13   -6  -14    2  -10    0  -13   -8    5   -6   16    6
    1    5   27    1    1   42    2    1    1      1028   -9   16   -3   -5   -3  -14   -7    0    5   -8   -9   10   -7    9   -6    4   13   -8
    1    6    1    1    3   54    2    3    1      2664  -12   -2   16   -8   -1   10    7   -3  -11    4   -2    8  -12   -9    5   -6   17    4
    1    6    2    1    2   49    2    2    1      1576   13   17   -4   12   -4    7  -14    1   -6  -13    9   -4   -2   -4  -12   12    9    5
    1    6    3    1    2   46    2    2    1       805   21   14   -3   13   -1    8   -9    1   -3  -12    8   -8    4    4  -13   10    9   10
    1    6    4    1    1   51    2    1    1      1075   -7   14    0   -9   -5  -13    2    5    7   -8   -8    8   -6   10   -7    6   10  -10
    1    6    5    1    1   52    2    1    1       707  -10   19    3   -9   -2  -16   -6   -7    5   -4   -3   14   -7    8   -5    7   13   -4
    1    6    6    1    3   49    2    3    1      1413   -9  -10    7   -7   -1   10    9   -5  -13    2   -2    5  -14   -8    4   -4   13    7
    1    6    7    1    3   48    2    3    1      1752   -6   -9   10   -4   -2   13    6   -2  -11    3  -13   14  -12  -13    8   -6   23    9
    1    6    8    1    3   47    2    3    1      1151   -8  -10   12   -8    0   12    8   -3   -9    2   -4    6  -13   -9    4  -12   17    5
    1    6    9    1    3   46    2    3    1      1117   -7   -8    9  -12   -6    1   16   -8  -13    3   -1    5  -12   -9    3   -4   18    4
    1    6   10    1    2   54    2    3    0       907   14   13   -2   16   -4   13  -13    0    1    0    5   -6    7   14  -15   11    1    5
    1    6   11    1    1   53    2    1    1       979   -4   14   -1   -9    1  -12   -6   -4    2   -3   -9   11   -8    9    5   -4   13   -3
    1    6   12    1    1   54    2    1    1       633   -6   13    3    0   -5  -13   -5   -6   -3   -1   -7   11   -8    5   -4    4   15    1
    1    6   13    1    1   49    2    1    1       573  -10   16   -2   -9   -4  -12  -12   -1    4   -5   -8   15   -6   11   -5    7   13   -7
    1    6   14    1    2   53    2    2    1      1442   14   15   -9    8   -4    6  -12   -4   -7   -9    2  -11    3    3  -14   13    4   10
    1    6   15    1    3   53    2    3    1       773   -7   -9   10  -17    1   12    9   -5  -11    3   -4    8  -24   -6    7   -7   14    8
    1    6   16    1    2   47    2    2    1      1986   13   16   -3   15   -4    6  -14   -2   -4  -12    7   -7    2    5  -10    4    7    8
    1    6   17    1    1   48    2    1    1      2670   -7   15    0  -10   -6  -15   -5   -5    3   -4  -13    1   -7    7  -14   -4   13   -6
    1    6   18    1    1   47    2    1    1       625   -9   16   -1   -7    0  -19   -7   -1    4   -2  -11    1   -6   10   -4    4   13   -4
    1    6   19    1    1   46    2    2    0      1925   -8   14    4    0   -2  -16  -11   -3    8  -10  -17   17   -3   13   -6    3   11   -8
    1    6   20    1    1   50    2    1    1       917   -6   13   -1   -9    1  -19   -3   -8    0   -4   -9    7  -15   19   -9   -4   12   -7
    1    6   21    1    2   51    2    2    1      2893   21   12   -3   13   -7    7  -13    9    0   -8    5   -5    7   14  -15   10    1    5
    1    6   22    1    2   48    2    2    1      4517   11   14   -3   13   -1    7  -14   -2   -5   -9    5   -6    4    5  -12   12    7   11
    1    6   23    1    3   52    2    3    1      1245   -9   -7   11   -6    0   11    6   -5  -19    5   -1    7  -12   -8    6   -8   13    2
    1    6   24    1    2   52    2    2    1      2502   12   16   -5   13   -1    8  -16    1   -9   -6    6  -15    4    4  -12   11    7   10
    1    6   25    1    3   51    2    2    0      4253   -8  -11   11  -16    4   10    9   -5  -14    4   -2    5  -14  -10   -4   -4   16    7
    1    6   26    1    2   50    2    2    1      2540   12   14   -5   14   -3    9  -14    5   -4  -10   10   -6    3    3  -16   11    7   14
    1    6   27    1    3   50    2    3    1      2498   -6   -8   19   -7   -1    9    7   -4  -11    1   -8   10  -13   -4    5   -5   13    7
    1    7    1    1    2   58    2    2    1      3674    5   13   -5   14   -1    8  -16    4   -6  -11    5   -5   -2    6  -15   11    4   10
    1    7    2    1    2   60    2    2    1      2596   13   17   -3   13   -2    7  -13    3   -5   -9    6   -4    2    4  -12   11   -4    5
    1    7    3    1    1   59    2    1    1       537  -13   19   -1   -6   -4  -15   -6   -4    4   -5   -2    3   -5    9   -5    4   16    0
    1    7    4    1    1   60    2    1    1       511   -6   17    1   -7   -4  -15   -5   -5    0   -9   -3   15   -5    8   -4    5   14   -3
    1    7    5    1    3   55    2    3    1      1190   -8   -8   11   -7   -3   13   10   -4  -13    2   -3    8  -16   -7    4   -4   14   10
    1    7    6    1    2   57    2    2    1      2306   14   16   -8   21   -3    4  -14    1   -1  -13    6   -7    4    4   -9    7    9   19
    1    7    7    1    1   56    2    1    1       818   -6   19    3   -7   -3  -18   -6   -4    3   -4   -4   13   -6   11   -6    3   14   -3
    1    7    8    1    2   62    2    2    1      7133    8   15   -9   20   -1    7  -13   -2   -4   -9    8   -5    4    4   -4    3    7    9
    1    7    9    1    1   57    2    1    1      6236  -10   17   -2   -8    6  -10  -14    3    5   -4   -9   11   -7    9   -6    5   11   -7
    1    7   10    1    3   58    2    3    1      4751   -7   -9   15   -9    8    8   10   -2  -13    4   -2    5  -19   -8    5   -4   14    4
    1    7   11    1    1   61    2    1    1       716   -9   16   -2  -10    5   -8    0  -13    3   -2  -10   12   -7   10   -5    4   12   -4
    1    7   12    1    2   55    2    3    0      2492   18    6   -6   15   -4   10  -16    4    1   -5    7   -7    4    5  -10   15    4    8
    1    7   13    1    3   60    2    3    1      1429  -10   -4   15  -11   -2    9    7   -4  -12    3   -4    5  -14  -10    4   -5   15    4
    1    7   14    1    3   62    2    3    1       919   -7   -7   15   -9    0   11    9   -5  -13    0   -2    6   -9   -6    5   -5   17    9
    1    7   15    1    1   63    2    1    1       606   -9   16    0   -9   -4  -12   -7   -7    3   -5   -8    8   -7   11   -6    5   12   -4
    1    7   16    1    3   59    2    3    1       978   -7   -8   16  -11   -2   13    9   -2  -12    1   -2    6  -11   -9   13  -13   17    4
    1    7   17    1    2   63    2    2    1      1258   14   17    0   12   -4    7  -13    3   -3  -12    7   -8   12   -2   -5   20    6   11
    1    7   18    1    3   61    2    3    1       898  -10  -10   12   -8    1   11    7   -4  -14    4    4   13  -13  -10    7   -7   13    7
    1    7   19    1    1   58    2    1    1       586    1   23   -3   -9   -5  -14   -4   -6    3   -6  -11   11   -7   14   -7    4   12   -5
    1    7   20    1    1   62    2    1    1       512  -10   15    0   -9   -5  -14   -6   -4    5  -12  -10   10   -4    8   -5    1   16    4
    1    7   21    1    3   63    2    3    1       632   -7   -7   15   -7    0   10   12   -5  -13   -7   -5   10  -15   -9    8   -8   13    5
    1    7   22    1    3   57    2    2    0       667    0  -18   15   -8   -2   10    8   -3  -11    4   -1    7  -15   -9    5   -6   13    7
    1    7   23    1    3   56    2    3    1      1390  -11  -10   11  -19   -2   12   14   -6  -13    3   -2    5  -13    0    6   -5   15    4
    1    7   24    1    2   59    2    3    0       931   20    7   -5   10    0    8  -17   -8   -6   -8   16  -13    2    4  -10   12    7    8
    1    7   25    1    1   55    2    1    1       618   -9   13   -2   -7   -5  -14   -7   -5    4   -5  -10   11   -7   10   -4    4   13   -7
    1    7   26    1    2   56    2    2    1      1261   11   16   -1    4   -2    7  -16    3   -7  -11    7   -6    4    4  -13   13    2   11
    1    7   27    1    2   61    2    2    1      1895   13   17    5   18   -2   10  -16    1   -7   -9    5   -6    3    5  -23   12    4   10
    1    8    1    1    3   72    2    3    1       921   -7   -8   15   -9    7    3   11    4  -11   -6   -7    3  -14   -8    6   -5    7   -1
    1    8    2    1    1   70    2    1    1       735  -16   15    1   -9   -5  -15   -4   -4    5   -5  -10   10   -4    7    4   15   21   -3
    1    8    3    1    2   71    2    3    0      3183   13   14   -5   15   -3    8  -13    0   -6   -8   11   -2   -2    6  -12   12   15    2
    1    8    4    1    1   72    2    1    1       714  -12   10   -3   -7   -2  -13   -5   -6    0   -1  -12   13   -5    8   -1    8   12   -4
    1    8    5    1    1   67    2    1    1       522   -3   17    1   -6   -1  -13   -4   -7    3   -4   -9   11   -7   -1   -7   13   14   -7
    1    8    6    1    3   67    2    3    1      1714   -8  -11   13   -8    1    5    9   -5  -12    3   -1    8  -13  -10    5   -5   16    5
    1    8    7    1    3   68    2    3    1      1177   -9  -10   17  -12    0   13    9   -5  -15    5   -4    7  -15   -2   15  -11   15    3
    1    8    8    1    3   65    2    3    1      1510   -9  -10   23  -17    1   10    8   -5  -17    0   -4    4  -13   -9    2   -9   13    3
    1    8    9    1    2   66    2    2    1      1638   13   13   -5   13    5   13  -16    0   -5  -11    8   -8    3    3  -15    7    5    9
    1    8   10    1    3   69    2    3    1      1058   -9   -8   15   -8   -2    9    9  -10  -10    4    7   -2  -12   -9    6   -7   14    4
    1    8   11    1    1   65    2    1    1      1156   -8   16    0   -9   -3  -14   -7   -4    4   -5  -16    4   -8   11   -4    3   11    5
    1    8   12    1    3   70    2    3    1      2259   -9  -10   15   -8    6   11   10   -3  -13    3   -4    7  -17   -3   -2  -12   14    4
    1    8   13    1    3   66    2    3    1      1972  -13   -2   13   -9    5   20   10   -2  -10    1   -3    7  -14  -11    5   -5   13    5
    1    8   14    1    2   64    2    3    0       737   12   15   -6   15   -7   11  -13    3  -10   -5    6   -5    4    1  -15    9    4   11
    1    8   15    1    1   64    2    1    1       625   -6   15   -2   -8   -4  -16   -5   -2    9   -1  -10   11   -8    8   -6    6   12    0
    1    8   16    1    1   71    2    1    1      1603   -4   18    0   -7   -5  -13   -6   -3    7   -5   -7    9    3   10    1   -4   14   -4
    1    8   17    1    1   66    2    2    0      2064  -16   24    1   -9   -7  -10  -11   -9    6    0   -9   11   -5    9   -5    4    7    3
    1    8   18    1    2   70    2    2    1      1163   12   15   -8    7   -1    7  -15   -1   -6  -11   -1   -9    2    3  -15   11    5   11
    1    8   19    1    2   68    2    2    1      3384   12   14   -3   13   -3    8  -17    2  -10  -13    5   -6    4    4  -13   11    7    8
    1    8   20    1    2   72    2    2    1      2237   15   14   -5   13   -2    9  -22   -1   -3  -10    3  -10    7    7  -16   13    6   10
    1    8   21    1    3   71    2    3    1      1437   -6  -11   14    1    0   13    7   -2  -11    0   -2    6  -13   -9    8   -6   14    6
    1    8   22    1    2   69    2    2    1      2927   11   16   -4   17   -9   -2  -14    3   -4  -11    6   -7    3    3  -14   10    8    9
    1    8   23    1    1   69    2    1    1      1637   -8   14    6  -11   -5  -13  -15   -7    7   -8   -1    9   -8    8   -7    1   15   -4
    1    8   24    1    2   65    2    3    0      3871   14   14   -3   13   -3   10  -14    3   -4  -11   14  -13    2    4  -15    6    4    9
    1    8   25    1    2   67    2    2    1      1744   11   17   -6   16    6   16  -13    1  -11  -11    7   -6    1    3   -4    9    8    8
    1    8   26    1    3   64    2    3    1       885   -8   -8   15  -10    1    9    8   -5  -11    1   -1   -3  -16  -11   10   -9   14    8
    1    8   27    1    1   68    2    1    1       619   -4   20   -2  -10   -6  -13   -4   -7    3   -2   -8   11   -3   13   -4    6   12   -5
    1    9    1    1    3   74    2    3    1      1407   -8   -8   13   -9    7   18    9   -4  -13    2   -2    6  -15  -10    5   -5   15    7
    1    9    2    1    1   73    2    1    1       610   -7   15   -2   -9   -6  -15   -6   -6    5   -3   -8    8   -4    7   -7    5    4  -13
    1    9    3    1    3   76    2    3    1      1637   -9  -10   15  -11   -1    9   12   -1  -10    0  -12   -3  -13   -9    7   -8   13    3
    1    9    4    1    1   78    2    3    0      2044  -17   11   -5   -8   -2  -22    0  -13    3   -6   -7   10   -2   13   -1   -5   14   -7
    1    9    5    1    1   80    2    1    1      1047   -6   16    0   -8   -3  -15   -6   -4    5   -5   -6   10  -14    1   -4    4   14   -6
    1    9    6    1    2   78    2    2    1       889   15   14   -5   14    5   13  -11    6   -3   -9    4   -7    5    5  -15   11    8   11
    1    9    7    1    1   76    2    1    1       818  -10   17   -1   -9   -4  -13    1  -15    4   -3   -9   12   -7    9   -3    5   14   -6
    1    9    8    1    2   81    2    2    1      2111   11   14   -3   12   -2   10  -12   -5    4  -20    6   -7    2    5  -16   10    6    8
    1    9    9    1    1   74    2    1    1      2758   -6   17  -11    1   -2  -14    2   -7    3   -3  -10    8   -7   11   -4    7   12   -5
    1    9   10    1    2   75    2    2    1      2166   15   15   -4   14   -1    8   -6    7   -5  -11    4   -5    2    2  -13   11    9    5
    1    9   11    1    3   77    2    3    1      1530   -9   -9   12   -7    9   10    3   -1  -13    2    7   13  -13   -9    7   -9   12    3
    1    9   12    1    3   73    2    3    1      1080   -8   -7   12   -7   -1   10    8   -3  -11    1   -1    7  -16   -8    4   -7   14    5
    1    9   13    1    1   79    2    1    1       552   -8   17   -2   -7   -6  -13   -5   -3    8   -2   -5   11   -4    8  -10    3   10   -5
    1    9   14    1    1   77    2    1    1      1502   -7   14    0   -8  -14   -9    1  -12    5   -1  -12   14   -4   10   -6    6   18   -3
    1    9   15    1    3   75    2    3    1      3870   -8  -10   17   -9   -3   11   10   -2  -11    4   -3    1  -13   -4   -3   -7   14    6
    1    9   16    1    2   73    2    2    1      1535   18   12   -4   14   -3    6  -11   11   -3  -11    9   -5    5    4  -11    7    5    8
    1    9   17    1    3   80    2    2    0      3024  -12   -8   13   -9   -6   12    9   -5  -11    2   -4    6  -19  -19    6  -11   14   13
    1    9   18    1    2   76    2    3    0      1203   13   11   -9   10  -12   10  -13    1   -9   -3    7   -6    3    3  -16   10    8    8
    1    9   19    1    3   78    2    3    1       880  -10   -6    6  -11    3   13   11   -8   -6   12   -2    6  -13  -11    7   -6   16    4
    1    9   20    1    2   74    2    2    1      2538   14   15   -3   13   -4    8  -14    4  -12   -6    6   -4    2    3  -14    9    4   10
    1    9   21    1    1   75    2    1    1      1282   -8   16   -1  -11   -2  -14   -5   -5    6   -4   -7   12   -4    8   -2    3    6  -11
    1    9   22    1    1   81    2    1    1       475   -6   19   -1    1   -4  -13   -5   -4    2   -2   -9   11   -7    7   -6    5   13   -7
    1    9   23    1    3   81    2    2    0       598   -6   -7   13   -8   -1   10    7   -2  -11    4   -3   -4  -15   -8    5   -8    8    0
    1    9   24    1    3   79    2    3    1       890   -7   -9   19  -17  -11   20    6   -3  -10    5   -2    9  -15   -8    5   -5   16   -1
    1    9   25    1    2   80    2    2    1      2419   15   13   -4   14   -5   11  -15    0   -6  -10    5   -8    5    5  -22   15    7    9
    1    9   26    1    2   77    2    2    1      1870   13   17   -2   13   -4   15  -12    1   -5   -9    5   -5    4    6  -12   13    5    9
    1    9   27    1    2   79    2    2    1      2495   14   13  -13   14   -3    8  -16    3   -3   -8    6   -7    5    6  -15   10    6    1
    1   10    1    1    3   86    2    3    1      2440  -16   -5   12  -10   -2   11    8   -6  -12    1    4    9  -16   -9    6   -7   16    5
    1   10    2    1    3   85    2    3    1      5253   -6   -9   15   -8    4   10    7   -3  -11    3   -5    6  -13   -8    6   -5   14    6
    1   10    3    1    2   89    2    2    1      2034   13   12   -2    5   -4    8  -12    2   -6   -8   -1  -14    5    2  -13   13    4    9
    1   10    4    1    2   87    2    2    1       894   14   16   -3   10    0    6  -13    0   -6  -12    4   -4    4    4  -12   11    8    7
    1   10    5    1    1   89    2    1    1       600   -2   10   -1   -9   -3  -16   -7   -4    3   -4   -9   10   -6    6   -3    3   14   -3
    1   10    6    1    2   85    2    2    1      2397   21   18    0   14   -1    8  -14    3   -6   -9   10  -10    4    6  -14    9    5    8
    1   10    7    1    1   83    2    1    1       554   -7   15    6  -18   -5  -13   -5   -5    4   -3  -10   11   -5    8   -5    4   12   -5
    1   10    8    1    3   82    2    3    1      1009   -7   -9   13   -8    8   21    7   -3  -13    3   -4    8  -18  -18    8   -7    6    1
    1   10    9    1    1   88    2    1    1       804  -10   15   -3   -6   -1  -16   -6   -2   13    5   -7   11   -4   10   -4    7   12   -6
    1   10   10    1    3   87    2    3    1       689   -9  -10   13  -11    1    9   10   -4  -13    3   -4    7  -12  -10    6   -7   15    7
    1   10   11    1    2   90    2    2    1      1025   14   14   -4   14    2   11  -13    0   -4  -11    5   -7    1    4  -15   15    6   11
    1   10   12    1    2   83    2    2    1      1508   15   17   -5   12    0   10   -9    8  -12   -4    5   -7    3    5  -15   11   10    4
    1   10   13    1    3   88    2    2    0      3204    1  -18   13   -8   -2   12    6   -5  -13    2   -2    4  -17   -6    9   -4    6   12
    1   10   14    1    1   84    2    1    1       625   -6   15   -2   -7   -5  -16   -3    0   -4  -10   -6   12   -8   17    4    4   14   -4
    1   10   15    1    1   87    2    1    1       484   -6   16   -4   -7   -7  -17   -7   -4    6   -5   -7   11   -3    7   -6    5   14   -6
    1   10   16    1    1   90    2    1    1       622   -7   15   -1   -9   -8  -11    1  -10    3   -3   -7   11   -4    9    0    1   15   -7
    1   10   17    1    1   85    2    1    1       386   -8   16   -2   -7   -4  -12  -10   -5    4   -2    2   15   -5    8   -5    4   14   -3
    1   10   18    1    3   84    2    3    1      1568   -7   -8    9    1   -6   19    7  -11  -11    1   -6   -4  -12   -8    5   -6   16    4
    1   10   19    1    3   89    2    3    1       813  -18  -14    9  -12   -8    4    9   -2  -10    1    3    7  -13   -9    8   -5   16    3
    1   10   20    1    2   86    2    3    0       887    6   16   -8   11   -4   10  -15    3   -6  -10   10   -4    4    5   -9    1   16   19
    1   10   21    1    2   84    2    3    0      1585   12   13    3    6   -4    7   -4   -1   -6  -11    4   -5    2    2  -15   11    1    8
    1   10   22    1    1   82    2    1    1       924   -5   11   -4   -6   -6  -16   -7   -6    4   -5   -4   15    0    1   -4    5   15   -5
    1   10   23    1    2   82    2    2    1      1013   14   13   -6   15   -1    7  -14    0   -2  -15    5   -6    4    4  -10    2   10    2
    1   10   24    1    2   88    2    2    1      1689    4   15   -1    4   -3    9  -15    2   -5  -11    7   -7   -2   -1  -12   10    8   11
    1   10   25    1    1   86    2    1    1       865   -8   19   -2   -6   -3  -16   -5   -5    4   -3   -8    9   -3    0    3   10   13   -4
    1   10   26    1    3   90    2    3    1      1403   -7  -10   15   -9   -9   17    8   -3  -12    3   -5    7  -14   -7    6   -7   17    7
    1   10   27    1    3   83    2    3    1       957   -9  -10   15   -9   -1   12    8   -3  -10    3   -8    8  -12  -11    6   -5   14    5
    2    1    1    4    3    5    2    3    1      1070   -4   -1   14   -7    1   12    8   -6  -13    2   -1    7  -14  -10    4   -7   15    4
    2    1    2    2    1    0    0    1    1       784   -8   15   -1   -8   -4  -14   -6   -5    4   -4   -8   10   -6    9   -5    5   13   -5
    2    1    3    4    2    6    2    2    1      1005   12   15   -5   11   -3    8   -8    8    0   -6    8   -6    1    6  -13   10    8   12
    2    1    4    5    1    8    3    1    1      1200   -9   16   -8  -17   -6  -16    1   -7    4   -1   -9    5   -3    5   -6    4   14   -6
    2    1    5    4    2    5    2    2    1      1165   10   20   -2   11   -2    7  -13    4   -7  -12    8   -5    3    3  -15   11    6   10
    2    1    6    4    3    2    2    3    1      1163   -8   -8   13  -11    1   11    9   -5  -14    2    1    1  -14  -12    6   -8   24   14
    2    1    7    1    1   35    2    1    1       649   -9   16   -6  -11   -8  -15   -4   -7    6   -5   -7   10   -8   14   -3    5   15   -3
    2    1    8    4    1    5    2    1    1       539   -9   15    0   -7   -3  -14   -4    1    3   -3   -8   11   -6    8   -5    6   11   -5
    2    1    9    5    3    3    3    3    1      1204   -7   -5   14  -10    2   16   13   -3  -18    4   -5    8  -15   -7    9   -8   15    4
    2    1   10    4    3    6    2    3    1      2848   -9  -10   15   -8   -1    9    5    1  -11    1    5    9  -14  -10    6    4   14    6
    2    1   11    5    2    4    3    2    1       939   12   15   -3   14   -1    6  -19    5   -3  -10    6  -16   -7    5  -14   12    7    9
    2    1   12    4    3    4    2    3    1      1394   -7   -7   14  -10   -3   10    6   -4  -13    2   -3    4  -14  -11   14  -13    5    6
    2    1   13    4    2    4    2    2    1      1895    6   24   -3   11    3   12  -14    1   -4  -11    6   -7    3    3  -16   11    5   11
    2    1   14    4    3    1    2    2    0      7063  -12   -5   12   -9   -1   12    9   -5  -14    4   -3    4  -14  -10    6    4   15    6
    2    1   15    5    1    1    3    3    0      1290   -8   14    2   -4   -5  -13   -7   -5   -1   -9  -11   15    2   11  -15   -2    9    2
    2    1   16    4    1    4    2    1    1       724   -8   16   -1   -9   -5  -13   -4   -4    2   -3   -7    8   -6   10   -3    4   19   -4
    2    1   17    4    1    2    2    1    1       692  -12   20   -2   -6   -4  -15   -5   -7    6   -5  -16   19   -7    8   -7    3   11    3
    2    1   18    5    1    9    3    1    1       596   -4    7   -2   -8   -8  -10   -7   -4    9   -6   -7    8   -5   11   -5    4   14   -6
    2    1   19    2    3    0    0    3    1       858   -8   -9   14   -9   -1   11    8   -4  -12    2   -3    6  -14   -9    6   -6   15    5
    2    1   20    5    2    2    3    2    1      2708   23   16  -12   13   -2   10   -9    6   -9  -10   -2  -10    4    2   -4    1    1   19
    2    1   21    5    2    6    3    2    1       645   13   14  -12    9   -6    6  -22    7   -5  -11    6   -7    0    9  -16   12   -1   15
    2    1   22    4    1    6    2    1    1       761   -3   13   -1   -6   -4  -15  -10  -14    4   -6   -8    9   -6   10   -5    3   20  -15
    2    1   23    3    1    3    1    1    1       647   -8   15   -1   -9   -4  -14   -6   -5    4   -4   -8   10   -5    8   -5    4   14   -6
    2    1   24    5    2    3    3    2    1      1386    3   17    1   18   -5    3  -13    4   -9  -15    8   -8    5    8  -19   16    7   17
    2    1   25    5    1    5    3    1    1       736   -5   20    0   -9   -6  -15   -8   -5    3    0   -8   14   -5   14   -4    4   10   -3
    2    1   26    4    3    3    2    3    1       750   -6  -11   17   -1   -2   12    9   -5  -13    0   -1    7  -13  -10    6   -5   14    4
    2    1   27    1    2   84    2    2    1      1260   12   13    3    6   -4    7   -4   -1   -6  -11    4   -5    2    2  -15   11    1    8
    2    1   28    4    2    1    2    2    1      1205   18   16   -5   13   -2    9  -14    3   -6  -11    7   -6    2    6  -16    9    7   10
    2    1   29    5    3    5    3    3    1      1058   -9   -7   10  -14    2    7   11  -12  -14    3   -7    9  -12  -11   -1  -16   16    4
    2    1   30    1    3   54    2    3    1      1300  -12   -2   16   -8   -1   10    7   -3  -11    4   -2    8  -12   -9    5   -6   17    4
    2    1   31    1    3   53    2    3    1      1420   -7   -9   10  -17    1   12    9   -5  -11    3   -4    8  -24   -6    7   -7   14    8
    2    1   32    1    1   82    2    1    1       638   -5   11   -4   -6   -6  -16   -7   -6    4   -5   -4   15    0    1   -4    5   15   -5
    2    1   33    5    3    9    3    3    1      1073   -7   -8   10   -7   -1   10    7   -2  -21   -2    1    4  -11   -1    1   -2   15    4
    2    1   34    1    1    7    2    1    1       707   -6   17    0  -10   -6  -15   -7   -4    4   -2   -8   12   -3   11   -3    6   14   -4
    2    1   35    1    3   39    2    3    1      1394   -9  -10   10   -8   -7   13   10   -4  -11    2   -4    7  -15   -8    6   -7   17    6
    2    1   36    1    1   30    2    1    1       757   -9   15   -8    2   -4  -15   -6   -3    5   -3  -10   11   -3   13   -7    6   17   -5
    2    1   37    5    1    7    3    1    1       531  -13   15    3  -13   -5  -17   -4   -7    9    4  -13    8   -7   10   -3    1   14    1
    2    1   38    2    2    0    0    2    1       874   13   15   -4   13   -2    8  -14    2   -5  -10    6   -6    3    4  -14   11    6    9
    2    1   39    1    3   34    2    3    1      1763   -7   -7   13   -8    0   12    6   -5  -15    2   -2    7  -14   -5    1  -14   14    6
    2    1   40    5    3    8    3    3    1      2583   -4   -6   17  -13    1   14    7  -10  -21    1   -1    4  -13   -4    7   -7   15    3
    2    1   41    5    2    5    3    2    1      1883    7   24   -2   17   -3    6   -8   -8   -6  -10    6   -4    8    8  -23    8    4    7
    2    1   42    1    3   65    2    3    1      1498   -9  -10   23  -17    1   10    8   -5  -17    0   -4    4  -13   -9    2   -9   13    3
    2    1   43    5    1    6    3    1    1      1113  -10   14   -1   -6   -3  -14   -4   -5    3   -5   -9    8   -4   10  -13   12   12   -1
    2    1   44    1    3   13    2    2    0      1785   -7   -7   16   -5    1   12    5   -3  -11    0   -3    7   -6  -18   11   -9   14    4
    2    1   45    5    3    7    3    3    1      1007   -7   -8   15  -10    6   15   11    1  -10    1    0    2  -17   -7   -3   -2   18    9
    2    1   46    4    1    1    2    1    1       643  -17    8    0   -9   -6  -13   -4   -5    5   -5   -6    4  -13   10   -4    5   23    3
    2    1   47    3    2    2    1    2    1       934   11   15   -4   13   -4    8  -14    3   -6  -10    6   -6    3    4  -15   12    6    9
    2    1   48    5    2    9    3    2    1      3661   14   15   -5   15  -10    8  -10   -2   -3   -9   -4    0    8    8  -14    8   11   15
    2    1   49    3    3    2    1    3    1       599   -7   -8   14   -9   -1   12    8   -4  -12    3   -3    6  -13   -9    5   -6   15    6
    2    1   50    5    3    2    3    3    1      1499  -14   -4   13   -9   -3    5    7   -2  -13    1    2    3  -13   -7    9   -7    5    7
    2    1   51    3    1    2    1    2    0      1771   -8   15   -9  -12   -5  -14   -2    4    3   -3   -8   10   -6    9   -5    5   13   -5
    2    1   52    1    3   28    2    3    1       799  -10   -7   12  -10   -2   11    8   -5  -16   -2   -4    6  -14  -10    4   -4   15   10
    2    1   53    5    1    2    3    1    1      1163   -9   17   -2   -8  -14  -10   -4  -11    2   -5   -9   12   -7    8   -1    3   13   -3
    2    1   54    1    3   50    2    3    1       712   -6   -8   19   -7   -1    9    7   -4  -11    1   -8   10  -13   -4    5   -5   13    7
    2    1   55    1    3   87    2    3    1      1736   -9  -10   13  -11    1    9   10   -4  -13    3   -4    7  -12  -10    6   -7   15    7
    2    1   56    1    1    5    2    1    1       814    2   18   -2   -7   -3  -14   -8   -7   13   -8   -7   10   -8    8   -4    4   14   -4
    2    1   57    3    2    3    1    3    0      3145   12   16   -5   13   -3    7  -14    2   -5  -10    6   -6    0   -6  -13   11    6   10
    2    1   58    1    2   90    2    2    1       933   14   14   -4   14    2   11  -13    0   -4  -11    5   -7    1    4  -15   15    6   11
    2    1   59    1    2   70    2    2    1       587   12   15   -8    7   -1    7  -15   -1   -6  -11   -1   -9    2    3  -15   11    5   11
    2    1   60    5    2    7    3    2    1       798   14   15   -3   13   -3    8  -15   -1   -3  -15    6   -1   12    5  -19   17    9    6
    2    1   61    1    2   83    2    2    1      1227   15   17   -5   12    0   10   -9    8  -12   -4    5   -7    3    5  -15   11   10    4
    2    1   62    1    2    8    2    2    1       458   13   14   -7   12   -3    8  -15    3   -6  -12    6   -8    2    6  -12    7    5    9
    2    1   63    3    2    1    1    2    1       646   12   15   -4   13   -3    9  -12    1   -5  -10    8   -6    3    4  -16   11    6    9
    2    1   64    4    2    3    2    2    1       588   16   13   -9    6   -1    7  -19    3    0  -11    5   -5   -4   12  -14    3    5    9
    2    1   65    1    2   28    2    2    1       931   13   14   -3   12   -1    7  -15    8   -5  -12   10   -5    1    6  -11   12    6    7
    2    1   66    3    3    3    1    3    1       781   -8   -9    9   -9    0   11    9   -4  -13    2   -3    6  -14   -9    6   -6   16    4
    2    1   67    5    1    4    3    1    1       540   -8   16    3   -3    6   -7    1   -2   -2   -6   -3   14   -6    6   -5    3   14   -9
    2    1   68    1    1   47    2    2    0       997   -9   16   -1   -7    0  -19   -7   -1    4   -2  -11    1   -6   10   -4    4   13   -4
    2    1   69    5    2    1    3    2    1      5004   13   17   -4   14   -1   11  -16    1   -7   -8   11   -9    4    3  -22   20   14    5
    2    1   70    3    1    1    1    1    1       467   -8   15   -1   -7   -5  -15   -6   -5    4   -3   -8    9   -6   10   -5    5   13   -5
    2    1   71    4    2    2    2    2    1      2270   12   13   -5   12   -4   10  -10   -2   -6  -12    4   -8    1    5   -9    4    7    8
    2    1   72    5    3    4    3    3    1       786   -4   -9   22  -14    0   11   14   -5  -14    3    4   -1  -18   -5    1   -3   13    7
    2    1   73    1    2   51    2    2    1       991   21   12   -3   13   -7    7  -13    9    0   -8    5   -5    7   14  -15   10    1    5
    2    1   74    5    1    3    3    1    1      1064   -7   16   -3   -2   -8   -7   -5   -5    4   -3   -3   16   -7    7    1    7   13   -4
    2    1   75    1    1   90    2    1    1      1325   -7   15   -1   -9   -8  -11    1  -10    3   -3   -7   11   -4    9    0    1   15   -7
    2    1   76    3    3    1    1    3    1      1207  -16   -5   14   -8   -1   12    7   -4  -12    1   -3    6  -14  -10    6   -6   16    6
    2    1   77    1    2   13    2    2    1       693   12   14   -4   12   -3    9  -15    1   -6  -11    5   -8    5    6  -15    9    8    8
    2    1   78    5    3    1    3    3    1      1000   -1   -1   22   -7    9   10    3    6  -12   -7   -4    4  -16   -7    4   -5   16    4
    2    1   79    1    1   58    2    1    1       691    1   23   -3   -9   -5  -14   -4   -6    3   -6  -11   11   -7   14   -7    4   12   -5
    2    1   80    1    1   42    2    1    1       503   -9   16   -3   -5   -3  -14   -7    0    5   -8   -9   10   -7    9   -6    4   13   -8
    2    1   81    1    2   68    2    2    1       608   12   14   -3   13   -3    8  -17    2  -10  -13    5   -6    4    4  -13   11    7    8
    2    1   82    5    2    8    3    3    0      1416   23    8   -3   11   -1    6  -12    0    5   -6    3    4    3   14  -21   13    7   10
    2    1   83    5    3    6    3    3    1      2893   -6  -10   15  -10   -3   15    9   -5  -15    0   -2    6  -10   -9    5   -5   13    4
    2    1   84    4    1    3    2    1    1       681  -12   11    0   -7   -7  -20  -10   -6    1   -9  -12    8   -7   10   -8    1   10   -1
