    1    1    1    1    2    4    1    2    1      7359   15   -3  -10  -13   13  -12  -14    2   -3    3   -2    7  -11   -7    1   15   -5    4
    1    1    2    1    3    6    1    3    1      2946   15   -6  -12   -4  -13   -6  -14  -13  -10    1    7   -3    8  -11   -2   15   -5    6
    1    1    3    1    2    3    1    1    0      1688   14   -2  -13  -15   11  -11  -15    1  -12    1   -2    7  -13   -7    2   13   -6    6
    1    1    4    1    2    2    1    2    1      5586   19   -7   -9  -13   13  -11  -14    2   -4    4   -2    7  -13   -7    1   16   -6    6
    1    1    5    1    3    1    1    1    0      1726   12  -16  -11   -5  -14   -6  -15  -13   -9    1    7   -3    9  -11   -2   14   -6    7
    1    1    6    1    3    2    1    1    0      2902   15   -5  -12   -3  -13   -8  -14  -13  -10    2    7   -3   10  -10   -2   14   -6    7
    1    1    7    1    3    3    1    2    0      4911   14   -6  -12   -3  -14   -6  -14  -13   -6    3    6   -2    9  -10   -3   14   -5    6
    1    1    8    1    2    1    1    2    1      1830   14   -2  -10  -14   12  -11  -10    4   -5    4   -2    7  -12   -7    3   15   -6    7
    1    1    9    1    2    8    1    2    1      2855   15   -2   -3  -12   15  -12  -13    1   -5    4   -2    6  -10   -6    3   18   -6    6
    1    1   10    1    1    8    1    2    0      2861   -8    0   -2  -12  -14    6  -12   -5   -1   13   -8   15   -3  -14   -4    6    8    9
    1    1   11    1    2    7    1    2    1       850   13   -2   -9  -13   11  -12  -15    2   -4    3    1    4  -12   -7   -9   24   -7    7
    1    1   12    1    1    5    1    1    1      1868   -8    0   -3  -10  -14    6  -13   -4   -2   14   -9   16   -2  -15   -5    5    9   12
    1    1   13    1    1    6    1    1    1      2747   -7    0   -2  -12  -14    7  -12   -5   -2   13   -9   15   -3  -14   -3    5    9   12
    1    1   14    1    1    9    1    2    0      1479   -7    0   -2  -10  -14    5  -12   -5   -2   13   -8   15   -3  -14   -3    7   10   13
    1    1   15    1    3    8    1    1    0      2567   13   -5  -12   -4  -13   -7  -13  -14  -10    2    7   -4    9  -10   -2   15   -6    7
    1    1   16    1    1    4    1    1    1      1420   -6    0   -1  -11  -13    5  -13   -4   -2   14   -8   13   -4  -13   -3    7    9   11
    1    1   17    1    1    7    1    2    0      1357   -7    0    8  -11  -15    4  -13   -6   -2   14   -9   14   -5  -14   -4    6    9   13
    1    1   18    1    3    7    1    3    1      3652   13   -5  -11   -4  -14   -9  -14  -13  -11    2    2   -7    9  -11   -1   12   -7    7
    1    1   19    1    3    5    1    2    0      2989   18   -3  -11   -4  -14   -6  -21  -19  -10    3    7   -3   10  -12   -2   14   -6    5
    1    1   20    1    2    5    1    2    1       880   15   -1   -9  -13   12  -12  -15    2   -3    4   -1    7  -12   -6    1   15   -7    6
    1    1   21    1    1    2    1    1    1      1306   -7    1   -2  -11  -14    6  -12   -5   -2   13   -9   16   -2  -15   -6   10    9   12
    1    1   22    1    1    3    1    1    1       879   -7    1   -1  -11  -13    5  -12   -4   -2   13   -8   16   -3  -14   -4    6    9   12
    1    1   23    1    3    9    1    3    1       870   13   -6  -10   -6  -14   -7  -15  -12  -10    3    8   -3    9  -11   -3   15   -7    6
    1    1   24    1    2    6    1    2    1      1151    7   -6   -9  -13   12  -11  -16    1   -5    4   -1    2  -12   -8    2   16   -6    6
    1    1   25    1    2    9    1    2    1       861   13   -1   -9  -12   12  -11   -8   10   -3    5    6    2  -13   -6    2   16   -5    7
    1    1   26    1    3    4    1    1    0      1414   21  -12  -12   -3   -7   -5  -15  -12   -9    3    7   -3   10  -11   -2   13   -6    7
    1    1   27    1    1    1    1    1    1      1847   -7   -1   -1  -10  -14    6  -10   -5   -2   14   -8   16   -9  -10    1    7    9   11
    1    2    1    1    3   13    1    3    1      2824   14   -6  -12   -4  -12   -7  -14  -13  -11    2    7   -3    9  -11   -2   14   -6    6
    1    2    2    1    1   13    1    1    1      1124   -7    0   -2  -11  -14    6  -12   -5   -2   13   -8   15   -4  -14   -4    6    9   13
    1    2    3    1    1   10    1    1    1       722   -8   -1   -3  -10  -14    7  -13   -6   -5    9   -7   16   -2  -14   -4    6    9   12
    1    2    4    1    3   18    1    2    0      1216   14   -5  -12   -4  -14   -6  -14  -13   -9    2    7   -4    6  -17    2   11   -7    7
    1    2    5    1    2   16    1    2    1       637   14   -2   -8  -12   12  -12  -15    2   -4    4   -2    7  -12   -7    1   15   -6    6
    1    2    6    1    1   18    1    1    1       848   -7   -1   -2  -11  -14    6  -13   -4   -2   12   -8   15   -3  -14   -4    5    9   12
    1    2    7    1    2   15    1    2    1       858   15   -2   -9  -13   12  -11  -15    0   -4    3   -2    7  -10   -8    1   16   -6    6
    1    2    8    1    1   17    1    1    1       899   -8   -1   -4   -9  -14    6  -13   -6   -2   13   -8   14   -3  -14   -4    6    9   12
    1    2    9    1    1   12    1    1    1      1402   -7    0   -1  -11  -13    7  -12   -5   -2   13    0   24   -2  -13   -4    5    9   12
    1    2   10    1    3   14    1    3    1      1341   14   -6  -12   -3  -14   -7  -15  -12  -12    1    7   -2    9  -12   -1   13   -6    7
    1    2   11    1    2   17    1    2    1      1045   21    4   -9  -14   11  -10  -14    2    4   -1   -1    7  -12   -8    0   15   -5    7
    1    2   12    1    3   12    1    1    0       699   13   -5  -13   -3  -13   -7  -14  -13  -10    2    7   -3    8  -10   -2   13   -7    7
    1    2   13    1    3   15    1    1    0      1195   11   -4  -16    1  -13   -7  -18  -20  -11    1    8   -4   10  -11  -12   17   -5   -2
    1    2   14    1    1   15    1    2    0       935   -7    0   -1  -12  -14    6  -12   -5   -3   12   -8   14   -4  -14   -4    6   10   13
    1    2   15    1    3   10    1    1    0      2831   19   -2  -12   -4  -15   -5  -15  -13  -14    2    7   -3   10  -12   -1   12   -6    7
    1    2   16    1    2   14    1    2    1      1530   14   -3   -9  -14   12  -11  -14    2   -3    4   -2    7   -7   -8    2   15   -6    5
    1    2   17    1    3   11    1    3    1       602   13   -5  -11   -3  -13   -7  -14  -13  -11    1    6   -3    9  -11   -2   13   -7    8
    1    2   18    1    2   11    1    1    0      1584   13   -1   -8  -14   13  -12  -13    1  -10   -1   -3    7  -12   -6   -9   21   -5    5
    1    2   19    1    1   11    1    1    1      1675   -7   -1   -2  -11  -14    6  -12   -5   -1   13   -9   15   -4  -15    4   15    9   12
    1    2   20    1    2   10    1    2    1       979   13   -2  -11   -8   11  -11  -13    1   -3    4   -6   10  -16   -3    1   15   -5    5
    1    2   21    1    2   12    1    1    0      1528   14   -9  -10  -13    9   -3  -13    2   -4    4   -2    6  -13   -6    1   15  -14   11
    1    2   22    1    1   14    1    1    1       904   -8   -1   -2  -11  -14    6  -11   -4   -3   14   -9   15   -8   -4   -5    7    8   14
    1    2   23    1    3   16    1    3    1      2142    9    3  -17   -2  -12   -7  -14  -12  -11    1    6   -2    8  -12   -2   14  -10   11
    1    2   24    1    3   17    1    3    1       933   14   -7  -12   -4  -13   -7  -14  -13  -10    1    7   -3    8  -11   -3   14   -6    7
    1    2   25    1    1   16    1    2    0      1116   -6    0   -1  -12   -7   16  -12   -6   -2   13   -9   15   -3  -16   -4    6    9   12
    1    2   26    1    2   18    1    2    1       859   14   -1  -10  -12   12  -12  -14    2   -3    4   -1    6  -12   -6    1   15   -5    5
    1    2   27    1    2   13    1    2    1      1636   13   -7  -10  -12   13  -12  -12    3   -4    4    1    3  -12   -7    1   15   -6    8
    1    3    1    1    3   20    1    3    1      1168   16   -6  -12   -4  -13   -7  -14  -12  -10    2    7   -3    9  -11   -2   15   -7    7
    1    3    2    1    3   26    1    3    1       860   14   -6  -10   -9  -12   -8  -14  -13   -9    1    8   -2    9  -11   -8   23   -7    6
    1    3    3    1    2   21    1    2    1       950   14   -2   -5   -6   11  -11  -14    2   -4    9   -2    8  -12   -7    1   15   -5    5
    1    3    4    1    2   23    1    2    1       701   14   -3   -9  -13   17  -19  -15    3   -3    3   -3    7  -11   -7    0   16   -6    6
    1    3    5    1    2   20    1    2    1      1678   15   -2  -10  -12   12   -9  -14    3   -4    5   -1   12  -12   -6    2   15   -6    6
    1    3    6    1    1   19    1    1    1      1142   -6   -1   -2  -11  -18    3  -14   -6   -1   13   -9   15   -4  -13   -5    7    9   12
    1    3    7    1    2   27    1    2    1       900   14   -2   -9  -13   12  -11  -14    2   -4    4   -2    7  -13   -7    0   10   -6    6
    1    3    8    1    3   22    1    1    0      1469   13   -6  -11   -4  -13   -8   -8  -14  -11    3    7   -3    6  -16   -3   13   -7    8
    1    3    9    1    1   22    1    1    1      1676   -7    0   -3  -10  -15    7  -18    1   -1   12   -8   15   -2  -14   -4    6   10   14
    1    3   10    1    1   27    1    1    1      1029   -8    0   -2  -10  -14    6   -7   -3   -3   14   -7   15   -3  -14   -4    6    9   12
    1    3   11    1    2   24    1    2    1      1094   14   -2  -10  -13   12  -12  -14    0   -4    5   -2    7  -12   -8    0   15  -16    6
    1    3   12    1    3   23    1    3    1       601   14   -6  -12   -4  -14   -7  -14  -12  -11    2    7   -3    8  -11   -3   14   -6    6
    1    3   13    1    2   22    1    2    1       749   14   -1   -8  -13   11  -10  -14    2   -4    2   -2    7  -12   -7    1   15   -6    7
    1    3   14    1    2   26    1    2    1       650   14   -2  -10  -12   12  -10  -14    2   -4    4   -1    8   -7  -11    1   15   -7    6
    1    3   15    1    1   21    1    1    1       765   -8    1    0  -13  -20   13  -12   -5   -2   12    2   21   -3  -15   -3    5    8   13
    1    3   16    1    3   19    1    3    1       971   16    2  -13   -4  -14   -8  -14  -13  -10    2    7   -4    9  -11   -2   15   -5    6
    1    3   17    1    1   26    1    2    0       927   -7   -1    1  -12  -14    5  -12   -4   -3   13   -9   13   -5  -14   -2    7   14    9
    1    3   18    1    1   25    1    1    1      2311   -8    1   -2  -11  -14    6  -12   -4   -3   12   -8   16   -2  -15   -5    7    9   11
    1    3   19    1    1   23    1    1    1       758   -6   -1   -2  -12  -15    6  -12   -6   -1   12   -6   15   -3  -15   -4    6    8   12
    1    3   20    1    1   20    1    1    1      1170   -8   -1   -2  -11  -14    6  -12   -6   -1   12   -9   15   -3  -14   -5    6   14   16
    1    3   21    1    3   24    1    3    1       524   15   -7  -13   -3  -12   -7  -13  -14  -10    3    7   -3    8  -11   -1   14   -7    8
    1    3   22    1    3   25    1    3    1       946   14   -7  -12   -4  -12   -7  -15  -13   -9    1    7   -3    8  -10   -2   13   -6    8
    1    3   23    1    2   19    1    1    0      1402   14   -2   -9  -13   12  -11  -14    2    2    2   -2    7  -12   -7    2   15   -7    7
    1    3   24    1    3   27    1    3    1       955   14   -6  -12   -4  -13   -7  -14  -13  -10    1    8   -3    8  -12   -3   13   -7   12
    1    3   25    1    1   24    1    1    1      2547   -8   -1   -2  -10  -14    6  -12   -5   -2   13   -8   15   -3  -14   -4    5    8   12
    1    3   26    1    2   25    1    2    1       711   14   -2   -9  -13   11  -10  -15    3   -4    3   -1    7  -12   -7    1   15   -6    6
    1    3   27    1    3   21    1    2    0      1462   22   -1  -12   -4  -12   -8  -14  -13   -9    4    6   -3   10  -12   -1   13   -6    6
    1    4    1    1    2   32    1    2    1      1078   13   -4  -12  -21   12  -12  -14    2   -4    4   -2    7  -12   -7    1   15   -5    6
    1    4    2    1    3   34    1    3    1      1334   15   -4  -11   -9  -12   -7  -14  -14   -6   -1    7   -3    9  -12   -2   13   -6    7
    1    4    3    1    1   31    1    1    1      1148   -2    0   -3  -10  -13    5  -11   -5   -4   11   -8   14   -2  -14   -4    6   10   11
    1    4    4    1    2   31    1    2    1       793   14   -3   -9  -15   12  -11  -14    2   -4    5   -2    7  -12   -7    1   15   -8    5
    1    4    5    1    2   36    1    2    1       726   14   -3   -9  -12   12  -11  -14    2   -3    3   -2    7  -12   -7    2   15   -6    5
    1    4    6    1    1   30    1    1    1       724   -8    0   -2  -11  -15    7  -13   -4   -2   14   -9   16   -4  -13   -5    7    9   12
    1    4    7    1    2   28    1    2    1       610   14   -2   -9  -13   13  -10  -14    2   -4    4   -3    7  -11   -8    3   16   -6    6
    1    4    8    1    3   32    1    3    1      2259   14   -6  -20    4  -14   -6  -13  -13  -11    2   12   -8    9  -11   -2   14   -7    7
    1    4    9    1    3   33    1    1    0      1206   13   -4  -11   -3  -13   -7  -14  -13  -11    1    8   -2    9  -16   -3   14   -6    7
    1    4   10    1    3   35    1    3    1       705   14   -6  -11   -3  -13   -7  -14  -13  -10    2   12   -1    9  -12   -1   13   -5    8
    1    4   11    1    3   28    1    3    1       866    9   -1  -12   -4  -13   -8  -14  -13  -10   -3    7   -3   12   -9    8   13   -6    7
    1    4   12    1    3   36    1    3    1       894    9   -5  -12   -4  -13   -7  -13  -14   -9    1    7   -4    9  -11   -2   14  -16    4
    1    4   13    1    1   28    1    1    1       840   -2   -2   -1  -11  -14    6  -12   -5   -2   13   -8   14   -4  -15   -4    6    9   12
    1    4   14    1    3   30    1    3    1       912   14   -7  -12   -4  -13   -7  -15  -15  -10    2    7   -3    9  -11   -2   14   -5    6
    1    4   15    1    1   29    1    1    1      1879   -9    0   -2  -12  -14    6  -11   -4   -3   13   -8   15   -2  -15   -5    6   10   14
    1    4   16    1    1   34    1    1    1       920   -6    0   -2  -11  -13    5  -13   -4   -3   14   -8   15   -3  -14   -4    6   14   22
    1    4   17    1    1   36    1    1    1       622   -7    0   -1  -10  -14    6  -13   -5   -2   13   -8   15   -4  -14   -4    5   -1    5
    1    4   18    1    1   33    1    1    1       832   -7   -1   -3  -12  -13    7  -11   -6   -2   13   -9   15   -4  -22   -5    5   10   11
    1    4   19    1    1   35    1    1    1      1451   -6   -1  -11   -1  -14    6  -18  -13   -3   13   -9   14    0  -20   -5    5    9   13
    1    4   20    1    2   35    1    2    1       668   15   -2   -8  -11   13  -12  -13    1   -4    3   -2    7  -12   -6    1   15   -5    6
    1    4   21    1    3   29    1    3    1       750   15   -6  -12   -4  -13   -7  -14  -13  -10    1    7   -3    9  -11   -2   14   -7    6
    1    4   22    1    2   29    1    2    1       606   15   -2   -7  -13   12  -12  -14    2   -5    5   -2    7  -12   -7    1   15   -7    7
    1    4   23    1    3   31    1    3    1       642   15   -6  -12   -4  -14   -7  -17  -18  -11    2    6   -2    9  -11   -1   14   -6    6
    1    4   24    1    2   34    1    2    1       694   14   -2  -10  -12   12  -11  -12    2   -4    4   -3    6  -12   -7    1   15   -6    6
    1    4   25    1    2   30    1    2    1       838   14   -2  -11  -14   12  -11  -13    1   -4    4   -1    7   -5   -8    2   16   -6    5
    1    4   26    1    2   33    1    1    0      1951   13   -3   -8  -12   13  -11  -14   -1   -3    4    5   17  -12   -7    1   15   -6    6
    1    4   27    1    1   32    1    1    1       941   -7    0   -2  -10  -13    9  -13   -5   -2   13   -8   14   -3  -14   -5    6    9   13
    1    5    1    1    2   37    1    2    1       754   14   -2   -9  -13   11  -11  -15    1   -4    4   -2    7   -9   -8    1   15   -6    5
    1    5    2    1    3   42    1    3    1       800   15   -3  -12   -4  -13   -7  -14  -13  -11    1    7   -2    9  -11   -2   14   -6    7
    1    5    3    1    1   45    1    1    1      1437   -6   -1   -2  -10  -14    6  -11   -5   -1   14   -8   15   -2  -14   -4    6    9   12
    1    5    4    1    2   40    1    2    1       703   14   -2   -8  -13   13  -12  -14    2   -4    4   -1    7  -11   -8    1   13   -6    5
    1    5    5    1    1   41    1    1    1       879   -7    0   -1  -11  -15    8  -13   -6   -2   13   -7   15   -3  -14   -3    7    8   11
    1    5    6    1    3   44    1    3    1       568   14   -6  -12   -3  -13   -7  -14  -12  -11    3    8   -1    6  -12   -2   14   -6    7
    1    5    7    1    2   45    1    2    1       607   17    1   -9  -13   12  -11  -14    2   -2    4   -2    7  -14   -5    2   15   -7    7
    1    5    8    1    1   43    1    1    1       869   -7    0    1   -9  -14    7  -10  -13   -1   13   -8   15   -7  -17   -5    6    7   17
    1    5    9    1    1   38    1    1    1       846   -9    1   -1  -11  -14    7  -12   -5   -2   13   -8   15   -3  -14   -4    6    9   12
    1    5   10    1    3   43    1    3    1       855   13   -6  -11   -5  -13   -7  -14  -13   -9    2    7   -3   10  -12   -2   14   -7    7
    1    5   11    1    1   44    1    1    1       818   -7    0   -1  -11  -20   11  -12   -5   -1   12   -8   15   -3  -14   -5    4    9   12
    1    5   12    1    3   38    1    3    1      1165   14   -6  -11   -5  -13   -7  -14  -13  -10    2    7   -3    9  -12   -2   14   -5    8
    1    5   13    1    2   38    1    2    1       651   14   -3   -9  -13   13  -11  -14    2   -3    4   -2    7  -12   -8    1   15   -7    7
    1    5   14    1    2   39    1    2    1       525   14   -2   -8  -14   12  -12  -15    3   -5    4   -3    7  -11   -8    0   15   -7    7
    1    5   15    1    3   40    1    3    1       564   15   -5  -12   -4  -13   -7  -13  -11  -10    2    7   -3    9  -11   -2   14   -7    8
    1    5   16    1    2   42    1    2    1       731   15   -3   -9  -14   12  -13  -15    2   -3    3   -2    8  -13   -7    2   14   -7    7
    1    5   17    1    1   40    1    1    1      1051  -14    2   -2  -10  -14    6  -13   -4    3    8  -10   16   -4  -13   -4    5    8   12
    1    5   18    1    2   41    1    2    1       540   13   -1   -9  -13   11  -11  -14    2   -4    4   -2    8  -12   -7    0   15   -6    7
    1    5   19    1    1   37    1    1    1       901   -6    2   -2  -11  -14    5  -12   -5   -2   13   -8   15   -3  -14   -4    6   10   11
    1    5   20    1    3   37    1    1    0       845   15   -5  -12   -4  -13   -7  -11  -17  -10    2    7   -3   18  -17   -2   14   -6    7
    1    5   21    1    1   42    1    1    1      1543   -8    0   -2  -11  -13    6  -11   -5   -1   12   -9   15   -3  -14   -4    6   10   12
    1    5   22    1    3   39    1    3    1       901   14   -6  -11   -4  -12   -7  -15  -12  -10    2    7   -3   10  -11   -2   14   -5    6
    1    5   23    1    3   41    1    3    1       670   15   -5  -12   -3  -14   -6  -15  -14  -10    2    8   -4   10  -10   -2   14   -6    6
    1    5   24    1    1   39    1    1    1      1825   -7    0   -3  -11  -14    5  -12   -5   -2   13   -7   15   -4  -13   -4    6    9   12
    1    5   25    1    2   43    1    2    1       773   14   -2   -8  -13   12  -11  -14    2   -4    4   -1    6  -13   -6    2   16   -7    5
    1    5   26    1    3   45    1    3    1       817   14   -6   -5   -6  -13   -6  -14  -13  -11    3    7   -3   10  -12   -2   14   -2   11
    1    5   27    1    2   44    1    2    1      2061   17    7   -4  -16   12  -11  -14    3   -4    3   -3    8  -11   -6    9    5   -7    7
    1    6    1    1    3   46    1    3    1      1015   15   -7  -11   -4   -7    1  -14  -14  -10    2    7   -3    9  -12   -3   14   -4    6
    1    6    2    1    1   51    1    1    1      1164   -7    0   -1  -10  -14    6  -13   -4   -2   13   -6   17  -10  -22   -4    6   10   13
    1    6    3    1    2   49    1    2    1       681   14   -1  -10  -12   11  -14  -13    2   -5    4   -2    7  -13   -7    2   14   -7    7
    1    6    4    1    3   50    1    3    1       731   12   -5  -13   -4  -14   -6  -14  -12  -10    2    7   -3    9  -10   -2   14   -7    6
    1    6    5    1    2   46    1    2    1       618   13   -1   -9  -13   12  -11  -14    2   -4    5   -2    7  -11   -8    1   15   -6    6
    1    6    6    1    1   47    1    1    1      3565   -6    0   -2  -11  -14    6  -13   -5   -1   15   -8   15   -3  -13   -4    7    9   11
    1    6    7    1    1   54    1    1    1      1226   -6   -1   -2  -10  -14    6  -11   -6   -1   13   -9   15   -3  -14   -4    6   10   12
    1    6    8    1    1   53    1    1    1      1268   -7    0   -1  -12  -14    6  -11   -6   -1   13   -9   14   -3  -13   -3    6    8   13
    1    6    9    1    1   46    1    1    1       926   -6    0   -2  -11  -14    6  -12   -5   -2   14   -9   16   -3  -14   -6    8    6   10
    1    6   10    1    3   53    1    3    1       901   13   -6  -12   -4  -12   -7  -13  -14  -11    1    7   -3    9  -10   -1   13   -6    7
    1    6   11    1    2   50    1    2    1       604   14   -3  -10  -12   13  -14  -15    2   -4    4   -1    8  -13   -6    0   16   -6    6
    1    6   12    1    2   54    1    2    1      1664    8    4   -9  -13   12  -11  -14    1   -4    4   -1    9  -12   -7    0   14  -13   16
    1    6   13    1    2   51    1    2    1      1562   14   -2   -9  -13   13  -12  -14    2   -3    4   -2    7  -12   -7    1   15  -10    5
    1    6   14    1    3   54    1    3    1       983   15   -7  -11   -4  -13   -7  -15  -14   -4    3    5   -5    9  -11   -1   14   -7    7
    1    6   15    1    2   47    1    2    1       668   15    0   -9  -13   12  -11  -14    2   -4    4   -2    8  -12   -8    2   15   -6    6
    1    6   16    1    2   48    1    2    1       780   14   -3   -9  -13    2   -5  -13    1   -4    3   -3    8  -11   -7    2   16   -6    6
    1    6   17    1    1   50    1    1    1      1564   -7    0   -2  -11  -14    6  -12   -4   -3   13   -9   15   -3  -14   -4    6    6   13
    1    6   18    1    1   48    1    1    1      1145   -8    1    0  -10  -16    7  -11   -5   -3   13   -8   16   -2  -15   -4    7   10   11
    1    6   19    1    2   52    1    2    1       824   14   -3   -9  -13   12  -12  -14    2   -3    3   -3    8  -12   -7    0   16   -6    6
    1    6   20    1    1   49    1    2    0      2434   -8    0   -2  -11  -13    7  -12   -5   -2   13   -8   15   -2  -14   -1   10    9   11
    1    6   21    1    3   49    1    3    1      1068   14   -7  -12   -4   -4  -15  -14  -13  -10    2    7   -2    9  -11    3   19   -7    8
    1    6   22    1    2   53    1    2    1       607   14   -2   -8  -14   13  -10  -14    3   -4    4   -3    7  -12   -7    6   24   -5    6
    1    6   23    1    1   52    1    1    1       884   -7    0   -3  -11  -13    7  -12   -5   -1   13  -10   15   -3  -14   -3    5    8   12
    1    6   24    1    3   51    1    3    1       797   14   -6  -12   -4  -14   -6  -14  -13   -9    2    6   -3    9  -10   -2   14   -6    7
    1    6   25    1    3   52    1    1    0      1258    9  -12  -12   -4  -13   -8  -14  -14  -17   -7    5    2   10  -10   -2   14    2   10
    1    6   26    1    3   47    1    3    1       866   13   -6  -12   -4  -14   -7  -14  -13  -10    2    7   -3    8  -12   -2   14   -7    6
    1    6   27    1    3   48    1    3    1      2171   14   -6  -12   -4  -13   -7  -14  -13  -19   -6    7   -3    9  -11   -2   14   -6    7
    1    7    1    1    1   56    1    2    0      2287   -7    4   -2  -11  -13    5  -12   -5   -1   12   -8   15    4  -18   -3    6    9   12
    1    7    2    1    2   61    1    2    1       641   15   -2   -9  -13   14  -10  -14    3   -4    4   -1    6  -12   -7    2   16   -6    5
    1    7    3    1    1   59    1    1    1       917   -8    1   -2  -11   -7   -3  -12   -1   -2   12   -8   14   -3  -15   -4    6   10   11
    1    7    4    1    1   57    1    1    1      1933   -7    0   -2  -11  -14    5  -13   -3    2    5   -7   15   -2   -5   -2   13    9   12
    1    7    5    1    1   61    1    1    1       700   -8    0   -2  -10  -12    5  -12   -5   -2   13   -7   16   -2  -14   -4    6    9   12
    1    7    6    1    3   63    1    3    1       924   13   -5  -12   -5  -14   -7  -14  -12  -14   -2    7   -3    9  -11   -2   14   -5    8
    1    7    7    1    3   55    1    3    1       645   14   -6  -12   -5  -12   -8  -14  -12  -10    3    5   -2    8  -11   -2   14   -7    8
    1    7    8    1    1   60    1    1    1      1417   -6   -1   -3  -10  -15    7  -12   -5   -1   13   -8   15   -4  -13   -4    5    8   12
    1    7    9    1    3   58    1    3    1       876   16   -7  -12   -4  -13   -6  -16  -13   -9    1    7   -3    2   -4   -2   15   -7    8
    1    7   10    1    3   56    1    3    1      1205   14   -6  -12   -5  -13   -7  -14  -13   -8    2    8   -2    7   -9   -2   14   -5    5
    1    7   11    1    1   63    1    2    0      1665   -7    0  -12  -10  -13    6  -12   -5   -2   13   -1   18   -3  -14   -4    6    9   12
    1    7   12    1    2   63    1    2    1       653   14   -1   -9  -13   11  -12  -14    4   -4    4   -2    7  -12   -7    1   14   -5    6
    1    7   13    1    2   56    1    2    1       495   14   -2   -9  -13    7  -16  -16    3   -4    4   -2    7  -11   -6    1   16   -6    6
    1    7   14    1    3   57    1    3    1       682   14   -6  -12   -4  -12   -8  -13  -13   -9    1    8   -3   10   -9   -3   15   -6    7
    1    7   15    1    1   58    1    1    1      1451   -6   -1   -2  -11  -13    5  -12   -6   -2   13   -7   16   -4  -15   -3    5    8   11
    1    7   16    1    3   62    1    1    0      2655   14   -6  -12   -4  -13   -8  -14  -14  -15   12    3    5    9  -11   -2   14   -6    8
    1    7   17    1    1   55    1    2    0       815   -7    0   -2  -11  -18    7  -11   -6   -1   13   -8   15   -3  -14   -3    6    9   12
    1    7   18    1    1   62    1    1    1      1355   -6    0   -2  -11  -13    5  -13   -5   -2   13  -13   22   -2  -14   -4    5    9   13
    1    7   19    1    2   57    1    2    1       690   14   -1   -9  -13   16  -14  -15    2   -4    4   -2    7  -12   -7    1   15   -6    7
    1    7   20    1    3   61    1    3    1       628   14   -6  -12   -4  -13   -7  -13  -14  -10    1    7   -3    8  -10   -2   14   -5    6
    1    7   21    1    3   59    1    3    1       713   14   -6  -13   -3  -13   -7  -14  -13  -10    2    6   -2    8  -11   -2   14   -6    7
    1    7   22    1    2   55    1    2    1       553   14   -2  -10  -13   13  -10  -15    3   -5    4   -2    7  -12   -7    2   16   -7    6
    1    7   23    1    3   60    1    3    1       575   14   -6  -13   -4  -12  -17  -14  -12  -10    2    7   -2   10  -11   -2   15   -6    7
    1    7   24    1    2   59    1    2    1       422   14   -2   -9  -13   12  -11  -18    7   -4    4   -1    7  -13   -6    2   15   -5    6
    1    7   25    1    2   58    1    2    1       467   14   -1   -9  -14   12  -11  -15    2   -4    4   -2    7  -12   -6    1   15   -7    7
    1    7   26    1    2   60    1    2    1       508   15   -2   -9  -13   21  -17  -14    3   -3    4   -3    7  -13   -7    2   13   -6    6
    1    7   27    1    2   62    1    1    0      2072   13   -1   -9  -13   14   -9  -15    2   -3    4   -3    8  -12   -7   -1   20  -14   12
    1    8    1    1    1   72    1    1    1      1328   -6   -1   -1  -12  -14    6  -11   -3   -5   16   -8   15   -7  -18    4   16    9   13
    1    8    2    1    3   70    1    3    1       712   15   -5  -12   -4  -13   -7  -14  -13   -9    1    8   -4    9  -12   -2   14   -5    6
    1    8    3    1    3   69    1    3    1       649   15   -7  -14   -4  -13   -7  -14  -13   -6   -3    8   -2    9  -10   -2   14   -7    8
    1    8    4    1    1   65    1    1    1       717   -7    0   -2  -13  -14    6  -13   -6   -2   13  -10   10   -3  -15   -4    6   13   14
    1    8    5    1    2   65    1    1    0      1213   14   -1   -8  -14   12  -11  -14    2   -9    3   -2    7  -12   -7    1   15   -7    7
    1    8    6    1    3   72    1    3    1       570   13   -6  -12   -4  -13   -7  -13  -14  -11    2    8   -3   10  -12   -2   14   -6    7
    1    8    7    1    2   68    1    2    1      1104   14   -2   -9  -13   12  -10   -7   -7   -6    1   -2    6  -12   -7    2   15   -5    5
    1    8    8    1    3   65    1    3    1       625   13   -5  -13   -2  -14   -6  -15  -12  -10    2    6   -3   10  -12   -3   15   -6    7
    1    8    9    1    1   68    1    1    1       566  -15    1   -2  -10  -14    6  -12   -5   -2   12   -8   15   -3  -14   -5    5    9   13
    1    8   10    1    1   69    1    2    0      1067   -7    0   -2  -11  -15    6  -13   -6   -3   14   -7   16  -12  -15   -4    6   10   12
    1    8   11    1    2   66    1    2    1       656   15   -3   -9  -14   13  -12  -15    1   -4    3   -2    7  -12   -7    0   15   -6    6
    1    8   12    1    1   64    1    1    1      1058   -7    0   -2  -11  -14    4  -12   -5   -3   13   -7   15   -4  -14   -4    6    9   12
    1    8   13    1    1   66    1    1    1      1302   -8   -1   -2  -11  -15    7  -13   -5   -2   12   -4   14   -2  -14   -4    6    9   11
    1    8   14    1    3   67    1    3    1       462   14   -7  -12   -4  -14   -7  -14  -14   -9    2    7   -3    8  -11   -2   14   -5    8
    1    8   15    1    1   71    1    1    1       712   -7    0   -3  -11  -15    7  -12   -5   -2   13   -9   15   -4  -13   -4    6   10   17
    1    8   16    1    1   70    1    1    1       616   -8    1   -1  -12  -14    7  -11   -4   -2   13   -8   14   -6   -9   -4    6    8   13
    1    8   17    1    2   67    1    2    1       588   14   -2   -9  -13   13   -6  -13    1   -4    3   -3    8  -11   -8    1   14   -6    6
    1    8   18    1    2   70    1    2    1      1056   15   -3   -8  -12   12  -11  -14    1   -4    4   -2    9  -12   -7    1   15   -5    6
    1    8   19    1    1   67    1    1    1       673   -7    0   -2  -11  -13    6  -12   -5   -3   14   -8   14   -3  -14   -4    6    5   21
    1    8   20    1    3   71    1    3    1       802   14   -6  -12   -4  -14   -6  -14  -13  -10    1    7   -3    9  -11  -10   18   -7    6
    1    8   21    1    3   64    1    3    1       607   14   -6  -12   -4  -13   -7  -14  -13  -10    1    7   -3   10  -11   -2   16   -5    6
    1    8   22    1    2   72    1    1    0      1029   14   -1   -8  -12   12  -11  -14    2   -4    4    7    9  -12   -7    1   15   -6    5
    1    8   23    1    3   68    1    3    1       600   13   -6  -13   -4  -14   -6  -13  -14  -10    2    7   -2    4   -4   -2   14   -6    7
    1    8   24    1    2   64    1    2    1       636   14   -2   -7  -13   12  -11  -13    3   -3    5   -2    7  -12   -7    1   16   -7    7
    1    8   25    1    3   66    1    1    0       910    9  -15  -13   -4  -14   -7  -22  -14  -10    1    3    4    5   -6   -2   14   -5    7
    1    8   26    1    2   69    1    1    0      1718   15   -3   -9  -13   11  -12  -13    3   -6   13    8   15  -12   -7    1   15   -6    6
    1    8   27    1    2   71    1    2    1       781   14   -2   -9  -13   13  -10  -13    2   -5    3   -1   12  -12   -7    2   14   -6    7
    1    9    1    1    3   75    1    3    1       825   14   -6  -12   -4  -14   -6  -15  -13  -19   -6    7   -3   10  -11   -2   13   -5    7
    1    9    2    1    3   78    1    3    1       757   14   -5  -14   -5  -13   -7  -14  -13  -10    2    7   -3   10  -11   -3   14   -6    7
    1    9    3    1    1   78    1    1    1      1252   -6    1   -2  -10  -14    6  -12   -4   -2   13   -7   15   -4  -15   -5    6    9   12
    1    9    4    1    1   79    1    1    1       812   -7    0   -2  -11  -14    6  -12   -5   -3   12   -8   15   -3  -14   -3    4    8   12
    1    9    5    1    3   80    1    3    1       761   14   -6  -12   -4  -13   -7  -13  -13  -10    1    7   -3    9  -11   -2   14   -6    7
    1    9    6    1    3   73    1    3    1       615   15   -6  -11   -5  -13   -6  -14  -13   -9    1    4   -4    9  -11   -6   12   -6    6
    1    9    7    1    1   77    1    2    0      1129   -7    1   -3  -10  -13    8  -11   -5   -2   13  -10   16   -2  -13   -4    6    0   10
    1    9    8    1    1   74    1    1    1       953   -7    0   -2  -11  -14    6  -11   -4   -3   13   -8   15   -3  -14   -4    6    8   11
    1    9    9    1    1   73    1    1    1       863   -7   -1   -1  -10  -13    6  -11   -5   -1   12   -7   15   -4  -15   -4    6   10   11
    1    9   10    1    3   76    1    3    1       777   14   -5  -10   -3  -13   -7  -13  -14  -10    2    8   -4    9  -11    2   13   -6    6
    1    9   11    1    2   76    1    2    1       488   14   -2  -10  -14   12  -11  -14    2   -4    4   -2    7  -11   -6    2   16   -6    6
    1    9   12    1    1   81    1    1    1       721    3   -4    3   -9  -14    6  -12   -5    3    5   -8   15   -3  -14   -4    7    9   12
    1    9   13    1    2   74    1    2    1       639   10   -9  -10  -12   11  -11  -15    2   -5    3   -3    7  -13   -7    1   16   -8    6
    1    9   14    1    2   77    1    2    1       658   14   -2   -9  -13   12  -10  -13    1   -4    4   -2    7  -11   -7    2   16   -6    6
    1    9   15    1    3   79    1    3    1      1188   12   -3  -11   -3  -14   -6  -14  -12   -9    2    7   -3    9  -10   -1   12   -6    7
    1    9   16    1    2   78    1    2    1      1665   14   -1  -10  -12   12  -10  -12    4   -4    4   -3   14  -12   -7    2   16   -6    5
    1    9   17    1    3   74    1    3    1      1227   14   -5  -13   -4  -13   -7  -13  -13   -9    3    7   -4    9  -11   -2   14   -5    8
    1    9   18    1    2   81    1    2    1      1031   14   -2   -9  -13   12  -10  -11    5   -4    4   -2    6  -12   -7    2   14   -7    6
    1    9   19    1    1   76    1    1    1       906   -7   -1   -3  -11  -14    6   -5  -10   -2   13  -11   14   -2  -15   -3    6    9   12
    1    9   20    1    1   75    1    1    1       930   -7    0   -1  -12  -13    5  -11   -5   -2   13   -9   11   -3  -14   -4    6   10   13
    1    9   21    1    3   81    1    3    1       967   15   -6  -14   -5  -13   -7  -11  -23  -10    2    7   -3    8  -11   -1   13   -6    7
    1    9   22    1    2   73    1    1    0      1341   15   -3   -9  -13   13  -12  -14    1   -5    3   -1    7  -21   -1    1   16  -11    1
    1    9   23    1    2   80    1    2    1       530   15   -3   -9  -13    8   -8  -14    2   -4    4   -3    6  -13   -6    1   15   -6    5
    1    9   24    1    2   75    1    2    1       488   15   -3   -9  -14   12  -11  -16    3   -4    4   -3    7  -12   -7    0   14   -6    5
    1    9   25    1    1   80    1    1    1       785   -8    0   -2  -11  -13    6  -13   -4   -1   12   -7   15   -2  -14   -4    7   11   13
    1    9   26    1    2   79    1    2    1       526   14   -2  -13  -12   13  -10  -14    3   -3    2   -2    8  -12  -16    1   15   -7    5
    1    9   27    1    3   77    1    3    1       502   14   -7  -12   -2  -13   -7  -15  -12  -11    1    7   -3    9  -13   -3   14   -6    7
    1   10    1    1    1   89    1    2    0      2335   -6    0    1  -17  -14    7  -12   -5   -2   14   -8   16   -3  -15   -3    5   10   13
    1   10    2    1    2   85    1    1    0      1598   14   -2   -9  -13   11  -11  -14    2   -4    4    0    5  -12   -7    5   19   -7    2
    1   10    3    1    1   87    1    2    0       954   -7    0   -2  -11  -14    6  -12   -5   -1   14   -8   15   -4  -13   -4    7    9   13
    1   10    4    1    3   89    1    3    1       815   14   -6  -12   -5  -15   -9  -14  -13   -9    4   12    0    9  -11   -1   15   -5    6
    1   10    5    1    2   88    1    2    1       715   15   -3  -12  -15   12  -11  -13    2   -6    3   -2    7  -12   -7    2   16   -7    6
    1   10    6    1    3   86    1    3    1       747   13   -6  -13   -4  -13   -8  -12  -15   -9    1    7   -3    9  -10   -2   13   -7    8
    1   10    7    1    1   85    1    2    0      1066   -6    3   -1  -11  -13    6  -11   -6   -2   12   -9   15   -5  -12   -4    6    8   13
    1   10    8    1    1   82    1    1    1       829   -8    0    0   -1  -13    6  -11   -5   -1   12   -9   15    2  -14  -10   13    9   12
    1   10    9    1    3   87    1    3    1       808   13   -6  -13   -3  -13   -7  -14  -15  -10    2    6   -2    9  -11   -2   14   -7    8
    1   10   10    1    1   83    1    1    1       804   -9   -1   -2  -11  -13    6  -12   -5   -2   13   -8   15   -3  -15   -4    6   11   16
    1   10   11    1    2   84    1    2    1       558   15   -2   -9  -13   12  -11  -14    4   -5    5   -3    6  -11   -7    2   16   -7    6
    1   10   12    1    3   85    1    3    1       739   14   -6  -12   -4  -13   -8  -14  -12  -10    2    6   -3    9  -11   -2   14   -5    6
    1   10   13    1    3   88    1    3    1       594   15   -7  -12   -4   -7  -12  -14  -13   -9    3    7   -3    9  -10   -2   14   -4    6
    1   10   14    1    1   84    1    2    0      1641   -4   -3   -2  -11  -14    7  -11   -4   -3   14   -8   15   -2  -15   -4    7    9   12
    1   10   15    1    2   83    1    2    1       787   14   -3  -10  -13   14  -13  -15    2   -5    4   -6   11  -13   -8    0   14   -7    6
    1   10   16    1    2   90    1    2    1      1328   14   -2   -9  -13   12  -11  -14    1   -4    4   -3    7  -13   -6    2   14   -2    9
    1   10   17    1    3   90    1    3    1      1416   14   -6  -13   -3  -15    3  -13  -13  -10    2    6   -3    9  -11    0    9   -9    8
    1   10   18    1    3   84    1    3    1       603   15   -7  -11   -4  -12   -8  -13  -13  -10    1    7   -3    9  -11   -3   13   -6    7
    1   10   19    1    2   82    1    2    1       769   14   -2   -9  -14   12  -11  -14    2   -4    5   -2    7  -12   -7    0   16  -10   10
    1   10   20    1    3   83    1    1    0       751   14   -7  -22   -2   -9   -3  -14  -13  -11    2    7   -3    9  -11   -6   12   -5    8
    1   10   21    1    1   88    1    2    0       844   -8    1   -2  -11  -14    6  -11  -10   -3   13   -8   15   -1  -14   -4    6    8   12
    1   10   22    1    2   86    1    2    1      3093   14   -3   -9  -13   12  -11  -14    2   -5    4   -4    7  -11   -7    4   12  -16   15
    1   10   23    1    2   89    1    2    1       486   14   -2   -9  -14   13  -12  -13    2   -3    3   -1    6  -12   -8    1   17   -6    5
    1   10   24    1    3   82    1    3    1       992    5  -13  -12   -4  -13   -7  -14  -13  -17   -4    7   -3   10  -12   -3   16   -6    8
    1   10   25    1    1   86    1    1    1      1540    3    0   -2  -11  -14    6  -12   -7   -3   13   -8   15   -4  -13   -9   10    9   13
    1   10   26    1    1   90    1    1    1       739   -8    0   -3  -10  -14    6  -13   -4   -2   13   -8   14   -3  -14   -3    6    7    6
    1   10   27    1    2   87    1    2    1      1058   14   -2  -13  -19   12  -10  -14    2   -4   11   -1    6  -13   -8    0   15   -8    4
    2    1    1    5    1    9    3    1    1      3450   -8    1   -3   -9  -13    9   -9   -4    5   23   -7   15   -1  -16   -3    4   14   15
    2    1    2    1    3    3    1    3    1       956   14   -6  -12   -3  -14   -6  -14  -13   -6    3    6   -2    9  -10   -3   14   -5    6
    2    1    3    4    2    1    2    2    1       754   20    4  -11  -14   13  -10  -13   -3   -4    3   -3    7  -10   -7    1    5   -7    5
    2    1    4    1    2   11    1    1    0      1600   13   -1   -8  -14   13  -12  -13    1  -10   -1   -3    7  -12   -6   -9   21   -5    5
    2    1    5    1    2   25    1    2    1       733   14   -2   -9  -13   11  -10  -15    3   -4    3   -1    7  -12   -7    1   15   -6    6
    2    1    6    5    1    4    3    1    1      1964   -7   -8    0  -10  -14    5  -13   -1   -7    7   -9   11    2  -14   -5    8   17    6
    2    1    7    2    1    0    0    1    1      1080   -7    0   -2  -11  -14    6  -12   -5   -2   13   -8   15   -3  -14   -4    6    9   12
    2    1    8    1    2   31    1    2    1       472   14   -3   -9  -15   12  -11  -14    2   -4    5   -2    7  -12   -7    1   15   -8    5
    2    1    9    5    1    8    3    1    1       915   -7   -1   -3  -14  -15    6  -12   -6    3   13   -7   14   -4  -11    2   11   11   16
    2    1   10    4    1    3    2    1    1      1418   -5   -1   -4  -11  -11   15  -12   -6   -4   12   -8   17   -3  -15   -3    6    9   11
    2    1   11    1    3   44    1    3    1       624   14   -6  -12   -3  -13   -7  -14  -12  -11    3    8   -1    6  -12   -2   14   -6    7
    2    1   12    1    3   49    1    3    1       787   14   -7  -12   -4   -4  -15  -14  -13  -10    2    7   -2    9  -11    3   19   -7    8
    2    1   13    4    3    4    2    3    1       638   14   -5  -12   -5  -13   -8  -18  -18   -4   -1    7   -2   10  -11   -2   13  -11   14
    2    1   14    1    1   62    1    1    1      1118   -6    0   -2  -11  -13    5  -13   -5   -2   13  -13   22   -2  -14   -4    5    9   13
    2    1   15    5    1    3    3    1    1       878   -6   -1   -4  -10  -16    2  -15   -8   -1   10   -9   20    6  -17   -4    5   10   11
    2    1   16    5    3    5    3    2    0       470   13   -7   -9    4  -10   -8  -14  -14   -6    4    8   -4    6  -13    0   12   -7    8
    2    1   17    4    2    6    2    2    1      3502    9    0  -11  -14   13  -10   -6    7   -4    1    7    9   -7  -11   -1   17   -5    5
    2    1   18    4    1    6    2    1    1      1965   -8    1   -7  -10  -14    7  -12   -6  -11   12  -10   16    4  -15   -3    7    8   12
    2    1   19    5    3    2    3    3    1      3371   13   -6   -6   -1  -19   -5  -14  -14  -10    5    8   -1   14   -8   -2   15   -6    2
    2    1   20    5    3    8    3    2    0       735    9   -1   -3    3   -7   -8  -15   -9   -1    5    5  -12    7  -13   -2   13   -1    2
    2    1   21    5    1    5    3    1    1       797   -2   -4    7  -17  -18    4  -16  -13    4   10  -14   14    6   -8   -4    4   11   13
    2    1   22    4    3    1    2    3    1       712   14   -7  -14   -4  -13   -8  -13  -13  -10    1    6   -3    8  -11   -2   15   -5    9
    2    1   23    5    2    7    3    1    0      1386   19   -8   -9  -11   13  -11   -5   -8  -14   -4  -11   14  -16   -7    2   12   -5    3
    2    1   24    1    3   70    1    3    1       622   15   -5  -12   -4  -13   -7  -14  -13   -9    1    8   -4    9  -12   -2   14   -5    6
    2    1   25    3    1    1    1    2    0      1155   -6    0   -2  -10  -14    6  -13   -9   -3   12   -7   16   -2  -13   -4    5    9   11
    2    1   26    3    2    2    1    2    1       722   15   -2   -9  -13   12  -12  -15    3   -4    4   -1    7  -12   -7    1   15   -5    7
    2    1   27    5    3    1    3    1    0      1028   14   -8   -5   -1  -17   -2   -5   -6  -11    4   11   -7    0  -21    2    4    2   -3
    2    1   28    5    3    9    3    3    1       740   15  -10   -3   -6  -15   -5  -14  -14  -19   11    9    0    9  -12   -6   18   -9   16
    2    1   29    3    1    2    1    1    1       628   -7    0   -2  -10  -13    7  -13   -5   -2   13   -7   15   -4  -14   -4    6   10   12
    2    1   30    5    1    6    3    1    1       744   -7   -1   -3  -11  -15    6   -9   -5   -3   13   -6   11    2  -10  -13   10    9   13
    2    1   31    1    2   75    1    2    1       679   15   -3   -9  -14   12  -11  -16    3   -4    4   -3    7  -12   -7    0   14   -6    5
    2    1   32    1    1   83    1    1    1      1146   -9   -1   -2  -11  -13    6  -12   -5   -2   13   -8   15   -3  -15   -4    6   11   16
    2    1   33    4    2    3    2    2    1       759   14   -1   -9  -19   13  -13  -15    4   -5    4   -4    8  -12   -9    0   15   -6    7
    2    1   34    4    3    6    2    3    1       614   15    1  -13   -4  -15   -7  -15  -14  -12    1    7   -2    9  -10    4   15   -6    5
    2    1   35    4    2    2    2    1    0      1484    8   -6   -9  -15    7   -8  -21    8    3   11    6    3  -12   -8   -1   16   -6    7
    2    1   36    4    3    3    2    3    1      1164   16   -5  -13   -3  -13   -8  -14  -12  -12    3   10   -8    9  -12   -2   13   -7    6
    2    1   37    1    2    1    1    2    1       571   14   -2  -10  -14   12  -11  -10    4   -5    4   -2    7  -12   -7    3   15   -6    7
    2    1   38    4    1    4    2    1    1      1347   -8    0   -2  -13  -12    2  -11   -6   -4   14   -7   14   -5  -14   -5    7    9   13
    2    1   39    4    1    5    2    2    0      2697   -9    1   -3  -10   -9    8  -11   -5    0   15   -9   13   -3  -15   -3    5    7   11
    2    1   40    5    1    7    3    1    1      4506   -9    1    0  -10  -14    8  -14   -5   -2   16  -15   21   -3  -13    2   11    7   13
    2    1   41    1    1   15    1    2    0       977   -7    0   -1  -12  -14    6  -12   -5   -3   12   -8   14   -4  -14   -4    6   10   13
    2    1   42    5    1    1    3    1    1      2665   -9    3   -4  -20  -14    7   -9   -6   -4    9    2   13  -12  -23    1    6    9    8
    2    1   43    1    2   23    1    2    1       617   14   -3   -9  -13   17  -19  -15    3   -3    3   -3    7  -11   -7    0   16   -6    6
    2    1   44    4    1    2    2    1    1      1435   -6   -2   -1  -12  -15    6  -11   -7   -9   17   -6   14   -2  -16   -5    5    8   11
    2    1   45    1    1   34    1    1    1       846   -6    0   -2  -11  -13    5  -13   -4   -3   14   -8   15   -3  -14   -4    6   14   22
    2    1   46    1    3   42    1    3    1       903   15   -3  -12   -4  -13   -7  -14  -13  -11    1    7   -2    9  -11   -2   14   -6    7
    2    1   47    1    3   50    1    3    1       687   12   -5  -13   -4  -14   -6  -14  -12  -10    2    7   -3    9  -10   -2   14   -7    6
    2    1   48    5    3    3    3    3    1      1473   15   -6  -13   -6   -6    0   -6  -19   -1   10    2   -5    8  -11   -1   13   -9    6
    2    1   49    1    1   58    1    1    1      1203   -6   -1   -2  -11  -13    5  -12   -6   -2   13   -7   16   -4  -15   -3    5    8   11
    2    1   50    5    3    4    3    3    1      3167   14    3  -11   -5  -13   -6  -17  -22   -8   -2    5   -5   10  -21   -2   16   -6   15
    2    1   51    5    2    4    3    2    1      1055   19   -9  -10  -13   13  -12  -15   -6   -2    7    0    9  -10   -9    0   17  -11    2
    2    1   52    3    3    2    1    3    1      1603   14   -6  -12   -5  -13   -9  -14  -12   -9    1    6   -3    9  -11   -3   14   -1    1
    2    1   53    5    3    6    3    3    1      1089   18  -12  -12   -5  -17   -7  -18  -18  -11    4   11   -1   15  -10   -6   15   -5    8
    2    1   54    5    2    1    3    2    1      1442   23    1   -9  -12   14  -21  -14    1   -9    9   -2    6  -19  -13   -3   18   -6    5
    2    1   55    1    2   71    1    1    0      2471   14   -2   -9  -13   13  -10  -13    2   -5    3   -1   12  -12   -7    2   14   -6    7
    2    1   56    5    2    6    3    2    1       656   13   -3   -8  -12   11  -13   -7    9  -13   -3   -3    6  -21   -9    0   15   -9    7
    2    1   57    3    2    1    1    2    1       498   14   -2   -9  -14   11  -10  -14    3   -4    5   -2    8  -13   -7    1   15   -6    6
    2    1   58    4    1    1    2    1    1      1179  -11   -5   -2  -12  -11    9  -15   -1   -2   12   -6   13   -4  -14   -3    5    8   11
    2    1   59    5    3    7    3    2    0       808    7  -14  -19  -14  -13   -6  -10  -10    0    2   15    4   15   -9   -5   12   -5    6
    2    1   60    1    1   81    1    1    1      1333    3   -4    3   -9  -14    6  -12   -5    3    5   -8   15   -3  -14   -4    7    9   12
    2    1   61    3    1    3    1    1    1      1084   -8    0   -1  -12  -14    6  -12   -5   -2   13   -9   16   -3  -14   -4    6   10   14
    2    1   62    4    2    4    2    2    1      1532   13   -1   -5  -11   16   -7  -16    3  -10    1   -3    5  -11   -8   -1   16   -5    8
    2    1   63    1    1   84    1    1    1      1148   -4   -3   -2  -11  -14    7  -11   -4   -3   14   -8   15   -2  -15   -4    7    9   12
    2    1   64    5    2    8    3    2    1       746   13   -1  -12   -8   13  -11  -24    0   -3    5    6    1   -7    3   -1    9   -4    7
    2    1   65    1    2   27    1    2    1       841   14   -2   -9  -13   12  -11  -14    2   -4    4   -2    7  -13   -7    0   10   -6    6
    2    1   66    5    2    3    3    1    0      1492   11   -6  -10  -12   13  -12  -15    3   -9    7   -1    6   -8   -8    2   14   -3   14
    2    1   67    2    2    0    0    2    1       693   14   -2   -9  -13   12  -11  -14    2   -4    4   -2    7  -12   -7    1   15   -6    6
    2    1   68    5    2    9    3    1    0       982   14    0   -9  -12   14   -8  -16    9   -6    4   -7   10  -20    3    7   13  -14    3
    2    1   69    5    2    5    3    1    0      1196   11   -1  -15  -17   13  -10  -13   -3  -12   -1   -9    6  -16  -11    0   15   -7   -1
    2    1   70    1    3   64    1    3    1      1080   14   -6  -12   -4  -13   -7  -14  -13  -10    1    7   -3   10  -11   -2   16   -5    6
    2    1   71    3    3    1    1    3    1      1178   14   -6  -12   -4  -13   -7  -17  -19   -9    2    6   -2    7  -13   -2   14   -4    8
    2    1   72    3    3    3    1    3    1       554   13   -7  -12   -4  -12   -7  -14  -13  -10    2    8   -3    9  -12   -3   14  -11   12
    2    1   73    2    3    0    0    3    1       401   14   -6  -12   -4  -13   -7  -14  -13  -10    2    7   -3    9  -11   -2   14   -6    7
    2    1   74    1    3   63    1    3    1       384   13   -5  -12   -5  -14   -7  -14  -12  -14   -2    7   -3    9  -11   -2   14   -5    8
    2    1   75    1    2   51    1    1    0      1422   14   -2   -9  -13   13  -12  -14    2   -3    4   -2    7  -12   -7    1   15  -10    5
    2    1   76    1    1   10    1    1    1       639   -8   -1   -3  -10  -14    7  -13   -6   -5    9   -7   16   -2  -14   -4    6    9   12
    2    1   77    4    3    2    2    3    1      1202   18    0  -13   -4  -11   -9  -12  -12   -9    1   11  -12    8  -11   -1   13   -6    8
    2    1   78    1    1   86    1    1    1      1278    3    0   -2  -11  -14    6  -12   -7   -3   13   -8   15   -4  -13   -9   10    9   13
    2    1   79    1    3   38    1    3    1       647   14   -6  -11   -5  -13   -7  -14  -13  -10    2    7   -3    9  -12   -2   14   -5    8
    2    1   80    5    2    2    3    1    0      1611    5   -6   -7  -15   14  -11  -10   12   -1   -1   -3    7  -11   -6    0   14   -7   10
    2    1   81    5    1    2    3    1    1      1017   -6    0   -1  -11  -16    8  -14   -5   -6   11  -17   15   -2  -16  -12    7    6   13
    2    1   82    3    2    3    1    2    1       989   15   -2   -8  -12   12  -12  -14    2   -3    4  -10    2  -13   -4   -1   15   -6    6
    2    1   83    4    2    5    2    1    0      1236   23    4   -4  -12   12   -9  -14   11   -2    2   -1    6  -13   -6    0   16   -7    8
    2    1   84    4    3    5    2    1    0       670   16   -8  -17    0  -15   -5  -12  -12  -12    4    8   -4   14  -20    2   14   -7   12
