    1    1    1    1    2    8    2    1    0      4211   -7    8    8  -15   14    0   -2   -3  -13   16   15    9  -14  -14    0  -12  -10    5
    1    1    2    1    1    6    3    1    1      2170   15   13   12   -5    4    0  -11   10   -5    9   16    2  -20   -8  -14   11    0   14
    1    1    3    1    1    7    1    3    0      2383    6   15   17   -6    5    2  -10    9   -1   11   12   10  -10   -3  -13   11   -8   12
    1    1    4    1    1    4    1    2    0      2220    4   14   16   -6    4    3  -11    9    1   10   12    9  -10   -4  -13   11   -9   14
    1    1    5    1    3    2    2    3    1      1360   -2  -12   14   -5   14   -9   -6   11    2   -5  -10    6    7    8    6   -4   -4   -9
    1    1    6    1    2    4    1    2    1      1384   -5   10    6  -10   11    0   -8   -2  -12   12   14    7  -14  -13    0  -12  -11    6
    1    1    7    1    3    6    3    3    1      1550    5  -14    9  -10   17  -19   -2   11  -10   -3  -11    6    4   12    4   -4    2  -11
    1    1    8    1    2    1    1    2    1      1421   -5    9    7  -14   13    1   -2   -3  -12   12   14    6  -14  -13   -1  -12  -13    7
    1    1    9    1    2    2    2    1    0      2338   -5   10   17   -7    7   -3   -2    0  -13   13   14    6  -15  -12   -1  -13  -10   14
    1    1   10    1    1    3    3    1    1      1234    6   16   10   -9   15    1   -9    9   -3   14    9   13   -4    0   -8   15   -7   13
    1    1   11    1    3    8    2    2    0      1406    4  -15    8   -8   13   -8   -5   12   -2   -4  -10    8    7    9    5   -1   -2  -11
    1    1   12    1    3    1    1    3    1       884    3  -14    7  -15   14  -10   -6   13    5   -1  -10    7    6   11    9   -3   -2  -11
    1    1   13    1    2    6    3    3    0      1150    4    5    6  -18   14    2   -1  -12  -11   14   16    7  -15  -11   -1   -8  -10    6
    1    1   14    1    1    8    2    3    0      1486    6   16   17   -7    7    1   -9   10   -2   11   13    7  -13   -9  -14    2   -6   14
    1    1   15    1    2    5    2    2    1      1166    0    6    7  -16   13    3   -2   -2   -7    8   15    5   -4  -18   -7  -20   -7    4
    1    1   16    1    3    4    1    1    0      1132    2  -14   11  -11   14  -12   -6   12    0   -4   -5   -1    5   11    4   -6   -3  -10
    1    1   17    1    1    2    2    2    0      1803    3   11    7   -6    7    1  -15    2   -2   14   12    8  -10   -6  -14   12   -9   13
    1    1   18    1    2    3    3    3    0      1618   -9   19   12   -9   16    3   -8   -2  -10   23   10    4  -13  -16    2  -14  -15   13
    1    1   19    1    3    9    3    3    1       717    4  -15    7  -14   12   -9   -3   14    2    2  -14    5   14    2   -2   -6   -2  -11
    1    1   20    1    2    7    1    2    1       685   -6   10    7  -15   13    1   -3   -2  -13   13   15    6  -14  -12    1  -14  -12    7
    1    1   21    1    3    5    2    2    0      1184   -7   -7    8  -13   13  -10   -8   12    1   -4  -10    9    4   11    3   -6   -2  -17
    1    1   22    1    1    9    3    1    1      1196    7   14   18   -6    9   -1  -14   10   -2   20   14   10   -8   -4  -21   17   -1    9
    1    1   23    1    3    7    1    2    0      1625    1  -14    6  -13   12  -10   -6   12    0   -5   -9    6    6   10    3   -4   -3  -10
    1    1   24    1    1    1    1    1    1      1430    6   15   17   -6    5    3  -10    8   -1   12    6   18  -11   -3  -13   11   -8   13
    1    1   25    1    1    5    2    3    0      1082    7   16   14  -15    4    3   -4   19    2   17   12   19   -7   -2  -14   11  -10   15
    1    1   26    1    2    9    3    2    1       588   -6    9    8  -14   17   -2    0   -3  -12   14   15   12  -10   -9    0  -14  -10    5
    1    1   27    1    3    3    3    1    0       528    0  -14    8  -15   12  -11   -8   11    6   -1   -8    7    3   12    7   -4   -3  -11
    1    2    1    1    3   10    1    1    0      1783   -6  -10    6  -14   12  -11   -6   10    0   -6   -9    9    6    9    4   -6   -3  -10
    1    2    2    1    1   18    3    2    0       924    6   16   19   -5    6    2   -7   19    1   15   12   10  -11   -3  -14   15   -7   12
    1    2    3    1    2   13    1    2    1       338   -5    9   11  -15   12    2    2   -3  -12   14   15    6  -14  -13    1  -12  -12    7
    1    2    4    1    1   14    2    3    0       177    7   15   14   -7    4    2   -9    8   -1   14   15   15  -11   -5  -14   10  -14    3
    1    2    5    1    1   17    2    3    0         0    7   14    8   -6   10   -2  -12    8   -2   11   21    4  -10   -3  -12   11   -8   14
    1    2    6    1    2   16    1    3    0       357   -6   10    6  -14   12    2    2   -4  -13   13   15    6  -14  -13    0  -13  -13    7
    1    2    7    1    1   11    2    3    0       308    5   15   18   -8    7    3  -15   15    1   13    7   17  -12   -3   -6   12   -9   11
    1    2    8    1    2   12    3    3    0         0   -7    8    4  -11   13    2   -8   -2   -3   20    6   16   -5   -8    2  -14  -13    8
    1    2    9    1    2   10    1    3    0       255   -5    9    8  -13   12    2   -3   -2  -15    8   15    6  -15  -13    0  -14  -13    6
    1    2   10    1    3   15    3    3    1       322    6  -18   13  -19   15  -11  -11   11   -5   -1  -13   15    0    7   14    4   -1  -16
    1    2   11    1    3   17    2    2    0       257    3  -12    7  -12   12  -11   -5    8    0   -3   -8    9   14    6    4   -4   -1   -8
    1    2   12    1    1   16    1    1    1         0    7   15   16   -6    3    0  -10   10    0   12   11    7  -10   -4  -14    5   -9   12
    1    2   13    1    2   11    2    1    0        52   -6   11    5  -15   13    0   -3   -4  -22   21    6    7  -13  -13   -1  -11   -9   14
    1    2   14    1    3   14    2    1    0       413    2  -16    5  -15   11   -9   -4   14    0   -2  -11    7    6   10    3   -2   -1  -15
    1    2   15    1    3   16    1    1    0       361    3  -14    6  -13   12  -10   -6   12    0   -4  -11   11    4    5    5   -5   -3  -11
    1    2   16    1    2   18    3    2    1         0   -8   10    7  -10   12    1   -2   -2  -12   12   15    4  -19   -8   -4   -9  -13    7
    1    2   17    1    2   14    2    2    1       211   -7    9    8  -19   13    2   -4   -1   -3   20   15    7  -15  -12   -3  -17  -14   14
    1    2   18    1    1   12    3    1    1       182   10   10   11   -6    7    2  -15    9    0   14   11    8  -10   -3  -14   12   -6   12
    1    2   19    1    2   15    3    3    0       300  -11   13    5  -12   16    3   -5   -4  -13   11   23    8  -13  -14  -10  -18   -7    3
    1    2   20    1    1   15    3    2    0       475   15    9   11   -2    6   -2  -20   10    9   20   13    1   -6   -8  -11   12   -7   14
    1    2   21    1    3   13    1    1    0      1301    2  -15    6  -13   12  -10   -5   13    0   -4  -10    7    6    9    5   -5   -3  -10
    1    2   22    1    3   18    3    1    0       767    2   -9   -3   -7   11  -12   -6   10    9   -9  -11    9    7   12   -1   -8   -7   -7
    1    2   23    1    1   13    1    2    0       510    6   15   16   -6    5    2  -10    9   -2   13   11    9  -11   -3  -14   12   -8   13
    1    2   24    1    2   17    2    2    1       167   -1   11    7  -15   10    0   -4   -2  -13   10   15    5  -13  -12    1  -15  -14   13
    1    2   25    1    3   12    3    1    0       221   12  -23    1   -9    5  -16  -10   15   -9   -9   -7    9    3    8    6   -4   -8  -14
    1    2   26    1    1   10    1    3    0       545    5   17   16   -6    5    2  -10    8    1   12   19    5  -11   -5  -14   10   -8   14
    1    2   27    1    3   11    2    1    0       263    8  -18    1  -11   11  -10   -8   12   -4   -9   -8    5    7   14    5   -5   -1  -12
    1    3    1    1    1   19    1    1    1      1129    6   15   15   -5    0    1  -10   10   -1   13   11   10  -10   -5  -13   11   -8   13
    1    3    2    1    1   23    2    2    0      1641    6   14   17   -7    2   -2  -14   15    1   11   12   10   -9   -4  -13   13   -9   14
    1    3    3    1    1   22    1    2    0       502    5   15   14   -5   10   -1  -11    8   -2   11   12    9  -10   -5  -15   10   -9   12
    1    3    4    1    1   20    2    1    1        31    6   16   16   -7    5    3  -10    7    1   14   12    5  -11   -3  -14   10   -6   13
    1    3    5    1    2   21    3    1    0       314  -13    9    7  -16   18   10   -1   -4  -12   16   17    3  -13  -17   -5  -12  -15   10
    1    3    6    1    2   22    1    3    0       170   -4    8    8  -16   11    2   -2   -2  -17   20   15    5  -14  -12   -1  -14  -12    7
    1    3    7    1    2   27    3    2    1       109    5    3   -2  -21   11    2   -8   -6   -5   21   16    5  -15  -15    8  -17  -11    7
    1    3    8    1    2   24    3    2    1       150    1    4    2  -12   11    4    4   -3  -10   15   15    7  -13  -14    1  -10  -12    6
    1    3    9    1    1   24    3    2    0        76   11   13   17   -6    3    3  -18   16    8   19    7    7   -9  -11  -13   12  -11    3
    1    3   10    1    1   21    3    3    0         0    5   14   18   -9    4    3  -12    9   -5   15   13    9  -12   -3  -11   11    2    7
    1    3   11    1    3   27    3    2    0       457    4  -10    1   -7    8  -15   -4   15    2   -2  -11    7    8   10    3   -5   -4  -10
    1    3   12    1    3   26    2    1    0      5028   -6  -23    5  -14   14  -14   -7   13    1   -5   -8    7    1   14    5   -3   -3   -6
    1    3   13    1    2   19    1    3    0      3337   -5    8    7  -14   13    2   -4   -1  -12   12   14    7  -13  -14    0  -12  -16    9
    1    3   14    1    3   19    1    2    0       479   12   -8    6  -13   13  -12   -9   12    0   -4  -10    8    4    9    4   -6   -3  -10
    1    3   15    1    2   23    2    1    0       535   -5    8    7  -13   12    3    2   -3  -12   14   14    4  -14  -14   -2  -13   -7   11
    1    3   16    1    3   25    1    2    0       272    3  -14    6  -14   13  -11   -6   12    0   -4  -11    6    5    8    5   -6   -3  -10
    1    3   17    1    1   26    2    2    0         0    6   16   17   -4    2   -3  -11    6   -1   13   21   11  -19   -2  -17   12   -8   14
    1    3   18    1    3   22    1    1    0         0    3  -14    6  -15   12   -9   -6   12   -2   -3  -10    7    5   10    3   -5   -3  -10
    1    3   19    1    1   27    3    3    0       319   11   16   21   -5    7    0   -9    9   -1   13   17    9  -10   -5  -14   12   -6   13
    1    3   20    1    1   25    1    1    1       221    7   16   16   -5    6    3  -10    9   -5   17   13    8   -9   -3  -13    2   -8   12
    1    3   21    1    2   26    2    2    1        80   -5   10    9  -10   13    3   -5   -4  -12   14   15    4  -15  -12    4   -9  -15    8
    1    3   22    1    2   20    2    3    0        71  -11    1    6  -13   12    3   -6   -2  -10   14   14    7  -12  -13    1  -12  -13   15
    1    3   23    1    2   25    1    2    1         0   -5   10    7  -14   12    2    2   -4  -13   13   14    7  -14  -13    0  -13  -12    7
    1    3   24    1    3   20    2    1    0       305    2  -14    7  -14   13  -10   -8   11   -2   -5  -11    8    4   10    5   -5   -5   -8
    1    3   25    1    3   23    2    3    1         0    3  -15    6  -15   11  -12  -14   10   -4   -2   -9    7    5   11    5   -4   -1   -9
    1    3   26    1    3   24    3    2    0       320   -1  -16    5  -12   12  -11   -3    7    1   -9  -13    5    6   10    3   -5   -4   -9
    1    3   27    1    3   21    3    1    0       242   -4  -21    1   -9   11   -9   -7    2    4  -12    0    3    4   11    0   -3   -5  -12
    1    4    1    1    2   35    2    1    0      1027   -4    9    9  -15    9    2   -5    0  -12   14   16    6  -15  -15    1  -12  -13    7
    1    4    2    1    3   32    2    1    0         0    4  -15    7  -14   13  -11  -15   14    1   -6  -11    7    4   12   -1    0   -4  -10
    1    4    3    1    2   33    3    1    0       193   -3    0    7  -15    9    9    2    1  -11   12   18    4  -14  -11    0  -15  -11    8
    1    4    4    1    1   36    3    2    0       215    7   16   20    1   11   -4  -11   11   -2   11    3   -1  -18    3  -13   13    0    7
    1    4    5    1    2   36    3    2    1       443   -9   18    7  -12   22   10   -2   -3  -21    4    6   16  -12  -14    0  -12   -8    5
    1    4    6    1    3   33    3    3    1         0    2  -14   -4   -6   12  -11  -10   11   -1   -2  -15    5    4   10    4   -6   -1   -9
    1    4    7    1    3   31    1    1    0       309    3  -14    6  -14   12  -11   -6   12   -1   -3  -10    8    6    9    4   -5   -3  -10
    1    4    8    1    1   31    1    3    0       296    6   15   16   -8    5    2  -10    9   -3   12   12    9  -11   -5  -12   13   -9   12
    1    4    9    1    1   32    2    2    0       295   12   14   14   -4    1    3  -12   10   -3   12   14    7  -10   -5  -11   15   -7   14
    1    4   10    1    3   35    2    1    0         0    3  -13    8  -15   11  -11   -7   14    0   -5  -10    8    1    9    4   -4   -5  -12
    1    4   11    1    2   28    1    2    1       315   -5    9    8  -11   11    2   -3   -2  -13   12   14    6  -13  -14    0  -12  -11    6
    1    4   12    1    1   35    2    2    0        90    8   13   15   -4    7    2   -9   10    0   13    9   10  -10    0  -15   11   -7   13
    1    4   13    1    1   28    1    1    1       338    6   15   15   -5    6    3   -9    8   -1   13   11   10  -10   -4  -13   11   -8   13
    1    4   14    1    3   29    2    2    0       273    4  -14    9  -15   13  -11  -10   15    2   -5  -10    6    7    8    2   -1   -3   -9
    1    4   15    1    3   34    1    2    0        50    3  -13    6  -14   11  -10   -5   12    0   -4  -10    7    5    9    4   -5   -2   -9
    1    4   16    1    1   30    3    1    1        42    3    8   21   -3    0    3   -8    8   -7   19   13    7  -20  -12  -14   11  -10   15
    1    4   17    1    1   29    2    2    0        35    5   11   18   -8    3    2  -10    8    1   11   10   10   -8   -3  -14   12   -8   15
    1    4   18    1    2   34    1    2    1         0   -4    8    6  -15   13    1   -3    0  -12   13   15    6  -14  -12    1  -13   -5    2
    1    4   19    1    3   36    3    3    1         0    3  -13   15  -10   16   -6   -1   10   -1   -3  -11    7   10    9    4   -7   -5   -9
    1    4   20    1    1   34    1    3    0       357    6   15   16   -7    5    3  -10   10   -1   12   12    9  -10   -3  -13   12   -9   14
    1    4   21    1    1   33    3    3    0         0   -2   23   17   -7    5    0  -16    9   -6    4   15    5   -8    6  -13   12   -8   12
    1    4   22    1    3   30    3    1    0         0    3  -13   13  -18   16  -11   -9   14   -7   -2   -7   15    3    5    3   -5   -1   -8
    1    4   23    1    2   32    2    2    1         0   -6   10    7  -15   14    2    7  -10  -14   11   14    7  -15  -13    1  -13  -11    6
    1    4   24    1    2   31    1    1    0       634   -5    9    7  -14   12    2   -2   -1  -13   13   15    6   -9  -13   -1  -12  -12    8
    1    4   25    1    3   28    1    2    0       317    3  -14    7  -14   12   -9   -6   13    0   -4   -5    9    5   10    3   -5   -3  -11
    1    4   26    1    2   30    3    3    0       364   -4    8    7  -12   11    4   -5   -2  -14   14   18    4   -9  -18    5   -9  -13    7
    1    4   27    1    2   29    2    2    1         0   -2    7    6  -14    9    3   -5   -4  -16   13   14    7  -14  -12    0  -15  -13    7
    1    5    1    1    3   38    2    2    0       696    2  -14    5  -12   14  -11   -7   14   -4   -2   -9    9    4   10    5   -4   -4  -10
    1    5    2    1    3   41    2    2    0         0    3  -20   -3  -19   13  -11   -4   13    2    0  -11    8    6   10    4   -6   -2  -11
    1    5    3    1    1   42    3    1    1       326   16   21   17   -5    5    4  -13   -1    2   17   11   10   -5   -2  -14   12   -2    3
    1    5    4    1    1   39    3    1    1         0    3   18   20   -6    9    3   -9    9   -2   13   16    6   -9   -3  -18   12   -8   14
    1    5    5    1    2   41    2    2    1       359   -7    9    7  -12   15    1   -4    0  -12   18   16    6  -14  -12   -2  -12  -11    6
    1    5    6    1    2   39    3    1    0       438   -8   11    6  -13   10    5   -9   -5   -8    6   20    5  -13  -11    5  -19  -13    8
    1    5    7    1    1   37    1    3    0       192    6   15   16   -6    5   -1  -10   10   -1   12   10    9  -12   -9  -14   11   -8   13
    1    5    8    1    2   43    1    1    0        98   -5    9    6  -13   11    3   -3   -2  -13   13   17    4  -14  -13   -1  -13  -11    6
    1    5    9    1    3   42    3    3    1        60   -1  -13    5  -12   21   -8   -5   16    0   -3   -4   10    4    6   -5    2   -3  -11
    1    5   10    1    1   43    1    1    1       194    7   16   16   -5   -3   10  -10   10   -1   12    8    7  -11   -5  -13   11   -8   13
    1    5   11    1    2   45    3    1    0       198   -5    7    6  -13   11    2    1   -1  -13   12   24    9  -12  -16   -1  -15  -21   -1
    1    5   12    1    1   45    3    1    1       491    8   20   17   -7    6    5  -19    2    4   11   12   10  -11    0  -12   10   -7    7
    1    5   13    1    2   44    2    3    0       292   -4    9    8   -9    9    3   -4   -1  -12   12   15    7  -13  -13   -1  -12  -19   -2
    1    5   14    1    3   40    1    3    1       498    0  -11    5  -14   13  -10   -7   11    0   -4  -10    7    4   10    4   -5   -3  -10
    1    5   15    1    3   43    1    2    0       296    3  -14   11   -8   11  -12   -6   13    0   -4   -9    7    6   10    4   -5   -2  -10
    1    5   16    1    3   37    1    1    0         0    3  -14    6  -14   12  -11   -7   11    0   -4  -10    7    1   12    4   -5   -3  -10
    1    5   17    1    2   38    2    1    0      1110   -5   10    6  -14   12    3   -3    7  -21   12   15    7  -12  -13   -4   -9  -12    8
    1    5   18    1    1   38    2    3    0       696    1   20   14   -4   -5    0  -10    8   -1   13   11   11  -11   -4  -13   10  -12   16
    1    5   19    1    3   39    3    1    0       182    2  -13   -4  -21    5  -18   -7   13    2   -1  -10    8   -3    1    6   -5   -1  -12
    1    5   20    1    2   37    1    2    1       155   -5    9    7  -14   12    1   -8    3  -13   14   21    4  -14  -13    1  -13  -12    6
    1    5   21    1    2   40    1    3    0       127   -5    9    7  -15   11    2   -3   -2  -12   13   15    6  -13  -14    0  -13  -11    6
    1    5   22    1    3   44    2    1    0       278    2  -13    7  -12   10  -10   -7   13   -1   -5  -10    8    5   11   -6   -3   -9   -9
    1    5   23    1    2   42    3    2    1       103    3    9    7  -13   13    3   -1    2  -10   14   24   -4  -17  -10    0   -8  -11    8
    1    5   24    1    1   41    2    3    0       302    4   14   19    4    7    0   -6    7   -2   13   13    8  -10   -6  -13   10   -8   12
    1    5   25    1    1   40    1    1    1       350    7   15   16   -6    5    3  -10    9   -1   13   13    9  -10   -8  -13    1  -10   12
    1    5   26    1    3   45    3    2    0       364   -3  -19   -3   -9   12   -9   -5   16    5    0   -3    5   -5    2   -1   -8   -2  -12
    1    5   27    1    1   44    2    1    1       460   14   19   15   -5    8   -1  -11    9   -2   11   11    8  -10   -3   -4    7   -8   14
    1    6    1    1    3   50    2    3    1       613    4  -12    6  -17   11   -9  -15    9   -2   -9   -6    8    4   10    5   -6   -7  -14
    1    6    2    1    3   47    2    3    1       296   -1   -7    5  -13   14   -8   -8   10    1   -3   -9    8    7   10    5   -6   -2  -11
    1    6    3    1    2   46    1    2    1       325   -5   10    6  -15   17    4   -2   -1  -12   13   15    6  -15  -14    2  -11  -11    6
    1    6    4    1    2   50    2    2    1       226   -2   19   12  -12   11    0   -1    0   -7    8   23   14  -19  -21    3  -19  -10    9
    1    6    5    1    3   54    3    1    0       166    2  -11   11  -18    8   -5   -6   11   -2   -4   -8    3    6   10    7    1  -10   -5
    1    6    6    1    1   50    2    1    1        73    1   16   17   -6    5    1   -8   10   -2   12   14    7  -11   -3  -12    8   -4    9
    1    6    7    1    3   48    3    2    0        81    3   -7   12   -4   20   -9    3   19    0   -2    0    6   10    6    7    0   -4  -11
    1    6    8    1    2   54    3    1    0       329   -6   10   -1  -12   12    3   -1   -4  -10    5   15    0  -15  -14    1  -22  -21    7
    1    6    9    1    3   52    1    1    0         9    3  -14    6  -14   11   -9   -6   12   -1   -4  -10    7    4    8    3   -5   -3  -11
    1    6   10    1    2   51    3    1    0         0   -6    8    8  -12   16   -2   -4   -2  -17    6   13    1   -4  -12   -9  -20  -19   16
    1    6   11    1    2   52    1    1    0       450   -4    8    7  -15   14    1   -3   -2  -13   14   15    7  -14  -14    0  -13  -13    6
    1    6   12    1    2   47    2    1    0         0   -7   13   10  -22   11    3   -7   -9  -13   12   15    7  -15  -12   -2  -14  -10    6
    1    6   13    1    3   46    1    1    0       315    4  -19    6  -14   12  -10   -6   12    0   -4   -9    6    6   11    5   -5   -3  -10
    1    6   14    1    2   48    3    1    0       331   -4    8    5   -4   14    3   -1   -2  -13   13    7   14   -5   -9   -2  -17  -19   15
    1    6   15    1    1   54    3    1    1       203    6   10   18   -2   -3   -8  -14   19   -4    8   10   11  -18  -11  -16    9   -8   14
    1    6   16    1    1   53    2    1    1       560    6   14   17   -6    0   -6  -10   10   -2   14    4   -1  -19    6  -10    7   -8   18
    1    6   17    1    2   49    1    1    0       295   -5    9    7  -13   12    4   -3   -2  -12   13   14    7  -14  -14    9   -4  -12    7
    1    6   18    1    1   46    1    2    0       199    7   15   17   -7    5    2  -10    9    0   11   12    8  -11   -3  -13   11   -8   14
    1    6   19    1    3   49    1    1    0       331    2  -14    6  -14   12  -10   -6   12   -1   -3  -10    7    4    9   14   -5   -3  -10
    1    6   20    1    2   53    2    2    1       395   -4   10    6  -12   13    1   -5   -3   -2   12   13    8  -16  -15    0  -14  -11    6
    1    6   21    1    1   51    3    3    0       310    9   11   16   -5    9    2  -10    8    8   21   16    7  -13   -1  -21    4   -6   14
    1    6   22    1    1   47    2    1    1       214   13    7   17   -5    5    1   -7   12   -3   14   12   11   -5   -2  -12   10   -6   20
    1    6   23    1    3   53    2    2    0       344    2  -16    5  -12   10  -11   -6   11    1   -2   -8    6    3   12    3  -10   -2  -11
    1    6   24    1    1   49    1    3    0       150    6   14   16   -7    6    2  -11    9   -1   12   12    9   -6   -7   -9   11   -6   13
    1    6   25    1    1   48    3    1    1       298    1   14   16   -7    4    5  -10   11    1   10   12   14   -9   -5   -4   13   -7   10
    1    6   26    1    3   51    3    1    0       362   11  -20    7  -16   11  -10   -7    6   -4   -1  -10    6    3    9    6   -1   -2  -10
    1    6   27    1    1   52    1    2    0       293    7   14   17   -7    5    2  -10    9   -1   12   13    8   -9   -5  -15   12   -8   13
    1    7    1    1    3   57    3    1    0      1572   -2  -12   12   -5    9   -5   -7   13    0   -6  -12    9    7    7    6   -2    7  -17
    1    7    2    1    3   56    2    3    1       207    8  -10    4  -14   13  -11   -9    9    2   -3  -11    8    5   12    3   -5   -4   -9
    1    7    3    1    1   62    2    2    0         0   -1   18   14   -4    6    1   -8   10   -1   11   11    9   -3  -14  -12   12    0   21
    1    7    4    1    2   63    3    2    1       207   -4   11    7  -12   13    2   -4   -2  -11   10   10    2  -14  -23    1  -14  -11    6
    1    7    5    1    3   62    2    2    0         1   -1  -19    8  -16   12  -11   -7   13   -1   -2   -5    8    5    9    3   -7   -3  -12
    1    7    6    1    1   61    1    2    0      3345    6   15   16   -6   10    4   -8   10   -1   12   12    9  -10   -3  -13   11   -8   13
    1    7    7    1    2   55    1    3    0       297   -5   10    8  -14   12    2   -4   -3  -12   12   14    6  -14  -13   -7  -15  -11    9
    1    7    8    1    3   60    3    1    0      2362    3  -20    7   -9    5   -8   -3    7    1   -6   -8    9    1   11   -5    3   -5   -9
    1    7    9    1    1   55    1    2    0      1099    6   15   16   -6    6    2  -11   11   -3   21   13    9  -10   -4  -15   11   -8   12
    1    7   10    1    3   55    1    2    0       489    1  -15    6  -14   12   -9   -6   12    0   -4  -10    8    5   11    3   -5   -4  -10
    1    7   11    1    1   63    3    3    0      1089    5   20   16   -5    8   -5  -10   11   -5   10   17    5  -10   -5   -6    1  -12   13
    1    7   12    1    2   57    3    1    0       305    4    2   -3   -8   11   -2   -1   -5   -7    6   18    6  -13  -13   -9   -3  -11   10
    1    7   13    1    3   61    1    2    0       257    3  -15    1  -17   12   -9   -7   13    0   -3  -11    8    5    9    3   -6  -10   -6
    1    7   14    1    2   58    1    3    0       500    1   14    7  -14   12    2   -3   -1  -12   13   12   10  -13  -12    1  -14  -12    8
    1    7   15    1    2   56    2    2    1       204   -5   11    5   -4   12    3   -3   -3  -14   15   17    6  -16  -17    5   -9  -14    7
    1    7   16    1    1   60    3    3    0       255   10   14   17   -6    9   -6   -9    9    5   20   12   10  -19  -12  -23   18  -17   16
    1    7   17    1    1   59    2    1    1       289    6   14   16    3    5    1  -12   11   -2   11   14   16   -9  -13  -14   12   -9   11
    1    7   18    1    2   61    1    2    1        15   -6   10    7  -14   12    1   -3   -2  -13   14   17    4  -14  -13    5  -11  -13    7
    1    7   19    1    1   56    2    1    1       409    4   15   17   -8    5    4   -8    7    0   14   10   11  -10   -5  -10   13  -16   12
    1    7   20    1    1   58    1    2    0       293    5   16   17   -7    5    2  -12    9    0   12   12    9   -9   -6  -13   11   -8   13
    1    7   21    1    3   59    2    1    0       326    2  -15    8  -14   13  -10   -7   13    0   -2   -9    6    7   10    1   -6   -5  -15
    1    7   22    1    1   57    3    3    0       343   16    5   10   -1    5    3  -15   17    5   18   16    9   -6    2  -12   15  -17   10
    1    7   23    1    3   58    1    2    0       403    3  -14    9  -13   10  -10   -6   12    0   -4  -10    7    4   10    4   -5   -3   -9
    1    7   24    1    2   59    2    3    0      3710   -5    7    6  -14    9    5   -2   -4  -11   13   20    3  -17  -10   -1  -13  -17   13
    1    7   25    1    2   60    3    2    1      1557   -3    5   -2   -4   18   -5   -9   -5   -7    7   11    9  -19  -13    1   -8  -15   12
    1    7   26    1    3   63    3    3    1      1027   12   -5    6   -6   13  -17   -3    5   -2   -3   -9   -3    9    9    1   -6    0  -17
    1    7   27    1    2   62    2    1    0       756   -6    9    9  -14   11    3   -3   -3  -11   15   10    8  -16  -14   -5  -11   -9    9
    1    8    1    1    3   66    3    3    1       817    6  -16   10  -20   19   -1   -4   13   -4  -10   -8    6    5    9    6  -11    0   -6
    1    8    2    1    3   69    3    3    1       778    2  -16    7  -12   13   -9   -6   20    0   -3  -14    4    0   11    5   -5   -2  -17
    1    8    3    1    3   64    1    2    0      1254    0   -9    5  -14    6  -17    0    2    0   -4  -10    6    5   10    5   -6   -3  -10
    1    8    4    1    2   70    1    2    1       497   -5    9    7  -15    4    9   -3   -2  -12   13    6   16  -14  -13    0  -14  -12    7
    1    8    5    1    2   71    2    1    0       920    2   15    8  -14   18    1    2   -6  -12   12   14    7  -14  -11    0  -14  -10    3
    1    8    6    1    2   68    2    2    1       543   -4    8   16  -15   11    3    2   -7  -12   14   15    7  -16  -12  -10   -5  -12    8
    1    8    7    1    1   66    3    1    1       886   11   11   11   -7    5   -2   -4   14    0    8   13   13  -12    0  -16   12  -16   17
    1    8    8    1    2   72    3    2    1       672   -9   11   -2  -16   13    1   -2   -3   -3   12   14    7   -9  -10    1  -11  -11    7
    1    8    9    1    3   65    2    3    1       736    2  -15   -1  -19   10   -9   -7   13    1   -2  -11    7    4    6    3   -5   -3  -11
    1    8   10    1    3   72    3    3    1       654    8  -19   16  -15   12    0    1   12   10    3   -8   15   -1    7    6   -4   -4   -9
    1    8   11    1    1   64    1    2    0       622    6   14   16   -5    4    3  -10    9   -1   12   12   10  -10   -4  -14   10  -10   14
    1    8   12    1    1   65    2    1    1       979    4   15   21   -1    4    3   -8    7   -5    9   13   10  -10   -5  -13    9   -5   18
    1    8   13    1    1   72    3    2    0      1400   16    5   15  -10   -4    5   -8    7    0   13   14    7   -9   -4   -6    1  -13    9
    1    8   14    1    1   70    1    2    0       845    6   15   14   -7    6    2  -11   10    0   12   12    9  -10   -4  -12   12   -8   12
    1    8   15    1    1   68    2    1    1       473    5   16   17   -6   -3   12   -9    7    1   10   12   11   -5   -4  -13   10   -6   12
    1    8   16    1    2   65    2    1    0       612   -6    9    8  -12   11   -6    2    1  -11   12   15    7  -12  -11   -1  -13  -10    8
    1    8   17    1    3   70    1    2    0       456    3  -14    6  -14   12  -10   -5   11    0   -5  -10    6    6   10    8  -10   -8   -5
    1    8   18    1    2   66    3    2    1      1060   -4    8    8  -15   16   -8   -1    2  -17   22   17    5  -15  -13   -7   -9  -17    4
    1    8   19    1    3   71    2    3    1       696    5  -12    6  -15   11  -10   -6   14    4   -3  -10    8    6   10    5    0    1   -2
    1    8   20    1    1   71    2    1    1       586   15   18   21   -8    3    6   -9    9   -1   11   14    8  -12    1  -15   13   -8   14
    1    8   21    1    2   67    1    2    1      1455   -5    9    8  -14   12    2   -3   -2  -13   13   17   11  -21  -22    1  -13  -13    8
    1    8   22    1    3   67    1    3    1       658   -1  -13   -3  -24   13  -10   -6   12    1   -3  -11    8    5    9    4   -5   -3   -9
    1    8   23    1    2   64    1    1    0       724   -5    9    6  -15   15    7   -3   -2  -14   13   14    2  -12  -13    0  -14  -12    7
    1    8   24    1    1   67    1    2    0       406    7   14   16   -6    6    1  -10   10   -1   11   12    9  -11   -3  -14   11   -5   14
    1    8   25    1    1   69    3    1    1       899    5   16   15   -6    5    3   -5    7   -6   13   14   10   -8    1  -10   20   -9   12
    1    8   26    1    2   69    3    2    1       540   -7   13    6  -16    3    8   -8   -5   -2   22   13    6  -15  -14    3   -8  -10    1
    1    8   27    1    3   68    2    3    1       485    4  -14    7  -15    4   -1   -7   12   -8    0  -10    4    3   11    3   -4   -4  -12
    1    9    1    1    1   76    1    1    1      1517    6   16   16   -6    5    2  -10    9    0   11   12    9  -11   -3  -13   10   -7   12
    1    9    2    1    2   81    3    2    1       830   -6    5    7  -23   13    4   -5   -4  -19   16   14    7  -22  -10   -5   -9   -9    9
    1    9    3    1    1   73    1    3    0       586    5   14   16   -6    5    2  -10   10   -1   12    3   18   -9   -3  -13   11   -8   13
    1    9    4    1    1   81    3    2    0       414    8   15   21   -9    2    1  -14    9   -9   18   11   10  -19   -2   -9   11  -17   19
    1    9    5    1    3   80    2    1    0       298    3  -15    7  -15   11  -11   -6   14   -2   -4  -10    6    3    9    4   -6   -1  -10
    1    9    6    1    2   76    1    3    0       332   -5   10    6  -15   13    2   -5   -2  -12   12   15    6  -14  -23   -1  -13  -13    8
    1    9    7    1    1   79    1    2    0       266    6   16   15   -6    5    2  -10    9   -1   12   12    8  -10   -4  -12   12   -8   13
    1    9    8    1    3   79    1    1    0       220    3  -14    6  -14   11   -9   -6   11    1   -3   -9    8    4   10    4   -4   -3  -10
    1    9    9    1    3   81    3    1    0       384    5  -18   -1  -16    8   -1   -3   12    1   -4  -17    3    6   15   12    1    2   -7
    1    9   10    1    2   78    3    2    1       106  -13   15   11  -12    8    4   -8    1  -16   11   20   13   -9  -10    1  -13  -13    7
    1    9   11    1    3   75    3    2    0         0    1  -19    5  -13   19    0  -15   22    1  -10  -16   12   12   14   -1   -2   -5   -7
    1    9   12    1    3   74    2    2    0       638    4  -11    0  -17    5  -20   -7   12    6  -13  -10    5    5   12    4   -4   -3  -12
    1    9   13    1    1   78    3    1    1       210   -1    9   14   -8   -5    7   -4   13   -5   15   12    7  -10   -5  -16   20  -12   21
    1    9   14    1    1   77    2    1    1       468    7   17   15   -5    4    4  -11    9   -5   15   15    9   -9   -2  -13   13   -6   13
    1    9   15    1    3   78    3    2    0       347    9   -4    7  -18   11  -12   -7   12    3   -3   -9    9   -3    1    4   -7   -9  -14
    1    9   16    1    3   73    1    3    1       280    2  -14    6  -13   13  -11   -6   12   -1   -3  -10    7    5   10    5   -6   -3  -10
    1    9   17    1    1   74    2    2    0       519    7   17   17   -6    4    1  -12   10   -3    7   12   10  -11   -4  -19   13  -12   21
    1    9   18    1    2   79    1    1    0       302   -6   10    8  -15   11    2   -3   -2  -12   12   15    6  -14  -13    1  -13  -12    7
    1    9   19    1    2   80    2    3    0       237  -11    9    7  -15   14   -6   -3    1  -12   12   13    6  -14  -12    0  -12  -16   -2
    1    9   20    1    2   74    2    2    1       334  -15    5    8  -13   11    0   -5   -5  -12   14   15    7   -8  -22   -2  -12  -11    9
    1    9   21    1    1   80    2    1    1       397    7   14   17   -6    6    2  -11   11    0   10   12    8  -11   -6   -3   15   -5    9
    1    9   22    1    2   73    1    2    1       344   -5    8    7  -14   12    2   -3   -2  -13   14   15    5  -13  -13   -1  -13  -12    7
    1    9   23    1    3   77    2    3    1       309    3  -13    8  -14   11  -11   -9   15   -1   -3   -5   -1    4   11    5   -7   -1  -12
    1    9   24    1    2   75    3    1    0       373   -6    9   10   -9   18   -2   -5    1   -4   20   20    9  -13  -13    0  -14   -9    8
    1    9   25    1    3   76    1    2    0       274    4  -14    5   -6   11   -9   -6   12    0   -3   -9    6    5   10   13    1   -3  -11
    1    9   26    1    1   75    3    2    0       305   14    9   15   -7   11    3  -11   10   -6   15   17    7   -9   -4  -19   20   -6   10
    1    9   27    1    2   77    2    2    1       223   -6    8    4  -17   11    2   -3   -3  -14   15   22   -1  -15  -12   -2  -15  -13    8
    1   10    1    1    1   83    2    1    1      5776    4   17   17   -7    5   -2  -11    8   -2   10   14   14  -10   -5  -11   13   -6   12
    1   10    2    1    2   87    3    2    1       259   -4    9    2   -9   16    2    4   -3  -12   11   23   16  -13  -13   -5  -16   -8    7
    1   10    3    1    1   85    1    3    0       231    6   14   15   -5    5    3  -10    9    0   12   15    3  -11   -6  -13   11   -4   10
    1   10    4    1    2   89    2    3    0       330   -9   19    7  -15   12   -7   -1   -1   -3    8   17    6  -11  -12   -1  -13  -10   15
    1   10    5    1    2   88    1    2    1       169   -6   10    7  -13    8    2   -2   -2  -13   14    5    3  -13  -14   -1  -12  -22    8
    1   10    6    1    2   83    2    1    0       464   -5    8    7  -15   11    0   -3   -4  -13   13   16    5  -13  -12   -1  -12  -13    8
    1   10    7    1    3   89    2    3    1       201    8  -17   11  -14    4   -2   -9   12    0   -2  -13    2   -3   19    3   -5  -12    0
    1   10    8    1    3   82    1    2    0       331    5   -7    6  -15   11  -10   -6   12   -1   -5  -10    5    0   12    4   -5   -4  -11
    1   10    9    1    3   87    3    1    0       298   -3  -10    5  -12   13   -8   -7   12   -6   -9   -9    8    7   19    6   -7   -7  -13
    1   10   10    1    2   86    2    2    1       218   -6   10    8  -13   12    3    0   -6   -9   11    7   16  -13  -13    0  -15  -16    9
    1   10   11    1    3   86    2    3    1       300    1  -15    6  -15   12  -12   -4    4    2   -3  -11   10    7   10    4   -4   -2   -9
    1   10   12    1    2   90    3    2    1       205   -1    6    4  -14   12    3    1   -4   -3   14   14    7   -6  -17    8  -12   -5   -3
    1   10   13    1    1   90    3    2    0       258    0   15   23  -13    6    2  -13   12    3   11   12   10  -10   -3  -17   14    2    4
    1   10   14    1    1   86    2    2    0       213    7   16   17   -5    4    3  -15   11   -6   15   14    8   -9   -5  -11    9   -7   13
    1   10   15    1    3   83    2    2    0       169    5  -14   10   -9   12  -11   -5   11    1   -4  -12   10    4    5    3   -3   -4  -10
    1   10   16    1    1   88    1    2    0       239    6   15   15   -7    5    2  -11    8    2   19   12    9  -11   -4  -13   11   -8   13
    1   10   17    1    1   82    1    2    0         3    6   15   16   -6    6    1  -11   10   -3    8   14    6  -10   -5  -12   12   -7   13
    1   10   18    1    3   84    3    2    0       369   -2  -15    2  -10   12  -14   -7   12    0   -7  -14    2    5   12   -6   -6   -4  -10
    1   10   19    1    3   88    1    2    0       143    2  -15    5  -16   13  -10   -5   12    0   -5  -11    7    4   10    4   -3   -3  -10
    1   10   20    1    1   89    2    2    0         0    8   14   16   -5    5    1  -10   10    0    9   12   10  -10   -5  -15   12   -6   14
    1   10   21    1    3   85    1    2    0         0    4  -15    6  -14   12  -11   -6   12    0   -4   -9    7    6    9    4   -4   -3  -10
    1   10   22    1    2   82    1    2    1         0    2    8    8  -14   13    1   -3   -1  -13   13   15    6   -9   -5    0  -14  -11    7
    1   10   23    1    1   84    3    1    1       296    2    6    9  -10   11    4  -12    7    4   15   15    5   -7   -7  -14   12  -18   11
    1   10   24    1    2   85    1    3    0        41   -4   10    7  -14   12    2   -3   -2  -13   14   15    6  -14  -14    0  -13  -10    8
    1   10   25    1    2   84    3    2    1       115   -6    7   15  -17   18   -6    2   -5  -20   18   16    8  -14  -15   -2  -12  -20    4
    1   10   26    1    1   87    3    2    0       347   11   10   21  -16    4    2  -12   10    5   10   12   14   -1   -4   -7    3  -16    8
    1   10   27    1    3   90    3    3    1        90   -4  -17    5  -14   12   -9   -5   11   -2    1  -11    7    3   12    4   -6   -5  -10
    2    1    1    3    1    3    1    1    1       488    6   15   16   -7    5    1  -10    9   -1   12   12    9   -9   -5  -13   12  -10   12
    2    1    2    1    2    7    1    1    0       194   -6   10    7  -15   13    1   -3   -2  -13   13   15    6  -14  -12    1  -14  -12    7
    2    1    3    5    3    1    3    2    0        89    4  -16   10  -15   13   -9  -12    2    2   -7   -8    5   -4   18    2  -10   -2  -11
    2    1    4    4    1    5    2    3    0       131    7   17   18   -4   -1   -6  -10    8    8    6   11   10  -10   -1  -15   13   -2   23
    2    1    5    1    3   12    3    3    1       298   12  -23    1   -9    5  -16  -10   15   -9   -9   -7    9    3    8    6   -4   -8  -14
    2    1    6    5    2    4    3    2    1       170    4    2    2  -16   16    2   -4   -2  -11   13   16    5  -13  -17   -1  -16  -12   10
    2    1    7    4    1    2    2    1    1         0    4   13   24    4   10    2   -9   10    1   17   11    9   -9   -6  -11   12   -9   14
    2    1    8    4    3    1    2    2    0       112    7  -14    5  -13   11  -10   -4   13    1  -13  -10   14    6   10    4   -4   -2   -8
    2    1    9    1    1   21    3    1    1        56    5   14   18   -9    4    3  -12    9   -5   15   13    9  -12   -3  -11   11    2    7
    2    1   10    1    1   32    2    2    0       212   12   14   14   -4    1    3  -12   10   -3   12   14    7  -10   -5  -11   15   -7   14
    2    1   11    1    2   39    3    3    0        66   -8   11    6  -13   10    5   -9   -5   -8    6   20    5  -13  -11    5  -19  -13    8
    2    1   12    1    2   47    2    2    1        92   -7   13   10  -22   11    3   -7   -9  -13   12   15    7  -15  -12   -2  -14  -10    6
    2    1   13    4    2    4    2    1    0       212    4   17    8  -15   13    3   -3    0   -2   15   15    5  -16  -14   -1  -12  -11    9
    2    1   14    3    1    1    1    2    0       155    6   15   16   -6    5    2  -10    9    0   11   12    9  -10   -4  -14   11   -9   12
    2    1   15    1    1   61    1    3    0       225    6   15   16   -6   10    4   -8   10   -1   12   12    9  -10   -3  -13   11   -8   13
    2    1   16    1    3   65    2    3    1       838    2  -15   -1  -19   10   -9   -7   13    1   -2  -11    7    4    6    3   -5   -3  -11
    2    1   17    1    3   76    1    2    0       144    4  -14    5   -6   11   -9   -6   12    0   -3   -9    6    5   10   13    1   -3  -11
    2    1   18    5    1    2    3    1    1       232    4    9   18   -6    4    2   -9   11    0   12   17   15  -19   -4   -6   17   -7   13
    2    1   19    5    1    8    3    2    0         0    9   13   12   -8    1    7  -12   10   -6   17   13    8  -11   -5  -14   12   -3    4
    2    1   20    5    2    1    3    3    0         0   -8   10   12  -14   16    7   -7   -5  -14   17   14    4  -17  -19    0  -15  -13    9
    2    1   21    4    1    4    2    3    0       278   -1   10   21  -13    6    6  -15    5    0   12   12    8  -19  -10  -15   10   -9   13
    2    1   22    1    2   85    1    1    0      1224   -4   10    7  -14   12    2   -3   -2  -13   14   15    6  -14  -14    0  -13  -10    8
    2    1   23    1    1    1    1    2    0       177    6   15   17   -6    5    3  -10    8   -1   12    6   18  -11   -3  -13   11   -8   13
    2    1   24    5    3    8    3    3    1       199    4  -15    5  -13   19   -9   -5   12   -1   -4  -12    7    4    7   -4   -2   -8   -6
    2    1   25    4    2    3    2    2    1       460   -3    8   10  -12   11   -2   -5   -4   -7   13   18    6  -13  -14    0  -12   -8    4
    2    1   26    5    3    5    3    1    0       645   10   -6   11  -16   12   -9   -8   12   10    6  -11    9    6   11    4   -9    1  -15
    2    1   27    5    2    9    3    2    1       211   -4    8    8  -16   10   12    2    2  -21   17   24    2  -13  -15    1  -13   -4    0
    2    1   28    5    1    5    3    1    1       582    2   18   16   -7    4    2  -15    7    1   10   10    7  -16    4   -7   20   -8   14
    2    1   29    1    3   16    1    2    0      1192    3  -14    6  -13   12  -10   -6   12    0   -4  -11   11    4    5    5   -5   -3  -11
    2    1   30    4    3    4    2    2    0       245    2  -13    8  -15   14  -11   -6   11    0   -2   -9    9    5   12    9   -1   -5   -8
    2    1   31    4    2    1    2    3    0       104   -7    9    9  -14   14    0   -4   -3  -11   14    7   -3  -13  -11   -6  -20  -11    6
    2    1   32    5    1    3    3    1    1       194    4   15   13    4    4    3   -6    6    4   19    8   10   -7    1  -14   10  -11   14
    2    1   33    5    3    4    3    3    1       772   11  -11   -2  -22   13  -10   -2    7    7   -6   -9    6    3    6    9   -4   -2  -10
    2    1   34    1    1   20    2    2    0       322    6   16   16   -7    5    3  -10    7    1   14   12    5  -11   -3  -14   10   -6   13
    2    1   35    5    3    6    3    3    1       244    0  -13   16  -11   13   -8   -3   13    0   -5   -3   17    0   11    1   -7   -2  -11
    2    1   36    1    2   36    3    3    0       921   -9   18    7  -12   22   10   -2   -3  -21    4    6   16  -12  -14    0  -12   -8    5
    2    1   37    2    3    0    0    2    0        36    3  -14    6  -14   12  -10   -6   12    0   -4  -10    7    5   10    4   -5   -3  -10
    2    1   38    3    3    1    1    2    0       975    4  -13    6  -14   11   -9   -6   12    1   -4  -10    6    5   10    4   -4   -3  -11
    2    1   39    1    3   42    3    2    0       102   -1  -13    5  -12   21   -8   -5   16    0   -3   -4   10    4    6   -5    2   -3  -11
    2    1   40    3    2    2    1    1    0       236   -6    9    7  -14   13    3   -3   -2  -11   13   14   14   -9  -17    1  -13  -12    7
    2    1   41    3    3    3    1    2    0       444    4  -15    7  -15   14  -12   -6   13   -1   -3   -9    9    4   11    3   -4   -3  -11
    2    1   42    1    2   46    1    2    1        40   -5   10    6  -15   17    4   -2   -1  -12   13   15    6  -15  -14    2  -11  -11    6
    2    1   43    1    2   62    2    1    0       180   -6    9    9  -14   11    3   -3   -3  -11   15   10    8  -16  -14   -5  -11   -9    9
    2    1   44    4    3    3    2    2    0       120   11   -8    5  -16   11  -11   -8   14    0   -3  -11    6    5   11    5   -6   -4  -10
    2    1   45    5    3    9    3    3    1       480    2  -20    6  -20   13   -9  -12    3    7   -2   -9    6    3    9    2  -14   -9  -13
    2    1   46    5    1    1    3    3    0       602   16   24   20  -10    6    3  -10    8    3    9    3   18  -14   -2  -12    9   -9    5
    2    1   47    3    3    2    1    2    0      1456    3  -14    6  -13   13  -10   -6   11    0   -5  -10    7    4   11    5   -5   -2  -10
    2    1   48    5    1    7    3    2    0       913   16   23   21  -14    0   -6  -15   16    9    9   13    8   -5   -7  -23   18  -10   13
    2    1   49    3    2    1    1    2    1       855   -6    3    7  -14   14    3   -3   -3  -12   13   23    7  -14  -13    0  -13  -12    7
    2    1   50    5    3    2    3    1    0       496   -2  -14    4  -12   22   -9   -8   11  -10    4   -6    7    4   10    5   -3    2  -10
    2    1   51    2    2    0    0    2    1       726   -5    9    7  -14   12    2   -3   -2  -12   13   15    6  -14  -13    0  -13  -12    7
    2    1   52    4    3    6    2    2    0      1044    0   -6    5  -16   20   -7   -7   12   -7    5  -13    8    4    8    3   -6   -5  -10
    2    1   53    5    2    6    3    2    1       533   -3   18    7   -6   13    3   -3    7  -11   18   16    7  -13  -12   -3  -13  -11    4
    2    1   54    2    1    0    0    2    0       268    6   15   16   -6    5    2  -10    9   -1   12   12    9  -10   -4  -13   11   -8   13
    2    1   55    4    2    6    2    1    0      1626   -4   10    8  -12   13    5   -3    0   -9    9   16    7  -24   -3    0  -12  -17    1
    2    1   56    5    2    2    3    2    1       579   -5    8   11  -12   10    3   -6    3  -17   12   11   -3  -11  -15    1  -12  -13   -2
    2    1   57    4    2    5    2    2    1       453   -7   10    9  -13   12    1   -2   -3  -13   13   14    6  -13  -13    1  -14  -11    8
    2    1   58    4    1    3    2    3    0       479    7   12   17   -8    4    4  -14    4   -6   22   11    9  -12   -4  -12   10  -10   16
    2    1   59    3    2    3    1    2    1       314   -5    9    7  -15   13    2   -2   -3  -13   14   14    6  -15  -13    0  -13  -12    7
    2    1   60    4    1    1    2    1    1         0    5   15   15   -7    5    0  -11   11   -2   13    5    8  -16    1  -14   11   -6   13
    2    1   61    1    2   68    2    2    1        97   -4    8   16  -15   11    3    2   -7  -12   14   15    7  -16  -12  -10   -5  -12    8
    2    1   62    5    1    6    3    3    0       651   11   10   11    0    3    3   -9   17   -8   10   14   11   -9   -4  -17    8  -13   16
    2    1   63    1    3   80    2    2    0       655    3  -15    7  -15   11  -11   -6   14   -2   -4  -10    6    3    9    4   -6   -1  -10
    2    1   64    1    3   82    1    2    0         0    5   -7    6  -15   11  -10   -6   12   -1   -5  -10    5    0   12    4   -5   -4  -11
    2    1   65    1    3   54    3    2    0       830    2  -11   11  -18    8   -5   -6   11   -2   -4   -8    3    6   10    7    1  -10   -5
    2    1   66    5    3    3    3    2    0       519   -5  -23    7  -14   16  -12   -3   12   -1   -4    0   16    2    6    4   -4    1  -15
    2    1   67    5    2    3    3    1    0       319   -9   12    4  -11    5   -3  -10    7  -13   13   10   11   -4  -16   -1  -11  -12   15
    2    1   68    5    2    5    3    2    1         0   -8   12    7  -13   16    6    2    0   -9   23   13    3  -17   -3    1  -11  -11    7
    2    1   69    3    1    2    1    2    0        13    9   20   15   -6    4    4  -10    8   -1   12   22   11   -9   -5  -12   12   -8   13
    2    1   70    1    1   24    3    3    0       218   11   13   17   -6    3    3  -18   16    8   19    7    7   -9  -11  -13   12  -11    3
    2    1   71    1    1   44    2    2    0        31   14   19   15   -5    8   -1  -11    9   -2   11   11    8  -10   -3   -4    7   -8   14
    2    1   72    1    2   69    3    1    0        75   -7   13    6  -16    3    8   -8   -5   -2   22   13    6  -15  -14    3   -8  -10    1
    2    1   73    1    1   13    1    2    0         0    6   15   16   -6    5    2  -10    9   -2   13   11    9  -11   -3  -14   12   -8   13
    2    1   74    4    2    2    2    3    0       142   -4   11    8  -15   12    0   -2   -1  -21    7   15    7  -13  -14   -2  -14   -7   -2
    2    1   75    5    1    9    3    2    0       373    6   16   15   -6    7    2   -9    8   -3   14   17    7  -18    1  -11   16  -11   11
    2    1   76    4    1    6    2    1    1       239   16    5   17   -7    6    2   -8    9   -2   11   14    9  -11   -3  -11   11   -9   14
    2    1   77    5    1    4    3    2    0         0    7   15   18   -8    6    3   -1   -1   -1   14   12    8  -11    6  -12   10  -18    5
    2    1   78    4    3    2    2    2    0         0    5  -19   14  -21   11  -12   -6   10   -1   -2  -10    6    6   10   -5   -7   -2  -10
    2    1   79    1    1   36    3    2    0       220    7   16   20    1   11   -4  -11   11   -2   11    3   -1  -18    3  -13   13    0    7
    2    1   80    1    3   86    2    3    1       221    1  -15    6  -15   12  -12   -4    4    2   -3  -11   10    7   10    4   -4   -2   -9
    2    1   81    4    3    5    2    1    0         0    2  -10    8  -15   11   -8   -7   12    0   -5  -11    7    4    9    2   -4   -4  -11
    2    1   82    5    2    8    3    1    0         0   -5   10    2  -22   13    2   -4    3   -3    8    7    2  -11   -9    8  -16  -13    6
    2    1   83    5    3    7    3    2    0       337    3  -12   11  -15    7  -10    3   17    0   -5  -12    7   14   13    1   -2    2   -9
    2    1   84    5    2    7    3    2    1       444  -10   10    7  -11   13    2   -4    0   -5   19   20   11  -12  -13    0  -14  -11    6
