    1    1    1    1    1    7    1    3    0      5290   10  -10    3    4  -15   11  -11   -7  -14    9   14   -3   13  -10    7   15   15  -23
    1    1    2    1    2    1    1    2    1      2232  -12   13   -7   16   -7   -6   11    9   14   13   -1   12   -2  -11   -5   11    2    6
    1    1    3    1    1    4    1    1    1      1932    3  -12    4    6  -14   12  -11   -7  -13    9   13   -1   13  -10    8   16    6   -9
    1    1    4    1    3    9    1    1    0      2732   -8    5   15  -14    3    5    5   -7  -13   -5   14   16   11   -9   -7   10    5    8
    1    1    5    1    1    3    1    3    0      2859    9  -12    4    6  -15   11  -11   -7  -13    9   19  -11   13   -9    7   14   12  -12
    1    1    6    1    3    1    1    1    0      1316   -7    6   15  -13   -4    6    4   -7  -12   -5   14   15   11   -8   -6    9    5    9
    1    1    7    1    1    5    1    1    1      1547    9  -11    4    6  -15   11  -10   -8  -14    8   15   -4   13  -10    7   15   14  -14
    1    1    8    1    1    1    1    3    0      1816    9  -11    0    9  -14   12  -13  -17  -15    8   10    7   13  -10    6   14   14  -13
    1    1    9    1    1    8    1    1    1      2058   10  -13    3    6  -15   10  -12   -7  -13    9   14   -3   13  -10    8   14   14  -14
    1    1   10    1    2    9    1    2    1      1442  -13   12   -7   16   -7   -6   11    9   15   11    0   11   -1  -11   -7   11    2    7
    1    1   11    1    2    2    1    2    1      1379  -12   11   -7   16   -7   -6    2    0   15   12    0   11   -3   -9   -7   11    2    6
    1    1   12    1    3    3    1    1    0      1414   -8    6   15  -13    2    8    4   -6  -11   -5   13   16   12   -9   -8   14    5   10
    1    1   13    1    2    5    1    2    1      1160  -14   14   -6   17   -7   -5   10   10   14   12    0   12   -2  -10   -6   10    2    6
    1    1   14    1    3    4    1    3    1      2549   -8    6   21  -15    3    6    4   -7  -12   -5   12   16   12   -8   -8    9    5    9
    1    1   15    1    2    6    1    2    1      1128  -14   14   -7   16   -7   -7   11   10   14   12    2   16   -3  -11   -7   11    2    6
    1    1   16    1    3    6    1    3    1      1095   -8    6   17  -14    2    8    5   -6  -11   -5   13   16   12   -8   -8    9    8   10
    1    1   17    1    1    9    1    1    1      1221    9  -11    4    6  -15   11  -11   -7  -13    9   14   -3   13  -10    8   15   13  -13
    1    1   18    1    3    8    1    3    1      1039   -8    7   16  -14    3    7    4   -6  -12   -4   13   16   12   -8   -7    9    4    9
    1    1   19    1    3    2    1    3    1      1216   -8    6   17  -13    3    7    6   -8  -12   -5   13   16   12   -9   -5   11    4    9
    1    1   20    1    2    3    1    2    1      2681  -14   14   -6   16   -6   -6   11    9   15   13    0   11   -2   -8   -7   11    2    6
    1    1   21    1    3    7    1    3    1      1226   -9    7   16  -15    4    6    4   -7   -2    1   15   15   11   -8   -6   10    4    9
    1    1   22    1    2    8    1    2    1      1285  -13   13   -6   15   -7   -6   14    2   14   13   -8   17   -2  -10  -10    8    3    6
    1    1   23    1    3    5    1    3    1      1086   -9    6   16  -14    2    5    4   -7  -12   -5   12   15   12   -8   -7    8    3   10
    1    1   24    1    1    6    1    1    1      2221    9  -11    4    5  -16   12  -11   -7   -7    9   14   -3   13   -8    7   14   14  -14
    1    1   25    1    2    7    1    2    1      1104  -14   12   -7   16   -6   -6   12    9   14   12   -1   13   -1  -10   -8   11    2    7
    1    1   26    1    2    4    1    2    1       831  -12   14   -6   15   -7   -6   11    8   15   11    0   12   -2  -11   -7   11    3    5
    1    1   27    1    1    2    1    1    1      1369    8  -10    8    8  -16   12  -11   -8  -12    8   14   -4   14  -11    5    4   13  -13
    1    2    1    1    2   16    1    2    1      1757  -14   12   -9   16   -7   -5   12    8   14   13    0   13   -2  -10   -7   10    2    7
    1    2    2    1    1   10    1    1    1      2900    8  -12   -1    5  -15   11  -11   -7  -14    8   14   -3   13  -10   13   13   13  -14
    1    2    3    1    1   18    1    1    1      1595    9  -11    3    7  -16   13  -11   -8  -12   10   14   -3   13  -10    7   14   11  -12
    1    2    4    1    1   12    1    1    1      3784    8  -11    4    6  -16   12  -10   -7  -16    7   14   -3   13  -10    7   14   12  -14
    1    2    5    1    2   12    1    2    1       957  -14   15   -8   16   -7   -5   11   10   14   12    0    9   -2   -9   -7   11    1    6
    1    2    6    1    3   11    1    3    1      1603   -8    6   16  -14    3    7    4   -5  -12   -5   13   15   11   -8   -7   10    6    7
    1    2    7    1    3   10    1    3    1      1249   -7    6   16  -15    3    7    3   -7  -12   -6   13   16   12   -9   -6    9    4   10
    1    2    8    1    2   11    1    2    1      1069  -13   13   -6   15   -7   -5   11    9   14   12    0   12   -3   -9   -2   14    1    5
    1    2    9    1    1   13    1    1    1      1887   10  -11    2    2  -16   12  -21   -5  -13    9   14   -4   12   -9    7   14   12  -13
    1    2   10    1    3   16    1    3    1      1073   -8    7   16  -14    2    8    3   -7  -11   -4   13   16   10   -7   -6   10    4    9
    1    2   11    1    3   13    1    3    1      1251   -8    6   16  -13    3    7    4   -6  -13   -4   13   16   11   -9   -7   10    4   10
    1    2   12    1    1   11    1    1    1      2143   10  -10    4    5  -15   11  -11   -7  -13    9   13   -1   13  -10    6   15   14  -14
    1    2   13    1    2   18    1    2    1      1091  -13   13   -7   16   -7   -6    6   13   13   11   -1   13   -2  -10   -7   11    2    6
    1    2   14    1    3   15    1    3    1      3890   -8    6   17  -13    2    8    4   -4  -12   -5   14   15   12   -7   -5    1    5    8
    1    2   15    1    1   16    1    1    1      1073   10  -12    4    5  -25   19  -12   -6  -14   10   15   -2   14  -11    6   13   13  -13
    1    2   16    1    2   13    1    2    1       912  -13   13   -7   16   -6   -6   11   11   13   13    0   11   -2  -10   -6   10    2    6
    1    2   17    1    2   14    1    2    1      1287  -14   13   -7   16   -7   -6   11   10    4    3    0   11   -2  -10   -7   11    3    5
    1    2   18    1    2   17    1    2    1      1214  -13   13   -7   15   -7   -6   12    8   13   13    1   13   -1  -10   -7   12    7   -2
    1    2   19    1    1   17    1    1    1      2858    9  -11    4    6  -14   11  -11   -7  -12    8   13   -2   13   -9    4   14   12  -14
    1    2   20    1    2   15    1    2    1       915  -14   12   -8   16   -6   -8   11    8   13   13    4   16   -2  -10   -8   12    2    6
    1    2   21    1    2   10    1    2    1       634  -11   14   -8   15   -7   -6   11    8   14   12    0   12   -2  -10   -7   11    2    6
    1    2   22    1    3   18    1    3    1      1483   -8    6   17  -14    4    6    4   -6  -11   -6   14   16   11   -7   -3   13    6    9
    1    2   23    1    3   12    1    3    1      1003   -8    5   15  -13    3    7    4   -6  -13   -4   13   15   11   -8   -7   12    5    8
    1    2   24    1    1   15    1    1    1      1023    9  -11    4    6  -16   12  -11   -7  -13    9   14   -2   13   -9    7   14   13  -13
    1    2   25    1    3   17    1    3    1      1922   -9    6   17  -14    3    7    4   -6  -11   -6   13   16   12   -8   -6    9    4   11
    1    2   26    1    1   14    1    1    1      1073    9  -10    3    5  -15   11   -2  -14  -13    9   14   -3   14  -10    2   19   13  -13
    1    2   27    1    3   14    1    3    1      1696   -4   12   17  -14    3    7    5   -7  -12   -5   13   16   12   -9    3   14    4    9
    1    3    1    1    2   25    1    2    1      1799  -12   13   -8   16   -6   -6   11    8   14   12   -1   12   -2  -11   -7   13    1    7
    1    3    2    1    2   26    1    2    1      1178  -13   13   -7   16   -7   -5   12    9   13   11   -2   14    3  -16   -7    2    2    6
    1    3    3    1    1   19    1    1    1      1190   10  -11    3    7  -16   12  -11   -3  -11    8   13   -4   13  -10    6   15   13  -13
    1    3    4    1    3   22    1    2    0      2161   -8    7   16  -14    3    7    3  -14  -11   -6   12   16   11   -8   -7   10    4    9
    1    3    5    1    3   26    1    3    1      1271   -7    5   16  -14    3    7    4   -5  -12   -6   13   16   10   -8   -6    9    4    9
    1    3    6    1    1   21    1    1    1      2864    8  -10    3    7  -15   11  -13   -5  -13    9    9   -5   14   -9    7   14   13  -13
    1    3    7    1    1   25    1    1    1      1129   10  -10    4    6  -16   10  -10   -7  -14    8   13   -4   14  -10    7   15   13  -13
    1    3    8    1    3   21    1    2    0      6549   -7    6   16  -14    3    7   -1  -16  -12   -4   13   15   15  -10   -7   10    5   10
    1    3    9    1    3   23    1    3    1      2971   -9    6   16  -14    3    7    4   -6  -13   -5   12   17    9   -9   -7    9    3   10
    1    3   10    1    3   24    1    3    1       687   -7    5   16  -14    3    7    4   -6  -12   -5   13   16   12   -9   -6   10    4    9
    1    3   11    1    2   22    1    2    1      1199  -12   12   -6   17   -7   -6   11   10   14   12   -1   11   -2  -10   -6   11    1    7
    1    3   12    1    3   27    1    3    1      3417   -8    6   16  -14    4    6    5   -7  -11   -5   13   16   12   -7   -7   10    3   10
    1    3   13    1    2   24    1    2    1       796  -14   14   -7   16   -7   -6   11   10   13   13   -1   11    2  -12   -6   11    3    5
    1    3   14    1    1   22    1    1    1      4071    8  -10    4    6  -15   11  -12  -10  -12    8   14   -2   14  -10    7   14   12  -14
    1    3   15    1    1   23    1    1    1       881    9  -11    5    6  -16   12  -11   -7  -23   11   15   -2   13  -10    6   13   13  -13
    1    3   16    1    3   19    1    3    1      1465   -9    6   20  -13    4    6    5   -8  -13   -5   14   16   11   -8   -8   11   -2    1
    1    3   17    1    1   27    1    1    1      1051    9  -11    3    5   -9   13  -12   -6  -12    8    9   -7   13  -10    8   15   13  -13
    1    3   18    1    2   23    1    2    1      1771  -11   12   -7   16   -7   -6   10   10   14   12    0   11   -2  -11   -7   11    2    6
    1    3   19    1    1   20    1    1    1      1262    9  -12    1   -2  -18   15  -11   -7  -13    9   14   -3   12   -9    6   13   13  -13
    1    3   20    1    1   26    1    1    1      1413    9  -11    3    6  -15   11  -10   -7  -13    9   14   -3   13  -10    8   15   13  -13
    1    3   21    1    2   19    1    2    1      1496  -12   13   -7   16   -7   -6   11    9   14   12   -1   12   -2   -9   -7   11    2    6
    1    3   22    1    1   24    1    1    1      1381    8  -15    3    6  -15   10  -11   -7  -13    9   14   -3   14  -10    7   14   14  -13
    1    3   23    1    2   27    1    2    1       890  -14   13   -7   16   -7   -5   11    9   14   12    2   10   -4   -9   -7   11    2    6
    1    3   24    1    3   20    1    3    1      4095   -8    6   15  -13    3    7    4   -6  -12   -5   13   16   10   -8   -7   12    4    9
    1    3   25    1    3   25    1    3    1      4713   -8    6   12  -19   -6   -2    5   -6  -13   -5   14   16   10   -8   -7    9    4    9
    1    3   26    1    2   21    1    2    1      1578  -19    3   -8   16   -7   -6   10   10   13   12   -2   14    1   -5   -7   11    3    7
    1    3   27    1    2   20    1    2    1      1047  -13   13   -8   16   -7   -6   12    9   12   20    0   12   -1  -11   -7   11    3    6
    1    4    1    1    3   34    1    3    1      9078   -8    6   17  -12    2    6    4   -6  -12   -4   13   16   10   -7   -8   15    5    9
    1    4    2    1    1   35    1    1    1      1784    9  -10    4    6  -15   11  -11   -6  -13   10   15   -3   12  -10    7   14   16   -5
    1    4    3    1    3   28    1    3    1      1851   -8    6   15  -13    2    7    4   -6  -12   -6   13   14   11   -9  -10    1    4    9
    1    4    4    1    2   34    1    2    1      1885  -17   21   -6   17   -7   -5   12    7   15   13    0   13   -3   -9    2    9    2    6
    1    4    5    1    3   33    1    3    1      1228   -8    7   17  -14    3    7    3   -8  -11   -6   12   16   11   -8   -6   10    4    9
    1    4    6    1    2   30    1    2    1       999  -12   13   -7   16   -7   -6   11    9   14   12    0   10   -2  -10   -2    8    2    6
    1    4    7    1    2   33    1    2    1       745  -13   13   -6   16   -7   -7   11    9   13   12    1   12    0  -12   -8   12    6    5
    1    4    8    1    3   35    1    3    1      1254   -8    6   16  -14    2    9    2   -5  -12   -5   13   16   11   -8   -7   10    4   10
    1    4    9    1    3   31    1    3    1      1183   -7    5   16  -14    1   12    4   -6  -11   -5   12   16   11   -9   -7   10    3   10
    1    4   10    1    3   30    1    3    1       940   -8    6   16  -15    2    8    3   -5   -8    0   14   17   11   -8   -6    9    4    9
    1    4   11    1    1   29    1    1    1      1729    9  -11    4    5  -14   11  -10   -7  -13    9   15   -4   12  -10    7   14   13  -12
    1    4   12    1    3   36    1    3    1      1384   -8    6   16  -15    3    6    4   -7  -11   -6   13   16   11   -8   -7    9    4    9
    1    4   13    1    2   31    1    2    1      1646  -13   12   -7   16   -7   -6   11    8   15   12    0   12    0  -12   -7   11    3    5
    1    4   14    1    3   32    1    3    1      1225   -7    6   17  -14    3    7    4   -5  -12   -4   13   15   11   -8   -8   10    4    9
    1    4   15    1    1   28    1    1    1      1187    9  -12    4    7  -14   11  -12   -6  -12   10   14   -3   14  -11    8   12   12  -12
    1    4   16    1    2   28    1    2    1       973  -13   13   -8   17   -7   -6   11    9    9   11   -6   22   -3   -9   -6   12    3    6
    1    4   17    1    2   32    1    2    1       992  -13   13   -7   16   -7   -6   11   10    6    7    0   13   -2  -11   -6   10    3    6
    1    4   18    1    1   31    1    1    1      1139   10  -10    4    6  -15   11  -11   -7  -17    7   14   -3   12   -9    6   13   12  -12
    1    4   19    1    2   36    1    2    1      1777  -13   14   -7   16   -5   -3   12    9   14   12    1   12   -2  -11   -7   12    2    6
    1    4   20    1    2   29    1    2    1      3461  -13   13   -6   17  -17   -1   11    9   14   13   -1   12   -2  -11   -7   10    2    6
    1    4   21    1    1   36    1    1    1      1705    9  -12    3    7  -15   11  -12   -6  -12   10   13   -3   12  -10    8   13   13  -13
    1    4   22    1    1   30    1    1    1      1169    8  -11    3    7  -15   11  -11   -7  -13    9   13   -3   12   -9    7   14   13  -13
    1    4   23    1    1   34    1    1    1      2063    9  -11    4    6  -15   11  -12   -8  -12   10   15   -2   14  -11   13   14   13  -13
    1    4   24    1    2   35    1    2    1      1112  -14   14   -7   16   -7   -7   11   11    5    6   -2   11   -3  -10   -7   11    1    6
    1    4   25    1    3   29    1    3    1      1093   -8    6   15  -15    2    6    3   -6  -13   -5   13   17   10   -8   -7   10    4    9
    1    4   26    1    1   33    1    1    1       952    9  -11    3    6  -15   11  -12   -6  -13   10   14   -3   13  -10   11   11   12  -14
    1    4   27    1    1   32    1    1    1       990    7  -11    4    6  -15   10  -10   -6  -12    8   14   -3   12  -10    7   14   13  -13
    1    5    1    1    2   41    1    2    1     13858  -12   13   -7   17   -7   -6   11    9   15   17    0   12   -4  -10   -6   10    1    7
    1    5    2    1    3   42    1    3    1      9765   -9    6   16  -13    1    7    4   -6  -12   -5   12   17   12   -9   -7    9    4    9
    1    5    3    1    1   37    1    2    0      1851    9  -11    4    6  -15   12  -11   -6  -14    9   14   -3    6  -20    8   13   14  -13
    1    5    4    1    2   45    1    2    1      1164  -14   13   -7   15   -6   -5   10    8   19   13   -1   13   -2  -11   -7   11    2    5
    1    5    5    1    3   38    1    3    1      4777   -8    5   15  -14    3    6    4   -5  -12   -5   12   16   11   -8   -7   11    2    8
    1    5    6    1    1   43    1    1    1      2262   12   -6    1   10  -15   11   -7    3  -17   14   13   -2   12   -9    7   14   13  -12
    1    5    7    1    1   41    1    3    0      1175    9  -10    5    4  -15   11  -12   -8  -13    9   14   -3   13   -9    6   15   18  -14
    1    5    8    1    1   40    1    3    0      1729   10  -12    5    5  -17   12  -11   -6   -7    5   14   -1   13   -9    6   14   13  -13
    1    5    9    1    2   37    1    2    1      1479  -13   12   -7   16   -7   -6   11    9   14   12    0   12   -3   -9   -9   13    3    5
    1    5   10    1    2   40    1    2    1      2295  -13   13   -6   16   -6   -5    9    9   18   17    2   10    0   -9   -7   11    1    7
    1    5   11    1    2   38    1    2    1       936  -12   11   -8   16   -6   -7   11    8   14   12    0   12   -2   -9   -7   11    3    6
    1    5   12    1    1   44    1    1    1      1182    9  -13    5    6  -15   11  -11   -7  -12    8   16    2   12  -10   -1   18   13  -13
    1    5   13    1    2   42    1    2    1       827  -13   13   -7   16   -7   -6   11    9   13   11    0   12   -2  -10   -7   11    2    6
    1    5   14    1    1   38    1    1    1      3589    9  -11    4    6  -15   11  -12   -6   -4   18   14   -3   13  -16    7   14   14  -14
    1    5   15    1    3   39    1    3    1      2100   -9    7   15  -14    3    7    4   -6  -12   -5   13   16   12   -8   -7   10   12    0
    1    5   16    1    1   39    1    3    0       874   11  -12    3    6  -14   10  -11   -7  -12    9   13   -4   13  -10    8   15   14  -13
    1    5   17    1    3   44    1    3    1       768   -8    6   16  -14    3    7    3   -6  -12   -6   13   16   11   -8   -7    9    4    9
    1    5   18    1    1   42    1    1    1      1277   10  -11    4    6  -16   11  -11   -6  -17   19   14   -3   14  -11    7   14   12  -18
    1    5   19    1    3   40    1    3    1      1591   -9    6   12  -21    4    8    5   -7  -12   -4   13   16   11   -8   -7    9    5   10
    1    5   20    1    3   37    1    3    1       786   -7    5   17  -15    3    7    8   -3  -12   -5   12   15   12   -9   -7   10    5    9
    1    5   21    1    3   43    1    3    1       909   -8    6   15  -16    2    6    4   -6  -12   -5   15   21   11   -8   -6   10    4    9
    1    5   22    1    1   45    1    1    1      1108    8  -10    4    5  -16   11  -11   -7  -13    9   14   -3   13  -10    7   14   13  -13
    1    5   23    1    2   44    1    2    1      2164  -13   18  -17   10  -11   -4   20    9   14   11    2   11   -2  -11   -7   11    2    6
    1    5   24    1    2   43    1    2    1      1209  -13   13   -6   16    2   -3   12    9   15   11    0   12   -2  -10   -6   12    1    6
    1    5   25    1    3   41    1    3    1      2660   -8    6   16  -15    1    7    2   -5  -11   -6   13   16   11   -7   -6    9    4    9
    1    5   26    1    2   39    1    2    1       854  -14   12   -6   16   -7   -6   11   10    7   15    0   12   -2  -10   -7   11    2    7
    1    5   27    1    3   45    1    3    1      2046   -7    6   16  -14   12    9    4   -7  -11   -5   14   16   11   -8   -7   10    1   14
    1    6    1    1    1   49    1    1    1      2088    9  -11    3    6  -14   11   -4  -14  -16    1   15   -4   12   -9    7   14   12  -12
    1    6    2    1    3   51    1    3    1      2352   -9    5   17  -14    2    7    0  -15  -12   -5   12    7   11   -8   -7   10    4    8
    1    6    3    1    2   48    1    2    1      1341  -14   13   -7   16   -4   -5   12   18   15   12    4   19   -4  -10   -8   11    1    6
    1    6    4    1    3   46    1    3    1      2675  -10    7   15  -12    3    7    3   -6  -11   -5   13   16   10   -7   -7   11    4    9
    1    6    5    1    1   48    1    1    1       929    9  -11    4    6  -15   11  -10   -7  -12   16   14   -3   13  -10    8   14   12  -12
    1    6    6    1    1   47    1    1    1      1271   10  -12   12   -2  -16   12  -11   -7  -13    9   13   -4   14   -9    7   14   13  -12
    1    6    7    1    2   54    1    3    0      6719  -12   12   -8   14  -13   -5   10    9   24    4    0   12   -9   -7   -6   11    2    7
    1    6    8    1    2   53    1    2    1      1292  -13   13   -7   16   -8   -7   11    9   14   12   -1   12   -2  -10   -7   10    1    7
    1    6    9    1    1   50    1    1    1      1267   10  -12    4    9  -16   12  -10   -6  -14   10   15   -3   13  -10    7   15   13  -13
    1    6   10    1    2   49    1    2    1      3882  -13   13   -5   17  -10  -10   11    9   13   13   -2   11  -11   -7   -8   12    2    5
    1    6   11    1    2   51    1    2    1       905  -13   13   -7   16   -6   -5   10    9   14   12    0   13   -2  -10   -7   11    0    7
    1    6   12    1    3   52    1    3    1      2642   -8    6   15  -13    4    6    3   -7  -12   -4   14   15   10   -7   -7    9    5    8
    1    6   13    1    2   50    1    2    1      1058  -12   13   -7   17   -7   -7   11    9   14   12   -1   12   -3   -9   -7   11    2    5
    1    6   14    1    2   46    1    2    1       897  -13   14   -8   16   -7   -5   11    9   13   13    0   11   -1  -11   -8   11    2    5
    1    6   15    1    1   52    1    1    1      1161    9  -11    4    6   -6   11  -12   -6  -15    8   14   -3   12   -9    7   14   13  -13
    1    6   16    1    3   48    1    3    1       933   -7    6   16  -14    3    7    3   -7  -12   -5   13   15   11   -8   -7    9    5    8
    1    6   17    1    3   49    1    3    1      1064   -8    6   16  -14    2    6    4   -6  -12   -5   14   16    1   -6   -3   12    5    8
    1    6   18    1    3   53    1    3    1       967   -8    6   15  -14    3    6    4   -6  -12   -5   14   16   11   -8   -9   10    3   10
    1    6   19    1    3   50    1    3    1       780  -12   12   15  -13    1    8    3   -5  -13   -5   13   17   11   -9   -7   10    4    9
    1    6   20    1    3   54    1    3    1       791   -8    6   16  -14    3    8    4   -6  -11   -4   12   17   11   -8   -7   10    4   10
    1    6   21    1    2   52    1    2    1      1217  -13   13   -7   16   -7   -7   11    9   14   12   -1   11   -2  -11   -7   11    2    6
    1    6   22    1    3   47    1    3    1       716    0   10   16  -14    3    7    4   -5   -6   -5   14   15   11   -8   -8    9    4    9
    1    6   23    1    1   54    1    1    1      1081    9  -11    4    7  -16   11   -9   -6  -13    9   14   -4   13  -10    7   14   12  -13
    1    6   24    1    1   51    1    1    1       681    8  -10    2    6  -15   11  -11   -7   -8   10   14   -3   14  -10    0   13   13  -13
    1    6   25    1    2   47    1    2    1       922  -14   14   -9   18   -7   -6   11    9   14   12    0   12   -3  -10   -8   12    2    6
    1    6   26    1    1   46    1    1    1      1104    9  -11    0   14  -16   11  -11   -8  -13    9   15   -3   14  -11    7   14   15  -14
    1    6   27    1    1   53    1    1    1      5233    6  -18    4    6  -15   15  -11   -6  -13    9   14   -3   13  -10    8   14   20  -16
    1    7    1    1    2   60    1    2    1     13003   -8   19   -6   16   -7   -6   11   10   14   12    1   13   -2   -9   -7   11    2    7
    1    7    2    1    2   63    1    2    1      1120  -12   14   -7   16   -7   -5   12    8   14   12   -1   11   -3  -10   -7   11    1    5
    1    7    3    1    3   55    1    3    1      1440   -7    7   16  -14    2    6    5   -6  -12   -5   13   16   10   -7   -8    9    4   10
    1    7    4    1    3   63    1    3    1      1793   -9    7   15  -14    4    7    4   -6  -11   -4   13   16   11   -8   -7   10    3    9
    1    7    5    1    1   62    1    3    0       997    3  -18    5    6  -15   11  -10   -8  -13    8   14   -3   12  -10    7   14   13  -13
    1    7    6    1    3   60    1    3    1      2312   -8    7   17  -15    3    7    5   -7  -21    0   14   16   18    2   -8   11    9   12
    1    7    7    1    2   58    1    2    1      1703  -14   13   -6   17   -6   -6   11    8    8   19   -1   11   -3   -9   -7   11    2    5
    1    7    8    1    1   56    1    1    1      3520    9  -11    2    5  -15   11  -10  -10  -13    8   12    2   13  -10    7   16    6   -8
    1    7    9    1    1   57    1    1    1       958    8  -11    4    6  -15   11  -10   -7  -13   10   14   -3   12  -11    7   14   13  -14
    1    7   10    1    1   55    1    1    1       949    8  -10    3    7  -15   11  -11   -8  -13    9   14   -3   14   -9    7   14   13  -12
    1    7   11    1    1   58    1    1    1      1706    9  -11    4    5  -16   12  -11   -8  -13    9   12   -1    7   -4    7   14   13  -13
    1    7   12    1    2   59    1    2    1      1059  -13   13   -7   17   -7   -6   10    7   14   12    0   12   -2  -10   -7   11    2    7
    1    7   13    1    1   63    1    1    1      1109    9  -11    4    7  -16   11   -9   -5  -12    9   12    2   13  -10    7   14   12  -13
    1    7   14    1    3   56    1    3    1      1333   -7    7   16  -14    3    7    4   -5  -12   -5   13   16   10   -5   -7   10    5    9
    1    7   15    1    2   56    1    2    1      1449  -13   13   -7   16   -6   -6   10   10   15   11    0   12   -4   -9   -8   12    1    7
    1    7   16    1    2   57    1    2    1      1035  -13   13   -6   17   -7   -6   12    9   14   13    1   12   -1  -19   -7   10    2    6
    1    7   17    1    1   60    1    1    1      3101    9  -12    3    5  -15   11  -12   -7  -14    8   14   -3   14   -9    8   13   13  -13
    1    7   18    1    3   62    1    3    1      1083   -8    5   17  -15    3    7    4   -8  -12   -6   13   17   11   -8   -7   10    4    9
    1    7   19    1    3   59    1    3    1      1131   -8    6   16  -14    3    6    2   -4  -15   -4   13   16   11   -8   -9    8    4    9
    1    7   20    1    2   62    1    2    1      2535  -13   13   -7   16   -7   -7   11    9   24   22   -1   11   -2   -9   -7   10    2    6
    1    7   21    1    3   58    1    3    1      1869   -8    6   15  -13    3    9    5   -6  -11   -6   18   21   11   -8   -7   10    6   18
    1    7   22    1    3   61    1    3    1       909   -8    7   15  -15    5    2    4   -6  -12   -4   11   20   10  -10   -7   10    6   10
    1    7   23    1    1   59    1    1    1      1283    9  -11    4    6  -16   11  -12   -7  -13    8   15   -4   13  -11    5   14   14  -13
    1    7   24    1    2   55    1    2    1      4252  -13   13   -8   17   -6   -7   11    9   14   13    1   12   -2  -10   -4    6    3    5
    1    7   25    1    2   61    1    2    1       925  -12   14   -9   15    1  -14   12    8   14   16   -1   12  -11  -17   -7   11    2    5
    1    7   26    1    1   61    1    1    1      1124    9  -12    4    5  -15   10  -10   -6  -13    9   10   -6   13  -10    6   14   12  -13
    1    7   27    1    3   57    1    3    1      2819   -8    6   16  -14    4    7    4   -6  -13   -4   12   17    7   -3   -7   10   11   13
    1    8    1    1    2   65    1    2    1      1725  -13   13   -7   16   -6   -7   11   10   14   12    0   12   -2   -9   -5   12    1    6
    1    8    2    1    2   70    1    2    1       755  -13   12   -6   16   -6   -6    7    9   15   11   -3    2   -2  -11    2    4    1    6
    1    8    3    1    3   66    1    3    1      4962   -7    6   16  -14    2    7    5   -1  -12   -5   14   16   11   -8   -8   11    5   10
    1    8    4    1    2   67    1    2    1       759  -13   12   -7   16   -6   -5   11    9   14   13    0   12   -3  -10   -8   12    2    7
    1    8    5    1    3   69    1    3    1       742   -8    6   16  -14    2    7    4   -6  -13   -5   13   16    9   -6   -8   11    4    9
    1    8    6    1    2   64    1    2    1       994   -8   21   -7   15   -6   -4   11    9   14   12    0   11   -2   -9   -7   10    2    7
    1    8    7    1    3   64    1    3    1      3511   -8    7   17  -15    5    1    4   -5  -11   -6   13   17   16   -5   -7   10    5   10
    1    8    8    1    1   68    1    1    1      1079    9  -11    5    9  -15   11  -11   -7  -13    9   14   -3   15  -10    7   14   12  -13
    1    8    9    1    1   71    1    1    1      3160    9   -9    3    5  -15   12  -11   -8  -13    9   20    4   13  -10    6   14   14  -13
    1    8   10    1    2   71    1    2    1       999  -13   12   -6   15   -7   -5   11    8   14   12    0   12   -1  -12   -7   10    2    6
    1    8   11    1    2   66    1    2    1      1771  -13   13   -4    8   -6   -6   11    9   14   13    0   11   -2   -6   -3    5    0    8
    1    8   12    1    1   69    1    1    1      2626    9  -11    4    4  -16   11  -11   -7  -19    9   15   -4   15   -9    6   13   13  -13
    1    8   13    1    2   69    1    2    1       902  -13   13   -7   16   -7   -6   12    8   15   11    1   11   -3  -12   -7   11    3    5
    1    8   14    1    1   70    1    1    1      1183    9  -11    4    6  -16   12  -12   -6  -12   10   14   -3   13  -10    9   16   14  -14
    1    8   15    1    1   66    1    1    1      1052    9  -12    4    6  -14   12  -12   -8  -13    9   15   -3   13  -10    5   15   14  -13
    1    8   16    1    3   71    1    3    1      1597   -7    7   16  -15    3   12    3   -7  -12   -5   13   16   12   -8   -6   10    2    1
    1    8   17    1    1   67    1    1    1      1210    4   -9    8    8  -15   10  -12   -6  -13    9   14   -3   13  -10    6   14   13  -13
    1    8   18    1    2   68    1    2    1       852  -13   12   -7   16   -7   -6   11    8   14   12   -1   13   -2  -10   -7   11    2    7
    1    8   19    1    1   65    1    1    1      2703    8  -12    6    3  -15   11  -12   -8  -13   10   14   -3   13  -11    7   13   14  -13
    1    8   20    1    3   67    1    3    1      1231   -2   11   16  -14    1    4    4   -7   -7   -1    8   12    8  -12   -3    7    0   12
    1    8   21    1    2   72    1    2    1      1017  -13   12   -7   16   -6   -6   10    9   16   13   -1   11   -2  -10   -5   11    2    5
    1    8   22    1    1   72    1    1    1      3868    8  -12    4    5  -15   11  -12   -7  -13    8   14   -3   14   -9    6   15   13  -13
    1    8   23    1    3   72    1    3    1      1259   -8    7   17  -14    3    7    4   -5  -12   -5   14   15   11   -8   -7   10    5    8
    1    8   24    1    3   65    1    3    1      1315   -8    5   16  -14    3    6    4   -6  -11   -5   13   16   11   -7   -7   10    1    5
    1    8   25    1    1   64    1    3    0      1334    9  -11    3    7  -17   13  -11   -8  -13    9   15   -3   12   -8    7   14   23  -14
    1    8   26    1    3   70    1    3    1      4072   -9    7   16  -13    2    8    5  -15  -11   -5   12   16   10   -7   -8   10    4    9
    1    8   27    1    3   68    1    3    1      2032   -8    6   16  -14    3    5    4   -6  -12   -4   13   16   12   -9   -7    9    4   10
    1    9    1    1    1   76    1    1    1      2296    9  -11    5    5  -15   11  -11   -7  -14    9   10   -8   14   -9   10   17   14  -14
    1    9    2    1    1   81    1    1    1      1272    9  -11    4    6  -15   11  -20    0  -13    9   15   -3   13  -10    2   16   12  -15
    1    9    3    1    2   81    1    2    1       785  -13   13   -7   15   -6   -4   10    8   15   11    0   12   -1  -11   -7   10    2    6
    1    9    4    1    1   74    1    1    1      3983    9  -11    4    6  -11    8  -10   -8  -13    9   13   -3   12   -9    6   15   13  -13
    1    9    5    1    3   80    1    3    1       619   -8    6   17  -15    3    7    4   -5  -12   -5   12   17   11   -8   -7   10    4    9
    1    9    6    1    1   78    1    1    1       749    9  -12    5    6  -10   20  -11   -7  -14   11   14   -3   14  -10    7   14   13  -13
    1    9    7    1    1   79    1    1    1      1657   10  -11    6    4  -15   12  -11   -8  -19   19   14   -3   13  -10    7   15   13  -13
    1    9    8    1    3   73    1    3    1      1107   -6    8   15  -13    3    6    5   -7   -8    1   13   16   11   -8   -8    9    4    8
    1    9    9    1    3   78    1    3    1      3395   -9    7   16  -14    2    8    7   -7  -12   -4   13   17   18  -16   -8   11    4    9
    1    9   10    1    2   77    1    2    1      1000  -14   13   -6   15   -7   -6   11    9   14   12    1   12   -3   -9   -7   10    2    6
    1    9   11    1    2   75    1    2    1      1548  -13   13   -6   15   -7   -5   10    9   13   11    1   11    3   -6   -6   11    2    6
    1    9   12    1    2   78    1    2    1      1370  -13   13   -8   17   -8   -5   11    9   14   13    0   14   -2   -9   -7   11    2    6
    1    9   13    1    1   80    1    1    1      2415    9  -11   11   13  -15   12  -11   -7  -13    9   15   -3   13  -10    8   13   14  -13
    1    9   14    1    1   75    1    1    1      2731    8  -11    4    6  -16    9  -11   -8  -12    9   15   -4   21    0    6   14   13  -13
    1    9   15    1    3   76    1    1    0      4890   -7    5   12   -4    2    6    4   -7  -13   -6   13   18   11   -8   -7   10    4    9
    1    9   16    1    3   74    1    3    1      1233   -8    6   16  -14    2    8    5   -7  -13   -5   14   15   10   -8   -6    9   12   18
    1    9   17    1    2   80    1    2    1      2812  -13   13    0   20   -8   -6   12    9   14   11   -1   13   -2  -10   -7   11    2    6
    1    9   18    1    3   77    1    3    1      1367   -9   12   15  -14    3    7    0   -7  -21    1   13   16   10   -8   -7   10    4    9
    1    9   19    1    3   75    1    3    1      2812   -7    6   15  -13    3    6    5   -7  -15  -10   12   17    9  -11   -7   10    5    8
    1    9   20    1    2   73    1    2    1      1830  -13   13   -6   16   -7   -7   11    9   15   12    0   13   -5  -11   -7   10    2    5
    1    9   21    1    2   76    1    2    1       712  -11   14   -7   16   -8   -6   11    9   14   12    1   13   -2   -9   -7   11    2    6
    1    9   22    1    2   79    1    2    1      1785  -12   13   -6   15   -8   -6   11   10   15   11    1   11   -2  -10   -7   11    2    6
    1    9   23    1    1   77    1    1    1      2427    9  -11    4    6  -15   10  -11   -7  -13    9   13   -2   13  -11    7   14   14  -13
    1    9   24    1    2   74    1    2    1      1159  -13   13   -7   16   -6   -6   11    9    7    4   -1   13   -5  -14   -7   11    2    5
    1    9   25    1    3   81    1    3    1      3396   -4    9   16  -14    2    6    1  -10  -12   -5   13   16   11   -8   -6   11    5    8
    1    9   26    1    1   73    1    1    1      1432    9  -11    5    5  -15   11  -11   -7  -13    9   14   -3   13  -10    7   14   13  -13
    1    9   27    1    3   79    1    3    1      1403   -8    5   16  -14    0   12    4   -5  -12   -5   14   17   12   -8   -7   10    3   10
    1   10    1    1    2   86    1    2    1     10683  -13   14   -9   15   -6   -6   12    8   14   11    1   13   -2  -11   -7   13    3    6
    1   10    2    1    2   84    1    2    1       589  -12   12   -6   17   -5   -1   11    9   14   13   -1   13   -2  -10   -8   10    2    7
    1   10    3    1    3   82    1    3    1      1265   -7    5   16  -14    3    7    3   -5  -12   -5   13   16   17   -2   -7    9    3   10
    1   10    4    1    3   85    1    3    1       747   -9    7   16  -14    2    7    4   -6  -13   -5   13   17    9  -15   -7   11    5    8
    1   10    5    1    1   90    1    1    1      1098    7  -11    3    5  -22    9  -11   -7  -14   10   14   -3   13  -10    7   14   13  -14
    1   10    6    1    1   83    1    1    1       554    9  -11    5    6  -15   10  -11   -7  -12   10   14   -3   13   -8   13   18   13  -13
    1   10    7    1    3   88    1    3    1       735   -8    5   15  -15    3    7    4   -6  -13   -3   13   16   11   -9   -7   10    4    9
    1   10    8    1    2   83    1    2    1       781  -13   13   -7   17   -8   -7   11    9   13   11    1   13   -3   -9   -7   11    2    6
    1   10    9    1    3   86    1    3    1       859   -8    6   16  -14    4    7    3   -7  -12   -5   13   16   11   -8   -8   10    5   10
    1   10   10    1    3   83    1    3    1       548   -8    6   16  -13    3    7    3   -6  -19   -8   13   15   10   -8  -11   10    2    9
    1   10   11    1    3   90    1    2    0      3130   -9    6   16  -13    2    6   -5  -13  -12   -5   22    9   11   -8   -6    9    4    8
    1   10   12    1    1   87    1    1    1      1290    6   -2    4    6  -16   13  -11   -7  -13    9   14   -3   13  -10    8   14   12  -13
    1   10   13    1    2   90    1    2    1       773  -14   15   -6   18   -8   -6   11    8   13   13    5   14   -1  -10   -1    3    2    6
    1   10   14    1    1   84    1    1    1      1170    8  -11    5    7  -14   12  -13   -8   -6   16   14   -3   13  -10    7   15   13  -13
    1   10   15    1    1   88    1    1    1       895    8  -11    3    6  -25   10  -13   -4  -13    9   15   -2   12  -10    7   14   13  -13
    1   10   16    1    2   89    1    2    1      1047  -13   13   -7   16   -7   -6   10   10   14   12    1   12   -3  -11   -9   11    3    5
    1   10   17    1    3   89    1    3    1      1882   -8    6   16  -13    3    7    4   -6  -12   -6   14   15   11   -8   -6    9    4    9
    1   10   18    1    2   82    1    2    1       763  -13   13   -7   16   -7   -6   12    9   15   13    0   11   -2  -10   -7   11    2    8
    1   10   19    1    1   82    1    3    0      2535   10  -12    4    6  -16   11  -12   -8  -13    9   13   -4   13   -9    7   14   13  -14
    1   10   20    1    1   86    1    1    1       861    9  -11    3    6  -15   11  -10   -8  -13    9   13   -2   13  -10    8   13   13  -14
    1   10   21    1    2   88    1    2    1       776  -13   12   -5   17   -7   -6   11    9   11   17   -1   11   -3  -11   -7   11    4    6
    1   10   22    1    2   87    1    2    1      1077  -13   12   -8   17   -7   -6   10    5   14   11    1   12   -6   -2   -3   17    2    6
    1   10   23    1    2   85    1    2    1       822  -13   13   -7   16   -8   -7   11    9   13   13   -1   13   -1  -10   -6   10    3    5
    1   10   24    1    3   87    1    3    1      1601   -9    8   15  -14    3    7    2   -5  -12   -5   14   17   12   -8   -8   10    5    9
    1   10   25    1    3   84    1    3    1       637   -8    6   15  -15    4    6    5   -6  -12   -4   13   16   12   -8   -7   10    5    9
    1   10   26    1    1   85    1    1    1      1743    9  -11    0    1  -16   12  -10   -7  -13    9   14   -3   11  -18    8   13   14  -14
    1   10   27    1    1   89    1    1    1       773   10  -12    3    7  -15   11  -12   -8  -20   -1   15   -3   12  -11    7   14   14  -13
    2    1    1    1    3    3    1    3    1      6319   -8    6   15  -13    2    8    4   -6  -11   -5   13   16   12   -9   -8   14    5   10
    2    1    2    1    2   15    1    2    1      1326  -14   12   -8   16   -6   -8   11    8   13   13    4   16   -2  -10   -8   12    2    6
    2    1    3    5    2    9    3    2    1      2037  -13    8    3   13   -1    1   12    8   19    8    0   14    7  -19   -6   10    4    7
    2    1    4    2    1    0    0    1    1      1248    9  -11    4    6  -15   11  -11   -7  -13    9   14   -3   13  -10    7   14   13  -13
    2    1    5    4    1    2    2    1    1      1115    7  -13    3    8  -14   14  -13  -10  -12    7   14   -5   16  -14    9   14   18  -11
    2    1    6    4    2    1    2    2    1       858  -12   12   -7   15   -5   -7    1    2   16   13    1   11    0  -10   -8   11    2    7
    2    1    7    5    1    8    3    1    1      3250    7  -18    2   15  -20   11  -19   -1   -9   -1   18    0   12   -8   11   17   18  -13
    2    1    8    4    3    6    2    1    0       909   -7    6   14  -16    2    6    2   -6  -10   -4   13   17   10   -8   -7    9    2   11
    2    1    9    5    3    8    3    1    0      1909  -10    5   16  -15   -7    4    4   -7  -11   -7   12   16   16  -12   -2   16   -2    1
    2    1   10    1    2   25    1    2    1       678  -12   13   -8   16   -6   -6   11    8   14   12   -1   12   -2  -11   -7   13    1    7
    2    1   11    5    3    6    3    3    1      2056   -6    6   20  -17    4    6    6   -7  -10   -9   11   20   11   -7   -9   12    4   14
    2    1   12    1    1   36    1    1    1      1104    9  -12    3    7  -15   11  -12   -6  -12   10   13   -3   12  -10    8   13   13  -13
    2    1   13    4    2    3    2    2    1       961  -15   14   -5   15   -8   -4   12    9   15   11   -1   12   -5   -4   -6   10    3    6
    2    1   14    4    2    2    2    2    1      1639  -13   12  -12   14   -5  -14   13    1   13   10    1   12    0  -11   -6   12    7    8
    2    1   15    3    3    3    1    3    1      1155    1   -1   20   -9    3    7    4   -6  -12   -5   13   16   11   -8   -7    9    4    9
    2    1   16    4    3    4    2    3    1       801   -5    5   18  -13   12    5    2   -4  -20    5   12   17   11   -6   -8   12    9    4
    2    1   17    4    3    2    2    2    0      1916   -8    5   16  -13    2    6    7   -7  -12   -4   23   16   14   -4   -8   11    7    9
    2    1   18    5    1    1    3    3    0      2205   -1  -15    3    6  -16    9   -8   -9  -11    6   24  -10    5   -4    8   11   12  -13
    2    1   19    1    2   40    1    2    1       929  -13   13   -6   16   -6   -5    9    9   18   17    2   10    0   -9   -7   11    1    7
    2    1   20    4    1    1    2    1    1      1143   10  -12    2    4  -24   14  -10   -8  -12    8   12   -3   13  -11    2   11   18  -14
    2    1   21    1    1   47    1    1    1      1174   10  -12   12   -2  -16   12  -11   -7  -13    9   13   -4   14   -9    7   14   13  -12
    2    1   22    5    3    7    3    3    1      1137  -18   10   18  -16    3    6   -5    2  -12   -7   13   14    9   -7  -13   10    1    8
    2    1   23    1    3   55    1    3    1      1535   -7    7   16  -14    2    6    5   -6  -12   -5   13   16   10   -7   -8    9    4   10
    2    1   24    5    1    3    3    3    0       845    5  -20    3    4  -14   21  -13   -5  -10    1   21  -11    8    0    5   17   10   -4
    2    1   25    5    1    6    3    1    1      1269    6  -10    5    7  -15   21  -15   -3   -7    7   15   -1    8   -8   -3   23   12  -10
    2    1   26    1    2   64    1    2    1      1438   -8   21   -7   15   -6   -4   11    9   14   12    0   11   -2   -9   -7   10    2    7
    2    1   27    5    2    4    3    2    1      1519  -11   14  -12   12  -10   -4    3   18   15   12    2   15   -4  -11  -13    5    8    3
    2    1   28    5    3    9    3    1    0      4047    2   -1   14  -15   -4   -2    0   -4  -10   -4   22   12   16  -12   -5   11   -1    6
    2    1   29    5    1    4    3    1    1      2137    7  -16    3    8  -15   12  -16  -10   -9   17   16   -2   12   -8   11    8   14  -12
    2    1   30    1    3   77    1    3    1      1023   -9   12   15  -14    3    7    0   -7  -21    1   13   16   10   -8   -7   10    4    9
    2    1   31    1    2   83    1    2    1       767  -13   13   -7   17   -8   -7   11    9   13   11    1   13   -3   -9   -7   11    2    6
    2    1   32    1    1    1    1    1    1      1003    9  -11    0    9  -14   12  -13  -17  -15    8   10    7   13  -10    6   14   14  -13
    2    1   33    1    3   16    1    3    1       911   -8    7   16  -14    2    8    3   -7  -11   -4   13   16   10   -7   -6   10    4    9
    2    1   34    3    1    1    1    1    1      1157    9  -12    4    6  -16   10  -11   -7  -13    8   14   -3   14   -9    6   15   17   -9
    2    1   35    1    1   25    1    1    1      1043   10  -10    4    6  -16   10  -10   -7  -14    8   13   -4   14  -10    7   15   13  -13
    2    1   36    4    3    3    2    3    1       628   -9    7   16  -15    4    6    3   -8  -10   -7   15   14   12   -6   -3   13    5    9
    2    1   37    5    2    5    3    2    1       740  -10    6   -8   16   -6   -9    9    8   13   11   -2   12    0   -8   -8   21    3    5
    2    1   38    5    3    1    3    3    1      1073  -15    3   17  -14    4    5    5   -7  -13   -6   12   17   11   -3   -7    5    7    1
    2    1   39    1    3   29    1    3    1      4656   -8    6   15  -15    2    6    3   -6  -13   -5   13   17   10   -8   -7   10    4    9
    2    1   40    1    3   45    1    3    1       753   -7    6   16  -14   12    9    4   -7  -11   -5   14   16   11   -8   -7   10    1   14
    2    1   41    5    1    9    3    3    0      1374    7  -18   12    8  -15   10  -12   -7   -9   14   23   -8    4  -15    8   12   14  -13
    2    1   42    4    3    1    2    3    1       755   -8    5   18  -13    3    9    1    2  -12   -6   15   15   11   -9   -9   11    6    7
    2    1   43    5    2    7    3    2    1      1024   -9   17  -12   16   -7   -7    8    3   13   13    4   11   -1   -9    0    3   -3   -1
    2    1   44    4    2    4    2    2    1      1908  -12   14  -16   16  -16    0   12    8   23   11    0   11    2  -16   -5    9    3    6
    2    1   45    4    2    6    2    2    1       917  -14   14   -6   14   -8   -7   13   10   14   16    2   13   -3  -10   -8   13   11   11
    2    1   46    2    3    0    0    3    1      1149   -8    6   16  -14    3    7    4   -6  -12   -5   13   16   11   -8   -7   10    4    9
    2    1   47    4    3    5    2    3    1       667   -9    8   14  -14    3    8    6   -6  -10   -4   12   18   11  -10   -8   11    4   10
    2    1   48    1    1   48    1    1    1       908    9  -11    4    6  -15   11  -10   -7  -12   16   14   -3   13  -10    8   14   12  -12
    2    1   49    4    2    5    2    2    1      1028  -12   10    0   19  -14    0    9   10   13   12   -1   10   -2  -11   -7   13   12    2
    2    1   50    5    1    5    3    1    1      1463   10  -16    6    6  -16   11  -11   -6  -10   12   15   -3   12  -10   11   24   19   -5
    2    1   51    3    2    2    1    2    1       840  -13   13   -7   16   -7   -6   13    4   14   13    0   12   -2  -11   -8   11    1    7
    2    1   52    5    2    6    3    2    1       850   -4   16  -11   18  -14  -15   16   11   13   12    5    4    0  -11   -9    4    0    8
    2    1   53    1    1   62    1    2    0      1116    3  -18    5    6  -15   11  -10   -8  -13    8   14   -3   12  -10    7   14   13  -13
    2    1   54    1    3   71    1    3    1       939   -7    7   16  -15    3   12    3   -7  -12   -5   13   16   12   -8   -6   10    2    1
    2    1   55    2    2    0    0    2    1       673  -13   13   -7   16   -7   -6   11    9   14   12    0   12   -2  -10   -7   11    2    6
    2    1   56    3    3    2    1    3    1      1106   -8    6   16  -15    4    6    4   -7  -12   -5   13   16   10   -7   -7   11    4    9
    2    1   57    3    2    1    1    2    1      3600  -13   13   -9   15   -6   -5   11    9   14   11    1   13   -2  -11   -7   11    1   -3
    2    1   58    1    2   75    1    2    1       780  -13   13   -6   15   -7   -5   10    9   13   11    1   11    3   -6   -6   11    2    6
    2    1   59    1    1   86    1    1    1      1321    9  -11    3    6  -15   11  -10   -8  -13    9   13   -2   13  -10    8   13   13  -14
    2    1   60    5    3    2    3    2    0      2768   -8    7    8  -14   -1    9    5   -9  -21   -8   23   21   19    0  -11    3    8   12
    2    1   61    4    1    3    2    1    1      9743    8  -12    2    4  -15    9   -7   -2  -10    4   13   -5    8   -8   12   14   13  -12
    2    1   62    3    1    2    1    1    1       981    9  -11    4    6  -15   10  -10   -6  -12    9   13   -3   13  -10    6   15   13  -13
    2    1   63    5    3    3    3    3    1       969   -8    5   12  -13    4    6    2   -7   -9  -10   17   13   19  -16  -14   16    5    9
    2    1   64    5    1    2    3    3    0      3421    8  -11    4    7  -14   11  -14   -8   -5   10    6  -13   15   -4    6   15   23   -7
    2    1   65    3    2    3    1    2    1      1616  -14   13   -5   15   -7   -6   11   10   16   16    0   12   -2   -9   -7   11    1    7
    2    1   66    5    2    1    3    2    1       714   -7   12   -7   18  -10   -7   10    9    5   18   -1   14   -1  -11  -12   16    2    5
    2    1   67    5    2    2    3    2    1      4251   -6   21   -6   18   -8   -5   20   13   22   17   -4   12   -3  -12    3    7    2    3
    2    1   68    1    2   26    1    2    1       799  -13   13   -7   16   -7   -5   12    9   13   11   -2   14    3  -16   -7    2    2    6
    2    1   69    4    1    5    2    3    0     11834    8  -11    6    5   -6   15   -6  -12  -12    8   14   -4   15   -2    2   15   15  -14
    2    1   70    1    2   68    1    2    1       811  -13   12   -7   16   -7   -6   11    8   14   12   -1   13   -2  -10   -7   11    2    7
    2    1   71    5    3    4    3    3    1      1205  -17    5   15  -12    5   10   12   -1  -11   -6   12   16   11   -6    2    4    4    8
    2    1   72    1    2   63    1    2    1       961  -12   14   -7   16   -7   -5   12    8   14   12   -1   11   -3  -10   -7   11    1    5
    2    1   73    1    3   51    1    2    0       726   -9    5   17  -14    2    7    0  -15  -12   -5   12    7   11   -8   -7   10    4    8
    2    1   74    4    1    4    2    1    1      1590   11  -10    5    4  -17    9   -9   -2  -14   10   20   -2   14  -12    7   11   15  -15
    2    1   75    3    1    3    1    1    1      1091    8  -11    4    5  -16   12  -11   -7  -13    8   13   -3   13  -10    7   13   13  -13
    2    1   76    3    3    1    1    3    1       803   -8    5   15  -15    3    7    4   -6  -13   -5   13   16   11   -8   -8    9    4    9
    2    1   77    1    1   13    1    1    1      1212   10  -11    2    2  -16   12  -21   -5  -13    9   14   -4   12   -9    7   14   12  -13
    2    1   78    1    1   87    1    3    0      2023    6   -2    4    6  -16   13  -11   -7  -13    9   14   -3   13  -10    8   14   12  -13
    2    1   79    5    3    5    3    3    1       986  -17   16   16  -10    3    6   10  -10  -18   -9   12   18   18   -2    1    7    1   18
    2    1   80    5    2    8    3    2    1      2126   -5   11   -3   24   -7   -7   11    7   10   13    7   10    0  -17  -16   13    4    4
    2    1   81    1    3   76    1    1    0      2434   -7    5   12   -4    2    6    4   -7  -13   -6   13   18   11   -8   -7   10    4    9
    2    1   82    4    1    6    2    1    1      1244   10  -11   -2   15  -20   18  -15  -14  -13    8   12   -5   12   -9    7   13   14  -15
    2    1   83    5    1    7    3    3    0      1078   11  -15    5    6  -17   13  -16  -13   -7    3   15   -5   13   -7   10   16   21  -16
    2    1   84    5    2    3    3    2    1      1717  -15   15    2   13  -10  -11    9    5    7   10   -1   11  -10  -16   -3   14    2    8
