    1    1    1    1    2    9    1    1    0     11036  -12   10    6   18    7   20   -9   12   13   -1   -1    3   15    1    4    3    4   -1
    1    1    2    1    2    7    1    2    1      6578  -12   10   15   15    0   10   -8   10   12   -2    0    3   15   -5    4    4    5   -2
    1    1    3    1    1    3    1    3    0      1805   -3    8    8   -7   12    0  -14  -10  -13   11  -14    5  -14    2   17   11    2  -14
    1    1    4    1    2    1    1    2    1      3815  -12   10   15   16    8   14  -11   12   12   -1   -2    3   14   -6    4    4    3   -1
    1    1    5    1    1    7    1    1    1      2866   -3    9    9   -6   13   -2  -12  -12  -14   12  -14    5  -13    2   16   11    8  -15
    1    1    6    1    2    3    1    2    1      2681  -13   11   16   14    8   15  -10   11   13   -1   -2    3   15   -5    4    4    3   -2
    1    1    7    1    1    2    1    1    1      1529   -2   19    9   -5   14    0  -12  -12  -13   11  -13    5  -15    4   16   10    4  -13
    1    1    8    1    2    8    1    2    1      2622   -9    8   16   15    6   15  -10   11   12    0   -1    3   20   -8    4    3    5   -2
    1    1    9    1    2    6    1    2    1       847  -12   10   15   15    7   14  -10   11   12   -1   -2    4   16   -4   10    8    4   -1
    1    1   10    1    3    1    1    1    0      2137   -7   13   -4    8   13   10    4   -4  -14   -1  -11   13   -3  -15    2  -15   -4   11
    1    1   11    1    3    3    1    1    0      1348   -6   11   -5    8   13    8    5   -8  -14    1  -11   12   -3  -14    1  -14   -4   10
    1    1   12    1    1    9    1    1    1      1817   -3    9    9   -6   15   -1  -12  -12  -13   12  -15    4  -14    2   17    9    2  -13
    1    1   13    1    1    4    1    1    1      1885   -3    9    9   -6   14   -1  -13  -13  -14   11  -15    6  -14    2   16    9    2  -14
    1    1   14    1    1    5    1    3    0      2861   -3    9    9   -7   14   -1  -12  -12  -13   10  -14    6  -14    3   17    9    3  -14
    1    1   15    1    3    9    1    3    1      2254  -11    9   -6    9   14    9    4   -4  -15    1   -9   12   -3  -14    2  -14   -5   11
    1    1   16    1    3    2    1    3    1      1233   -4   10   -6    8   14    9    4   -4  -14    0  -11   12   -4  -16    0  -13   -7   18
    1    1   17    1    1    8    1    1    1      1411   -5    9   10   -7   15   -2  -12  -13  -14   12  -13    4  -14    2   15   11    2  -15
    1    1   18    1    3    4    1    3    1      1820   -7   13   -4    4   14    9    5   -5  -13    2   -9   11   -4  -13   -1  -16   -3   12
    1    1   19    1    1    6    1    1    1      1350   -1    8    9   -6   13    0   -3  -21  -13   10  -14    5  -15    2   15   10    3  -15
    1    1   20    1    2    2    1    2    1      1018  -12   10   22   21    6   14  -10   11   11   -1   -1    2    9   -4    5    2    4   -1
    1    1   21    1    2    4    1    2    1      2443  -12   10   15   15    7   13   -9   10   12   -1    0    2   16   -5    4    4    5   -2
    1    1   22    1    3    7    1    3    1      3596  -11    2   -8    8   14    9    4   -4  -14   -1   -9   12   -4  -13    1  -13   -5   10
    1    1   23    1    3    5    1    1    0       686   -6   12  -11   12   13   10    4   -5  -14    0  -10   10   -7  -11    6  -14   -3   10
    1    1   24    1    1    1    1    1    1      2466    3    6    9   -6   14    0  -12  -12  -18    7  -14    5  -14    1   17    9    4  -16
    1    1   25    1    3    8    1    1    0      1474   -6   12   -6    9   12   10    6   -4  -15    0  -11   11   -3  -14    1  -14   -4   11
    1    1   26    1    2    5    1    2    1      1050   -9    5   15   15   11   12   -9   11   11    0    0    4   14   -4    3    2    4   -1
    1    1   27    1    3    6    1    3    1      1027   -5   14   -4    8   13   10    4   -4  -15    0  -10   11   -4  -13    1  -14   -4   11
    1    2    1    1    1   14    1    1    1      8022   -2    9    9   -6   14   -1  -12  -11  -13   10  -15    5  -14    1   17    9    4  -15
    1    2    2    1    2   11    1    2    1      1174  -16    7   14   14   -3   22  -10   10   13   -2   -1    4   15   -6    5    2    5   -2
    1    2    3    1    2   15    1    3    0      1249  -12   10   16   15    7   14   -5   15   13   -2   -1    3   15   -5    3    4    4   -1
    1    2    4    1    1   15    1    3    0       707   -4    9    9   -6   15   -1   -2  -21  -13   11  -15    5  -14    3   16   10    2  -13
    1    2    5    1    3   12    1    2    0      1738   -6   12   -7   10    5   10    4   -4  -14   -1  -10   11   -2  -14    1  -14   -4   11
    1    2    6    1    1   18    1    1    1      3278   -2    9    9   -6   14   -2  -12  -12  -13   11  -14    5  -14    2   17    9    3  -14
    1    2    7    1    3   14    1    2    0       949   -7   12   -8   10   14    9    4   -4  -20  -10  -10   12   -3  -14    5  -19   -4   11
    1    2    8    1    1   13    1    3    0      2178   -3    9    9   -6   14   -1  -12  -11  -13   12  -13    4  -14    2   15   10    3  -14
    1    2    9    1    2   12    1    2    1      1596  -13    9   15   15    7   15  -19   12   13   -2   -1    3   15   -5    4    3    3    0
    1    2   10    1    1   12    1    1    1      2592   -3    8    9   -7   13    0  -17  -14  -13   11  -15    5  -15    2   16   11    3  -15
    1    2   11    1    3   16    1    3    1      1745   -7   12   -6   10   14    9    4   -3  -15    0  -17    9   -3  -14    1  -14   -4   11
    1    2   12    1    2   14    1    2    1       902  -12   10   16   15    8   15  -11   12   13   -2    5   -1   15   -4    4    3    2   -3
    1    2   13    1    3   11    1    1    0      3220   -7   12   -6    9   14    9    4   -3  -24    2  -10   10   -3  -14    3  -15   -4   11
    1    2   14    1    2   10    1    2    1      1020  -12    9   16   16    7   13   -9   10   11    0    0    3   23    1    3    4    4   -2
    1    2   15    1    3   13    1    3    1      3581   -7   12   -7    9   15    9    4   -4  -14   -1   -9   11   -2  -15    1  -14   -3   12
    1    2   16    1    2   16    1    2    1      1298  -12   10   14   16    7   14  -10   12   17  -11   -1    4   15   -5    4    3    4   -1
    1    2   17    1    2   13    1    2    1       633  -11   10   15   15    7   14  -10   12   11    0    0    4   15   -5    4    3    3    1
    1    2   18    1    3   10    1    1    0      6755   -6   13   -6    9   13    9    4   -4  -16    1  -11   11   -4  -13    2  -14   -4   10
    1    2   19    1    1   16    1    3    0      1287   -3    9    9   -5   14   -1  -12  -12  -12   10  -14    5  -14    2   17   10    2  -15
    1    2   20    1    1   10    1    1    1      1383   -3    9    9   -6   10    3  -12  -12  -14   12  -15    5  -14    2   16   10    3  -14
    1    2   21    1    2   17    1    2    1      1011  -12   11   15   15    7   14  -11    9   11   -1    0    2   15   -5    5    3    4   -2
    1    2   22    1    1   11    1    1    1      2340   -3   10    9   -6   14   -1  -12  -12  -14   11  -15    3  -14    1   16    9    4  -13
    1    2   23    1    1   17    1    1    1       801   -3    9    9   -6   14    0  -11  -12  -13   11  -14    5  -14    2   16   10    4  -14
    1    2   24    1    3   17    1    3    1      1451   -7   11   -6    8   13   13    4   -3  -14   -1  -19   11   -4  -13    2  -15   -3   10
    1    2   25    1    3   15    1    3    1      1428   -6   12   -5    8   15    8    4   -4  -15    0  -10   11   -3  -14    2  -15   -4   11
    1    2   26    1    3   18    1    3    1      1236   -6   12   -5    9   14    5    4   -3  -15    1  -10   11   -2  -14    1  -14   -5   15
    1    2   27    1    2   18    1    2    1      1029   -7    5   15   15    7   14   -9   12   12   -1   -1    3   15   -3    4    3    5   -2
    1    3    1    1    3   22    1    3    1      6022   -8   11   -6    8   14    9    5   -3  -16    0  -10   10   -2  -13    0  -14   -4   12
    1    3    2    1    1   19    1    1    1      2352   -2    9    8   -5   14   -1  -13  -11  -13   11  -14    6  -14    2   16   10    3  -14
    1    3    3    1    3   26    1    3    1      2163   -6   12   -6    8   14    8    5   -5  -15    0  -10   11   -3  -14    1  -14   -3   12
    1    3    4    1    3   25    1    1    0      1897   -9    9   -5    8   14    9    4   -5  -16    1  -11   10   -3  -14    0  -13   -4   11
    1    3    5    1    1   27    1    1    1      1031   -3    9    9   -6   15   -2  -12  -12  -12   11  -14    5  -15    2   22   18    4  -15
    1    3    6    1    3   24    1    3    1      1248   -6   12   -6    9   14    9    3   -3  -15    0   -9   11   -3  -14    1  -13   -4   11
    1    3    7    1    2   23    1    2    1      1484  -12   10   15   15    7   14   -9   12   10    8    0    2   16   -5    4    2    3   -2
    1    3    8    1    2   19    1    2    1       780  -12   10   15   15    7   13  -10   11   12   -1    0    3   13   -4   13    9    5   -1
    1    3    9    1    1   23    1    1    1      2441    2   12    8   -6   14   -1  -12  -12   -9   13  -14    4  -13    2   16   10    4  -15
    1    3   10    1    1   26    1    1    1       915   -3    9   10   -6   13   -2  -13  -12  -13   11  -13    5  -14    2   16   10    3  -14
    1    3   11    1    2   27    1    2    1       921  -12   10   13   14    6   15  -10   11   12   -1   -2    3   16   -5    4    2    3   -1
    1    3   12    1    1   20    1    1    1      1863   -2    8    9   -6   18   -4  -12  -12  -13   11  -13    5  -17   -2   16   10    3  -13
    1    3   13    1    1   22    1    1    1      8470   -2    8    9   -4   15    0  -12  -12  -13   11  -14    5  -14    2   16   10    3  -14
    1    3   14    1    3   20    1    3    1      2182   -9   15   -6    9   12   13    4   -4  -14   -1  -10   11   -4  -13    3  -13   -3   11
    1    3   15    1    3   23    1    3    1      1329   -6   13   -3   13   16    9    4   -4  -15    0  -11   12   -2  -12    1  -14   -4   10
    1    3   16    1    2   24    1    2    1      1050  -13    9   15   15    7   14  -10   11   13   -2   -4    1   15   -5    3    3    3    0
    1    3   17    1    2   25    1    2    1      1307  -17    9   15   16    7   14  -10   11   13   -1    0    3   16   -7    4    3    4   -1
    1    3   18    1    3   19    1    3    1      2411   -6   12   -6    9   13    9    4   -4  -12    2  -10   11   -2  -15    1  -13   -3   11
    1    3   19    1    2   21    1    3    0      1477  -11    9   13   15    7   14  -10   11   12   -2   -1    3   13    5    3    4    4   -1
    1    3   20    1    2   26    1    2    1       846   -9    5   14   16    8   15  -10   11   11    0   -2    4   15   -5    4    3    3    0
    1    3   21    1    3   21    1    1    0      1056   -6   12   -5    9   14    9    5   -3  -20    5   -9   10   -3  -14    1  -15  -14    2
    1    3   22    1    2   20    1    2    1       936  -12    9   15   16    7   13   -9   10   11    0   -1    3   15   -5    4    3    4   -1
    1    3   23    1    2   22    1    2    1       724  -12   10   15   14    6   14  -10   12   13   -2   -1    3   22   -9    4    3    4    0
    1    3   24    1    1   21    1    1    1      1642   -4   10    8   -7   14   -1  -12  -13  -14   11  -14    4  -13    2   17   10   13   -5
    1    3   25    1    1   24    1    1    1       595    5    8    9   -7   14   -1  -12  -13  -14   11  -14    4  -15    2   17   10    4  -15
    1    3   26    1    1   25    1    1    1       614   -3    9   10   -5   14    0  -12  -12  -13   10  -14    5  -16    4   16   10    3  -14
    1    3   27    1    3   27    1    2    0      1112   -6   13   -6    9   19    1    4   -4  -11    2   -9   10   -2  -12    5  -19   -5   11
    1    4    1    1    2   30    1    2    1      1471  -12   10   16   14    7   14  -11   12   12   -1   -2    3   15   -6    4    4    4   -1
    1    4    2    1    2   29    1    2    1       712  -12   10   14   16    7   14  -10   11   12   -1   -1    1   14   -5    2    5    6   -1
    1    4    3    1    3   32    1    3    1      7285   -6   12   -5   10   15    8    3   -3  -15    0  -11   10   -4  -13    0  -14   -1   15
    1    4    4    1    3   34    1    3    1      2731   -6   12   -5    9   13    7    4   -3  -16  -10  -10   11   -3  -14    0  -14   -3   11
    1    4    5    1    3   33    1    3    1      5388   -6   13   -6    8   14    8    4   -4   -6    4  -11   11   -3  -14    1  -14   -4   11
    1    4    6    1    3   31    1    1    0       811  -16   21   -6    9   15    9    9   -3  -16    1  -13   15   -7  -17    1  -13   -6   13
    1    4    7    1    1   31    1    1    1      1132   -3    9    2    0   14   -1  -13  -12  -13   11  -12    7  -13    1   16   10   -7   -6
    1    4    8    1    3   35    1    2    0      2361   -6   13   -6    9   15    8    3   -4  -14   -2  -10   11    2  -18    2  -15    2    3
    1    4    9    1    2   35    1    2    1       998  -12   11   14   15    8   14   -9   12   12   -2   -1    4   15   -5    4    3    3   -2
    1    4   10    1    3   30    1    3    1      2352  -12    2   -6    9   14    9    4   -4  -15    0  -10   12   -3  -15    1  -14   -5   12
    1    4   11    1    1   30    1    1    1       663   -2    8    8   -6   13   -1  -12  -12  -14   10  -13    4  -14    1   18    9    3  -14
    1    4   12    1    1   36    1    1    1       711   -3   10   10   -6   14   -1  -17   -9  -12   10  -14    5  -13    3   14   12    3  -14
    1    4   13    1    2   36    1    2    1      1005   -5    7   16   16    6   15  -11   12   17   -3   -3    1   16   -5    5   -1    7    1
    1    4   14    1    1   33    1    1    1      3416   -3    9    9   -6   15   -1  -12  -12  -14   11  -14    4  -14    1   16   11    3  -14
    1    4   15    1    1   32    1    1    1      1162   -3    9    9   -6   16   -3  -12  -12  -14   11  -16    6  -15    3   16   11    4  -14
    1    4   16    1    2   33    1    2    1      2014  -13   11   16   14    6   14  -10   11   12   -1   -1    3    5  -14    4    3    8    3
    1    4   17    1    1   35    1    1    1      1193   -2   11    9   -7   14   -1  -12  -13  -12   11  -14    5  -22   -7   13    9    3  -14
    1    4   18    1    3   36    1    2    0      1180   -6   12   -6    9   15   10   -3   -8  -15    0  -11   12    6  -20    1  -14   -4   10
    1    4   19    1    2   32    1    2    1       960  -12   10   24    5    6   14  -10   11   12   -1   -1    3   15   -5    4    3    4   -1
    1    4   20    1    1   29    1    1    1      1156   -2    8    9   -6   14   -1  -12  -13  -12   11  -13    5  -14    2   16   11    4  -13
    1    4   21    1    2   34    1    2    1      1168   -4   16   15   14    7   13  -10   10   12   -1    0    3   15   -6    4    4    3    0
    1    4   22    1    3   29    1    3    1      2228   -5   13   -6    9   18   17    7   -3  -15    0   -3    7   -2  -13    1  -14   -3   10
    1    4   23    1    2   28    1    2    1       960  -12   10   15   15    7   12  -10   12   14   -1   -1    3   18   -1    5    3    4   -1
    1    4   24    1    3   28    1    1    0      1485   -7   11  -14    8   17    5    4   -4  -14    1  -11   12    1  -11    1  -14   -3   14
    1    4   25    1    1   34    1    1    1       651   -4    8   10   -7   13    0  -11  -12  -12   11  -18    0  -14    2   16   10    3  -14
    1    4   26    1    2   31    1    2    1       971  -12   10   15   15    3   18   -9   10   13   -2   -1    3   14   -5    4    3    6  -11
    1    4   27    1    1   28    1    3    0      3736   -3    6    9   -5   14   -1  -12  -11  -13   12  -14    5  -14    2   15   10    3  -13
    1    5    1    1    1   39    1    3    0     14369   -3    9    9   -5   14   -1  -12  -12  -13   11  -15    5  -12    3   16   10   13  -22
    1    5    2    1    1   45    1    1    1      1062   -4    8    9   -5   15    0  -12  -12  -12    3  -14    5  -15    1   15   11    3  -14
    1    5    3    1    3   44    1    1    0       917   -6   12   -7   10   15    9    3   -5  -16    1  -10   12   -3  -14    2  -15   -4   13
    1    5    4    1    2   38    1    2    1       954  -11    9   15   15    7   14   -9   11    9   -4  -10    3   19   -7    4    3    3   -1
    1    5    5    1    1   40    1    1    1      1518   -3    7    9   -7   13    0  -12  -13  -12   10  -14    4  -15    2   16   10    1  -13
    1    5    6    1    3   45    1    3    1      1794   -5   21   -6    9   14    9    5   -4  -14    0  -10   12   -5  -12    0  -13   -3   10
    1    5    7    1    2   43    1    2    1      1622  -13   10   15   15    7   15  -11   11   12   -1   -2    3   13   -3    4    3    2   -8
    1    5    8    1    2   42    1    2    1      1086  -12   10   14   16    7   13   -2   13   12   -1   -1    3   15   -5    4    3    4   -1
    1    5    9    1    2   44    1    2    1      1191  -11   11   15   15    7   14   -9   12   12   -2    0    4   15   -5    4    4    4   -1
    1    5   10    1    1   43    1    1    1      4275   -3    9   10   -6   15   -2  -12  -13  -13   11  -14    5  -14    2   16   10    4  -15
    1    5   11    1    3   38    1    3    1      1558   -6   12   -6    9   14    9    3   -5  -14   -1  -11   11   -3  -14    2  -13   -4   11
    1    5   12    1    2   45    1    2    1       947  -13   11   15   15    0   21   -9   11   12   -1   -1    3   15   -4    4    4    5   -2
    1    5   13    1    3   42    1    2    0      2686   -7   13    1    0   14    9    4   -4  -17    7  -10   11   -3  -13    2  -14   -3   11
    1    5   14    1    3   40    1    3    1      1571   -7   13   -3   14   14    9    5   -4  -15    0  -10   11   -3  -13    1  -14   -3   11
    1    5   15    1    1   41    1    1    1       977   -3    9    8   -5   14   -1  -12  -12  -12   11  -18   -4  -14    1   16   12    3  -14
    1    5   16    1    3   37    1    3    1      1877   -6   12   -6    9   15    8    4   -4  -14   -1  -10   11   -1  -13    2  -14   -3    6
    1    5   17    1    2   37    1    2    1      1130  -12   10   15   15    7   14  -10   11   13   -2   -1    4   15   -6    4    3    4   -1
    1    5   18    1    1   38    1    1    1      1271   -3    8    9   -6   14   -1  -11  -10  -12   10  -14    5  -14    2   16    9    8  -17
    1    5   19    1    1   37    1    1    1       655   -4    9    9   -6   15   -1  -14   -7  -13   11  -14    5  -13    2   15    9    3  -14
    1    5   20    1    3   41    1    3    1      1224   -6   12   -7    9   13   10    4   -3  -15    0  -10   11   -2  -15   -1   -5   -3   11
    1    5   21    1    2   39    1    2    1      1104  -12   10   16   14    7   14   -9   12   13   -2   -1    3   17   -2    4    3    4   -2
    1    5   22    1    3   43    1    1    0      3471   -6   12   -7    9   14    9    4   -5  -16    0   -9   10   -3  -15    1  -13   -5   10
    1    5   23    1    3   39    1    3    1      1063   -7   13   -7    9   13   10    5   -4  -15    2  -10   11   -3  -14    0  -13   -4   11
    1    5   24    1    1   44    1    1    1       862    5    7    9   -6   14   -1  -12  -12  -10   20  -15    7  -17   -2   16   10    3  -14
    1    5   25    1    2   41    1    2    1       911  -12   10   17   10    6   14  -11   12   11    2   -1    1   16   -4    1    9    5    1
    1    5   26    1    2   40    1    2    1       796  -13   10   17   16    8   16  -11   11   12   -1   -1    3   15   -5    3    4    9   -3
    1    5   27    1    1   42    1    1    1      3791   -5   10    9   -6   12    9  -11  -13  -14   12  -14    5  -13    1   16   11    3  -14
    1    6    1    1    3   51    1    3    1      3039   -7   12   -7    9   14    9    7   -8  -14    0  -11   10   -3  -14    1  -15    3    5
    1    6    2    1    2   51    1    2    1       986  -12    9   15   15    8   14  -15   11   12   -1   -1    3   23  -15    3    4    4   -1
    1    6    3    1    3   46    1    3    1      2118   -6   12   -5    8   17   -1    4   -3  -15   -1  -10   11   -3  -14   -1   -7   -4   11
    1    6    4    1    1   46    1    1    1      1596   -3    9    8   -5   14   -1  -12  -12  -12   10  -14    5  -14    2   16    9    3  -12
    1    6    5    1    1   52    1    3    0      3015   -3    8    5   -2   14   -1  -12  -12  -14   12  -14    5  -12   -3   16   10    1  -14
    1    6    6    1    1   47    1    1    1      1872   -3    9    9   -6   12   -3  -12  -12  -14   11  -13    6  -14    2   17   11    4  -15
    1    6    7    1    2   50    1    2    1       865   -9    7   15   14   10   14   -9   16   13   -2   -1    2   15   -5    4    3    4   -1
    1    6    8    1    2   48    1    2    1       832  -13   10   15   14    7   14  -11    6   11    0   -1    3   14   -5    3    4    6   -1
    1    6    9    1    3   50    1    3    1      3673   -6   12   -6    8   14    9    5   -2  -15    0  -10   11   -3  -14    1  -14   -5   16
    1    6   10    1    2   53    1    2    1       474  -11   11   14   16    7   14   -9   12   11   -1   -1    3   12   -3    4    2    5   -1
    1    6   11    1    2   52    1    2    1       576  -12    9   16   15    7   13  -11   11   11   -6   -1    3   16   -6    4    3    4   -1
    1    6   12    1    1   51    1    1    1      1179   -2   11    9   -6   14    0  -11  -12  -13   10  -13    6  -14    1   16   10    1  -12
    1    6   13    1    3   47    1    3    1      1349   -6   13   -4    8   14    9    3   -3  -17    1  -10   11   -3  -13    3  -23   -4   11
    1    6   14    1    3   54    1    3    1      1809   -6   13   -7    9   13    8    3   -4  -15    0  -10   12   -2  -14    7  -22   -4   12
    1    6   15    1    3   52    1    3    1       880   -4   10   -6    9   15   10    4   -3  -15    0  -10   11   -3  -14    1  -14   -5   12
    1    6   16    1    1   53    1    1    1       711   -7   14   12   -8   13    0  -12  -12  -13   11  -14    5  -14    2   15   10    2  -14
    1    6   17    1    1   50    1    1    1       677   -3    9    9   -5   14   -1  -12  -12  -14   11  -15    6  -14    2   16   10    3  -13
    1    6   18    1    1   54    1    1    1       909   -3    9    9   -6   14   -1  -13  -11  -14   10  -16    3  -14    2   15   10    3  -14
    1    6   19    1    2   49    1    2    1       916  -12   10   15   15    7   14   -9   11   11   -2    0    3   14   -6    4    2    5   -1
    1    6   20    1    3   48    1    3    1      3395   -7   12   -8    7   16   11    5   -4  -15    0  -10   11  -11   -4    2  -15   -4   12
    1    6   21    1    3   49    1    3    1      1759    1   12   -6    8   16   -1    4   -4   -9    5  -11   12   -3  -14    1  -14   -4   10
    1    6   22    1    2   47    1    2    1       763  -10   10   15   14    5   14  -11   12   11    0   -1    3   12   -4    4    3    1   -4
    1    6   23    1    2   46    1    2    1       879  -12   10   16   15    8   14  -10   11   12    0   -1    3   15   -5    4    2    4   -1
    1    6   24    1    2   54    1    2    1       741  -14   15   16   16    7   14  -18   14   13   -1    0    2   16   -6    4    3    5   -2
    1    6   25    1    1   48    1    1    1      1354   -2    9    9   -7   13    0  -12  -12  -12   12  -14    6  -15    2   11    7    3  -14
    1    6   26    1    3   53    1    3    1      1087   -7   11   -6    8   14    9    4   -6  -14   -1  -10   11   -3  -14   -7  -21   -4   11
    1    6   27    1    1   49    1    3    0      3436   -3    9   10   -8   19   -2  -11  -13  -13   21  -14    6  -13    1   16   10    2  -15
    1    7    1    1    2   62    1    2    1      1587  -13   10   16   15    8   14  -10   11   12   -1   -2    3   15   -5    7    5    3    0
    1    7    2    1    1   55    1    1    1      2672    0   17    3  -12   14    0  -11  -13  -13   14  -16    6  -14    3   15   10    2  -15
    1    7    3    1    2   55    1    2    1       809  -12   10   15   15    7   13  -10   11   14   -2    0    4   16   -5    4    3    5   -1
    1    7    4    1    3   59    1    3    1     10818   -6   12   -2   17   14    9    5   -4  -15    0  -10   11   -3  -13    1  -14   -3   12
    1    7    5    1    1   56    1    1    1      1989    1   18    9   -5   14   -2  -11  -11  -14   12  -15    5  -14    1   19   14    3  -14
    1    7    6    1    3   57    1    3    1      4416    4   17   -6    5   15    8    5   -5  -15    0  -10   10   -3  -14    1  -14   -3   10
    1    7    7    1    1   62    1    3    0      1344   -3    9    9   -7   24   -3  -12  -12  -13   12  -14    6  -14    2   16   10    4  -15
    1    7    8    1    1   61    1    1    1      3340   -2   10   19   -9   14   -1  -11  -12  -13   10  -14    5  -14    1   16   10    3  -15
    1    7    9    1    1   57    1    3    0      1169   -3    9    9   -6   18   -2  -11  -16  -13   11   -6    1   -8    9   16    9    2  -14
    1    7   10    1    3   56    1    1    0      1052    1   21   -6    9   13    9    6   -4  -16    0  -20    5   -3  -14    3  -13   -4   12
    1    7   11    1    2   61    1    2    1       773  -12   10   14   15    7   13  -10   11   11   -2   -2    3   15   -5    3    4    3    0
    1    7   12    1    3   58    1    3    1      1448   -9   15   -6    9   14    9    5   -5  -15    0  -10   11   -4  -14   -7   -9   -5   11
    1    7   13    1    3   60    1    3    1       832   -5   12   -6   10   13   10    4   -4  -15    0   -9   11   -3  -13    1  -14   -3   11
    1    7   14    1    3   55    1    3    1      1367   -6   13   -4   10   14   10    4   -4  -14   -1  -10   11   -4  -19    1  -14    3   21
    1    7   15    1    1   63    1    1    1       810   -4   10    9   -7   14   -1  -12  -12  -12   12  -13    4  -14    2   16   10    2  -15
    1    7   16    1    3   63    1    2    0       667   -7   13    1    3   14    9    4   -3  -15    0   -9   12   -3  -14    2  -15   -3   11
    1    7   17    1    1   59    1    1    1       820   -3    9    9   -6   13    0  -12  -12  -14   12  -14    4  -14    1   15   10    3  -14
    1    7   18    1    2   58    1    2    1       774  -12    9   15   15    7   14  -12   12   14   -2   -1    3   15   -5    4    4    4    0
    1    7   19    1    3   61    1    3    1      1081   -7   13   -6   10   13   10    4   -4  -14    2  -10   11   -4  -14    2  -13    0   12
    1    7   20    1    1   60    1    1    1       461   -5    8   10   -6   14   -1  -12  -12  -13   11  -14    5  -14    2   16   10    3  -14
    1    7   21    1    2   63    1    2    1       726   -8    9   15   15    8   14  -12   11   13   -1   -2    4   13  -10   11   -6    3   -1
    1    7   22    1    3   62    1    1    0      2557   -6   12   -6    9   14   11    4   -4  -16   -1  -11    9   -3  -14    1  -13   -4   11
    1    7   23    1    2   57    1    2    1       697  -12   11   15   15    2   18  -17    8   11    0   -1    2   16    1    4    3    5   -1
    1    7   24    1    2   60    1    2    1       600  -12   10   15   16    7   13   -9   12   12   -1   -2   12   16   -4    3    2   -4    6
    1    7   25    1    1   58    1    1    1      1972   -3    8   10   -5   16    0  -13  -12  -13   11  -14    5  -14    2   16   10    3  -14
    1    7   26    1    2   56    1    2    1       672  -12   10   15   15    8   14   -9   12   11    0   -1    3   19   -1    3    4    4   -1
    1    7   27    1    2   59    1    2    1      3527  -16    5   15   15    7   15  -10   11   13    0   -1    4   15   -4    4    3    4   -1
    1    8    1    1    3   65    1    3    1      6220   -1    9   -6    9   14   10    4   -4  -14   -1   -9   10   -2   -9    0  -13   -4   11
    1    8    2    1    1   70    1    1    1      1229    1    7    9   -5   17   -4  -13  -11  -13   11  -13    4  -14    1   15   11    4  -13
    1    8    3    1    2   65    1    2    1      1118   -9   19   15   16    8   14  -11   10   11   -2   -1    4   15   -5    4    3    3   -1
    1    8    4    1    3   72    1    3    1      2015   -6   12   -7    9    8    8   11   -5  -16    0   -8   13   -8  -13    5  -10   -4   11
    1    8    5    1    1   69    1    1    1      1131   -3    8    8   -6   13   -2  -12  -12  -13   11  -13    6  -14    3   15   10    3  -13
    1    8    6    1    1   68    1    1    1      1489   -4    8    9   -6   14   -1  -12  -12  -12   13  -15    5  -14    2   16   10    2  -13
    1    8    7    1    1   67    1    1    1      1338   -4    9    9   -5   14   -2  -12  -12  -14   12  -15    4  -14    2   17    9    2  -14
    1    8    8    1    3   66    1    3    1      3356   -7   11   -5   10   12    9    4   -4  -15    0  -10   11   -4  -14    2  -14   -4   12
    1    8    9    1    2   66    1    2    1      2828   -7   15   15   15    7   13   -2   21   12    0   -1    3   14   -4    4    3    3   -1
    1    8   10    1    3   67    1    3    1      3225   -6   16   -9    5   15    8    3   -3  -14    5   -9   10   -3  -14    2  -14   -5   12
    1    8   11    1    1   66    1    1    1      1355   -3    9   10   -9   14   -1   -5  -19  -14   10  -14    5  -23    3   16   10    3  -15
    1    8   12    1    3   64    1    1    0      3667   -5   13   -6    9   13    9    4   -4  -16   -1  -10   11   -2  -13    8   -6   -4   11
    1    8   13    1    2   69    1    2    1      1526  -11    9   15   16    7   15  -19    1   12   -2   -1    3   15   -4    1    1    5    4
    1    8   14    1    3   68    1    3    1      1471   -6   13   -7   11   13    9    4   -4  -14    0  -10   11   -3  -17    1  -14   -4   12
    1    8   15    1    2   67    1    2    1       883  -12    9   15   15    7   14  -11   11   12   -1   -1    4   16   -6   14    5   -6    5
    1    8   16    1    1   65    1    1    1      1302   -5    8    9   -6   14   -1  -12  -12  -12   10  -15    5  -14    2   16   10    3  -14
    1    8   17    1    3   70    1    3    1      2289   -6   12   -7    8   14    9    4   -4  -14    0  -11   12   -2  -15    1  -13    5    4
    1    8   18    1    1   72    1    1    1      1362   -4    6    9   -6   13    0  -11  -12  -15    9  -14    6  -14    2   16   10    3  -14
    1    8   19    1    2   72    1    2    1      1296  -11    9   15   15    6   14   -6    8   12   -1    1    0   13   -4    5    2    6   -2
    1    8   20    1    2   70    1    2    1      1194  -18    6   15   15    7   14  -10   10   12   -3    1    3   16   -6    4    3    4   -1
    1    8   21    1    3   71    1    3    1      1671   -5   11   -6    9   15    8    4   -4  -14   -1   -9   11   -3  -14    0  -13   -4    7
    1    8   22    1    1   64    1    1    1      1170   -3    9    8   -6   14   -1  -11  -11  -13   11  -14    6  -13    2   17    9    2  -14
    1    8   23    1    2   71    1    2    1      1144  -12   10   15   15    7   14   -9   18   13   -2    0    3   15   -5    4    3    4   -1
    1    8   24    1    1   71    1    1    1      4593   -3    9    4   -2   19    3  -12  -13  -12   11  -14    5  -14    2   15   11    4  -14
    1    8   25    1    2   64    1    2    1       877  -12    9   16   14    6   14  -11   12   11    0   -1    3   14   -6    4    3    4    0
    1    8   26    1    3   69    1    3    1      2174   -4   15   -6    8   14    9    5   -5  -15   -1   -9   11    7  -22    2  -14    6   10
    1    8   27    1    2   68    1    2    1      1387  -15   13   16   18    8    6  -10   11   16   -3    0    2   15   -5    4    3    5    1
    1    9    1    1    2   74    1    2    1      4672  -10    8   14   14    6   13   -9   10   12   -1   -2    4   15   -5    4    4    7   -5
    1    9    2    1    2   81    1    2    1      1075  -12   10   15   15    7   14  -18    6   12   -2   -2    2   15   -5    4    3    5   -1
    1    9    3    1    2   76    1    2    1       870  -13   10   15   15    7   14  -10   11   16    0   -1    3   15   -5    4    3    5   -1
    1    9    4    1    1   75    1    1    1      1210   -2    9   10   -6   16    0  -11  -12  -13   11  -14    5  -13    1   16   10    4  -15
    1    9    5    1    3   78    1    3    1      2392   -6   12   -7   10   14    9    3   -4  -16   -1  -10   11   -4  -15    0  -13   -3   11
    1    9    6    1    1   79    1    1    1      1119   -3   10   10   -6   15  -11  -12  -13  -13   11  -14    5  -14    2   17    9    3  -14
    1    9    7    1    3   77    1    3    1      3897  -10   20   -7    9   14    9   -1   -3  -14    0  -10   11   -3  -14    1  -14   -3   10
    1    9    8    1    1   78    1    1    1      4461   -3    9   10   -4   14   -1  -11  -13  -13   11  -14    4  -15    2   16   10    3  -14
    1    9    9    1    3   80    1    3    1      1914   -6   12    3    6   14    9    4   -4  -17   -1   -9   10   -3  -14    1  -14   -4   11
    1    9   10    1    3   76    1    1    0      1690   -6   12   -3   19   15   10   10  -12  -15    0  -10   11   -3  -15    1  -14   -3   11
    1    9   11    1    2   73    1    3    0      4358  -12    8   15   15    8   14  -13   14   13    1    0    2   16   -6    2    0    4   -1
    1    9   12    1    3   75    1    3    1      5006   -6   12   -6    9   10   15    4   -5  -15    0  -10   11   -3  -14    0  -14   -3   11
    1    9   13    1    3   81    1    3    1      3244    3   11   -6    9   13   10    3   -3  -15    0  -10   10   -3  -14    1  -14   -4   11
    1    9   14    1    3   73    1    3    1      1359   -6   12   -6    7   13   10    4   -4  -15   -1  -10   12   -3  -14    1  -14   -4   10
    1    9   15    1    1   77    1    3    0       930   -3    8   10   -7   14   -1  -12  -12  -12   10  -14    5  -14    2   16   11    2  -13
    1    9   16    1    2   77    1    2    1       819  -12   10   15   15    7   14   -9   11   12   -2   -1    3   15   -4    4    4    5   -7
    1    9   17    1    2   80    1    2    1       800  -13   11   19   15    6   15   -9   11    7   -5   -1    3   14   -5    5    3    4   -1
    1    9   18    1    1   76    1    1    1      2390   -2    8    8   -5   15   -1  -12  -13  -13   11  -15    6  -14    2   15   10    4  -13
    1    9   19    1    2   75    1    2    1      1269  -13   12   15   15    7   14  -18    9   12   -1    0    3   15   -5    4    3    4   -1
    1    9   20    1    2   79    1    2    1       792  -12   10   15   15    6   14  -10   11   13    0   -2    4   16   -3    5    2    4   -1
    1    9   21    1    2   78    1    2    1       942  -13    9   15   15    7   14  -10   11   10    0   -1    2   16   -6    4    3    4   -1
    1    9   22    1    3   74    1    3    1      5614   -8   13   -6    9   14   10    4   -4  -14    0  -10   11   -3  -14    7  -18   -2   10
    1    9   23    1    3   79    1    2    0      3563   -6   12   -5    8   14    9    4   -5  -16    0  -11   12   -2  -13    1  -15   -4   10
    1    9   24    1    1   74    1    1    1      1176   -3    8    9   -6   13   -1  -10  -17  -13   11  -14    5  -15    3   16   10    3  -13
    1    9   25    1    1   81    1    3    0      3454   -3    9    9   -6   15   -1  -11  -12   -9    9   -9   -1  -13    3   16   10    2  -13
    1    9   26    1    1   73    1    3    0      2398   -2    8    8   -5   14   -1  -12  -12  -11   10  -14    7   -9    2   17   11   -6  -23
    1    9   27    1    1   80    1    1    1       834   -3   10   10   -6   13   -1  -13  -11  -13   11  -14    5  -14    2   16   11    3  -12
    1   10    1    1    1   89    1    1    1      5052   -3    9    9   -5   14    0  -12  -14  -13   12  -15    4  -14    2   16    9    3  -14
    1   10    2    1    1   86    1    1    1      7999    2   16   10   -6   13   -1  -11  -11  -13   11  -13    7  -15    3   15   11   -7   -5
    1   10    3    1    3   90    1    3    1      2499   -5   12   -6    9   15    8    8   -1  -15    1   -9   12   -3  -14    1  -14   -3   11
    1   10    4    1    1   88    1    1    1       908   -4    9   11   -7   14   -2  -13  -11  -12   11  -14    5  -15    3   16   10    4  -13
    1   10    5    1    2   88    1    2    1      1615  -12   10   15   14    8   14  -11   12   13    0   -1    2   16   -5    3    4    5   -1
    1   10    6    1    1   82    1    1    1      1636   -3    9    9   -6   14   -1  -12  -12  -13   11  -14    6  -13    1   16   10    2  -14
    1   10    7    1    2   84    1    2    1       888  -12   10   15   15    8   13  -10   11   12   -1    0    5   14   -4    5    3   11    2
    1   10    8    1    2   86    1    2    1      4163  -12   10   16   15    7   15  -10   11   12    0   -2    4   14   -5    4    3    5   -1
    1   10    9    1    1   90    1    1    1      2163   -2    9    9   -6   15   -1  -11  -12  -11   12  -14    5  -14    2   15    9    3  -14
    1   10   10    1    3   87    1    3    1      1650   -7   13   -5   10   14    9    4   -4  -15    0  -10   11   -3  -14    0  -14   -3   13
    1   10   11    1    3   89    1    3    1      1196   -6   12   -6    8   15    9    5   -3  -15    1  -10   12   -4  -13    0  -14   -4   11
    1   10   12    1    1   85    1    1    1      1651   -4    8    8   -5   14   -2  -12  -12  -13   11  -14    4  -12    2   15   11    3  -14
    1   10   13    1    1   83    1    1    1      1200   -3    9    9   -6   14    0  -13  -11  -13   11  -13    5  -15    2   15   11    2  -14
    1   10   14    1    3   86    1    3    1      1319   -7   11   -6    8   14    9    3   -5  -15    0   -9   10   -3  -14    1  -14   -5   10
    1   10   15    1    2   89    1    2    1      1064  -11    9   16   15   -3   22  -10   11   12   -1   -1    3   17   -4    4    3    4   -1
    1   10   16    1    1   84    1    1    1       965   -3    9   10   -7   15   -1  -13  -11  -11   11  -15    5  -15    2   16   10    3  -15
    1   10   17    1    2   85    1    2    1      1221  -12   10   15   15    7   14  -10   11   13   -2    0    2   15   -5    4    3    4   -1
    1   10   18    1    3   82    1    3    1      1619   -6   13   -3    8   15    9    4   -4  -15    0  -10   10   -3  -13    1  -14   -8    9
    1   10   19    1    3   88    1    3    1      2368   -5   12   -7    9   14   11    5   -4  -15    1   -9   10   -3  -14    1  -12    3   10
    1   10   20    1    1   87    1    1    1      4111   -4    8   10   -6   14    0  -13  -12  -12   10  -14    5  -13    1   16    9    4  -13
    1   10   21    1    2   90    1    2    1      1362  -11   10   15   16    7   14  -10   12   11    0   -1    2   16   -6    3    2    4   -1
    1   10   22    1    3   83    1    3    1     25017   -6   12   -6    8   14    8    4   -5  -15    0   -9   11   -3  -14    1  -14   -4   11
    1   10   23    1    2   82    1    2    1      1187  -13   17   16   14    7   14   -9   10    7    0   -1    3   15   -6    4    3    4   -1
    1   10   24    1    2   83    1    2    1      1011  -12   10   14   16    7   14  -10   11   12   -1   -1    3   14   -5    5    3    3   -2
    1   10   25    1    3   84    1    1    0      3529   -6   12  -12    5   14    9    4   -4  -14   -1   -9   12   -3  -14    1  -14   -4   11
    1   10   26    1    2   87    1    2    1      1052  -16   10   16   14    6   14  -10   11   11    0    0    3   15   -5    4    3    4   -1
    1   10   27    1    3   85    1    3    1      2098   -7   12   -5   10   14   10    5   -4  -14    1  -10   11   -5  -12    1  -14   -8   10
    2    1    1    1    1    5    1    1    1     16330   -3    9    9   -7   14   -1  -12  -12  -13   10  -14    6  -14    3   17    9    3  -14
    2    1    2    4    3    1    2    3    1      4096  -14    2   -5    9   19    9    5   -2  -16    0   -9   11   -1  -15    0  -13   -6   12
    2    1    3    1    3   12    1    3    1      1912   -6   12   -7   10    5   10    4   -4  -14   -1  -10   11   -2  -14    1  -14   -4   11
    2    1    4    3    1    1    1    1    1      1120   -4    9    9   -6   15   -2  -13  -11  -13   12  -12    7  -14    2   17    9    3  -14
    2    1    5    1    2   21    1    3    0       758  -11    9   13   15    7   14  -10   11   12   -2   -1    3   13    5    3    4    4   -1
    2    1    6    3    3    3    1    3    1      2788   -5   13   -5   10   14    9    2   -4  -16    0  -10   11   -3  -14    3  -15   -3   12
    2    1    7    5    3    9    3    1    0       658   -5   17   -1    5   18    8    4   -5  -19   -7  -11    3   -3  -16   -1  -21   -8    1
    2    1    8    1    1   31    1    3    0      1664   -3    9    2    0   14   -1  -13  -12  -13   11  -12    7  -13    1   16   10   -7   -6
    2    1    9    1    3   40    1    3    1       899   -7   13   -3   14   14    9    5   -4  -15    0  -10   11   -3  -13    1  -14   -3   11
    2    1   10    4    2    4    2    2    1       875  -14   10   19    7    8   13  -11   12   12    0   -2    2   14   -4    4    9    8    4
    2    1   11    1    1   51    1    1    1      1371   -2   11    9   -6   14    0  -11  -12  -13   10  -13    6  -14    1   16   10    1  -12
    2    1   12    1    3   63    1    2    0       585   -7   13    1    3   14    9    4   -3  -15    0   -9   12   -3  -14    2  -15   -3   11
    2    1   13    5    1    3    3    1    1       804   -2    8    7   -4   17   -3   -6   -5   -5   13  -22   14  -18   -2   11   14   -6  -10
    2    1   14    1    2   72    1    2    1      1247  -11    9   15   15    6   14   -6    8   12   -1    1    0   13   -4    5    2    6   -2
    2    1   15    4    3    5    2    1    0       919   -7   14   -7   10   15    9   10   -4  -13   -1  -10   12   -2  -13    2  -14   -4   10
    2    1   16    5    1    6    3    3    0      1852   -1    9   16   -9   15   -1  -10  -11  -14   10  -13    4  -15    2   24   12    1  -18
    2    1   17    5    2    8    3    2    1      1269  -11   12   11   14    8   15  -10    9    3   -9    3    7   16   -6    1   12    7    5
    2    1   18    4    2    3    2    2    1       807  -17   15   16   15    8   12   -9   11   11    0    1    6   14   -5    4    4    4    0
    2    1   19    4    2    1    2    1    0       844  -11   14   16   14    8   13   -6   12   14    1   -2    4   15   -7    2    2    4    1
    2    1   20    1    2   78    1    2    1       404  -13    9   15   15    7   14  -10   11   10    0   -1    2   16   -6    4    3    4   -1
    2    1   21    1    1   82    1    1    1       888   -3    9    9   -6   14   -1  -12  -12  -13   11  -14    6  -13    1   16   10    2  -14
    2    1   22    5    1    7    3    1    1       679  -12   13   19   -4   10   -2  -10  -12  -10   16  -11    7  -14    1   16    8    3  -15
    2    1   23    4    1    5    2    3    0       957   -2    9   10   -8   13   -1  -17  -12  -15   10  -14    3  -19   -2   14   10    2  -16
    2    1   24    4    2    2    2    2    1       532  -13   12   15   16    6   14   -8   13   10    3    1    5   14   -5    5    4    5   -1
    2    1   25    5    2    5    3    2    1       833  -11   10    6    6    3    9   -2   18    4   -9    5   -2   14   -6   -5   11    2   -5
    2    1   26    1    1    9    1    3    0       595   -3    9    9   -6   15   -1  -12  -12  -13   12  -15    4  -14    2   17    9    2  -13
    2    1   27    3    1    3    1    1    1       563   -3    9    8   -7   12    1  -12  -12  -13   10  -14    4  -14    1   16   10    3  -14
    2    1   28    2    1    0    0    1    1       422   -3    9    9   -6   14   -1  -12  -12  -13   11  -14    5  -14    2   16   10    3  -14
    2    1   29    5    1    4    3    3    0       896   -3   11   13   -9   21   -7  -10  -10  -15    6  -13    4  -18    6   17    9    1  -21
    2    1   30    1    3   15    1    1    0      1504   -6   12   -5    8   15    8    4   -4  -15    0  -10   11   -3  -14    2  -15   -4   11
    2    1   31    4    3    6    2    3    1       863  -10   19   -8    8   12    4    3   -5  -13    0    0   10   -2  -16    1  -15    0   15
    2    1   32    5    3    6    3    3    1      1345    2    3   -7   12   10   13   -5   -4  -14    2  -10   13   -2  -10    2  -13   -5   11
    2    1   33    3    1    2    1    3    0       598   -3    9    8   -6   14   -1  -13  -11   -8   14  -14    5  -19   10   16   10    2  -14
    2    1   34    1    1   20    1    1    1       614   -2    8    9   -6   18   -4  -12  -12  -13   11  -13    5  -17   -2   16   10    3  -13
    2    1   35    5    1    9    3    1    1       607   -4    9   11   -7   23    8   -4  -10  -10   16   -6   10   -6    5   19   11    4  -14
    2    1   36    4    1    6    2    1    1       612   -3   10    7   -6   14    1  -11   -4  -14    9  -14    6  -12    1   14    9    2  -13
    2    1   37    1    1   34    1    1    1       632   -4    8   10   -7   13    0  -11  -12  -12   11  -18    0  -14    2   16   10    3  -14
    2    1   38    1    3   38    1    3    1      3782   -6   12   -6    9   14    9    3   -5  -14   -1  -11   11   -3  -14    2  -13   -4   11
    2    1   39    1    3   46    1    1    0      1743   -6   12   -5    8   17   -1    4   -3  -15   -1  -10   11   -3  -14   -1   -7   -4   11
    2    1   40    1    2   58    1    2    1       799  -12    9   15   15    7   14  -12   12   14   -2   -1    3   15   -5    4    4    4    0
    2    1   41    1    2   71    1    3    0      3180  -12   10   15   15    7   14   -9   18   13   -2    0    3   15   -5    4    3    4   -1
    2    1   42    4    1    3    2    1    1      9027    0    5   13   -3   16    0  -11  -14   -9    9  -15    6  -12    0   17    9    4  -13
    2    1   43    4    2    6    2    2    1       500   -9   15   16   17    5   10   -9    9   11    1   -1    4   12   -6    3    2    4   -2
    2    1   44    4    3    3    2    3    1       995   -6   14   -5   11   14   10    4   -3  -14   -1  -10   10   -3  -15   -1  -12   -2   11
    2    1   45    5    2    1    3    2    1       910  -10   15   15   11    6   16   -6   11   12    0   -2    3   17   -4    6    3    6   -2
    2    1   46    2    3    0    0    3    1       662   -6   12   -6    9   14    9    4   -4  -15    0  -10   11   -3  -14    1  -14   -4   11
    2    1   47    5    1    2    3    3    0       758   -2    8    9   -4   15    3   -7  -14  -13   13  -15    4  -12    2   15    8    2  -19
    2    1   48    1    3   77    1    2    0       745  -10   20   -7    9   14    9   -1   -3  -14    0  -10   11   -3  -14    1  -14   -3   10
    2    1   49    5    3    8    3    3    1       887   -5   15   -6    8   18   13   10   -8  -12    8  -13   16   -2  -15    0  -13   -1   11
    2    1   50    5    3    1    3    2    0       861    2   21  -11   -1   14   10   -3   -4   -6    8  -18   21    5  -12   -1  -11   -3   14
    2    1   51    4    1    2    2    1    1      1589   -5    8    8   -4   13   -1  -13  -14  -13   10  -19    2  -16    4   12   15    4  -14
    2    1   52    3    2    2    1    2    1       764  -12   10   12   20    6   15   -7    3   12   -1   -1    3   15   -6    4    2    4   -1
    2    1   53    5    2    9    3    3    0      1422  -16    2   14   14    8   13  -13   13   13   -6    2    7   15   -7    3    4    5   -2
    2    1   54    1    2   82    1    2    1       599  -13   17   16   14    7   14   -9   10    7    0   -1    3   15   -6    4    3    4   -1
    2    1   55    3    2    1    1    2    1       692  -14    9   15   15    8   14   -9   11   12   -1   -1    3   16   -5    4    3    5   -2
    2    1   56    5    2    2    3    2    1       603  -15   11    9   13    3   18  -10   14   10   -2    4    8   20   -8    9    1    5   -1
    2    1   57    1    1   48    1    1    1      1332   -2    9    9   -7   13    0  -12  -12  -12   12  -14    6  -15    2   11    7    3  -14
    2    1   58    3    3    2    1    2    0       937   -6   13  -13   14   13   10    4    2  -15    0  -10   11   -4  -12    0  -13   -4   10
    2    1   59    1    1   80    1    2    0       828   -3   10   10   -6   13   -1  -13  -11  -13   11  -14    5  -14    2   16   11    3  -12
    2    1   60    4    3    4    2    3    1      1109   -6    9  -10    9   13   11    3   -1  -15    1  -11   12   -8   -8    5  -12   -5   12
    2    1   61    5    3    4    3    3    1       844   -7   14   -8   11   10   10    5   -6  -18    5  -11   11    0  -17   -5   -4    1   15
    2    1   62    5    3    2    3    3    1       973  -14   14    2   11   17   10    5   -4  -19    2   -9   12   -4  -14    0  -14   -1    1
    2    1   63    1    3   44    1    1    0       914   -6   12   -7   10   15    9    3   -5  -16    1  -10   12   -3  -14    2  -15   -4   13
    2    1   64    1    2   61    1    2    1       805  -12   10   14   15    7   13  -10   11   11   -2   -2    3   15   -5    3    4    3    0
    2    1   65    1    2   83    1    2    1       575  -12   10   14   16    7   14  -10   11   12   -1   -1    3   14   -5    5    3    3   -2
    2    1   66    4    3    2    2    3    1      1677    0   22   -5    9   12    9    2   -4  -16    0   -9   10   -5   -5    1  -13   -4   12
    2    1   67    5    2    3    3    2    1       686  -18   13   16   15    9   19   -9    9    5    5   -1    2   16    0    0   -1    4   -4
    2    1   68    5    2    7    3    3    0       894  -15   13   11   15    8   15  -12   13    7   -7    0    5   14  -12    9    7    9   -4
    2    1   69    5    3    3    3    2    0      1092   -7   12  -15   11   10    4   10  -12  -11    2  -16   18   -3  -15    3  -14    1    5
    2    1   70    2    2    0    0    2    1       491  -12   10   15   15    7   14  -10   11   12   -1   -1    3   15   -5    4    3    4   -1
    2    1   71    5    1    5    3    1    1       563  -10   16   10   -6   21    1  -14  -13   -9   10  -13    1  -15    3   14   17   -3  -12
    2    1   72    3    2    3    1    2    1       617  -13   10   15   16    7   14  -10   10   12   -2   -1    3   15   -6    3    3    5   -1
    2    1   73    1    2    5    1    2    1       530   -9    5   15   15   11   12   -9   11   11    0    0    4   14   -4    3    2    4   -1
    2    1   74    5    3    5    3    1    0       867   -1   15  -16    9   18    5   -1   -7  -16   -2   -1   20   -3  -18    2  -18   -3   17
    2    1   75    4    1    4    2    1    1       804   -2   11    9   -7   14   -2   -9  -13  -11    9  -23    9  -14    4   14   15    4  -13
    2    1   76    1    3   25    1    1    0       664   -9    9   -5    8   14    9    4   -5  -16    1  -11   10   -3  -14    0  -13   -4   11
    2    1   77    4    2    5    2    3    0      1072  -13   10   15    9   13   16  -10   10   11    0   -1    1    7  -10    5    2    3    0
    2    1   78    5    2    4    3    1    0       457  -18   10    6   17    3    6  -10   12    4   -7  -10   -6   20  -12    7    4    3    0
    2    1   79    5    3    7    3    3    1      1928   -3    8  -10   12   11   11    2   -7  -16    2  -16   18    0   -9    0  -15   -3   11
    2    1   80    4    1    1    2    1    1       591   -4    9   10  -12   16   -3  -11  -14  -15   11  -15    6  -16    4   18    8    4  -12
    2    1   81    5    2    6    3    2    1       778  -22    3   16   15    2   11  -10    9    8    4   -1    8   16   -5    5    3    6   -3
    2    1   82    5    1    1    3    1    1      2416    3    7   15  -14   16   -4  -13  -10  -16    3  -13    8  -14    0   16    7    6  -18
    2    1   83    5    1    8    3    3    0      1202   -8    2   10   -5   12   -6   -6   -6  -15   11  -13    5  -10    8   11    8    5  -16
    2    1   84    3    3    1    1    2    0      1298   -6   12   -4    9   14    9    4   -5  -15    0  -10   11   -4  -13    1  -13   -3   12
