    1    1    1    1    1    2    3    1    1      5143   11   -5    5    6    8    2    7    7   -9    6   -6   10   -6   14  -10  -12    2    1
    1    1    2    1    3    4    3    2    0      1508   18   -8  -13  -15   -5   -7   -5    6   -3    3    0    9  -15  -14   -8    6  -19   -9
    1    1    3    1    2    8    3    2    1      1875   -1   15  -14    9    0    7   -3    3  -15   -5   11  -12   -8   -4   12    5  -17    6
    1    1    4    1    1    9    3    1    1      3436   16   -1   -1    0    8  -10   -1    3   -8    2  -11    8   -3   14  -12  -17   -2   -2
    1    1    5    1    1    6    3    3    0      2943   18   -3    6   -1    9   -7    7    8  -12    5   -9   11   -7   14   -1  -21    2   -5
    1    1    6    1    3    1    3    2    0      2557    6   -3  -12  -13    0  -10   -3    5  -10    6    5    7   -2   -9    4   15  -11    2
    1    1    7    1    2    2    3    3    0      3045   -2   12   -9   14    0    7   -6   -7  -13   -9   -2  -11  -14   -5   12    3  -14   11
    1    1    8    1    3    2    3    2    0      2062    9   -5  -22  -10   -2  -11   -9    8    4    2   -6   10    1  -14   -5    7  -12   -9
    1    1    9    1    1    5    3    2    0      2648   12    0    2   -1   15  -12    9   11   -5   12  -10    6   -3   13  -19  -21    5   -3
    1    1   10    1    1    4    3    1    1      9092   14   -4    2    1    6   -5    8   14  -10    5    3   17   -9   12   -6  -11    2   -4
    1    1   11    1    3    3    3    3    1      3974   11   -4  -12  -13    2   -8   -9   13    0   -1   -1   16  -14    0    0    4  -17   -2
    1    1   12    1    3    8    3    2    0       844   10   -4  -12  -14   -2   -5   -9    5   -2    1   -3   12   -6   -4   -8    8  -13    0
    1    1   13    1    2    6    3    2    1       870    3   18  -11   12   -3    4   -5   -4  -11  -11    3    0   -9   -1   11    8   -5   12
    1    1   14    1    1    3    3    1    1      1529   13   -4    4    0    7   -3    7    9  -12   10   -6   11    4   11  -11   -8    6   -8
    1    1   15    1    2    1    3    3    0       814    2   17  -10   15    4   13  -10   -2  -13  -10    1   -3   -8   -3    9    4  -11    4
    1    1   16    1    2    4    3    3    0      1665   -3   15  -15   12    0    8   -2    1   -9   -8    2    2   -8   -1   10    7   -7   16
    1    1   17    1    1    7    3    3    0       547   15   -3    1   -9   10   -7    9   13   -7   -1   -8   12    3   17  -16  -14    4   -6
    1    1   18    1    2    3    3    1    0       425  -10   24  -10   11    0    6    0  -10  -17  -10    0   -1   -8   -2   11   10   -8    8
    1    1   19    1    3    7    3    2    0      3004   12   -4   -5   -4   -2   -9   -5    2    2    0    3   16  -12   -8   -7    6  -13    0
    1    1   20    1    2    7    3    1    0      1105    3    5   -7   15    6   10   -3   -5   -5  -18    3   -5   -9   -2    8    6   -8   11
    1    1   21    1    3    5    3    3    1       930   14    6  -14  -12   -8  -13   -3    6    3   -3    0    7   -6   -6   -7    5  -14    0
    1    1   22    1    3    6    3    2    0      2113   15   -6  -10  -11    0   -9  -14    1    0    0    2    7   -2   -7   -2    4  -21    2
    1    1   23    1    2    9    3    1    0      2483    7    9  -12   15   11    2   -4   -7  -16   -6    3   -1   -9   -5    8    7  -10   14
    1    1   24    1    1    8    3    1    1      2973   16   -7   13   -7   16  -15    8   11  -13    5  -14    3   -6   16  -11  -18    6   -8
    1    1   25    1    3    9    3    2    0      1587   16    6   -8  -10   -4   -8   -3   -4   -5    3   -2    7   -6   -6  -10   10  -12   -1
    1    1   26    1    1    1    3    2    0      1239   13   -1    2    1    6   -8    1   19  -19   11   -5   11   -5   15   -8  -12    0   -3
    1    1   27    1    2    5    3    2    1       859    2   13   -7   12    1    4   -6   -5   -6   -2    1    0   -8   -3   10    5  -10   14
    1    2    1    1    2   17    3    3    0      3701   -1   14  -14   13    1    7    0   -9  -20  -12    4   -3   -6   -3   12    8  -13    8
    1    2    2    1    1   12    3    3    0      1093   15   -3    6   -2    2   -5    5   12   -6    2   -9    4  -10   19  -10   -8    1   -3
    1    2    3    1    3   14    3    1    0      1109   11   -2  -13  -12   -9  -12   -4    6    5   -6   -6    2   -7   -4    1    3  -16    1
    1    2    4    1    1   13    3    2    0      5709   23    6    4   -1   -2  -16    5   11  -10    3   -3    9    2   10   -5  -13   -1   -5
    1    2    5    1    1   14    3    2    0      3046   13   -2    5    4    6   -6    8    9   -9    6   -7    7   -5   10  -11  -23   -2   -9
    1    2    6    1    2   18    3    3    0      2218  -10   18  -11   20    0    6   -8   -6  -13  -10    0   -2   -5   -4   10    4  -14   11
    1    2    7    1    3   16    3    1    0      1806   11   -1  -15  -16   -3   -6   -4    3    4   -6   -8   -1   -6   -6   -4    6  -21   -7
    1    2    8    1    2   14    3    1    0       817  -12   16   -9   19    6   11    1  -14  -21   -4   -1   -2   -8   -3   12    7   -8   12
    1    2    9    1    2   15    3    1    0      1727   -3   15   -6   20    6    8   -3   -5   -2  -13    2   -3   -6   -2    7   11   -1    4
    1    2   10    1    2   12    3    3    0       336   -2   14   -3    6   -4    2  -14    4  -12  -11    8    8   -6   -4    5   10   -9   13
    1    2   11    1    1   15    3    2    0       311   23    4   11    5    7   -9    7   10  -11    2   -8   11    2    8  -11   -5    3   -3
    1    2   12    1    3   17    3    1    0      2534   13   -2  -11  -12   -3  -10   -6    2    2    1   -2    7   -5    0   -7    8  -12   -1
    1    2   13    1    3   10    3    2    0      1750   14    0  -14  -14    5   -6  -14   10    0    4   -3    5   -7   -6   -8   16  -15   -4
    1    2   14    1    1   18    3    1    1      5633   10   -4   -2   -3    6   -7   10   11  -13    5   -5   11   -6   13  -14  -11   13   -2
    1    2   15    1    1   11    3    3    0      1732   13   -4    8   -2    0  -18    8   14  -13    2    0   19   -6   18  -10   -9    3   -5
    1    2   16    1    1   16    3    1    1      2634   21   -4    8   -5   12   -4    9    5  -13    3   -6   12   -7   18   -4  -16    9    2
    1    2   17    1    2   10    3    1    0       701    0   15  -17   10   -6    1   -8   -4  -13  -11    0    0  -17    0    5   -4   -8    8
    1    2   18    1    3   11    3    2    0       891    6    1   -4  -19    8    2    4   -2    0    2    0    7   -5   -7   -6    7  -13   -2
    1    2   19    1    2   11    3    3    0       427    5   18  -13    8    0    8    0   -4  -12   -6    5   -1   -8   -3   10    5   -9   11
    1    2   20    1    3   12    3    2    0      1800    9   -4  -12  -11    0  -10   -3    4    3    1   -6    1   -8   -9  -10   14  -10    2
    1    2   21    1    1   17    3    1    1      5691   13   -5    6   -4    7   -9    9    9  -11   13   -7   10   -1    9  -12  -11   -2  -13
    1    2   22    1    1   10    3    2    0      3245   23  -10    8  -10    4  -16    9   11  -10    5   -6   12   -7   16   -9  -20    7   -8
    1    2   23    1    2   16    3    1    0      1095   -1   16   -8   19    3    4   -7   -4  -15  -10    0    0   -9   -5   15    3   -1   12
    1    2   24    1    3   13    3    1    0       808   17    4  -12  -14   -2   -7    4    9    9    6    1    8   -9  -10   -2    8  -14   -2
    1    2   25    1    2   13    3    1    0       509    3   18   -3   14    3    1   -4  -14  -11  -11    6   -5   -9   -1   14    3   -4   11
    1    2   26    1    3   15    3    1    0       614    7    2   -4  -12    1   -9   -7    1  -11    4    0    6  -12   -4   -2   13  -13   -7
    1    2   27    1    3   18    3    2    0       154   10   -2  -16  -16   -3   -1    1   -2    0    1   -5   12   -4   -9   -6    6  -14    0
    1    3    1    1    2   24    3    3    0      3025   -1   15  -12    7   -4    4   -6   -4  -12  -20    5   -5   -9   -6   14   14   -8   14
    1    3    2    1    2   20    3    3    0      1686    0   17  -19   23   -1    5   -3   -3   -5   -6    0   -1   -9   -7    8    7  -11   10
    1    3    3    1    3   25    3    2    0       793   12   -3  -12  -12    4   -4   -3    6   -2    1    2   12   -9   -9   -1   10   -9    1
    1    3    4    1    1   21    3    3    0      2351   13   -3    1    3   -3   -1    4   19  -10    1    2   11   -2   13  -12  -13    2   -4
    1    3    5    1    2   21    3    2    1       750   -7   19   -6   14    8    3   -6   -4  -12   -9    2  -11   -5   -2   10   -3   -9   10
    1    3    6    1    3   23    3    1    0       709   10   -3  -13  -14   -8  -16   -4    3   -6    2    5    7   -8   -4    2   13  -19    9
    1    3    7    1    3   21    3    2    0       493   14  -13   -8  -13    1  -15    2   10    8    0    0    9    3   -9   -8    3  -17    4
    1    3    8    1    2   22    3    3    0      1926  -12   14   -3   13    1    5   -3  -13  -11   -3    1   -1  -14   -7   19    3  -10   20
    1    3    9    1    3   20    3    1    0      2122   11  -12  -22  -23    2   -9    3    3    0    1   -3    8   -4  -15    0    5  -13   -2
    1    3   10    1    3   27    3    2    0       635   10   -3  -12  -13    0   -7   -9    7    0    0    2   10  -14   -2   -7    6   -8    2
    1    3   11    1    1   19    3    3    0       502   15   -4    2    0    7   -7    7   10  -21   -2   -2   10   -6   17  -14  -18    3   -8
    1    3   12    1    2   19    3    1    0       927    6   12   -3    6   11   12    1  -11  -20  -15    3   -3   -7    5    7    0  -13   13
    1    3   13    1    2   25    3    2    1      1030   -1   13  -13   16   -1    6    3    3  -13   -9    5   -6   -5   -2   11    8  -19    6
    1    3   14    1    1   27    3    3    0      3177   13   -7    8    4    8  -13   13    9  -11    2  -15    2   -1   18  -10  -12    4   -5
    1    3   15    1    3   26    3    3    1      1887   12   -5  -17  -11   -4   -4   -2    1    0    0    1   13   -8   -4   -6    7  -14  -11
    1    3   16    1    3   22    3    1    0      1216   15   -8   -9  -18    0   -9   -7    2   -3    1   -1    6  -11   -6  -11    6  -15    3
    1    3   17    1    1   24    3    3    0      7157    9  -13    7    5    8   -6    7   11  -15    4   -7   18   -4   14   -7   -9   12    6
    1    3   18    1    1   26    3    2    0      2805   22    1   12   -3    9  -10    2   19   -8    8   -9   13   -3   18  -10  -13    0   -2
    1    3   19    1    2   27    3    3    0      3690   -1   15  -19   15    7   10  -15   -5  -11   -8    1   -3   -8   -6   19   15   -8   13
    1    3   20    1    3   19    3    3    1      1338   12   -4  -11  -17    4   -7  -12   12   -2    1    2    5   -7   -3   -6    6  -16    9
    1    3   21    1    1   20    3    1    1      1881    7   -3    7    4    7   -9    7   10   -8    5   -9   18   -6   15  -10  -12    1   -5
    1    3   22    1    1   25    3    2    0      1778   17    6   -1    3    5    1    7   11  -11    5   -7   13  -10   11  -12  -16   -4   -7
    1    3   23    1    2   23    3    2    1      2089   -1   17  -15   19    1    4   -9    0  -12  -11    3   -3   -8   -7   12   -2  -15   14
    1    3   24    1    2   26    3    2    1      3523    0   24   -8   20   10    8   -6   -5  -12   -6    6    2    1   -4   13    6  -11   12
    1    3   25    1    3   24    3    3    1       941   20    3   -5  -21    2  -15   -1   14   -1    0   -7   14   -6   -1  -14    5   -3    5
    1    3   26    1    1   23    3    3    0      4613   22  -13    0    5    6   -6    7   12  -11    2   -6    8  -11    6  -11  -12   -6   -3
    1    3   27    1    1   22    3    3    0      2619   15    0    7   -2   12   -8    4   14   -1   -6   -9   13   -3   15  -11  -12   -7   -5
    1    4    1    1    1   33    3    1    1      4504    8  -13    8   -5   12  -11    7   11   -5    1   -6   12   -8   18   -1  -15    2   -3
    1    4    2    1    2   31    3    2    1      1379   -4   13   -4   17    4   11   -5  -12  -11  -10   -1   -2  -12   -3   11    6   -8   14
    1    4    3    1    2   28    3    1    0      2042   -1   14   -9   11    4    9   -7   -7   -8  -16    1   -3  -10    7   13    5  -13   10
    1    4    4    1    2   33    3    3    0       870   -2   10  -11   15   -2    0   -7   -3  -10  -12   -6  -10   -8   -1   10    7   -3    2
    1    4    5    1    3   34    3    3    1      1368   13   -4  -14  -12   -1   -7   -2    0    0    1   -2    7   -5   -4   -4   14  -13   -6
    1    4    6    1    3   32    3    1    0      3229    7    1  -11  -14    2    0  -10    5   -3    0    2    4   -8   -4  -13   -2   -7    8
    1    4    7    1    2   35    3    2    1      2827    6   12  -12   14    5   -4  -10    0  -11  -10   -7  -10   -8   -4    0   10  -12   19
    1    4    8    1    3   28    3    1    0      3167    7   -8  -14  -11  -10  -12   -7    0    3   -1   -1    9   -6   -6   -8    9  -14   -6
    1    4    9    1    1   35    3    1    1      3702   16   -1    1    1   13   -7    9    8  -16    2   -5   11  -11   14  -15  -12    4   -6
    1    4   10    1    3   35    3    2    0      2911   10   -5  -17   -9   -6  -15   -3    5    0   -1    1    7    2   -6   -6    1  -11   -5
    1    4   11    1    1   29    3    3    0      1218   11   -2    3   -1    7   -6   15    7  -21    9   -7   11   -2   16  -12  -15    6   -3
    1    4   12    1    3   36    3    1    0      1302   11   -4  -15  -21    2  -17   -3    5   -8    2   -4    0   -8   -4   -9   -1  -15   -1
    1    4   13    1    1   34    3    2    0      2029   19    2    4   -1    6  -13    8   12  -11    6    1    7   -7   13  -10  -14    6    6
    1    4   14    1    2   34    3    1    0      1161    0   13   -9   17    1    7  -12  -13  -13   -9    3   -3   -5  -13    5    5  -12    9
    1    4   15    1    2   29    3    1    0      1208   -7   17   -6   11   -9    4   -5   -2  -15  -15   -2    0   -6   -4   19    4  -14   21
    1    4   16    1    3   29    3    3    1       605   15    2   -8  -12    0   -9   -7    4    6    7   -8    6   -3   -9   -7   10  -13    0
    1    4   17    1    3   30    3    2    0       264   10   -4   -7   -3   -5  -18    2   -3    3   -1   -3   18   -8    4    4    6  -10  -10
    1    4   18    1    3   33    3    1    0         0   12   -3  -21  -18   -1  -16   -3    2   -2   -4   -5   -1   -2    0   -6    7  -18    4
    1    4   19    1    2   32    3    1    0      1680   -3   16  -15   18   -1    1   -8   -4  -11  -11   10   -5   -9   -2   10    1   -1    4
    1    4   20    1    2   30    3    1    0      2289   -2   12  -13   17   -2    6   -6   -3  -16   -8    5    1    3    2    2   -4  -14    8
    1    4   21    1    1   31    3    1    1      1451   16   -5   10   -8    7   -4   12   14  -12    2  -17   15   -6   22  -13  -11    1  -13
    1    4   22    1    2   36    3    2    1      3437    0    8   -9    6    0   11   -3  -15  -13  -11    3    7   -1  -13    7   -4   -7   11
    1    4   23    1    1   32    3    1    1      2090   14   -5    3   -3    6   -9    8    9   -1    1   -7   13    3    6   -5   -6   -7  -13
    1    4   24    1    3   31    3    1    0       979   11   -4   -7  -22    3  -13   -9    0   -1    5   -1   10   -6   -5  -13    8  -20    8
    1    4   25    1    1   28    3    3    0      2407   14   -1    3   -1    8   -6   13    7  -12    3  -14   10  -12   19  -11  -14    6   -5
    1    4   26    1    1   36    3    1    1     11083   21    6    6    2    4   -3   13    6   -5    3   -4   10   -8    9  -10  -12   13    2
    1    4   27    1    1   30    3    1    1      2023   24   -4    0    3    8   -9    7   10   -8    5   -7   14  -10   12  -10  -14    5   -5
    1    5    1    1    2   43    3    1    0      2137   -1   16  -14   11   -3    8   -7   -6  -14  -11    8   -2   -6   -4   11    5  -18   17
    1    5    2    1    3   37    3    2    0      1137   17   -9  -11  -20   -1   -8  -12   -6    2   10   -6    3  -14    3    4   14  -13    1
    1    5    3    1    1   43    3    1    1      2489   12   -1    4   -5    6  -10    1    0   -7   -2   -6   12  -11   13  -21   -3   -3   -9
    1    5    4    1    2   39    3    3    0      1738   -1   14  -14   12    0    6   -7   -2  -22   -6    5    1    2    4   11    7   -4    4
    1    5    5    1    3   38    3    2    0      1706    9   -2  -12  -15    0   -5    4   -6    2    6    1    8   -6   -7   -2    8  -18   -3
    1    5    6    1    2   44    3    1    0       803  -10   15   -8   14   -5    2  -13   -8  -22  -12   10   -9   -8   -4   13   11   -9   11
    1    5    7    1    3   45    3    2    0      2088   13   -3   -9  -12    1  -13    1   14    9    7   -1    8  -11   -2   -4    2   -7  -11
    1    5    8    1    1   45    3    1    1      1139    9   -7    2    0    4  -10    5   13  -12    2   -6   10  -11   20  -19  -11    2   -4
    1    5    9    1    3   42    3    2    0      3306   13   -3  -14  -19    1   -8   -1    3   -2    1    2    0   -9   -5    3   -3  -17    2
    1    5   10    1    1   44    3    1    1      1556   20    2    3   -1    9  -11    8    9   -9   13   -2   14   -3   12  -13  -11    5   -5
    1    5   11    1    1   38    3    1    1       779   19   -9    7    0    7   -6    9    8  -17   11  -17   19    2    9   -6  -16    4   -3
    1    5   12    1    2   40    3    2    1      2928    3   14  -11   11    1    4   -9   -7   -8   -4    2   -2    2   -5    9    5   -4   22
    1    5   13    1    1   40    3    1    1       720   14   -2    4   -3    6   -8    4   15  -20    5   -7   13  -15    9  -12  -14   -7    3
    1    5   14    1    2   37    3    2    1      1337   -4   14  -20   21    6    6   -9  -14  -12   -2    9  -11   -6   -3   11    4   -9   11
    1    5   15    1    3   39    3    3    1       993    6   -7  -12  -14   -7    0   -7    7   -8    3    0    9  -12    3   -4    4  -14    0
    1    5   16    1    1   41    3    1    1       774    5    4    3    1    6  -10   13    4  -10    2   -8   12    0   16  -19   -8    3   -6
    1    5   17    1    1   39    3    3    0      1046   14   -2    2    0    7   -7   10   19  -19    1   -4    9  -12   11  -15   -8   -5    1
    1    5   18    1    3   41    3    2    0      5360   10   -2  -10  -12    1   -9   -3   -1  -11   -9    3   15   -7  -14   -8   12   -5  -10
    1    5   19    1    2   42    3    1    0       834   -5   18   -6   24   -3    7   -6   -6  -13   -7    4   -1    2    5   12    6  -12   13
    1    5   20    1    3   40    3    2    0      3189    9   -6  -14  -13    5  -13  -12   14    6    6    6    2   -3   -6   -1    7  -12   -2
    1    5   21    1    3   43    3    2    0      1236    8   -2   -5   -9    0   -4   -2    7   -3   -1   -2    4   -6   -7   -3    9  -14    1
    1    5   22    1    1   37    3    1    1      1137   14   -2    1    5    1  -13   14    7  -10    4   -8   16   -6   14  -10  -14    5   -6
    1    5   23    1    3   44    3    1    0      1457   14   -8  -11  -18   -1   -7   -6   -1    7    2   -2   10   -4    3   -3    5  -14  -10
    1    5   24    1    2   41    3    1    0      7859   -1   20  -13   18   -2    5   -1   -9  -14  -11   11   -8   -7   -5    5    7  -13   14
    1    5   25    1    2   38    3    3    0      4135   -5   12  -10   15    0   10   -2   -6  -12   -9    0   -1    2    0    8   15   -9   13
    1    5   26    1    1   42    3    1    1      2422   12    5   -2   -4    6   -8    7    8   -6   -2   -9   13   -6   16  -13  -18    4   -5
    1    5   27    1    2   45    3    1    0      1905    8   14   -8   17    0    7   -9    0  -18   -1   -4   -6  -10   -8   16    3   -1   21
    1    6    1    1    1   50    3    2    0      3112   14   -4    2    0    8   -9   -1    5  -19    5  -17   18   -5   16  -12  -12    4    1
    1    6    2    1    1   54    3    1    1      1259    8   -3    5   -5    6   -9   11   14  -16    8   -9   14   -4   14  -15  -23   -6  -13
    1    6    3    1    1   47    3    2    0      2829   11   -3   13    0    4   -7   11   13   -8    4   -4   11   -4   14  -13  -14    4  -14
    1    6    4    1    3   47    3    3    1      6026   12   -4  -14  -12   -5   -9   -6    3   -4    6    1   16   -2  -12   -9   10  -13   -3
    1    6    5    1    1   49    3    1    1      1001   22  -12    3    8    7   -9    8    9  -14   -6   -6    8   -4   14   -9  -15   12  -12
    1    6    6    1    2   52    3    1    0      3934   -2   16   -7   13    2    5   -4   -2  -13  -20    3   -5   -7   -2    5    1   -8   17
    1    6    7    1    1   48    3    1    1      1303   15   -1   -4    0    6   -7   14   19  -10    3   -5   13  -12   11  -11  -12   -4    3
    1    6    8    1    2   54    3    2    1      9769   -2   13  -15   10   -9   -3   -5   -6  -11   -8    4   -3  -11   -5    7    6  -11   20
    1    6    9    1    1   51    3    2    0      4194    8    1    3   -1    1   -2   12    7  -11    2  -12   17   -4    8  -14  -13    4   -5
    1    6   10    1    3   48    3    1    0      1457   16   -1   -6   -8   -3   -6   -7    8   -2    2    7   18  -10   -5  -14   11  -15    1
    1    6   11    1    1   52    3    2    0      7507    7   -1    1   -1   11   -3    5    4  -11    2  -10   13   -5   16   -6  -16    4   -3
    1    6   12    1    2   48    3    1    0      2964   -1   14   -6   15    2   11   -7  -10   -9  -14    0   -7   -9   -1    7    8  -11   14
    1    6   13    1    2   47    3    2    1      5531    7   15  -18   12   -5   10   -3   -3  -12   -9    1   -1   -7   -4   11    6   -3    7
    1    6   14    1    1   53    3    2    0      4062   13   -1   11   -6   10   -8    9    9  -10    4  -11   10   -6   12  -10  -20   -1   -7
    1    6   15    1    3   51    3    1    0      3154    9   -5  -14  -13    5  -18    5    9   -4   -5    5    4   -6   -6   -5   10  -12    6
    1    6   16    1    3   50    3    1    0       938   12   -4  -14  -13    2   -7   -4    3    0    2   -9   16   -4   -9   -2    6  -11    0
    1    6   17    1    2   49    3    3    0      2059   -3   19  -12   10    1    5   -6   -5  -10   -8    1   -3   -2   -3    0    9  -11   14
    1    6   18    1    3   54    3    2    0      2573   11   -5  -12  -10    4   -3    1    4   -4    5    4   13   -7   -6   -6   11   -8    4
    1    6   19    1    3   53    3    2    0      1004   12   -2  -11  -11    3   -3  -11   10   -1   -3    1   13   -2   -6    1    5   -8   -5
    1    6   20    1    3   46    3    1    0      2027    2   -5   -5  -15   -9  -11   -3    5   -6   -3    2   10    2  -12   -6    5   -7    9
    1    6   21    1    2   51    3    3    0       281    2   17  -17   19    2    4   -5   -7  -21   -1    2   -4  -10   -6   10    7  -11   14
    1    6   22    1    2   46    3    1    0      1184   -8   24   -7   21    1    5   -8  -11   -3  -16    1    2    3  -13   11    6   -7    7
    1    6   23    1    3   49    3    2    0       342   10   -2  -14  -10    0   -4   -2    0   -7   -5    6   15   -2  -10    1    8  -12    4
    1    6   24    1    2   50    3    1    0      1149    0   16  -10   15    1    4   -6   -2  -11  -10    0   -1   -7   -4    9    7   -9    7
    1    6   25    1    1   46    3    2    0         0   11    0    1    2    6   -7    9    9  -11    2   -6   12   -4   14   -9  -14    4   -6
    1    6   26    1    3   52    3    1    0       755   21   -4  -11   -8   -8  -16    1    5   -8   11   -2    9   -6   -6    2   -1  -11    1
    1    6   27    1    2   53    3    2    1      1184   -9   14  -15   18    5    8   -5   -7   -7  -11   -3   -1   -7   -4   10    2   -4   10
    1    7    1    1    3   57    3    1    0       951   19   -4   -4  -18   10  -15    5   10   -1    6   -4   14  -11    0   -3    8   -4  -11
    1    7    2    1    3   56    3    3    1      1541    4    1  -18  -15    3   -7   -4    2    0    0    2   15   -4   -4    1    3   -9    2
    1    7    3    1    3   63    3    2    0      2477   10   -2  -18   -9   10   -8  -10    7   -2    1    1   10   -7   -3   -7    6  -16    1
    1    7    4    1    1   59    3    1    1       969   12   -5    2    1    4  -15    4    8   -6   -2   -1    9   -2   14  -12  -14    1   -6
    1    7    5    1    2   58    3    1    0       994    2   13  -11   14    5    9  -10   -6   -2   -7    2   -2   -5  -10   12    6  -10   11
    1    7    6    1    2   63    3    3    0      1258   -3   15   -1   10    4   12   -4   -3  -11   -9    2   -3   -8   -2   12    6   -5   10
    1    7    7    1    1   56    3    1    1      1907   15   -5   13    3    8   -8   17    9  -21   11   -8    6    0    6   -7  -14   -5  -11
    1    7    8    1    1   60    3    1    1       867    9  -11    1    7    6   -4   13    8  -16    8   -1    2   -6   14   -4  -11   -6  -12
    1    7    9    1    3   61    3    2    0      2765   15    1  -15  -18    0   -9  -13    8    4    6    1    7   -9   -3   -8    9  -13   -2
    1    7   10    1    2   59    3    2    1      1090    0   15  -10   16   11    6   -5   -4  -14  -11    3   -4   -9    1   14    9  -10   12
    1    7   11    1    2   62    3    3    0      1230  -10    9  -15   14   -1    6    2    2   -9   -6    0    3   -6   -3   15    6   -8   11
    1    7   12    1    1   62    3    2    0      1697   14   -4    3   -1    5   -5    7    5   -6    3   -6   12  -13    5   -7  -12    2  -10
    1    7   13    1    3   59    3    2    0      2155    1    1   -8  -13  -10   -1   -5    5    9    4    2   -2   -7   -6    5    6  -15   -4
    1    7   14    1    3   55    3    2    0      2556    7   -2  -11  -14   -3   -4    4    6   -1    0   -2   16   -3   -1   -1   10  -15   -1
    1    7   15    1    2   57    3    1    0      1244   -2   13  -11   17    5    9    2    4  -17  -17   -2   -3   -8   -2   13    9  -16   14
    1    7   16    1    2   55    3    1    0      6040   -3   16  -12   14    2    5    0   -8  -13   -9   -3   -6   -7   -4    3   14   -8   12
    1    7   17    1    1   63    3    1    1       500   14   -4   11  -10    7   -7   14    5  -16    3   -7   11   -1   15  -16   -9    3   -3
    1    7   18    1    3   58    3    2    0       997   12    3  -15   -8   -1   -7   -3    3   -2    0   -8   11   -5   -8   -2    9  -11   -4
    1    7   19    1    2   61    3    2    1      2203   -2   20  -15   18    6   10  -11    0  -22  -16    0    7  -11    4    2   13   -8   13
    1    7   20    1    2   60    3    1    0      1003    6   24  -11   17    1    5   -9   -5  -21  -17    8  -10   -6   -4    9    4   -7   11
    1    7   21    1    3   62    3    3    1      3264   12   -2  -23  -13    0   -7    2    0  -11    7    1    7   -5   -5   -5    7  -14    0
    1    7   22    1    1   58    3    1    1      1516   14    1   -1    3   11   -7    7   18  -12    2   -3    8   -6   15  -13  -18    3   -6
    1    7   23    1    1   57    3    2    0      3195   15   -2    8   -9   16  -17   -1    2  -19   11   -1   21    1   12  -10  -14    2   -3
    1    7   24    1    2   56    3    1    0      1368   -4   14   -5   24   -1    6    5   -5   -4  -16    4    4   -9   -2   17    8  -13   17
    1    7   25    1    1   55    3    1    1      1103   13   -3   12   -5    5  -12    8    7   -4    8    0    7   -4   17  -13  -16    0   -9
    1    7   26    1    1   61    3    2    0      3248   13   -2   11   -5   -3   -5    4   13   -7    2   -6   11   -2    9  -13  -13    5    5
    1    7   27    1    3   60    3    2    0      1764   21    3  -14  -15   -5   -2    3    7   -6   -4    3    3    2  -15   -5    5  -12   -1
    1    8    1    1    1   72    3    3    0      2795    7  -10    8    3   14    1    8    9   -3   12   -6   10   -6   13  -12  -13    5   -6
    1    8    2    1    3   67    3    2    0      1712   14   -2   -5  -22   -8   -8   -6    3   -1    0    0    6   -6   -6    5   -1  -13   -2
    1    8    3    1    1   68    3    2    0       913   13   -9    2    1    8  -15   13    5  -16    7  -12   11   -5   15   -6  -18   -7    3
    1    8    4    1    1   66    3    1    1      2370   16   -7    2    0    6   -7    3   19   -2    2  -13   10   -6   18   -7  -19    0    6
    1    8    5    1    3   64    3    2    0      1833   10   -3  -11  -15   -1   -9    2   10    0    1    3   12   -3   -6   -7    8  -18    0
    1    8    6    1    3   71    3    3    1      1566   13   -6  -17  -13    0  -10   -5    5   -1    7   -4    8    3   -3   -7    1   -3    0
    1    8    7    1    2   70    3    2    1      2268   -4   15  -11   23    0    5    2   -2  -12  -12   -3   -5   -9   -3    7   15   -9   11
    1    8    8    1    1   65    3    1    1       672   12    2    4   -1    7   -9   13   18   -4    1  -17   22    1   11  -20  -17   -2   -7
    1    8    9    1    2   68    3    2    1      1803   -6   23   -1   10    0    7   -4   -3  -15   -1    0   -1  -12    2    9    7   -3   22
    1    8   10    1    2   67    3    2    1      1146   -1   13   -9   16   -4    9   -5   -4   -9  -12    0   -2    1  -12    8    5   -7    5
    1    8   11    1    2   66    3    1    0       915  -12   18  -11   20    9   -3   -2  -15   -7  -11    3   -5  -12   -2   10   11  -11   10
    1    8   12    1    3   69    3    3    1      2988   14   -5  -18  -11   -1  -10   -4    2  -10    4   -6    0   -7   -6   -8   12   -8   -1
    1    8   13    1    2   64    3    1    0       835    8   24  -11   17    3    8  -10  -13   -5  -17   10   -6   -3   -9   10    4   -8   12
    1    8   14    1    2   65    3    1    0      2376    3    8  -21   19   -3    9   -9  -15  -18  -18    2    3   -8   -4    6    6   -7    5
    1    8   15    1    3   72    3    2    0     18824   12   -7  -12  -11    4  -12   -3    9    3    7   -3    5   -2   -3  -11   16   -4   -9
    1    8   16    1    3   68    3    3    1      1332    4  -13  -11  -15   -1   -9   -4    6   -2   -3    1    8  -11    1   -9   -1  -15   -4
    1    8   17    1    2   69    3    1    0      1116    2   18  -17   18    2    5   -9   -2  -15   -8    3   -5  -13   -7   12   10  -16    4
    1    8   18    1    1   64    3    1    1      3739   17   -6    5    1   -1    2    8   12  -12    2   -6   12   -3    8  -12  -13    1   -6
    1    8   19    1    3   66    3    1    0      1673   18   -2  -16  -19   10  -17   -1    9    3   -3   -3   13   -8  -10   -5    5  -21   -2
    1    8   20    1    1   70    3    1    1      4497   15   -5    3   -1    3  -14   17    3  -12    5   -5    7    3   14  -11  -15   10   -9
    1    8   21    1    2   71    3    2    1      1895   -4   12  -11   11   -3   -1   -7   -7  -13  -11    1    0   -6   -2    9    5   -6   21
    1    8   22    1    3   70    3    3    1      3041    7   -8   -9   -8    0   -9   -8   -1   -8    6   -5   13  -13   -4   -7    4  -18   -4
    1    8   23    1    3   65    3    2    0      1317   16   -5  -15  -13    1   -7    1   -4    1    3    1    6  -10  -14   -9   -4  -23   -4
    1    8   24    1    1   69    3    2    0      1935   13   -2   -2    5    6  -10    9    9  -11    5   -8   11    5    9   -1   -8    4   -5
    1    8   25    1    1   71    3    3    0      2551   18   -2    1   -4    3  -11    9   10  -16    4    3   21   -6   14   -9  -11    2   -7
    1    8   26    1    2   72    3    2    1      6032   -1   14  -21   19   -2   12  -15    2  -11   -9    2   -1   -8   -2   14   13  -13    6
    1    8   27    1    1   67    3    2    0      4725   12   -1   -2    0   12  -15    6    9  -11    5   -4    8   -3   15  -18  -14    7    0
    1    9    1    1    3   75    3    1    0     10190   10   -6  -12  -13    8  -17   -4    6   -9   -8    0    0   -6   -4   -7    6  -13    1
    1    9    2    1    1   78    3    1    1       845   14   -4    4    2    6   -8    6   12  -12    8   -6   21   -7   13  -16  -10    3   -2
    1    9    3    1    3   80    3    2    0      2736   12    0   -7   -8    1   -9  -12   10   -3   -4    1    9   -7   -2    3   13  -14    6
    1    9    4    1    1   79    3    1    1       835   15    4    2    3    5  -10   12    6  -14   -1   -1   17   -4   14  -18  -14    2   -3
    1    9    5    1    1   74    3    2    0      1752   23   -4   11    2    4   -8    4    6  -11   -2   -9   14    5   23  -13  -15    1   -8
    1    9    6    1    3   73    3    3    1      3376   13   -5  -12  -11    9   -8  -12   -6    4    8   -1    8  -14  -12   -6    6  -14   -2
    1    9    7    1    2   74    3    2    1      5582   -1   14  -12   17   -3    7   -8    4  -20   -5    1   -4   -6   -1    8    8   -7    9
    1    9    8    1    1   75    3    3    0      1630   15   -4    0    4    6   -4    2   13   -6   -1   -4    9   -5    4   -6   -9    2   -5
    1    9    9    1    1   73    3    1    1      1049    5   -2    3    1   17   -3   13    1  -20   12  -17   17   -6   14   -7  -13    4   -4
    1    9   10    1    3   78    3    2    0      4093   15  -10  -17  -13   -1   -7    1   -1   -6   -3    2    4   -9   -7   -5    5   -9   -3
    1    9   11    1    2   75    3    2    1      2422    6   20  -10   18   -3    5   -9    0   -6  -10    3    3    1   -2    9    7  -13   10
    1    9   12    1    3   76    3    3    1      2299   12   -4   -9   -8    0  -10   -5    5   -6    0   -1    8   -7   -4   -9   14  -12   -3
    1    9   13    1    3   77    3    1    0      1085   11    1  -14  -12    1   -9    0   -5   -3    3    0    7   -7   -4   -7    6  -14    1
    1    9   14    1    1   76    3    1    1       927    4   -7    6    4    7   -4    9    9  -12    3   -8   13   -6   15  -12  -13    9  -12
    1    9   15    1    3   74    3    3    1      1432   12   -4  -12  -14    4   -4   -2    2   -2    5   -6    7  -15   -9   -3    9  -11   -2
    1    9   16    1    2   77    3    2    1      1860   -7   14   -9   15    2    7   -3   -5  -11  -15    2   -2   -7   -4   11    4   -9   11
    1    9   17    1    2   73    3    3    0      1624    1    8  -13   21    6   10   -1  -13  -11  -10    6   -1   -7    3    0   12   -4   20
    1    9   18    1    1   77    3    1    1       909   15   -2    5    2    2   -4    6   11   -9    1  -14   13   -1   13  -11  -12    8   -6
    1    9   19    1    2   81    3    3    0      1974   -3   17  -19   17    2    6    0   -1  -14  -12    3   -6   -5  -13    9    6   -1    6
    1    9   20    1    2   79    3    1    0      1806   -3   23  -15   13   -2   10  -12    0  -12  -11    0   -2   -8   -3   12    7   -3   18
    1    9   21    1    1   81    3    1    1      1956   20   -9   -1   -4    7   -9    8   11  -10    3   -9   12    0    9   -1  -12   -7   -7
    1    9   22    1    1   80    3    2    0      1715   11   -3    1    0    2   -3   10   14  -15    5   -5    8   -6   14  -15  -18    6   -4
    1    9   23    1    2   80    3    1    0      1292    8   11  -21   23    5    7   -6   -5  -11  -12    2    2    0    5    8    7   -9    9
    1    9   24    1    3   81    3    1    0       959   19   -6  -23  -16   -2   -9  -10   11    0    0    5   17   -6   -5   -8   10   -8    7
    1    9   25    1    3   79    3    2    0      1055   20    4  -19  -23   -1  -10   -3    8   -8    9    1    8   -8   -5   -6    7  -12   -2
    1    9   26    1    2   76    3    3    0      1171   -6   18  -12   17   -1   -1   -2   -4  -11  -10    4    1   -7   -4    6    9  -14   10
    1    9   27    1    2   78    3    2    1      5489   -2   18   -9   16   10    2   -7   -4  -11  -11    4    0    2  -10   12    1   -9   11
    1   10    1    1    2   88    3    2    1      1597   -1    5  -11   15    0    2   -6   -4  -12  -12   -2   -3   -9    5    9    5  -13   12
    1   10    2    1    1   85    3    1    1       971   14   -2    7    9    3  -11    2   13  -10    2   -6    8   -5   17   -9   -5    1   -4
    1   10    3    1    3   89    3    1    0      1090   12   -8  -13  -17    2   -7  -12    6    6   -9   -3    2   -9   -7  -15    2  -14    4
    1   10    4    1    2   84    3    1    0       915    1   17  -11   11    0    7   -5   -4  -14  -10    0   -1   -8   -4    8    5   -8   12
    1   10    5    1    1   88    3    1    1      2843   10    2    5   -2   15  -17   16   11  -13    1   -3    7   -4    9  -12  -14    7   -9
    1   10    6    1    2   87    3    2    1       870   -7   16  -12   24   -3   -2   -6   -4  -11   -8    3   -1   -4  -10    2    3   -6    6
    1   10    7    1    3   83    3    3    1      1340   19  -10  -14  -12   -1   -8   -2    4   -2   -2   -2    7   -6  -12   -9    6  -11   -5
    1   10    8    1    2   86    3    1    0       828    1   16  -13   18   10   -3   -6    0  -12   -8    1   -1   -7   -4   14    1  -11   11
    1   10    9    1    1   86    3    1    1       509   14   -1    7    0    6   -7    7   10   -8    8   -9    4   -3   14   -9  -15    0   -6
    1   10   10    1    1   87    3    3    0       652   16   -5    2    0    2   -4    5    2  -13    2   -5   16    4   12   -9  -17    1   -2
    1   10   11    1    2   83    3    3    0       412    1   18   -5   21    6    6   -6   -1  -12  -11    5  -10   -9   -6   14   10  -10   16
    1   10   12    1    3   86    3    3    1      1078    8   -3  -14   -8    8  -13   -5    4    1   -1    0    9  -11   -9   -2   16  -18  -11
    1   10   13    1    3   82    3    3    1      1040   19  -10   -8  -17   -3   -6  -12   -5    1    6    2    9   -7   -9   -9    4  -23   -7
    1   10   14    1    1   89    3    2    0       467   15   -3    1    4    7  -12    7   10   -3   -7    2   20    4   24  -12  -13   -4    3
    1   10   15    1    1   90    3    1    1       562   10  -11   10    9    6   -7    7   15  -12    8   -6   11   -5   16  -15   -8    2    5
    1   10   16    1    2   82    3    2    1      1056   -2   18  -12   16   -3    8   -6   -6  -10   -5   -2  -12   -7   -2   11    7   -9   11
    1   10   17    1    3   90    3    3    1      1314    3   -6  -20   -6    1  -10   -4    5   -3   -1  -10   -1  -10    3    5    0   -9   -5
    1   10   18    1    1   82    3    2    0      1195   13   -3    0   -5    5   -7   18    2   -6    6  -10   15   -5   18   -2   -8   -2   -3
    1   10   19    1    1   83    3    2    0       609   22   -3   -5   10    9   -9    3   13   -1    0  -14   12   -6   17  -10  -13    5   -5
    1   10   20    1    3   85    3    1    0      1320   10   -5  -13  -15   -3   -8    1    4    0   10    0    6  -11   -8   -2   12  -22   -2
    1   10   21    1    2   89    3    1    0      4114  -11   24   -7   17    4    5   -1   -8  -14  -10   -2   -1   -5   -8    1    3  -14   13
    1   10   22    1    1   84    3    1    1      1236   10    3    1    1    8  -10    8   11  -15   11  -12   15   -5   15  -10   -7    8   -1
    1   10   23    1    3   84    3    2    0       641   10    6  -12  -13    6   -8   -5    4  -10    7    7    8   -9   -4    3   14  -14    2
    1   10   24    1    3   88    3    2    0      1765   10   -3  -15   -9    9  -14   -5    4   -3    2   -5    9   -8   -4   -6    7  -16   -1
    1   10   25    1    2   85    3    2    1      1499   -3   15   -4   19    2    5   -4    4  -21   -9    2   -3   -5    7   10    7  -10   12
    1   10   26    1    3   87    3    1    0      1774   12   -3  -10  -15   -2  -10    1    5    6   10    9    5   -8   -3   -6    8  -11    6
    1   10   27    1    2   90    3    3    0       892  -11   19   -8   13   -8    5   -4   -2  -13  -12   -2   -1    1   -1    7    6   -3   19
    2    1    1    1    3    3    3    1    0      3688   11   -4  -12  -13    2   -8   -9   13    0   -1   -1   16  -14    0    0    4  -17   -2
    2    1    2    5    2    4    3    3    0      5778   -4   14  -12   16   -8    9   -4   -3  -13  -10   -4    3   -7   -5    4   16  -14   11
    2    1    3    1    1   14    3    1    1      3864   13   -2    5    4    6   -6    8    9   -9    6   -7    7   -5   10  -11  -23   -2   -9
    2    1    4    1    2   27    3    1    0      2737   -1   15  -19   15    7   10  -15   -5  -11   -8    1   -3   -8   -6   19   15   -8   13
    2    1    5    5    2    3    3    2    1       379   -2   24   -7   16    5    2   -9  -10  -10  -16   -1   -1   -5   -5   12    3   -7   20
    2    1    6    4    2    1    2    2    1      2331    0   16  -11   18    0    9   -3   -4  -13  -15    1   -4  -10    2    8    5   -4    2
    2    1    7    1    3   35    3    3    1       701   10   -5  -17   -9   -6  -15   -3    5    0   -1    1    7    2   -6   -6    1  -11   -5
    2    1    8    1    3   37    3    1    0       837   17   -9  -11  -20   -1   -8  -12   -6    2   10   -6    3  -14    3    4   14  -13    1
    2    1    9    3    3    2    1    2    0       825   11   -2  -13  -13    2  -11   -4    5    0    0   -1    9   -7   -5   -6    6  -11    0
    2    1   10    1    2   46    3    1    0       636   -8   24   -7   21    1    5   -8  -11   -3  -16    1    2    3  -13   11    6   -7    7
    2    1   11    1    1   58    3    1    1      1223   14    1   -1    3   11   -7    7   18  -12    2   -3    8   -6   15  -13  -18    3   -6
    2    1   12    5    2    6    3    2    1      1371    1   19  -14   10    1   16    4   -6  -19  -10   -1  -11   -5   -5    6    2  -17   16
    2    1   13    1    1   65    3    3    0       794   12    2    4   -1    7   -9   13   18   -4    1  -17   22    1   11  -20  -17   -2   -7
    2    1   14    1    2   75    3    2    1      1416    6   20  -10   18   -3    5   -9    0   -6  -10    3    3    1   -2    9    7  -13   10
    2    1   15    1    1   82    3    2    0      1621   13   -3    0   -5    5   -7   18    2   -6    6  -10   15   -5   18   -2   -8   -2   -3
    2    1   16    1    3    4    3    1    0       995   18   -8  -13  -15   -5   -7   -5    6   -3    3    0    9  -15  -14   -8    6  -19   -9
    2    1   17    3    3    1    1    3    1      4233   11   -3  -13  -12    0   -7   -4    4   -1    1    0    8   -7   -5   -6    6  -13   -1
    2    1   18    5    3    1    3    2    0      1004   11   -2   -9  -18   -2   -7    3   12    9   -4    3    6   -6   -4   -4    7  -16    5
    2    1   19    3    1    2    1    3    0      3225   16   -4    3    0    8   -7    8   11  -11    3   -7   12   -4   13  -11  -13    3   -4
    2    1   20    4    1    6    2    2    0      2589   15   -4    4   -1    8  -10   10    8  -12    3   -6   12   -5   16  -12  -13    2   -3
    2    1   21    2    3    0    0    3    1      2563   11   -3  -13  -13    0   -8   -4    4   -1    1    0    8   -7   -5   -5    6  -13   -1
    2    1   22    4    2    5    2    1    0       624    6   19  -13   17    4    6   -6   -4  -16   -9   -5  -11   -9   -4   18    4   -8   11
    2    1   23    5    1    1    3    2    0      2869   21    7    3   -9   -2  -15   13   13  -14    8   -6   11    1   11  -11  -12   11    0
    2    1   24    4    3    3    2    1    0      1055   11   -2  -14  -12   -1   -8   -2    4    0    1   -1    9  -12   -1   -4    8  -15   -3
    2    1   25    4    1    5    2    3    0      5513   19   -3    3    1    7   -7    9   14  -12    1   -8   11   -6   15  -11  -14    4   -3
    2    1   26    5    1    2    3    1    1       979   13    3   -6    8    5   -7   -1    8   -6    5   -8   12  -11   19   -6  -17    7   -8
    2    1   27    5    1    9    3    1    1       802   16   -1    2    5    4   -4   13   11   -8    3   -9    8    0   16  -10  -13   13   -8
    2    1   28    4    2    4    2    2    1       807   -1   15   -4   15    4   13    3   -6   -9  -13    0   -4   -7   -4   10    7  -10   10
    2    1   29    4    3    1    2    2    0      1354   13    2  -11  -13   -5  -12   -3    6    2    6    1    8   -8   -4   -6    7   -8    0
    2    1   30    5    3    8    3    1    0       745   12   -3  -12  -14    7  -13   -1    2    0   -1    0    5  -12    0   -2    6  -19    5
    2    1   31    1    1   17    3    3    0      1750   13   -5    6   -4    7   -9    9    9  -11   13   -7   10   -1    9  -12  -11   -2  -13
    2    1   32    5    3    9    3    1    0      3731   15   -5  -12  -13    5   -4   -3    8   -1    3   -3   13   -6   -8    0    5  -15    1
    2    1   33    5    1    6    3    2    0      1850   16   -3    7    1   11  -10    3    5  -15    1   -4   17   -7   16  -14  -22    1   -2
    2    1   34    5    3    7    3    3    1       866   12   -3  -13  -14    1   -8  -10   -3   -1    2    0    7   -4   -3   -2    8  -14    0
    2    1   35    1    2   25    3    1    0      1106   -1   13  -13   16   -1    6    3    3  -13   -9    5   -6   -5   -2   11    8  -19    6
    2    1   36    5    2    2    3    3    0      2067   -1   16   -7   13    2    6   -5   -6   -2  -10    0   -7   -8   -6   13    5   -9   10
    2    1   37    5    2    7    3    2    1      2693    1   15  -13   14    8    5   -1   -9   -8  -16   -9    7   -8    1   15    8   -8   12
    2    1   38    4    1    2    2    1    1      2719    7   -1    1   -2    8   -8    8   12  -11    2   -8    8   -6   15  -11  -12    3   -3
    2    1   39    2    2    0    0    2    1      2295   -2   15  -11   16    1    6   -5   -5  -12  -10    1   -2   -7   -3   10    6   -9   12
    2    1   40    4    1    4    2    1    1      1077   12   -1    1    3    8   -7    6   20   -3    3   -7   13   -7   19  -12  -13    5    0
    2    1   41    5    2    1    3    3    0      1663   -5   17  -11   15    1    8   -5   -4  -16  -12    0   -4   -1    5    8   10   -7   13
    2    1   42    1    3   34    3    2    0      1184   13   -4  -14  -12   -1   -7   -2    0    0    1   -2    7   -5   -4   -4   14  -13   -6
    2    1   43    4    3    2    2    1    0       942   10   -3  -12  -11   -1   -9   -5    4   -1    2    0    7   -8   -5   -6    8   -4  -10
    2    1   44    5    3    6    3    3    1      4942   10   -2  -14  -11   -2   -8   -1    9    0   -3    1    8  -10   -7    3    3   -3  -10
    2    1   45    4    1    3    2    3    0      1395   13   -2    4    2    9   -8    6   11  -12    3   -7   11   -5   15  -11  -12    4   -3
    2    1   46    1    2   42    3    1    0      4640   -5   18   -6   24   -3    7   -6   -6  -13   -7    4   -1    2    5   12    6  -12   13
    2    1   47    5    1    5    3    1    1       907   22   -2    7   -5    5   -3   13   14  -11   -3   -2   11   -5   15  -13  -14   -5   -5
    2    1   48    1    2   50    3    3    0      1003    0   16  -10   15    1    4   -6   -2  -11  -10    0   -1   -7   -4    9    7   -9    7
    2    1   49    5    1    3    3    2    0      1503    4   -7   -6   -5    6   -8    7   11  -15    4    2   12   -7   11   -2   -9    1   -5
    2    1   50    5    1    8    3    3    0      1063   19   -6    5    0    7  -10    6    5  -11   -2  -12   17   -2   24  -14  -15    4   -8
    2    1   51    5    3    2    3    3    1      1603    9   -3  -14   -8   -9  -13   -8   -5   -2    2    2    4   -2   -8   -4    4  -15   -3
    2    1   52    3    2    2    1    2    1      1400   -3   16  -11   15    1    6   -5   -4  -12  -10    1   -3   -7   -3    9    7   -9   13
    2    1   53    3    2    3    1    2    1       918   -2   16  -11   16   -1    6   -5   -5  -12  -10    4   -4   -7   -4   10    6  -10   13
    2    1   54    4    2    3    2    1    0       639   -3   14   -3   11    2    5    5  -15  -11  -10    1   -3   -9   -4   12    4  -11   13
    2    1   55    1    3   59    3    3    1      3697    1    1   -8  -13  -10   -1   -5    5    9    4    2   -2   -7   -6    5    6  -15   -4
    2    1   56    1    3   69    3    2    0      1786   14   -5  -18  -11   -1  -10   -4    2  -10    4   -6    0   -7   -6   -8   12   -8   -1
    2    1   57    5    3    5    3    2    0      2520    3    3  -12  -12    9  -10   -4    5    7   -4   -2   11   -8   -5   -7    6  -17   -8
    2    1   58    4    3    5    2    3    1      1341   13   -4   -7  -16   -2   -7   -3    3    1    1    0    7   -8   -5   -4    6  -14   -2
    2    1   59    1    1   81    3    2    0      2381   20   -9   -1   -4    7   -9    8   11  -10    3   -9   12    0    9   -1  -12   -7   -7
    2    1   60    3    3    3    1    2    0      1104   11   -3  -12  -11   -1   -7   -3    4   -1    0    0    8  -10   -3   -3    8  -12   -1
    2    1   61    5    3    3    3    1    0       426   10   -5  -14  -15    2  -14   -4    5    9   -7   -1    8   -4    0   -5    7  -12   -1
    2    1   62    1    3   83    3    3    1      1775   19  -10  -14  -12   -1   -8   -2    4   -2   -2   -2    7   -6  -12   -9    6  -11   -5
    2    1   63    1    2   56    3    1    0       883   -4   14   -5   24   -1    6    5   -5   -4  -16    4    4   -9   -2   17    8  -13   17
    2    1   64    5    3    4    3    2    0      2164    6   -5  -17  -16   -1   -7   -2    8    4   -2    8    0   -7   -6   -6    7  -14   -7
    2    1   65    2    1    0    0    1    1      2025   14   -3    3    0    7   -8    8   10  -11    3   -7   12   -5   14  -11  -13    3   -4
    2    1   66    3    2    1    1    2    1      1156   -2   15  -12   15    2    3   -5   -5  -12  -10    1   -3   -7   -3    9    7   -8   12
    2    1   67    3    1    1    1    2    0      1162   14   -3    2    1    6   -9    7   11   -7    7  -11   10   -5   15  -11  -14    3   -4
    2    1   68    5    1    4    3    1    1      1535   17   -8    3    1    3   -7   -1   19  -19    9   -6   11   -6   15  -12  -13    5   -2
    2    1   69    4    1    1    2    1    1      1254   13   -2    2    0    9   -7    9    9   -9    3  -10   15   -4   14  -12  -12    4   -3
    2    1   70    1    3   27    3    2    0      1079   10   -3  -12  -13    0   -7   -9    7    0    0    2   10  -14   -2   -7    6   -8    2
    2    1   71    5    2    8    3    1    0       950   -2   11  -12   17    2    7   -9   -5  -12  -11   11    1   -8    5   12    5   -4   16
    2    1   72    5    1    7    3    1    1       910   14   -5    2   -2    6   -4    8   16  -15    2   -6   10   -4   13  -10  -18    2  -14
    2    1   73    1    1   30    3    1    1      1991   24   -4    0    3    8   -9    7   10   -8    5   -7   14  -10   12  -10  -14    5   -5
    2    1   74    1    2   67    3    3    0       998   -1   13   -9   16   -4    9   -5   -4   -9  -12    0   -2    1  -12    8    5   -7    5
    2    1   75    5    2    9    3    3    0      1856   -3   16  -19   21    0    6   -5   -6  -19   -5    2   -2   -6   -3    0    2   -7   19
    2    1   76    3    1    3    1    2    0      1171   13   -2    4    1    7   -7    8   10  -11    3   -6   12   -5   14  -11  -13    3   -4
    2    1   77    1    1    7    3    2    0      4009   15   -3    1   -9   10   -7    9   13   -7   -1   -8   12    3   17  -16  -14    4   -6
    2    1   78    1    2   17    3    1    0      2083   -1   14  -14   13    1    7    0   -9  -20  -12    4   -3   -6   -3   12    8  -13    8
    2    1   79    1    1   51    3    1    1      1178    8    1    3   -1    1   -2   12    7  -11    2  -12   17   -4    8  -14  -13    4   -5
    2    1   80    4    2    6    2    1    0      1182   -3   15  -13   16   -7    0    0   -2  -11  -10    3   -3   -8   -3   15   11   -8   12
    2    1   81    4    3    4    2    2    0       433    2    2  -15  -11   -8    2   -6    5    0    1    5    3   -8   -7   -4    8  -12   -2
    2    1   82    4    3    6    2    3    1       939    9   -2  -11  -14   -2   -8   -4    5   -2    2    1    8   -4   -4   -6    7  -14    1
    2    1   83    4    2    2    2    1    0       728   -2   16  -11   17    2    6   -5   -7  -11  -10    1   -3   -7   -4    9    6  -11   10
    2    1   84    5    2    5    3    2    1       488   -1   15   -6   22   -4    8   -4  -12  -12  -11    2   -4   -7   -2   15    4  -13   13
