    1    1    1    1    1    1    1    1    1     23574    2    6  -11  -13   -8  -13   10   11    1   13   -5    0   -5    9    7   16   14   -7
    1    1    2    1    1    8    1    1    1      3214    2    6  -11  -13   -6  -12    8   11    6    9   -4    1   -3    8    8   17   14   -7
    1    1    3    1    2    7    1    3    0      1947   -3    7   -6   -9    0   12   -6    7   -7   -6   15   12  -10   -4  -14  -11  -14   11
    1    1    4    1    1    4    1    3    0      1993    2    6  -10  -14   -8  -13    8   13    1   13   -4    0   -6   10    8   17   24   -9
    1    1    5    1    2    4    1    2    1      2660    5   10   -6   -9   -2   11   -3    5   -9   -7   14   13   -2    0  -13  -11  -16   12
    1    1    6    1    1    7    1    1    1      1157    2    6  -12  -13   -7  -13    9   14    1   13   -8   -2   -5   10    6   17   16   -3
    1    1    7    1    3    7    1    3    1      1777  -10   10   -4   -7    4    0   12   -4    6   16  -11   -7    7  -11    1    6    0    3
    1    1    8    1    2    3    1    2    1      1556   -3    7   -5   -9   -1   12   -5    6   -7   -6    7   13   -3    0  -12  -11  -15   11
    1    1    9    1    3    5    1    3    1      1105   -9    9   -4   -2    4    0   12   -4    7   15  -20   -6    9  -17    2    5    1    3
    1    1   10    1    3    3    1    2    0      1871   -9    9   -4   -2    4    0   12   -4    6   16  -11   -6   11  -10    2    4   -1    3
    1    1   11    1    2    6    1    1    0      1536   -3    7   -6   -8   -2   12   -6    7   -9   -8   15   13   -3    1  -13  -11  -15   12
    1    1   12    1    2    2    1    2    1       877    0    9   -5  -10    0   13   -7    8   -7   -6   14   13   -1    2  -13  -10  -15   12
    1    1   13    1    3    2    1    3    1      1109   -9    9   -5   -3    5   -1   12   -4    5   17  -11   -7    9  -11    1    6    7   13
    1    1   14    1    3    6    1    1    0       819   -8    9   -4   -3    4    0   13   -5    6   16  -10   -7    8  -12    2    5    0    3
    1    1   15    1    2    1    1    2    1      1230   -6    9   -7  -10   -1   11   -7    7   -8   -7   15   12   -2    1  -13  -10  -14   13
    1    1   16    1    1    9    1    1    1       745    3    5  -11  -13   -7  -13    9   12    1   13   -5    1   -6    8    6   16   13   -6
    1    1   17    1    1    3    1    2    0      1860    2    6  -12  -13   -6  -14    9   13    1   13   -5    1   -4    9    8   17   14   -6
    1    1   18    1    2    8    1    2    1      1733   -3    7   -6   -9   -1   12   -6    7   -8   -6   14   13   -1    0  -13  -10  -12   10
    1    1   19    1    1    2    1    1    1      1739    2    6  -11  -13   -6  -14    9   18    2   13   -5    1   -5    9    9   14   14   -7
    1    1   20    1    3    8    1    3    1      1281   -1    7   -4   -3    5   -1   12   -4    6   14  -10   -6    7  -12    1    6    0    3
    1    1   21    1    3    9    1    3    1      1304  -10   10   -4   -2    4    0   11   -5    6   16   -9   -8    9  -12    3    4    0    3
    1    1   22    1    1    6    1    1    1      1024    2    5  -11  -13   -9  -17   10   14    3   14   -6    1   -5   10    8   15   21   -7
    1    1   23    1    3    1    1    3    1      1890   -9    9   -5   -1    2   -2   12   -4    5    6   -4  -13    8  -12    2    6    0    3
    1    1   24    1    2    5    1    2    1      1474   -6    3   -5  -11   -2   13   -6    7  -13   -2   14   14   -1    1  -13  -11  -14   11
    1    1   25    1    3    4    1    3    1      1185   -8    8   -5   -2    4    0   12   -4    5   15  -10   -7    9  -12    1    6    1    3
    1    1   26    1    2    9    1    1    0       908   -3    7   -7  -10   -1   13   -6    7   -8   -7   24    6   -1    0  -13  -10  -15   12
    1    1   27    1    1    5    1    1    1      1185    1    6  -11  -13   -6  -14    9   12    2   12   -4    1   -5    7    7   16   14   -7
    1    2    1    1    1   14    1    1    1      1322    3    7  -11  -13   -8  -13    9   12   -1   12   -5    1   -4    9    6   17   14   -7
    1    2    2    1    1   10    1    1    1       816    2    6  -11  -12   -7  -13    9   12    1   13   -6    2   -5    8    6   17   14   -7
    1    2    3    1    1   12    1    1    1       969    2    6  -13  -15   -8  -13    8   11    1   13   -4    2   -5    9    7   16   12   -8
    1    2    4    1    2   15    1    2    1      1197   -3    7   -5  -10   -1   12   -6    7   -8   -7   15   11   -1    0  -13  -10  -14   12
    1    2    5    1    1   15    1    1    1       857    1    5  -11  -13   -6  -12    9   12    1   13   -6    2   -4   10    7   16   15   -6
    1    2    6    1    2   10    1    2    1      1058   -3    7   -6   -9   -2   13   -6    7   -8   -6   14   13   -2    1  -14   -9  -15   11
    1    2    7    1    2   16    1    2    1      1458   -3    7   -7   -8   -1   11   -6    7   -9   -5   14   13   -2    1  -13  -10  -15   12
    1    2    8    1    1   16    1    1    1      1026    2    5  -12  -12   -6  -11    9   12    2   14   -5    1   -5    9   10   16   14   -7
    1    2    9    1    1   13    1    2    0      2244    2    6  -11  -13   -4   -8    9   12    2   13   -5    0   -2   14    7   16   14   -7
    1    2   10    1    3   14    1    3    1      1349  -10   10   -3   -3   -3    6   12   -3    6   16   -9   -7    8  -12    2    6    1    4
    1    2   11    1    3   12    1    3    1       730   -9    8   -5   -2    4    0   12   -5    6   16   -9   -7    7  -12    4    6   -2    3
    1    2   12    1    1   17    1    1    1       743    2    6  -12  -13   -8  -13    9   12    2   13   -5    0   -6    9    8   15   14   -8
    1    2   13    1    2   13    1    2    1      2212   -4    8   -5   -7   -2   11  -11    9   -9   -5   14   13   -1    2  -13  -10  -14   13
    1    2   14    1    2   14    1    2    1      1238   -3    7   -2  -15   -1   11   -7    8   -8   -8   14   13   -2    1  -13  -10  -16   12
    1    2   15    1    3   13    1    3    1      1455   -8    8   -4   -3   11    4   11   -4   10   13  -10   -8    8  -12    1    6    0    2
    1    2   16    1    3   17    1    2    0      1470   -7    9   -4   -2    4    0   14   -6    6   16  -10   -7   -1  -18    3    5   -1    2
    1    2   17    1    2   18    1    2    1      1582   -3    7   -6  -11   -1   11   -5    8   -9   -6   14   13   -2    1  -12   -9  -15   11
    1    2   18    1    3   16    1    3    1      1339   -9    9   -4   -2    4    0   12   -4   12   23  -10   -7    8  -11    3    4    0    3
    1    2   19    1    1   11    1    1    1       800    2    6  -11  -13   -7  -13    8   12    0   14   -5    2   -5   10    6   15    6  -13
    1    2   20    1    2   11    1    2    1      3164   -4    7   -6  -10   -1   12   -6    6   -8   -7   15   13   -2    0  -12  -11  -16   13
    1    2   21    1    1   18    1    1    1       776    3    5  -11  -12   -7  -14    8   13    0   14   -8    6   -5    9    7   16   14   -7
    1    2   22    1    3   11    1    3    1      2292   -9    8   -4   -2    6    5   12   -4    7   16  -14   -9    8  -12    2    5   -1    3
    1    2   23    1    3   10    1    3    1      3205   -8   10   -3   -3   13   10   11   -3    6   16    0  -15    9  -10    1    6   -1    4
    1    2   24    1    3   18    1    2    0      1822   -9   10   -4   -1    3    1   13   -4    6   16  -10   -8    8  -12    3    4   -1    2
    1    2   25    1    3   15    1    2    0      1359   -9    9   -5   -2    4    1   12   -4    5   17   -8  -11    8  -12    2    4    1    2
    1    2   26    1    2   17    1    2    1      1380   -3    8   -6   -9   -1   13   -6    7   -8   -7   15   13   -2    1  -14  -11  -15   12
    1    2   27    1    2   12    1    2    1      1271   -3    7   -6   -9    0   11   -9    2   -9   -6   14   13   -7    4  -13  -10  -14   13
    1    3    1    1    1   20    1    2    0      1664    1    7  -11  -13   -5  -12   10   12    1   13   -6    1   -5   10    6   16   14   -7
    1    3    2    1    2   21    1    2    1      1896   -2    7   -6   -9    0   13   -6    8   -8   -7   15   13   -2    1  -13   -9  -13   13
    1    3    3    1    3   25    1    3    1      1029   -8    8   -4   -2    4    1   12   -5    5   16  -10   -7    8  -12    2    5    0    4
    1    3    4    1    2   27    1    1    0       873   -2    8  -15   -7   -1   12   -6    7   -8   -7   13   14   -2    1  -13  -10  -13    9
    1    3    5    1    2   25    1    2    1      2863    4    5   -6   -9    0   12   -5    7   -8   -7   14   14   -2    1  -13  -10  -14   13
    1    3    6    1    3   24    1    3    1       983   -9    9   -4   -2    4    0   13   -4    5   17   -9   -8    9  -17    3    4    0    2
    1    3    7    1    1   21    1    1    1       747    1    6  -11  -13   -7  -13    9   13    1   13   -5    1   -5    9    7   16   13   -7
    1    3    8    1    1   27    1    1    1      1096    2    5  -12  -12  -14   -9   12   16    0   12   -5    0   -5    9    7   16   14   -7
    1    3    9    1    3   23    1    2    0      1241  -18   10   -4   -2    3    0   12   -4    7   15   -9   -9    8  -12    3    4    0    3
    1    3   10    1    3   26    1    3    1      1923   -8    8   -3   -3    4    0   12   -4    7   16  -11   -7    8  -12    1    6   -1    3
    1    3   11    1    3   20    1    3    1       671  -16   14   -1   -3    4    0   22  -14    6   16  -10   -7    6  -11    0    9    0    3
    1    3   12    1    1   25    1    2    0      1629    3    5  -10  -12   -2  -14    9   19    2   12   -5    1   -3   11    7   16   13   -8
    1    3   13    1    3   27    1    2    0       870   -9    9   -4   -2    5    0   13   -4    7   15   -9   -9    9  -13    3    5    1    4
    1    3   14    1    1   23    1    1    1       829    0    5  -11  -13   -7  -13   10   12   -2   10   -6    0   -5    9    6   16   14   -7
    1    3   15    1    2   19    1    2    1      1190   -4    8   -4   -9   -1   12   -6    7   -8   -7   14   14   -2    1  -13  -10  -15   12
    1    3   16    1    3   22    1    3    1       753  -10   10   -5   -2   -1    3   14   -8    6   16  -10   -7    8  -12    2    5   -7    7
    1    3   17    1    1   22    1    1    1       766    2    6  -11  -13   -7  -13    3    9    0   13   -4    3   -4    8    8   16   13   -8
    1    3   18    1    3   21    1    2    0      1113   -8   10   -5   -1    4    0   12   -4    7   15  -10   -7    8  -12    1    5   -4   -4
    1    3   19    1    2   22    1    2    1      1465    3   -2   -6   -9   -1   13   -6    7   -9   -6   14   13    0    1  -10  -12  -15   12
    1    3   20    1    1   19    1    1    1       745    2    6  -10  -14   -6  -13   10   13    2   13   -4    1   -6   10    6   16   13   -6
    1    3   21    1    2   24    1    2    1      1639   -2    7   -6   -9   -1   11   -7    8   -8   -7   12   15   -1    0  -17   -8  -15   12
    1    3   22    1    2   26    1    2    1      1279   -3    6   -5  -10   -1   12   -6    7   -9   -8   14   13   -3    1  -12  -10  -16   13
    1    3   23    1    2   20    1    2    1      1125   -3    7   -6  -11    1   12   -6    7  -10  -16   14   14   -2    1  -13  -10  -14   11
    1    3   24    1    2   23    1    2    1      1634   -2    6   -6   -9   -2   13   -6    7   -8   -7   14   13   -5   -4  -14  -10  -15   12
    1    3   25    1    1   26    1    1    1       764    2    6  -11  -13   -7  -13    8   12    1   13   -4    1   -5    9    7   16   14   -7
    1    3   26    1    3   19    1    3    1      1193   -9    9   -3   -1    4    0   11   -5    5   17  -10   -7    8  -12    2    5   -1    5
    1    3   27    1    1   24    1    1    1       741    1    6  -10  -13   -8  -15    9   13    1   13   -6    2   -6    8    7   15   18  -10
    1    4    1    1    3   31    1    3    1      2321  -12   12   -5   -4    3    1   11   -3    7   16  -10   -7    8  -12    2    5    0    2
    1    4    2    1    1   32    1    2    0      1024    2    5  -11  -13   -4   -6   10   11    1   12   -6    1   -6    8    7   17   14   -7
    1    4    3    1    2   35    1    1    0      1042   -1    6   -6   -9   -1   12   -7    8  -10   -7   13   14   -2    1  -13  -10  -16   13
    1    4    4    1    3   28    1    3    1      1203   -8    8   -4   -3    8    4    7   -5    7   15  -10   -7    9  -12    2    5    0    4
    1    4    5    1    3   32    1    1    0      1214   -9    9   -4   -3    5    0   12   -4    7   15   -9   -7    9  -12    2    4   -1    2
    1    4    6    1    1   35    1    1    1      2600    2    6   -4   -4   -8  -14   10   12    2   12   -5    2   -5    9    7   16   13   -6
    1    4    7    1    1   34    1    2    0       891    2    6  -12  -14   -6  -14    9   12    1   13   -4    0   -5   10    8   15   14   -7
    1    4    8    1    2   33    1    2    1       722   -3    7   -6   -9   -1   12   -6    7   -8   -7   13   13   -1    0  -13  -10  -16   12
    1    4    9    1    1   30    1    2    0      1822    2    6  -11  -13   -7  -13   10   11    2   12   -4    1   -5    8    7   16   13   -7
    1    4   10    1    1   36    1    1    1       800    2    7  -11  -13   -7  -14    9   12    0   13   -5    1   -6    9    6   18   15   -8
    1    4   11    1    1   31    1    1    1       637    4    6  -11  -14   -7  -12   10   13    1   14   -6    2   -5    9    7   16   14   -7
    1    4   12    1    2   31    1    2    1       988   -3    6   -7   -9   -1   12   -6    7   -9   -7   14   13    2    3  -15  -11  -15   12
    1    4   13    1    1   28    1    1    1       878    1    7  -10  -14   -8  -13    9   11    3   14   -3    2   -5    9    7   17   15   -6
    1    4   14    1    3   29    1    3    1      1447  -10    9   -2   -7    4    1   13   -5    5   17  -10   -6    7  -11    2    7    1    3
    1    4   15    1    2   36    1    2    1      1207   -3    7   -5   -9   -1   12   -6    7   -8   -7   14   13   -7   -4  -13  -10  -21   11
    1    4   16    1    3   35    1    3    1      2002   -9    9   -3   -2    4    0   12   -3    6   15   -9   -6    7  -12    2    6   -1    0
    1    4   17    1    2   29    1    2    1       988   -3    7   -5  -10   -2   11   -7    8   -8   -7   11   16   -2    1  -13   -9  -16   12
    1    4   18    1    3   30    1    3    1      1457   -9    9   -5   -1    3    1   13   -4    6   16   -9   -8    8  -11    3    5   -2    3
    1    4   19    1    1   29    1    1    1      1248    3    6  -12  -13   -7  -13    9   12    1   13   -4    1   -5   10    7   16   14   -7
    1    4   20    1    3   33    1    3    1      1130   -8    9   -4   -3    4    0   13   -4    5   18  -10   -6    8  -12    3    4    0    3
    1    4   21    1    3   36    1    3    1       824   -8    9   -4   -1    5   -1   11   -3    1   12  -11   -6    8  -12    2    9    0    3
    1    4   22    1    2   30    1    2    1      1042   -3    6   -5  -10   -1   11  -10    5   -8   -7   15   13   -2    1  -13   -9  -15   12
    1    4   23    1    1   33    1    1    1       820    3    5  -12  -14   -6  -14    8   12    1   13   -5    1   -5    9    7   15   14   -7
    1    4   24    1    2   34    1    2    1      2907   -3    7   -5   -9   -1   12   -6    6  -12   -2   14   13   -2    2  -13  -10  -16   12
    1    4   25    1    3   34    1    2    0      2593   -9   10   -4   -3    3    0   12   -4    6   16  -10   -7    7  -14    1    6   -1    4
    1    4   26    1    2   32    1    1    0      1156   -3    7   -6   -9   -1   11   -6    6   -7   -7   14   13   -3    0   -9   -9  -16   13
    1    4   27    1    2   28    1    2    1       911   -3    7   -7   -8   -1   12   -7    7  -12   -2   14   13   -2    2  -12  -10  -14   12
    1    5    1    1    2   43    1    2    1      1861   -2    6   -5   -8   -1   12    4    3   -8   -6   14   13   -2    0  -13  -10  -15   11
    1    5    2    1    2   41    1    2    1       870   -8    0   -7   -8    0   12   -6    7   -9   -5   13    8   -4    2  -14  -10  -15   11
    1    5    3    1    2   42    1    2    1       508   -1    8   -6   -9   -1   13   -6    8   -8   -6   14    6   -1    1  -13  -10  -15   12
    1    5    4    1    3   43    1    3    1       834  -10    9   -4   -2    3   -2   12   -4    7   17  -10   -6    9  -13   -2    7    0    3
    1    5    5    1    3   40    1    3    1       684   -9    8   -5   -1    3    1   12   -4    1   21  -10   -7    8  -11    2    4    0    2
    1    5    6    1    1   41    1    2    0      1915    1    7  -11  -13   -5  -12    9   13    1   12   -5    0  -10   19    7   16   15   -8
    1    5    7    1    3   41    1    3    1       857   -9    9   -4   -2    4    1   12   -4    7   17  -11   -6    8  -12   -3    7    0    3
    1    5    8    1    1   45    1    1    1       801    3    6  -11  -13   -6  -12    8   12    0   13   -5    2  -13    6    6   17   14   -7
    1    5    9    1    3   42    1    3    1      2013   -9    9   -4   -3    5    1   12   -4    6   17  -10   -7    8  -13    2    6   -5    5
    1    5   10    1    1   42    1    1    1      1046    2    6  -11  -13   -7  -13    9   12    2   13   -5    1   -6   10    6   15   14   -7
    1    5   11    1    1   39    1    1    1       633    2    6  -11  -13   -6  -14    9   12    1   13   -5    1   -5    9    7   16   16   -8
    1    5   12    1    1   38    1    1    1       476    3    7  -12  -12   -8  -15   10   11    1   13   -6    0   -5    4    7   16   14   -7
    1    5   13    1    2   39    1    2    1       915   -3    7   -5   -8   -2   12   -6    8   -9   -7   14   12   -2    2  -13  -10  -15   11
    1    5   14    1    1   40    1    3    0       905    4    4  -11  -13   -4   -8    9   11    1   13   -6    1   -4    8    6   15   14   -8
    1    5   15    1    3   39    1    3    1      1423   -9    8   -4   -3    4    1   11   -4    5   15  -11   -6    7  -12    3    5  -10   12
    1    5   16    1    2   44    1    2    1      3361   -2    6   -6   -9   -1   12   -5    7   -9   -7   16   16   -2    1  -12  -11  -17   12
    1    5   17    1    2   40    1    2    1      1894   -3    7   -6  -10   -1   12   -7    6  -12   -5   14   13   -3    2  -20  -15  -15   12
    1    5   18    1    2   37    1    1    0      1044   -3    7   -5   -9    6   15   -6    7   -9   -7   14   14   -3    1  -13  -10  -15   13
    1    5   19    1    3   44    1    3    1       854  -10    8   -5   -1    4    5   13   -4    6   17  -10   -7    7  -13    2    6    1    2
    1    5   20    1    3   45    1    3    1       911   -9   10   -4   -2    5    0   12   -3    6   16  -10   -7    8  -12    2    5    1    2
    1    5   21    1    1   43    1    1    1      1318    1    8  -11  -14   -7  -13    9   12    1   12   -6    0   -5    9    8   20   14   -7
    1    5   22    1    2   38    1    1    0      2396   -3    8   -8  -10   -1   11   -6    7   -8   -7   14   13   -2    2  -13  -10  -16   14
    1    5   23    1    2   45    1    2    1       823   -2    7   -7   -8   -1   13   -7   14   -6   -5   14   13   -3    2  -13  -10  -15   12
    1    5   24    1    3   38    1    3    1       896  -11   11   -4   -1    5    0   12   -5    7   16  -10   -7    8  -13    2    4   -3   11
    1    5   25    1    3   37    1    3    1      1384   -9    8   -5    0    4    0   12   -4    6   16   -8   -3    8  -12    1    6    0    3
    1    5   26    1    1   44    1    1    1      1194    3    6  -12  -12   -8  -12    7   20    2   13   -4    0   -4    8    7   16   14   -7
    1    5   27    1    1   37    1    1    1      1478    2    6  -12  -14   -7  -14    8   11    0   14   -5    1   -3    8    8   16   14   -7
    1    6    1    1    2   51    1    2    1      2390   -2    5   -8  -10   -1   13    2    2   -8   -7   13   14   -1    0  -13   -9  -16   13
    1    6    2    1    3   54    1    3    1       930   -8    8   -4   -2    4    0   10  -13    7   15  -10   -7    9  -11    2    5    5   10
    1    6    3    1    2   54    1    1    0      1910  -13   -2   -6   -8   -1   13   -6    7   -9   -7   14   13   -2    1  -13  -10  -14   12
    1    6    4    1    3   52    1    3    1       836  -10   10   -5   -2    4    0   12   -4    6   17  -10   -7    8  -11    2    5    0    4
    1    6    5    1    1   48    1    1    1       748    2    5  -11  -13   -7  -13    9   12    1   13   -4   -1   -5    9    8   17   14   -7
    1    6    6    1    1   46    1    1    1       601    2    7  -11  -13   -7  -13   11   10    1   13   -5    0   -4   10    7   17   15   -6
    1    6    7    1    2   50    1    2    1      1051   -4    6   -5   -9   -1   11   -7    6   -8   -7   15   13   -1    0  -13  -10  -15   11
    1    6    8    1    2   46    1    2    1      1883   -3    6   -6   -9   -2   13   -5    7   -7   -6   14   12  -11   -4  -13  -11  -15   12
    1    6    9    1    2   48    1    2    1      1116   -3    7   -6   -9   -1   12   -6    7    1  -14   15   13   -2    1  -13  -10  -14   12
    1    6   10    1    1   54    1    2    0      2379    0    7  -11  -12   -8  -12    9   13    2   11   -5    1   -4    8    6   15   14   -6
    1    6   11    1    1   49    1    1    1       568    2    6  -11  -12   -8  -13   11   12    1   13   -4    2   -5    9   -2   23   14   -6
    1    6   12    1    3   50    1    3    1       876   -9    8   -4   -2    4    0   13   -5    5   15   -3   -7    9  -12    2    5   -1    4
    1    6   13    1    3   53    1    3    1       645  -10    8   -3   -1    3    1   14   -5    6   16  -11   -6    9  -12    3    5    0    3
    1    6   14    1    1   50    1    1    1       742    2    6  -12  -13   -8  -12   11   11    0   14   -5    1   -6    8    8   15   13   -6
    1    6   15    1    1   52    1    1    1       454    0    6  -11  -13   -6  -14    9   11    2   13   -4    1   -5    9    7   16   15   -7
    1    6   16    1    1   47    1    1    1       495    1    6  -11  -13   -6  -14   10   11    1   12   -5    1   -4    9    8   17   14   -8
    1    6   17    1    2   47    1    2    1       694   -3    6   -6   -9   -1   12   -7    7   -8   -7   18    9   -2    1  -13  -11  -15   12
    1    6   18    1    3   47    1    3    1       852   -9    9   -4   -2    4   -1   10   -2    6   15  -10   -7    7  -12    2    5   -1    3
    1    6   19    1    1   53    1    2    0      2508    2    6  -20   -6   -7  -13    9   12    1   13   -1    3   -6   10    7   15   13   -8
    1    6   20    1    3   49    1    3    1       930   -9    9   -3   -2    4    0   12   -4    5   18   -9   -6    8  -12    1    4    0    2
    1    6   21    1    2   53    1    2    1      1528   -2    8   -5   -9   -1   12   -6    7   -8   -7   14   13    2    1  -14   -9  -15   12
    1    6   22    1    3   51    1    2    0      1253   -4    8   -5   -2    3    0   11   -3    6   15  -15  -10    2  -17   -3    2   -5    5
    1    6   23    1    2   49    1    2    1       879   -3    7   -6   -9   -1   13   -6    7   -8   -7   20   13   -2    2  -13  -10  -16   11
    1    6   24    1    2   52    1    2    1       823   -3    6   -6   -9    0   13   -7    8   -9   -6   13   14   -2    1  -12  -10  -15   12
    1    6   25    1    1   51    1    1    1      1009    3    6   -4  -15   -7  -13    9   12    1   14   -5    1   -6    9    7   15   13   -6
    1    6   26    1    3   48    1    3    1       995   -8    8   -4   -3    5   -1   13   -5    6   15  -10   -7    8  -12    2    5    0    3
    1    6   27    1    3   46    1    3    1       760   -9    9   -4   -3    5    0   12   -4    6   16   -9   -7    7  -11    2    5   -1    3
    1    7    1    1    2   61    1    1    0      4275   -4    6   -6   -9   -1   12   -6    7   -7   -7   14   13   -3    0  -13   -9  -16   13
    1    7    2    1    2   55    1    1    0       802   -3    7   -7  -10   -1   12   -7    8   -8   -7   15   13   -2    0  -12  -11  -15   12
    1    7    3    1    1   62    1    2    0       560    2    3  -10  -14   -6  -14    9   11    2   13   -4   -5   -5    9    7   16   13   -6
    1    7    4    1    3   57    1    3    1       901  -10    9   -3   -1   -6    4   14   -4    7   15  -10   -7    9  -12    2    5    1    2
    1    7    5    1    3   60    1    3    1       605   -9    8   -3   -3    4   -1   12   -3    6   16  -10   -7    8  -12    3    4    0    3
    1    7    6    1    1   56    1    1    1       989    2    7  -10  -13   -7  -14   17   22    1   12   -5    1   -5    9    6   15   14   -7
    1    7    7    1    3   63    1    3    1      1535  -10   10   -4   -2    3   -1   12   -4    6   16  -10   -7    8  -12    3    4    0    3
    1    7    8    1    3   62    1    3    1       795   -9   10   -4   -2    4    0   13   -4    6   16  -11   -8   11  -11    3    4    0    3
    1    7    9    1    2   57    1    2    1      2341   -4    8   -6   -8   -2   11   -6    7   -8   -7   14   13   -3    1  -13  -10  -15   12
    1    7   10    1    2   63    1    2    1      2114   -3    8   -6   -9    1   13   -6    7   -9   -7   14   13   -1    1  -13   -9  -15   12
    1    7   11    1    1   59    1    1    1       872    1    7  -11  -14   -8  -12    5    7    1   13   -4    0   -6   10    7   16   12   -8
    1    7   12    1    1   61    1    1    1       768    2    6  -10  -14   -8  -13    9   12    1   13   -4    2   -7   11    7   16   14   -7
    1    7   13    1    2   56    1    2    1      1227   -3    6   -3   -6   -1   12  -11   12   -8   -7   13   13   -2    1  -13  -10  -14   11
    1    7   14    1    3   55    1    3    1      1604   -2    1   -3   -2    4    0   11   -3    7   15  -17   -6    8  -12    1    5    0    2
    1    7   15    1    2   59    1    2    1      2477   -3    7   -3  -16   -2   13   -6    7   -9   -9   14   13   -3    0  -13  -10  -14   12
    1    7   16    1    1   57    1    1    1       853    2    6  -11  -13   -7  -12    9   12    2   12   -6    1   -5    9    9   18   15   -6
    1    7   17    1    3   61    1    3    1       924   -9    8   -3   -3    3   -1   12   -4    5   15  -10   -6    8  -12    2    5    8    9
    1    7   18    1    2   62    1    3    0      2384   -3    7   -6   -9   -1   10   -8    4    2  -10   13   14   -3    1  -13  -10  -16   12
    1    7   19    1    3   59    1    3    1       908   -9    9   -4   -2    4    0   14   -2    6   16   -9   -7    8  -13    1    6   -1    3
    1    7   20    1    3   58    1    3    1       738  -10    9   -5   -1    4   -1   13   -4    6   17    0   -2    7  -12    2    5    1    1
    1    7   21    1    1   55    1    1    1      1310    2    6  -12  -14   -8  -13   12   17    1   13   -6   -1   -4    8    7   15   14   -7
    1    7   22    1    1   63    1    2    0      1284    2    6   -8   -7   -7  -13   11    8    1   13   -5    0   -5    9    7   16   14   -7
    1    7   23    1    2   60    1    1    0       955   -3    7   -5  -10   -1   13   -7    6  -11  -10   14   13   -1    0   -7  -18  -15   11
    1    7   24    1    2   58    1    2    1      2688   -3    7   -7   -8   -2   13   -6    7   -9   -7   14   13   -2    1  -15  -11  -15   12
    1    7   25    1    1   58    1    2    0      3696    2    5  -11  -13   -7  -14    9   12    2   12   -5    1   -6   10    7   16   14   -7
    1    7   26    1    3   56    1    2    0      1623  -10   10   -7  -12    4   -1   11   -4    8   20   -7   -2    7  -13    1    6    0    3
    1    7   27    1    1   60    1    1    1       849    3    5  -11  -14   -8  -13    9   12    1   13   -3    2   -6   10    9   17   13   -8
    1    8    1    1    2   70    1    1    0      2954   -4    8   -5   -9   -1   12   -6    7   -8   -7   14   13   -3    2  -14   -9  -15   12
    1    8    2    1    1   64    1    1    1       848    3    5  -11  -14   -7  -13    9   12    1   13   -5    0   -5   10   16   15   14   -8
    1    8    3    1    2   69    1    2    1      1353   -3    7   -6   -9   -1   12   -6    7   -8   -8   14   13  -10   -7  -13  -10  -15   12
    1    8    4    1    2   65    1    2    1      3101   -2    8   -6   -9   -1   12   -6    7   -8   -7   14   13   -2    1  -13  -10  -16   11
    1    8    5    1    2   68    1    2    1      2013   -3    6   -8  -10    0   11   -6    7   -7   -6   14   12   -2    1  -12  -12  -15   12
    1    8    6    1    3   69    1    3    1      1929   -9    9   -5   -2    4    0   12   -5    7   18  -11   -9    8  -12    2    5    1    2
    1    8    7    1    1   70    1    1    1      2745    2    7  -12  -13   -7  -13    0    8    0   14   -4    0   -5    9    8   16   14   -7
    1    8    8    1    3   67    1    3    1       966   -9   11   -4   -2    4    0   12   -4    7   16  -12   -6    8  -12    2    8    0    3
    1    8    9    1    3   65    1    3    1      1179   -9    9   -4   -2    4    0   12  -14    8   14  -10   -7    9  -13    3    5   -1    3
    1    8   10    1    3   64    1    3    1       935  -10   10   -4   -2    4    0   11   -5    6   15   -9   -8    8  -12    2    4    0    3
    1    8   11    1    2   71    1    1    0      1786   -3    7   -6   -9   -1   12   -6    7   -8   -7   14   13   -2    0  -14   -9  -14   11
    1    8   12    1    1   67    1    1    1       908    2    7  -11  -13   -8  -13   14   10    1   13   -2    7   -5    9    8   15   14   -7
    1    8   13    1    1   72    1    1    1       819    2    6  -11  -13   -6  -13    9   12    6   10   -5    1   -5    9    7   17   15   -7
    1    8   14    1    2   64    1    1    0      1100   -5   -1   -6  -10   -7   20   -6    7   -8   -7   14   13   -2    1  -13  -10  -16   12
    1    8   15    1    1   66    1    1    1      1915    1    7  -11  -13   -8  -12    9   13    3   14   -5    1   -5    9    2   19   14   -7
    1    8   16    1    2   67    1    1    0      2506   -3    8   -6   -9    0   12   -6    8   -8   -8   15   12   -3    2  -13  -10  -16   12
    1    8   17    1    3   70    1    3    1      1155  -10    8   -4   -1    4   -1   10   -4    8   16   -9   -6    7  -11    2    5    0    4
    1    8   18    1    3   71    1    3    1      1232   -6    5   -4   -3    5    1    8    1    6   15  -10   -7    8  -12    4    3    0    3
    1    8   19    1    1   69    1    2    0      1417    2    6  -11  -12   -7  -13    9   12    2   13    5   -5   -5   10    7   16   14   -7
    1    8   20    1    2   66    1    2    1       891   -3    7   -6   -9   -1   12   -7    7   -8   -8   18   10   -3    2  -17   -8  -16   13
    1    8   21    1    3   68    1    3    1       821  -10    8   -4   -2    4    0   14   -4    6   16  -10   -7    8  -12    3    4    0    3
    1    8   22    1    2   72    1    2    1      1808   -3    8   -5   -9   -1   11   -6    9   -8   -7   16   11   -3    1  -14    0  -15   13
    1    8   23    1    1   68    1    1    1      1332    2    6  -12  -13   -7  -14   10   12    2   13   -5    1   -6   10    9   17   13   -6
    1    8   24    1    3   72    1    3    1       843   -8    9   -4   -2    4    0   12   -4    5   17  -10   -7    8  -12    2    5   -1    2
    1    8   25    1    1   65    1    1    1      1765    2    6  -10  -13   -6  -14   10   11    2   13   -7   -1   -5    8    7   16   14   -7
    1    8   26    1    3   66    1    2    0      1386  -10   10  -14   -8    5   -1   12   -5    5   17  -10   -7    8  -12    3    4    1    2
    1    8   27    1    1   71    1    1    1       894    2    6  -10  -13  -12  -15   11   11    1   14   -4    2   -5    9    9   18   13   -4
    1    9    1    1    3   79    1    3    1      1604   -9    9   -4   -1    4    0   13   -3    5   17   -9   -6    9  -13    1    4   -1    3
    1    9    2    1    2   79    1    2    1       958   -3    7   -6   -9   -1   12   -7    7   -8   -7   14   14   -2    1  -13  -10  -15   12
    1    9    3    1    1   76    1    1    1       628    1    6  -11  -13   -7  -13    5   11   10   19   -5    1   -6   10    8   16   14   -7
    1    9    4    1    1   80    1    1    1       966    2    6  -13  -13   -7  -13    9   12    1   13   -3    1   -4    9    7   16   14   -8
    1    9    5    1    2   78    1    1    0      1465   -2    7  -14   -1   -1   11   -7    8   -8   -8   13   13   -1    0  -15  -10  -15   12
    1    9    6    1    2   81    1    2    1      1290   -3    7   -5   -9    0   11   -7    7   -9   -6   14   14   -2    1  -12  -11  -14   11
    1    9    7    1    2   76    1    2    1      1617   -3    7   -6   -9   -2   12   -6    7   -8   -7   14   13   -9    2  -13   -9  -16   13
    1    9    8    1    2   80    1    2    1      1226    2   12   -6   -9   -1   12   -6    7   -8   -8   14   13   -3    2  -13  -11  -14   11
    1    9    9    1    3   80    1    3    1      2630  -10    8   -3   -2    5    1   12   -4    4   13   -9   -6    8  -13    3    5    0    3
    1    9   10    1    2   74    1    2    1      2056   -3    6   -5   -8   -1   12   -6    7   -8   -8   14   13   -2    0  -13  -10  -16   11
    1    9   11    1    1   79    1    1    1      2339    2    5  -11  -13   -6  -14    9   12    1   13   -9   -8   -4    9    7   15   14   -7
    1    9   12    1    1   73    1    1    1      2400    3    6  -11  -13   -8  -12    9   11    0   14   -6    2   -5    9    8   17   14   -7
    1    9   13    1    2   77    1    2    1       857   -3    8   -6   -9   -1   12   -7    7   -8   -8   15   12  -11   -4  -13  -10  -16    7
    1    9   14    1    3   74    1    3    1       656   -6    7   -4   -2    3    1   13   -3    6   16  -10   -6    9  -12    2    4    0    3
    1    9   15    1    3   73    1    2    0      1457   -8   10   -5   -1   -1   -1   12   -5    6   16   -9   -7    1   -7    2    5    0    2
    1    9   16    1    3   76    1    3    1      1714   -9    9   -4   -3    3    0   12   -5    6   17  -11   -7    9  -12   -7   -2    0    4
    1    9   17    1    1   81    1    1    1       984    2    6  -10  -14   -6  -14    9   11    2   13   -6    2   -5    9    8   15   15   -7
    1    9   18    1    2   75    1    2    1      1212   -3    7   -6   -9   -1   13   -5    6   -8   -7   15   13   -2    0  -12  -11  -15   13
    1    9   19    1    3   81    1    3    1       679   -9    9   -4   -2    3    0   11   -4    6   16  -10   -7    9  -13    3    4   -1    4
    1    9   20    1    1   78    1    1    1      1158    2    5  -11  -13   -8  -11    8   12    1   12    0    3   -3   10    7   16   14   -8
    1    9   21    1    1   77    1    1    1       886    2    6  -11  -12   -7  -11   17    9    0   13  -13    9   -6   10    7   16   14   -7
    1    9   22    1    3   77    1    3    1      2988   -8    8   -5   -1    3    0   13   -5    7   16   -8   -7    8  -12   -3    8    1    2
    1    9   23    1    2   73    1    2    1      1438   -3    7   -6   -9   -1   12   -6    7   -4  -10   14   13   -2    1  -13  -11  -15   14
    1    9   24    1    3   75    1    3    1      3935  -10    9   -5   -2    3    1   12   -4    5   17  -10   -7    8  -13    3    5    1    4
    1    9   25    1    3   78    1    3    1       860   -8    9   -3   -1   -5    7   13   -4    6   16  -10   -7    8  -13    2    5    0    3
    1    9   26    1    1   75    1    3    0      2421    3    6  -15   -3   -5  -11    9   11    1   13   -4    0   -5    8    7   16   14   -7
    1    9   27    1    1   74    1    1    1      1919    3    5  -12  -13   -6  -14    8   13    2   13   -5    1   -6   10    7   17   13   -8
    1   10    1    1    3   84    1    3    1      1115   -9    9   -4   -2    5   -1   13   -3   -4    7  -10   -7    8  -12    3    4    0    3
    1   10    2    1    1   88    1    1    1      1145    2    5  -11  -13   -8  -13   10   11    1   13   -5    1   -5    9    7   17   15   -5
    1   10    3    1    1   86    1    1    1       583    2    6  -10  -13   -7  -13    9   12    0   14   -5    1   -6   10    8   16   14   -7
    1   10    4    1    2   86    1    2    1      1834   -3    6   -3   -7   -2   13   -7    7   -8   -7   15   13   -1    1  -13  -10  -14   12
    1   10    5    1    3   87    1    3    1       731  -10   10   -4   -1    0    7   13   -5    6   16   -9   -8    8  -14    2    6   -1    3
    1   10    6    1    2   83    1    2    1      1497   -2    8   -6   -9   -1   11   -6    7  -18  -17   13   13   -2    1  -13  -10  -15   12
    1   10    7    1    1   89    1    1    1      1128    2    6  -12  -13   -7  -12    9   12    1   13   -5    1   -5    9    7   16    9    0
    1   10    8    1    1   82    1    1    1      1317    2    6   -9  -12   -6  -12    7   11    3   14   -6    1   -6   10    7   16   10   -9
    1   10    9    1    2   82    1    2    1       970   -3    7   -5   -6   -1   12  -11    6   -8   -8   14   13   -2    1  -13   -9  -15   12
    1   10   10    1    2   85    1    2    1      1485   -2    6   -6   -9   -1   12   -6    8   -9   -7   13   14   -2    0  -13  -10  -14   11
    1   10   11    1    3   90    1    3    1       812  -10    9  -12    5    4    0   11   -4    6   15  -10   -6    9  -12    2    5   -1    4
    1   10   12    1    2   89    1    2    1      3558   -3    6   -6   -9   -5    8   -7    6  -10   -6   14   13   -2    1  -12  -10  -15   12
    1   10   13    1    1   85    1    1    1      1331   -8   10   -9  -15   -8  -12    9   12    2   14   -5    1   -5    8    7   16   14   -7
    1   10   14    1    1   83    1    1    1       680    0    6  -10  -13   -7  -13    9   12    1   14   -6    2   -5    9    7   16   14   -8
    1   10   15    1    2   90    1    2    1      1063   -3    7   -6   -9   -1   13   -7    8   -7   -7   14   13   -7    4  -14  -10  -24   18
    1   10   16    1    3   82    1    3    1       677  -11    9   -4   -2    3    0   12   -4    6   16  -11   -7    9  -12    2    5    0    4
    1   10   17    1    3   86    1    3    1       772   -9    9   -5   -1    4    0    8   -2    6   16  -10   -8    8  -11    3    4  -10   11
    1   10   18    1    3   89    1    3    1       640   -9   10   -5   -1    4    0   12   -4    5   16   -5   -9    9  -13    1    6    0    2
    1   10   19    1    1   87    1    1    1       865    1    5  -12  -13   -7  -13    8   12    1   13   -5    1   -5    9    6   17   15   -7
    1   10   20    1    2   87    1    2    1      1127   -4    7   -6   -9  -11    7  -11   12   -8   -6   14   13   -2    2  -13  -10  -15   12
    1   10   21    1    3   85    1    3    1      6419  -10    9   -5   -1    3    1   12   -4    4   15   -9   -8    8  -11    1    4    0    2
    1   10   22    1    2   88    1    2    1      2125   -2    7   -5   -8   -6   21   -6    7   -9   -6   14   12   -1    1  -13  -10  -17   13
    1   10   23    1    3   83    1    3    1      1905   -9    9   -7    1    4    1   11   -3    6   16   -5   -9    8  -12    3    5   -2    5
    1   10   24    1    2   84    1    1    0      1936   -3    8   -6  -10    0   11   -6    7   -7   -6   14   12   -3    1  -13  -11  -15   12
    1   10   25    1    3   88    1    2    0      1052   -5    8   -4   -2    4    0   11   -3    6   16  -10   -7    1  -14    2    5    1    3
    1   10   26    1    1   90    1    1    1       718    2    5  -11  -13   -6  -14    9   12    1   13   -4    1    4   14    5   10   14   -6
    1   10   27    1    1   84    1    1    1      1227    3   -3  -11  -13   -6  -12    8   11    0   13   -5    1  -14    3    6   15   14   -7
    2    1    1    1    2    1    1    2    1      4622   -6    9   -7  -10   -1   11   -7    7   -8   -7   15   12   -2    1  -13  -10  -14   13
    2    1    2    4    3    3    2    3    1      1314   -8   10    1    0    3    1   10   -3    7   17   -9   -4    9  -10    3    4   -1    4
    2    1    3    5    3    4    3    3    1      1208  -13   14   -4    8    4   -3   12  -13    9   12   -4   -7   10  -11    2    4   -5    1
    2    1    4    5    3    9    3    2    0      1330   -8    8   -3   -2    7    5   11   -8   16   14  -10   -6   -1  -13   -7   -1   -1    5
    2    1    5    1    1   11    1    2    0      2888    2    6  -11  -13   -7  -13    8   12    0   14   -5    2   -5   10    6   15    6  -13
    2    1    6    5    2    1    3    2    1      1102    1   10   -2   -9   -5   13   -4    7  -18  -12   12   12    1   -7   -7  -12  -14   11
    2    1    7    1    3   24    1    3    1       956   -9    9   -4   -2    4    0   13   -4    5   17   -9   -8    9  -17    3    4    0    2
    2    1    8    4    2    4    2    2    1      1265   -5    7   -5   -7    1   10   -8    8   -9   -7   15   12    0    2  -14   -9  -14   11
    2    1    9    4    3    4    2    3    1      1065   -8    9   -4   -3    2    1    3  -14    5   16  -13  -11   10  -11    3    5    1    3
    2    1   10    4    1    2    2    2    0      2761    0   10   -6  -10   -5  -15   10    7   -1   13   -5    2  -11    2    5   14    9   -5
    2    1   11    1    1   33    1    1    1      1557    3    5  -12  -14   -6  -14    8   12    1   13   -5    1   -5    9    7   15   14   -7
    2    1   12    1    1   43    1    1    1       801    1    8  -11  -14   -7  -13    9   12    1   12   -6    0   -5    9    8   20   14   -7
    2    1   13    2    1    0    0    1    1       491    2    6  -11  -13   -7  -13    9   12    1   13   -5    1   -5    9    7   16   14   -7
    2    1   14    5    2    8    3    2    1      1219   -4    7  -10  -13    3   10   -6    4   -9   -7   16   14   -3    2   -8  -19  -18   20
    2    1   15    1    3   53    1    3    1       877  -10    8   -3   -1    3    1   14   -5    6   16  -11   -6    9  -12    3    5    0    3
    2    1   16    3    1    2    1    1    1       821    3    5  -11  -13   -7  -13    8   12    1   13   -5    1   -5   10    7   16   14   -7
    2    1   17    1    1   57    1    1    1       847    2    6  -11  -13   -7  -12    9   12    2   12   -6    1   -5    9    9   18   15   -6
    2    1   18    5    2    4    3    2    1      1686   -4    7   -1  -14   -7   21   -1    9   -8   -6   14   15    3    8  -20  -14  -25   14
    2    1   19    1    2   70    1    2    1      2332   -4    8   -5   -9   -1   12   -6    7   -8   -7   14   13   -3    2  -14   -9  -15   12
    2    1   20    2    3    0    0    3    1       651   -9    9   -4   -2    4    0   12   -4    6   16  -10   -7    8  -12    2    5    0    3
    2    1   21    4    2    3    2    2    1      2267   -1    6   -7   -9    0   11   -6    6   -8   -6   13   14   -2    0  -15   -8  -14   13
    2    1   22    5    2    3    3    2    1      1291    2   10   -4   -8   -2   12   -2    7  -17    2   15   15   -6    9  -13   -6  -15   10
    2    1   23    5    1    9    3    1    1      1569    4    9   -7  -16   -8  -12    9   17    2   14   -5   -3   -4    9   14   24   14  -16
    2    1   24    1    3   74    1    3    1       924   -6    7   -4   -2    3    1   13   -3    6   16  -10   -6    9  -12    2    4    0    3
    2    1   25    1    3   82    1    3    1       642  -11    9   -4   -2    3    0   12   -4    6   16  -11   -7    9  -12    2    5    0    4
    2    1   26    5    3    7    3    3    1      3730   -7    5   -6    3    4   -5   12   -3    3   20  -19    3    5   -8    1   11    4   -1
    2    1   27    5    3    6    3    3    1      1048   -7    4   -3   -2    2  -10   12    0    8   22  -11   -5    8  -11    3    8    9   -2
    2    1   28    3    1    3    1    2    0      1305    3    5  -12  -12   -6  -13   17   19    0   14   -5    1   -4    9    7   16   14   -8
    2    1   29    5    1    4    3    2    0      2286    2    7  -21   -7  -13  -22   10   13    3   14  -12    9   -6   11    5   12   12   -8
    2    1   30    3    1    1    1    2    0      1324    1    6  -17  -21   -8  -14    9   12   -2   14   -6    3   -6    9    7   16   15   -6
    2    1   31    1    2    4    1    2    1      1872    5   10   -6   -9   -2   11   -3    5   -9   -7   14   13   -2    0  -13  -11  -16   12
    2    1   32    1    1   14    1    1    1       799    3    7  -11  -13   -8  -13    9   12   -1   12   -5    1   -4    9    6   17   14   -7
    2    1   33    5    1    5    3    1    1       554    1    7  -10  -12   -5  -12    9   11    3   15   -8    6  -13    3    8   17    9   -2
    2    1   34    3    2    2    1    2    1      1918   -3    7   -7   -9    0   12   -6    8   -8   -7   13   13   -1    1  -13  -10  -15   11
    2    1   35    1    2   20    1    2    1      1580   -3    7   -6  -11    1   12   -6    7  -10  -16   14   14   -2    1  -13  -10  -14   11
    2    1   36    5    2    7    3    1    0      3590   -8    5  -10   -6    0   11   -4    7  -18   -2   13   13   -2    2  -14   -8  -16   13
    2    1   37    4    1    6    2    1    1       785    7    7  -10  -18   -5  -15   10   11    6   13    0   -9   -6    9    6   16   15   -6
    2    1   38    5    2    6    3    1    0      1132   -2    6   -5   -9    0   13   -1   15  -15  -15   14   12    7    9  -13   -9  -14   12
    2    1   39    1    1   36    1    1    1       714    2    7  -11  -13   -7  -14    9   12    0   13   -5    1   -6    9    6   18   15   -8
    2    1   40    5    1    2    3    1    1       631    3    7  -11  -12   -7  -17    5   11    8    6   -5    0   -3   17    8   15    9    3
    2    1   41    3    3    2    1    3    1       760  -10   10   -4   -2    9    0   12   -4    6   16  -11   -8    8  -11    2    6   -1    1
    2    1   42    4    2    2    2    2    1      2372   -4    5   -5  -11   -1   13   -6    6  -10   -5   12   12   -3    0  -13  -11  -16   14
    2    1   43    5    1    8    3    1    1      1694    1    5  -18  -14   -7  -16   15   16   -3   21   -5    2   -1   17    8   15   20   -1
    2    1   44    5    3    5    3    3    1      1046   -6   16   -3   -2    2    3   20    6    0    7  -12   -5    8  -10    6    5    3    6
    2    1   45    5    1    3    3    1    1      1047    0    6  -13  -15   -7  -14    9    8    2   12   -4    0   -5    8    9   17   12   -7
    2    1   46    4    1    4    2    2    0       728    3    5  -11  -17   -7  -12    7   12    2   12   -4   -9   -5   10    8   18   13   -6
    2    1   47    5    3    3    3    2    0       724   -7    8    1   -2    6    3   10   -4   -4   11   -8   -5   12   -7   -6    3   -2   -6
    2    1   48    3    3    3    1    3    1      5904   -9    9   -4   -3    5    0   12   -5    6   16  -10   -7    8  -12    3    5    1    2
    2    1   49    4    2    5    2    2    1      1966   -4    7   -5  -10   -1   11  -11   12   -7   -5   16   11    0    1  -15   -8  -20    5
    2    1   50    4    2    6    2    2    1       843   -5    9   -4  -10    0   13   -5    4   -1  -16   13   13   -1   -8  -14  -10  -14   10
    2    1   51    1    3   45    1    2    0       661   -9   10   -4   -2    5    0   12   -3    6   16  -10   -7    8  -12    2    5    1    2
    2    1   52    4    1    1    2    1    1       933    1    5  -12  -13   -5  -14    9   11    2   13   -5   -1   -4   10    9   18   12   -6
    2    1   53    5    1    1    3    3    0      1450    2    7   -7  -10   -4  -12    5    9   -2    8   -5    2  -14   16    6   16   22  -15
    2    1   54    1    3   52    1    2    0      3130  -10   10   -5   -2    4    0   12   -4    6   17  -10   -7    8  -11    2    5    0    4
    2    1   55    1    2   63    1    1    0      1544   -3    8   -6   -9    1   13   -6    7   -9   -7   14   13   -1    1  -13   -9  -15   12
    2    1   56    1    1   67    1    1    1       756    2    7  -11  -13   -8  -13   14   10    1   13   -2    7   -5    9    8   15   14   -7
    2    1   57    5    2    9    3    1    0       561   -1   13   -2   -9   -5    9   -3   14  -11  -10   16    4   -3    2  -14   -8  -18    7
    2    1   58    1    3   75    1    3    1      1029  -10    9   -5   -2    3    1   12   -4    5   17  -10   -7    8  -13    3    5    1    4
    2    1   59    1    3   86    1    3    1      2056   -9    9   -5   -1    4    0    8   -2    6   16  -10   -8    8  -11    3    4  -10   11
    2    1   60    5    3    8    3    3    1       800  -13    4    1   -2    4   -1   18  -12   12   22   -7    3    7  -12    9   13   -2    9
    2    1   61    1    2   60    1    2    1      1450   -3    7   -5  -10   -1   13   -7    6  -11  -10   14   13   -1    0   -7  -18  -15   11
    2    1   62    4    3    5    2    3    1       957  -14    6   -3   -2    1   -2   12   -3    6   14   -6  -10    8  -13    5    6    0    4
    2    1   63    1    2   14    1    2    1      1697   -3    7   -2  -15   -1   11   -7    8   -8   -8   14   13   -2    1  -13  -10  -16   12
    2    1   64    3    3    1    1    3    1      3144   -8   10   -5   -1    4    0   13   -4   -3    7  -12   -7    8  -12    3    5   -8   -1
    2    1   65    4    3    6    2    3    1       627  -10   11   -4   -3    0   -1   16   -7    8   12  -10   -9    8  -11    3    7   -4    2
    2    1   66    3    2    3    1    2    1      3189   -7   -2  -12  -13    0   11   -5    6   -9   -6   15   13   -3    1  -21   -1  -16   13
    2    1   67    5    2    5    3    2    1      1390   -4    5   -9  -13    1   11   -5    7  -11   -8   11   23    0    2   -6  -11  -17   12
    2    1   68    5    3    2    3    2    0      1522  -10   10   -3    0    5   -1   14   -9   14   13  -11  -15    7  -14    1    5    4    8
    2    1   69    1    2   89    1    2    1      2033   -3    6   -6   -9   -5    8   -7    6  -10   -6   14   13   -2    1  -12  -10  -15   12
    2    1   70    1    1   37    1    2    0      1561    2    6  -12  -14   -7  -14    8   11    0   14   -5    1   -3    8    8   16   14   -7
    2    1   71    5    1    6    3    2    0      1364    9    0  -12  -13    1   -4    7   11    2   13    4    2  -11    6    3    7   19   -5
    2    1   72    4    2    1    2    2    1      1383   -2    8   -6  -11    0   10   -5    5   -8   -8   13    8   -1    0  -11  -10  -12   17
    2    1   73    4    3    2    2    3    1      1706   -7   10   -5   -3    3    1   12   -3    7   15   -9   -8    9  -12    6    6   -2    3
    2    1   74    1    2   66    1    1    0      1983   -3    7   -6   -9   -1   12   -7    7   -8   -8   18   10   -3    2  -17   -8  -16   13
    2    1   75    2    2    0    0    2    1      1320   -3    7   -6   -9   -1   12   -6    7   -8   -7   14   13   -2    1  -13  -10  -15   12
    2    1   76    4    1    3    2    2    0      1533    1    7  -13  -17    3  -11   10   11    1   14   -6    2   -1    4    5   17   12   -9
    2    1   77    4    1    5    2    3    0      1274    4    7  -12  -12   -7  -12   13    6    2   12   -6    1   -5    6    6   17   13  -16
    2    1   78    1    3   49    1    3    1       689   -9    9   -3   -2    4    0   12   -4    5   18   -9   -6    8  -12    1    4    0    2
    2    1   79    4    3    1    2    3    1       672   -9    8   -4   -1    3    1   10   -4    6   17   -6   -3    6  -12    2    6   -1   -5
    2    1   80    5    3    1    3    3    1       478  -13    1   -5   -2    8    3   13   -5    6   14   -9   -6   13  -14    5    4   -5    1
    2    1   81    5    2    2    3    1    0      1062   -2    6  -10   -9   -2   10   -6    8   -3   -6   12   12    6   -6   -8  -11   -6   12
    2    1   82    1    1   80    1    1    1       598    2    6  -13  -13   -7  -13    9   12    1   13   -3    1   -4    9    7   16   14   -8
    2    1   83    3    2    1    1    2    1      1304   -3    7   -6   -8    0   11   -6    7   -8   -7   14   13   -2    1  -13  -10  -16    7
    2    1   84    5    1    7    3    3    0      1374    4    7  -15  -10   -7  -10   -1   14    6   15   -1    3   -5   10    5   12   15  -12
