    1    1    1    1    2    1    1    1    0      3856  -14   -2   -5   -3  -15   -7  -11   14   -3   -9   -9   19   -1   -2   14    0    8    3
    1    1    2    1    3    4    1    1    0      1848   15    9   -2   -3  -10   -3  -13   10   12    3    3   10   -4    4    1    1   -5   -5
    1    1    3    1    2    5    2    2    1      4025  -12    1   -2    6  -12   -6  -10   12   -4  -14   -6   15   -3   -4   13    1    9    4
    1    1    4    1    3    1    1    3    1      1666   12   12    0   -3  -10   -4  -14   11   13    3    2   10   -3    9   -7    8   -6   -5
    1    1    5    1    3    5    2    2    0      1228   18    7    3   -3   -6   -8  -11    9   12    1    1   12   -3   10    3    0   -4   -4
    1    1    6    1    3    9    3    1    0      1448   12   13    6  -10  -20   -8  -21    9   13    4    4    9    7    3    0    1   -6   -4
    1    1    7    1    2    2    2    1    0      9129  -14   -1   -4   -4  -15   -7  -10   12   -6   -8   -7   15    0   -2   16   -6    8   -7
    1    1    8    1    1    5    2    1    1      4454    6  -10   12    8   -6    0   15    2   17    6  -11   -2    8  -13   10   -9   13   12
    1    1    9    1    2    4    1    2    1      6734  -14    1   -3   -4  -13   -6  -13   13   -4  -10   -7   14   -9    4   14    1    9    3
    1    1   10    1    3    2    2    3    1      1389   11   10    0   -1  -10   -5  -12    9   12    4    4   10   -1    7    1    1   -6   -3
    1    1   11    1    3    6    3    1    0      3025   10   17    1   -4  -11   -4  -19   14   13    7    2   11   -2   18    0    0   -7    0
    1    1   12    1    1    1    1    1    1      2995    6  -10   11    7   -8    3   10    1   15    4  -16    1    9  -13    8   -8   12   11
    1    1   13    1    1    2    2    3    0      6024    6   -8   21   10   -1   -7   19    1   14    4  -11   -5    9  -11    3   -6   13   12
    1    1   14    1    2    9    3    3    0      4705  -13   -2   -4   -6   -8    5   -4   19    1   -9   -7   15    0   -3    9    4    6    5
    1    1   15    1    2    6    3    1    0       881  -13    0   -1   -7  -19   -2  -10   19   -4   -9   -9   15   -5   -2   16   -1   13   13
    1    1   16    1    1    6    3    2    0      3880    5   -6   19    4   -7    1   17    0   15    5   -5    5    9  -22   17  -16   13    9
    1    1   17    1    3    8    2    3    1      1354   12   12    0   -4   -2    0  -12    9    6   -8    3   14   -2   10   -4   -1   -5   -6
    1    1   18    1    1    8    2    1    1      3728    4  -12   13    6   -6    6   13    2   14   -4  -14    0   10  -12    7   -8   10   16
    1    1   19    1    1    4    1    1    1      1255    4  -11   12    5   -7    2   19    2   15    4  -15    1    9  -12    8   -8   12   10
    1    1   20    1    2    8    2    2    1      2672  -17    4   -5   -8  -15   -5   -9   10    4   -7   -4   19   -2   -3   12   -1    1   -3
    1    1   21    1    1    9    3    1    1      3042    4   -9   11   -2   -7   -3   18   -2   18    5  -16    4   10  -12   14  -17   17    7
    1    1   22    1    3    3    3    2    0      1877   13   10   -2   -2  -11   -4  -12   11    9   -8   -1    8  -13    2    5    4   -8   -7
    1    1   23    1    2    3    3    2    1      7239  -19   -2    1   -9  -18    1   -5   13   -3  -11  -13   10    6    3   13    1   14   -2
    1    1   24    1    3    7    1    2    0      2001   13   12   10  -10  -10   -4  -13   10   13    2    3   11   -3    9    1    0  -16   -6
    1    1   25    1    1    3    3    1    1      2235   11    0   13    6   -5    2   13    2   10    2  -16   -5    2  -14    6   -3   14    8
    1    1   26    1    2    7    1    2    1      7069  -21    4   -3   -4  -14   -5   -8   12   -4  -10   -8   16    9   -4   14    0    9    3
    1    1   27    1    1    7    1    1    1      1503    5  -11   13    6   -7    2   15    1   15    4  -15    1   10  -12    9   -7   12   10
    1    2    1    1    1   18    3    1    1      1853    5   -4   13    2   -9    2   15    3   10    9  -16    6    9  -13   10  -18   13   15
    1    2    2    1    3   10    1    3    1      2687   13   10    0   -3  -10   -4  -14   11   11    2    4   11   -3    9    0    0   -5   -6
    1    2    3    1    2   10    1    1    0     15937  -15    1   -3   -4  -15   -5   -8   11   -5   -9   -8   15   -1   -2   13    1    9    3
    1    2    4    1    2   13    1    1    0      3647   -5   -3   -3   -4  -10  -14   -8   11   -3   -9   -9   15   -1   -2   14    0    9    3
    1    2    5    1    2   16    1    3    0      1480  -15    1   -8   -2  -13   -4   -9   11   -4  -11   -8   15    0   -3   13    1   10    2
    1    2    6    1    1   16    1    1    1      1000    5  -10   12    7   -8    2   13    0   15    4  -15    1   12  -16    8   -8   11   12
    1    2    7    1    3   17    2    3    1      3467   12   13    0   -4  -10   -4  -14   11   13    2    1   10   -1    7    1   -2   -5   -6
    1    2    8    1    3   16    1    3    1      2365   12   10    0   -2  -12   -4  -13   11   13    1    4    9   -3    9    1    0   -6   -6
    1    2    9    1    1   13    1    1    1      1609    5   -9   13    6   -7    2   14    1   15    4  -15    0    9  -12    9   -9   12   12
    1    2   10    1    3   13    1    3    1      3157   12   11    0   -3   -7   -4  -14    7   11    1    3   10   -2    4    1   -1   -5   -5
    1    2   11    1    2   14    2    2    1      3633  -12   -1    1   -3  -12   -6   -8   12   -3  -10  -10   13   -2   -1   13    1    9    1
    1    2   12    1    3   12    3    1    0      3516    9    7    2   -8   -6  -11  -10   16   12    3   -7   14   -3   10    8    2   -1   -6
    1    2   13    1    3   11    2    3    1      5306   11   13   -1   -3  -11   -4  -10   16   13    4    5    9   -4   11    5    0   -8   -6
    1    2   14    1    1   12    3    1    1      4065    8  -13   11    2  -10    1   12    7   23    7  -14    0    9  -11    7   -7   12   10
    1    2   15    1    3   14    2    3    1      2089   14   13   -3   -5  -11   -2  -12   10   14    1    7   11   -1    9    0    2   -6   -4
    1    2   16    1    2   17    2    2    1      1793  -13    4   -4   -4  -15   -4  -11   10   -2  -13   -5   12   -1   -3   12   -1    9    2
    1    2   17    1    1   15    3    1    1      1350   11  -20   11    7   -8   -7   14    6   16   10  -12   -2    6   -8    9   -6   10   20
    1    2   18    1    1   14    2    2    0      6507   -4  -12   12    5   -5   -1   18    4   15    6  -15    2   10  -12    9   -8   15    1
    1    2   19    1    2   18    3    2    1      3027  -16    1   -4   -1   -9   -8   -8   12   -6   -9  -11   12   -1   -3   13    1    9    1
    1    2   20    1    2   15    3    2    1      3622  -10    0   -3  -14  -13  -10   -7    8   -8  -14   -7   14    1   -9    6    6   13    0
    1    2   21    1    1   11    2    1    1      1025    7   -9   11    5   -6    3   15    0   19    4  -15    2   10  -12   13   -2   13   11
    1    2   22    1    1   17    2    1    1      1395    6   -9   12    7   -7    1   22   -4   15    3  -17    2   11  -15   10   -6    9    9
    1    2   23    1    1   10    1    1    1       823    4   -9   10    7   -7    1   14    2   11    4  -15    0    9  -12    8   -8   13   12
    1    2   24    1    3   18    3    2    0      4928    9   16    6  -12  -11   -4  -21   21   16   -2   12   15    0    6    5   -5   -5   -6
    1    2   25    1    2   12    3    2    1      3415  -19   -1    3    5  -18   -3  -18    4   -3  -14   -5   15   -4   -4   14   -1    7    1
    1    2   26    1    2   11    2    3    0      3225  -12   -2   -3   -3   -5    4  -11   14   -2   -8   -9   15    9   -6   19   -6    8    4
    1    2   27    1    3   15    3    3    1      3362   10    3    2   -1  -12   -3  -14   11   13    1    5   11   -6   16    5    1   -5   -7
    1    3    1    1    3   22    1    2    0      4406   12   12    1   -4  -11   -3  -13   12   12    2    2   11   -3    9    3    1   -4   -7
    1    3    2    1    2   25    1    2    1      2560  -15    0   -3   -4  -14   -5   -9   12   -4   -9   -8   15   -2    1   14    0    9    3
    1    3    3    1    1   19    1    1    1      1348    5  -11   12    6    3   -8   15    1   14    4  -15    1   10  -11    8   -8    7   20
    1    3    4    1    1   25    1    1    1       777    5  -10   11    6  -17    9   15    3   14    5  -14    1    9  -12    8   -8   11   11
    1    3    5    1    1   26    2    1    1       820    3   -8   12    7   -8    3    8   -6   16    4  -17    0    5  -18    7   -8   11   10
    1    3    6    1    3   26    2    2    0      9710   12   11    1   -2  -11   -4  -14   11   14    3    3   11   -4    9    5    5  -11    2
    1    3    7    1    3   24    3    2    0      1685    7   20    0   -4  -20    0  -15   11    7   -1    5   15   -2    7    0    5   -8   -5
    1    3    8    1    1   21    3    1    1      1102    5   -5   22    0  -15    2   13   -3   19   13  -16    0   10  -11    7   -6   10   16
    1    3    9    1    3   25    1    3    1      2494   13   11   -1   -2  -12   -2  -16   13   12    2    4   10   -3    9    2   -1   -6   -7
    1    3   10    1    2   24    3    3    0      1331  -13   -3   -8   -3  -18   -3   -1    3   -6   -9   -6   13    2   -5   15    4   13    2
    1    3   11    1    1   24    3    3    0      2553   10   -5    2   13   -7    3   21   12   15    5  -16    2   -1   -9    8   -9    4   14
    1    3   12    1    1   27    3    1    1      1806    6  -11   10    8    2    3   23   -8   14    6  -17    3   10  -10    1   -9   12   13
    1    3   13    1    3   21    3    2    0      4721   14   11   -1   -3  -14    1  -10   17   20    8    3   11   -8    1    2   -2  -16   -3
    1    3   14    1    1   23    2    1    1      1119    4   -9   12    8   -8    1   14    1   19    4  -18    1   11  -11    8   -7    9   13
    1    3   15    1    2   20    2    1    0      3805   -5   -1   -4   -4   -9   -9   -6   18   -5   -8   -8   17   -3   -6   13    0   10   -2
    1    3   16    1    2   21    3    2    1     25152   -9   -5   -5    0  -12   -7   -7   12  -10  -17   -9    9   -4    3   15    7    5    0
    1    3   17    1    2   19    1    2    1      5645  -15    0   -2   -5  -14   -5  -10   13   -4  -10   -7   16   -1   -1   14    1    9    4
    1    3   18    1    3   20    2    3    1      1832   23   17    5    1   -9   -2  -13   10   11    2    2    9   -4    9    1    2   -5   -7
    1    3   19    1    2   23    2    3    0      5994  -15    3   -3   -5  -12   -5   -6   15   -6  -11   -7   18   -9   -5   11    0    3   -7
    1    3   20    1    1   20    2    1    1      1189    3   -8   12    5   -8    2   13    3   16    3  -15    0   10  -13    9   -9   10   10
    1    3   21    1    2   26    2    2    1      4449  -16    0   -2   -5  -14   -7   -7   13   -9    0  -10   10    1    0   14   -1    9    1
    1    3   22    1    2   27    3    1    0      4363  -19   -3   -2   -5  -14   -1  -19   12   -3  -10   -3   11   -6    8   15   -2   17   13
    1    3   23    1    3   23    2    3    1     13527   11   12   -1   -4  -11   -6  -12   11   14    1    6   14   -3   10    3    2    2   -5
    1    3   24    1    3   19    1    3    1      2920   14   11    0   -4  -11   -4  -13   11   11    2    3   10   -3   11    0    1   -6   -5
    1    3   25    1    3   27    3    2    0      3728   14    6    2   -2  -11   -5  -13   16   20   -7    9    6   -1    2   -6   -3    0   -8
    1    3   26    1    1   22    1    2    0      5607   -5   -3   13    5   -7    2   18    1   16    3  -15    0    9  -12    8   -8   11   11
    1    3   27    1    2   22    1    1    0      4100  -19   -5   -3   -4  -14   -5  -10   12   -2   -9   -8   15   -2   -2   15    0    9    3
    1    4    1    1    2   28    1    1    0      8890  -14   -1   -4   -4  -13   -6   -9   12   -4  -10   -8   17   -1   -2   15   -1    9    3
    1    4    2    1    1   35    2    2    0      2661    4  -12    7    4   -8    2   24    4   17    6  -15    2    9  -11    6   -9   11   13
    1    4    3    1    1   31    1    1    1       966    6  -10   12    6   -7    2   15    1    5   12  -14    1    8  -12    9   -8   11   11
    1    4    4    1    1   33    3    1    1      2668    2  -18    7    3   -7    6   16    1    8   -4   -6   -3    8  -12    9   -9   19    9
    1    4    5    1    1   32    2    1    1       973   12   -5   11    4   -7    1   16    3   13    3  -14   -1   19   -5    7   -6   19   19
    1    4    6    1    3   35    2    2    0      3105   15   12   -8   -7  -11   -1  -15   10   12    3    2   11   -4   13    7   10   -5   -3
    1    4    7    1    1   28    1    1    1      2049    1  -13   12    6   -7    3   13    2   15    4  -15    2    8  -11   10   -3   11   11
    1    4    8    1    1   30    3    1    1       795    4   -9   10    3   -5   12   15    2   17    0  -14    2    6   -7    8   -9   14   10
    1    4    9    1    1   36    3    1    1       791    9   -9    6   -2   -8    3   11   -1   14    2  -14   -1    5  -12   11   -7   14    9
    1    4   10    1    2   31    1    1    0      4979  -14    0   -3   -2  -14   -5   -8   11   -4   -9   -9   16    0   -2   14    0    9    3
    1    4   11    1    2   36    3    2    1      2600  -11  -10    0   -9  -11   -5  -15    8  -14  -14   -7   17    2   -5   18   -4   16    3
    1    4   12    1    1   29    2    1    1      1292    5   -9   14    8   -2    4   12    3   15    0  -15    0    9  -18    9   -9   11   13
    1    4   13    1    3   36    3    3    1      4357   23    5   -6   -4  -15    0  -14    3   13    2   11   14   -6   18    2    0  -12    4
    1    4   14    1    2   30    3    1    0      2866  -12   -2   -5   -6  -16  -12   -8   11   -3   -9  -15   14   -8  -10   12    3   14    2
    1    4   15    1    3   30    3    1    0      4347   21   14    0   -2   -3   -5  -10   10   13    0   -1   16   -8   17    2   -4  -12    5
    1    4   16    1    2   29    2    1    0     19593  -19   -5    5    6  -21  -12   -9   13   -6  -11   -5   20   -1   -4   11    5   12   -3
    1    4   17    1    2   32    2    2    1      4996  -13   -1   -2   -5  -18    0  -10   13   -2  -11    2   19   -2    0   15    0    8    5
    1    4   18    1    2   35    2    3    0      6329  -24   -4   -5   -4  -13   -7  -12    8   -3  -12   -7   14    8   -9   23    1    7    4
    1    4   19    1    2   34    1    1    0      6519   -7   -2   -4   -5  -14   -6    1    7   -3  -12   -7   14    0   -3   14    0    8    3
    1    4   20    1    3   32    2    3    1      3373   11   11   -1   -4  -10   -5  -13    9   12    4    2   11   -2    9   -6    5   -5   -7
    1    4   21    1    1   34    1    1    1      1618    5  -10   11    6   -7    2   16    7   14    3  -16    1    9  -12    8   -7   12   11
    1    4   22    1    3   33    3    2    0      7949   17   12   -1   -3  -10   -3   -9    9   19    8    3   11  -10    4    6    3   -7    0
    1    4   23    1    3   28    1    2    0      5419   14   10    1   -3  -10   -4  -14   12   13    1    3   10   -3    9    1    0   -6   -5
    1    4   24    1    3   34    1    3    1      2062   13   11    0   -4  -11   -3  -13   11   12    2    3    9   -3    9    0    0   -6   -5
    1    4   25    1    2   33    3    1    0      6886  -19    4   -4   -2   -9   -5    1    5    5   -3   -3   12    4    0   15    2   11   -2
    1    4   26    1    3   29    2    3    1      6046   12   12   -1   -4  -20   -5  -11   10   22   -8    1   12   -2    9   -1    1   -5   -4
    1    4   27    1    3   31    1    3    1      5336   13   11    0   -3  -12   -3  -17    4   11    1    4   10   -1    8    1   -1   -2   -5
    1    5    1    1    1   43    1    1    1      2013    5  -10   12    5   -6    1   14    2   12   -4  -15    1   10  -13    8   -8   12   11
    1    5    2    1    3   41    2    2    0      6248   11   13   -2   -3  -12   -2  -15   10   10    2    3   11   -2    8    0    2   -7   -4
    1    5    3    1    1   38    2    1    1      3658   -4   -1   11    6   -5    2    9   -3   15    5  -17    1   19  -20    5  -18   10   13
    1    5    4    1    1   41    2    1    1     10242    5  -12   14    7   -6    0   16    2   17   10   -5    4   14  -15   12   -7   12   10
    1    5    5    1    2   45    3    3    0      4886  -11    0   -4   -9  -13   -2  -12   12   -8  -14  -15    9    1   -2   16    0    8    4
    1    5    6    1    2   41    2    2    1      6958  -10    5   -1   -6  -15   -5   -7   13   -7  -12   -7   24   -3   -3   13    0    8    1
    1    5    7    1    1   45    3    1    1     11474   12  -12   11   11   -1   -2   13    3   23    4  -15    2    1  -17    2   -6    8   18
    1    5    8    1    2   44    2    3    0     13844   -4   -7   -6   -1  -11    3  -11   12   -5   -9   -6   13    6   -1   14   -1    7    2
    1    5    9    1    2   39    3    3    0      3975  -15    1   -6    2  -16   -6  -10   13   -3  -14   -7   15   -2   -4   14   -1    7    5
    1    5   10    1    3   45    3    3    1      4724   20   20    3   -5   -6   -9   -9   11   14   -2    3   11   -2    9    3    2    4  -13
    1    5   11    1    3   38    2    2    0      3795    5   11   -1   -2  -11   -2  -11   12   11    3    2   12   -5    7    1   -1   -5   -4
    1    5   12    1    2   43    1    2    1     34773   -6    3   -3   -5  -13   -6   -8   12   -5   -9   -8   15   -1   -2   14    0    9    3
    1    5   13    1    1   37    1    1    1      1491    5  -10   12    6   -7    2   14    2   15    4  -14    1    6   -6    7   -8   13   10
    1    5   14    1    1   39    3    1    1      2995   12  -15    8    5   -2    6   12   -5   17    7  -14   -7    6  -15    2  -10   20    3
    1    5   15    1    2   42    3    2    1      5192  -12    0    2   -1  -14   -4  -10   13   -5   -9   -7   17    3  -12    6    7    9    2
    1    5   16    1    1   42    3    1    1      1492    5  -11   10    8   -6    2   21   -1   16   -1  -23    9   10  -14    8   -9    9    3
    1    5   17    1    1   44    2    1    1       819    6   -8   11    6  -11    3    5   11   14    6  -14    2    5  -13    9   -9   12   13
    1    5   18    1    3   39    3    3    1      4669   18   13    2   -5  -12   -2  -13   12   11   -3    3    9   -6    4    0    1   -1  -15
    1    5   19    1    1   40    1    1    1      1517    9   -9   13    7   -7    3   15    2   16    4  -15    1    8  -11    7   -8   12   10
    1    5   20    1    2   38    2    2    1      5739  -16    1   -4   -3  -16   -5  -10   10   -4  -12   -9   15   -3   -1   14    1   17   -1
    1    5   21    1    2   37    1    2    1      3857  -15    1   -3   -4  -14   -6   -9   11   -4  -10   -8   15   -2   -2   15    0    9    3
    1    5   22    1    3   44    2    3    1      1666   12   10   -1   -4  -12   -2  -12   12   11    3    5    7   -4   10    6   -5   -4   -7
    1    5   23    1    2   40    1    2    1      1545  -18   -2   -3   -4  -14   -5   -9   12   -4  -10   -8   16   -1   -2   13    1    9    4
    1    5   24    1    3   43    1    2    0      3719   13   12   -1   -2  -11   -3  -14   12   11    3    2   10   -3    9    1    0   -6   -6
    1    5   25    1    3   42    3    3    1      4015    9    6   -5    1  -11   -5  -11   11   10    1    8   10   -1   13    2    0  -15  -15
    1    5   26    1    3   37    1    3    1      1530   14   10    1   -4  -11   -3  -13   11    7    0    3   10   -4    9    1   -1   -5   -3
    1    5   27    1    3   40    1    3    1      1737   10   20    0   -3  -12   -4  -12   10    7    2    3   10   -3    9    1    0   -6   -4
    1    6    1    1    2   50    2    2    1      6349  -16   -2    3    3  -13   -6  -10   12   -5   -9   -7   15   -2   -1   13    1    7    4
    1    6    2    1    1   49    1    1    1      1211    4   -9   12    6   -6    1   12    2   15    4  -15    1    9  -12    7   -8   17    8
    1    6    3    1    2   51    3    3    0       903   -4   -4   -8    2  -20    0   -6   13   -2  -11    2   20    3   -3   15    0    5    6
    1    6    4    1    3   49    1    3    1       783   12   12  -10    4  -10   -4  -12   11   12    3    3   10   -4    9    1    0   -6   -5
    1    6    5    1    1   53    2    1    1      1788    4   -9    7   11   -5    1    6   -2   17    4  -14    0   17  -15    9   -9   12   12
    1    6    6    1    1   50    2    1    1       688    5  -11   11    8   -6    2   12    1   16    5  -15    2   18  -22    8   -7   12   10
    1    6    7    1    1   52    1    1    1       769    6  -11   12    6   -6    1   14    2   16    3  -15    0    9  -12    9   -9   12   11
    1    6    8    1    2   53    2    2    1      1614  -13    2   -5   -5  -14   -4   -8   13   -4   -9   -8   16    0   -1   13   -2   -1    3
    1    6    9    1    3   50    2    3    1      2986   10   20    0   -1  -10   -3  -12   10   14    4    5    8   -2    8   -1    1   -5   -4
    1    6   10    1    3   46    1    2    0      1471   12   12    0   -2  -11   -3  -13   12   12    2    3   10   -2    8    3   -1   -6   -5
    1    6   11    1    2   48    3    2    1      1825  -13   -1   -9   -5  -15    3  -16   15   -2   -7  -10   15    1   -3   15    2   11    4
    1    6   12    1    1   48    3    2    0      2117    4  -11    3   -2   -8   -3   13    2   17   -1  -15   -1   12  -16    5   -3   12   10
    1    6   13    1    2   46    1    2    1      1341  -15    1   -3   -4  -13   -5   -9   12   -3  -11   -8   15    0   -3   13    3   10    3
    1    6   14    1    3   53    2    3    1      1141   11   13    1   -3  -12   -2  -12   11   12    1    4   10   -4   10    2    0   -1   -5
    1    6   15    1    1   47    2    1    1      1171    3  -12   11    7   -6    2   14    4   20   14  -16   -1   12  -13    8   -1    6    2
    1    6   16    1    1   46    1    1    1       641    5  -10   12    6   -6    1   15    1   15    4  -15    1    9  -12    8   -9   13   12
    1    6   17    1    3   51    3    1    0      1443   19   21    5   -6   -7   -5  -23   17   12    7    3    9    4    1    1   -8   -8  -10
    1    6   18    1    3   52    1    3    1      1255   12   11   -1   -4  -10   -2  -13   11   12    2    3   10   -3    8    1   -1   -6   -4
    1    6   19    1    1   54    3    1    1      1810    2  -13   13    8  -10   -3   14    1   14    5  -14    0   14  -16    5   -7   10   13
    1    6   20    1    1   51    3    3    0      2726    1  -11   15    8   -1   -3    6   -6   18   -6  -19    3    2  -13    3   -5   17   18
    1    6   21    1    2   54    3    3    0      2419  -24    9    0    0  -17   -4  -15   18   -4   -8  -14    5   -7    6   23    9    8    3
    1    6   22    1    2   52    1    2    1      1169  -14   -2   -5   -5  -15   -5   -8   12   -5  -10   -9   14   -1   -1   13    0    9    3
    1    6   23    1    2   47    2    3    0      3454  -13   -1  -11    2  -14   -4  -13    7   -6  -11   -7   15   -2   -1   16    0    9    5
    1    6   24    1    3   48    3    3    1      1390   15   10   -3   -8  -17   -5  -11   10   15    0    3    9    7    7    4   -4   -6   -4
    1    6   25    1    2   49    1    2    1      2627  -14    0   -3   -4  -13   -7  -10   12   -4  -10   -8   15   -1   -1   14    0    8    2
    1    6   26    1    3   54    3    2    0      1461   16    7    1  -12  -11   -5  -14   12   14    3   -1    6   -3   11    9   -2  -14   -1
    1    6   27    1    3   47    2    3    1       857   11   10    0   -4  -10   -2  -11   11   10    0    4   10   -4    7    7    8   -7   -5
    1    7    1    1    3   56    2    2    0      1506   16    6    2   -5  -11   -4  -15   12   11    2    1    9   -4   11    7   -6   -7   -4
    1    7    2    1    2   59    2    2    1      6577  -12    2   -2   -2  -13   -5   -7    6   -6  -11   -7   13    0   -7   16    1    9    4
    1    7    3    1    1   60    3    1    1      1143    6  -14   16   10   -4   -3    5   -8   15    3  -15    3    9  -13   16  -13   22   17
    1    7    4    1    2   63    3    3    0      2533  -18    3    7  -12  -13   -7   -9   11   -6  -11   -9   17    0   -1   12   -8   10    2
    1    7    5    1    2   60    3    3    0      2987  -16   -1   -4   -3  -11   -2    1   12   -7   -7   -7   10    8  -12   10    5    8    4
    1    7    6    1    3   59    2    3    1      4095   15   10    1   -3  -17    1  -17   13   13    4    3   11   -3   10    2   -1   -6   -6
    1    7    7    1    2   56    2    1    0      3766  -15    0   -4   -4  -24  -11  -11   14   -4   -9  -10   17    0    1   14    1    8    4
    1    7    8    1    3   61    1    3    1      2091   14   11    0   -3  -11  -11  -13   11    5    7   -4   16   -3    9    0    0   -6   -5
    1    7    9    1    3   63    3    2    0      5843   15    8  -10    7   -8   -1  -15    1   12    1    3   13   -3   10    3    1   -8   -6
    1    7   10    1    2   57    3    2    1      2693  -15    0   -2   -5  -15   -5   -8   12  -11   -7  -13   10    0   -2   16    1    4    2
    1    7   11    1    1   58    1    1    1      1079    5  -10   12    6   -8    3   13    1   15    4  -12    0    9  -12    7   -7   12   11
    1    7   12    1    1   57    3    1    1      1017    4  -14   11    5   -3   -2   17    4   20    2  -19    4    9  -11   12   -7   11   12
    1    7   13    1    3   60    3    2    0      3883   14   11    0   -1  -10   -3  -13    4   12    3    1    9   -4   14    2    0   -1   -9
    1    7   14    1    1   61    1    1    1      1421    5  -11   12    6   -7    2   12    3   14    4  -14   10    8  -13    7   -5   12   10
    1    7   15    1    2   55    1    2    1      3809  -15    0  -13    4  -15   -4  -17    4   -3  -10   -9   14   -1   -2   15    1    8    3
    1    7   16    1    1   56    2    1    1      1189    7   -5   13    5   -7    4   14    0   24   10  -15    0    9  -11    9   -7    9   16
    1    7   17    1    1   63    3    2    0      2547    0  -18   16    6   -5    1   15    3   18    4   -5    6   10  -12    6   -7   11   12
    1    7   18    1    3   57    3    3    1      1450   13    8    0   -2  -12   -5  -15   11   11    1    3    5   -1    7    8    9   -7   -5
    1    7   19    1    1   55    1    1    1      1722    4  -10   13    5   -7    2   14    2   17   -1  -15    1    9  -12    7   -8   12   13
    1    7   20    1    3   55    1    2    0      1392   13   12    1   -4  -11   -3   -8   14   15    1    3    9   -3   11    0    0   -7   -4
    1    7   21    1    2   61    1    2    1      6932  -14   -1   -3   -4  -14   -5  -13   15   -4  -10   -8   15   -1   -2   16   -2    9    3
    1    7   22    1    1   59    2    1    1      1290    6   -9   10    5   -6    1   11    3   15    3  -21   -8    9  -13    9   -5   11   14
    1    7   23    1    1   62    2    1    1      1011    4  -10   12    4   -8    3   15   -7   16    3  -15    0    9  -13    8  -10   11   13
    1    7   24    1    3   62    2    3    1      1397   14   10   -2   -1   -9   -5   -8    9    3    6    4   10   -1   10    0    0   -3    3
    1    7   25    1    2   58    1    2    1      2569  -14    0   -2   -4  -19  -12   -9   12   -4  -10   -8   16   -2   -1   14   -1    9    2
    1    7   26    1    3   58    1    3    1      1167   13   11    0   -3  -12   -8  -13   11   13    1    2   11   -3    9    0    0   -7   -5
    1    7   27    1    2   62    2    3    0      2828   -9   -4   -3   -3  -13   -5  -10   12   -6   -9   -8   16    1   -1   16   -1   10    3
    1    8    1    1    3   71    2    3    1     12390   14   11    1   -2   -9   -8  -13   10   10    0    5    9    5   12   -1    1   -7   -4
    1    8    2    1    1   71    2    1    1       866    3  -11   13    4   -8    3   15    0   18    8  -17    0   13   -9    9   -9   14   12
    1    8    3    1    2   68    2    2    1      3003  -14    4   -8  -11  -12   -4  -11   12   -5  -10   -7   15   -2   -1   14    1    8    1
    1    8    4    1    3   70    1    3    1      1169   10    6    0   -3  -11   -3  -13   11   13    2   13   19   -3    9    6    3   -6   -5
    1    8    5    1    2   65    2    2    1      2414  -18   -4   -1   -4  -12   -5   -7   10   -4   -9   -8   16   -2   -2   12    0   11    4
    1    8    6    1    2   67    1    1    0      3212  -19  -10   -2   -5  -13   -5   -8   12   -4  -10    0   22   -1   -2   14   -1    9    3
    1    8    7    1    3   67    1    3    1       952   13   11    0   -2  -12   -2   -7   11   12    2    4   11   -3    9    1    0   -7   -6
    1    8    8    1    2   71    2    2    1      4156  -18    0   -1   -9  -13   -7  -11   13   -3  -10   -8   16   -2   -2   19    0   13    4
    1    8    9    1    1   72    3    1    1       736   13  -18   11    6  -14    3   11    0   14    5  -14    0   15   -9    7   -5   14    9
    1    8   10    1    3   69    3    3    1     10750   13   10    0   -4  -12   -2  -13   12    4    0    7   20   -8    7   -1    4  -12   -6
    1    8   11    1    2   64    1    2    1      1468  -14    0   -3   -4  -14   -5   -8   11    0  -14   -7   14   -1   -2   13    1   10    2
    1    8   12    1    1   67    1    1    1      1214    5  -10   12    7   -4    3   15    1   15    4  -15    1    9  -12    8   -8   10    9
    1    8   13    1    3   66    3    3    1      2504   12   11    1    7  -16    0  -15    7   15   -2    2    9    3   11    2    0   -8   -6
    1    8   14    1    1   64    1    1    1      1264    5  -10   12    6   -7    2   14    2   15    4  -16    2    9  -12    8   -8   11   12
    1    8   15    1    2   70    1    2    1      1305  -14    0   -3   -3  -14   -5   -9   12   -4  -10   -7   14   -1   -2   14    0   10    3
    1    8   16    1    1   70    1    1    1      1152    5  -10   12    5   -7    2   13    3   15    4  -14    0    7  -11    8   -7   15    1
    1    8   17    1    1   65    2    1    1      1838    5  -11   14    7   -6    2   16    3   17    0  -14    1   11  -11    7  -10   10   12
    1    8   18    1    1   68    2    1    1      2880    0   -9   10    8   -9    7   16    0   15    2  -25    7   11  -14    7   -8   14   10
    1    8   19    1    1   66    3    2    0      2777   11  -17   10    8   -7   -8   15    6   15    3  -11   -1   13  -15    9   -5    7   16
    1    8   20    1    2   69    3    3    0      2629  -18   -9   -5   -2  -14   -6  -13   17   -6   -7   -6   24   -5    4    6   10    1   11
    1    8   21    1    3   65    2    3    1      1032   18    4    4   -1  -11   -5  -14   12   14    1    5    9   -4    9   -1    0   -6   -7
    1    8   22    1    2   72    3    2    1      3626  -12   -2    2   -3  -14   -1  -10   14   -4  -14   -8   16    1    5    5   -1    9    1
    1    8   23    1    2   66    3    2    1      1734  -15    1    2   -3   -6  -13   -8   11   -4  -15  -10   14   -1   -1   14   -1    9    2
    1    8   24    1    1   69    3    1    1       828    5  -18   19   12   -3    1   12   10   15    5  -20   -4    8  -11    9   -3   17   10
    1    8   25    1    3   68    2    3    1      3878   15    8   -2   -3  -16    3  -16   11   13    3   -6   11   -2   10    4    1   -8   -6
    1    8   26    1    3   72    3    3    1      4087   13   15    5   -8  -10   -3  -14   10   12    1   -2    9    1    8    2    3   -5   -5
    1    8   27    1    3   64    1    3    1       960   13   11    0   -3  -10   -4  -13   12   12    2    2   11   -3    9    3   -1   -5   -6
    1    9    1    1    1   75    3    2    0      7173    0   -7   11   10   -7    6   15    1   16    8   -7    2    8  -11   13  -17   13   11
    1    9    2    1    2   80    2    3    0      1426  -13    0   -5   -3   -4   -8  -11   12   -2  -10   -7   17    7  -10   14   -2    8    4
    1    9    3    1    1   78    3    1    1      1590    3  -16    8   12   -9   10   15    1   20    1  -14   -4    2  -22    4   -8   11   11
    1    9    4    1    1   81    3    1    1       995   10  -13   12    7    1   -3   12    1    6    1  -16   -3   10  -10    9   -8   13   11
    1    9    5    1    2   78    3    3    0      5544   -8    2  -10    1  -15   -5  -10    8   -1  -14   -8   16   -1   -3   13    2   10    1
    1    9    6    1    2   74    2    3    0      3896  -15    2   -1   -6  -21   -8   -8    4   -3  -11  -12   15   -4   -4   14    2   11    2
    1    9    7    1    2   73    1    3    0      2040  -11    0   -3   -4  -14   -5   -9   12   -3   -9   -8   15    2    2   13    0   10    4
    1    9    8    1    1   80    2    1    1       962    5  -11   11    7   -4    6   19    4   13    5  -13    0    9  -13    6   -1    9    4
    1    9    9    1    3   76    1    3    1      1640   12   12    1  -13  -12   -3  -14   11   12    1    3    9   -4   10    2    0   -5   -4
    1    9   10    1    2   81    3    3    0      6961  -18    2   -1   -7   -7    5   -3   18   -8  -20  -13    5    3    3   14   -3   11    2
    1    9   11    1    1   77    2    1    1      2087    3   -9   14    2   -8    2   14   -2   16    4  -14    1    9  -13    7   -7   12   10
    1    9   12    1    3   75    3    1    0      7502   13    3    5   -3  -10   -4  -14   12   11    6    3   11    5   10    0    5   -7  -10
    1    9   13    1    3   81    3    3    1       605   14    9    5   -4  -12   -4  -12    9   13    4    4    9   -7    9    3   -2   -5   -3
    1    9   14    1    2   79    1    2    1      5871  -14    0   -3   -4  -15   -6   -9   12   -4  -20   -8   15   -1   -2   15    1    0    7
    1    9   15    1    3   79    1    3    1       929   13   11    1   -2  -11   -4  -13   11   11    3    3   10   -3    2    0    0   -6   -5
    1    9   16    1    2   76    1    3    0      2519   -9    5   -3   -3  -14   -5   -8   12   -4  -10   -9   16   -1   -2   24   -4    9    3
    1    9   17    1    1   73    1    1    1      1069   10  -16   12    6   -7    2   14    2   16    4  -12    6    9  -12    8   -7    2    8
    1    9   18    1    3   78    3    3    1      1086    8   14   -4   -3  -14    1  -12    9   15    7    4    7   -5    6   -3    5   -6   -4
    1    9   19    1    2   77    2    1    0      1229  -16    1   -3   -5  -16   -5  -18    4   -2  -11   -9   13   -1   -3   12   -1    1   -7
    1    9   20    1    3   80    2    3    1      1479   13   12    4    0  -11   -4  -13   10   13    1    5    8   -7    4   -1   -1   -4   -4
    1    9   21    1    3   74    2    2    0      2007   16   12    9   -7  -14    4  -13   17   10    3   -6    0   -4    9   -6    4  -11   -8
    1    9   22    1    1   74    2    1    1       756    6  -10   13    6   -9   11   10   -5   16    5  -10    2    4   -7    7   -7   11   10
    1    9   23    1    1   79    1    1    1       657    5  -10   12    6   -8    2   22   -1   15    4  -15    1    9  -12    9   -9   13   11
    1    9   24    1    1   76    1    1    1       642    5  -10   13    6   -8    2   14    2   15    5  -15    1    9  -12    9   -9   12   11
    1    9   25    1    3   77    2    3    1       836   11   13   -2   -4  -11   -4  -11   12   11    0    5   10   -1    9   -5    4   -8   -4
    1    9   26    1    2   75    3    2    1      4124   -7   -3    7   -2  -15   -4   -9   11   -4  -12   -6   16    0    0   13   -2    8    3
    1    9   27    1    3   73    1    3    1       834   14   11    1   -3  -11   -3  -15   11   13    1    3   10   -4   10   -1   -2   -6   -5
    1   10    1    1    2   84    3    3    0      4844  -14   -5  -11    3  -15   -3   -7   11    0   -7   -2   14    8   -7   18    2   11    6
    1   10    2    1    2   82    1    2    1      1734  -15    1   -8   -8  -14   -5   -9   11   -4  -10   -8   15    8   -4   14   -1   10    4
    1   10    3    1    1   84    3    1    1      1150    7  -11    2    8   -7    1   19    4   19    1  -13    2   -1  -10   12  -12   12   10
    1   10    4    1    1   86    2    1    1       749    2    0   12    4   -9    4   20    3   10    8  -14    2   11  -12    8   -7   10   11
    1   10    5    1    2   89    2    2    1      2347  -13    0   -2   -5  -14  -12   -7   14   -4   -9  -10   15    0    0   15    0    8    2
    1   10    6    1    1   85    1    1    1      1081    5  -11   12    6  -15   -3   15    3   10    9  -16    1   10  -12    7   -7    7    5
    1   10    7    1    1   90    3    1    1      1082    6  -14   17    4   -8    6   14    3   14   -2  -16    3   12  -10    9   -9    2   10
    1   10    8    1    3   84    3    2    0      2939   14    6   -3   -5  -15    1  -13   10    8    3    4   10   -3   10   -4    5  -13  -10
    1   10    9    1    3   82    1    3    1      1073   14   10    0   -4  -12   -4  -14   10   12    2    3   11   -3    9    1    0   -6   -5
    1   10   10    1    3   87    3    3    1      3106   12   12   -7    0   -8   -7  -13    6   16   -8    4   10   -4   10    6   -8   -4   -7
    1   10   11    1    2   87    3    2    1      2849  -15   -2   -2   -1   -5  -11   -8   12   -7  -12   -1   14    6  -10   19   -1   18   10
    1   10   12    1    2   86    2    1    0      2109  -19   -1   -3   -3  -15   -5   -7   10   -1  -12   -9   13    3    0   15   -1   12   -2
    1   10   13    1    3   83    2    2    0      1156   16    3    1   -4  -12   -5  -13   10   13    1   -7   18    0   15    2    1  -14  -12
    1   10   14    1    3   90    3    2    0      1377   15   11   -1   -3   -9   -6  -13    5    9   -3   -1   10    5   18   -8    2   -6   -4
    1   10   15    1    1   89    2    1    1       998    5  -11   11    7   -5    3   13    2   17    4  -16    1    9  -13    7   -9   12   13
    1   10   16    1    2   83    2    2    1      1051  -19   -4   -3   -5  -15   -6  -11   14   -2  -11   -8   16    3    1   12    2    8    3
    1   10   17    1    1   87    3    1    1       894    2  -11   13   10   -2   -1    6    7   16   -2  -20    4   11   -9    6  -13    9   11
    1   10   18    1    2   88    1    2    1      1223  -13   -1   -3   -5  -15   -4   -9   12   -5   -9   -8   15   -1   -3   14    0    9    3
    1   10   19    1    3   85    1    3    1      1314   12   11    0   -5  -13   -2  -12    9    8   -5    5   12   -3    9    1    1   -7    1
    1   10   20    1    3   88    1    3    1      3082   13   11    1   -3  -10   -4  -14   11   12    1    2   10   -2    9    0   -1   -7   -6
    1   10   21    1    1   82    1    1    1       922    4  -10   10    7   -9    3   13    1   17    6  -11    4    8  -12    7   -7   13   12
    1   10   22    1    2   90    3    2    1      2609  -12   -2    4  -12   -7   -1  -12   11   -5  -10   -9   16   -1   -3    6    1   13    4
    1   10   23    1    1   88    1    1    1       789    6  -11   11    5   -7    3    9   -2   14    5  -15    0    9  -12    8   -8   13   10
    1   10   24    1    2   85    1    2    1      4338  -15    1   -5   -2  -15   -6  -10   13   -4  -10  -10    9   -1   -2   14    2    8    5
    1   10   25    1    3   86    2    3    1      3361   17   16   -2   -3   -8   -3  -15   12   11    2    5   10   -1    7    0   -1   -6   -7
    1   10   26    1    1   83    2    1    1      2871    6  -14   10    5   -7    3   14    0   14    3  -14    1   10  -14   16   -4   14   11
    1   10   27    1    3   89    2    3    1      3216   11   13    1   -1  -13   -5  -11   11   13    1    4   10    2    9    2    2   -4   -7
    2    1    1    5    2    7    3    2    1      7383  -14    1    5   -3  -13   -6  -10   12   -3  -10  -12   20    9   -5   12   -2    8    1
    2    1    2    1    3    3    3    3    1      2427   13   10   -2   -2  -11   -4  -12   11    9   -8   -1    8  -13    2    5    4   -8   -7
    2    1    3    1    1   12    3    1    1       774    8  -13   11    2  -10    1   12    7   23    7  -14    0    9  -11    7   -7   12   10
    2    1    4    5    3    5    3    3    1      1171   13    6    4    7  -16   -1   -8    7   11    3    0    2   -6   12   -7    0  -11   -2
    2    1    5    4    3    6    2    2    0      5505   13   12   -2   -2   -9   -2   -9   16   12    4   -3   12   -3    4    2   -1  -13   -7
    2    1    6    1    1   25    1    1    1       658    5  -10   11    6  -17    9   15    3   14    5  -14    1    9  -12    8   -8   11   11
    2    1    7    5    2    5    3    2    1      9875  -14    1   -2   -3   -8   -3   -8   12   -7  -10  -15   14    0   -2   13   -3   11    1
    2    1    8    1    2   32    2    2    1      2643  -13   -1   -2   -5  -18    0  -10   13   -2  -11    2   19   -2    0   15    0    8    5
    2    1    9    1    3   38    2    3    1       998    5   11   -1   -2  -11   -2  -11   12   11    3    2   12   -5    7    1   -1   -5   -4
    2    1   10    1    1   54    3    1    1       776    2  -13   13    8  -10   -3   14    1   14    5  -14    0   14  -16    5   -7   10   13
    2    1   11    5    3    7    3    2    0      9061   11   13    1   -4   -9    1  -18   18   17    7   -1    7   -6   16    4    0   -7   -7
    2    1   12    1    1   58    1    1    1       887    5  -10   12    6   -8    3   13    1   15    4  -12    0    9  -12    7   -7   12   11
    2    1   13    5    1    9    3    1    1      1663    3   -9   13    1   -6    3   11   -6   24    7   -9   -6    6   -9    7   -7   11    7
    2    1   14    5    1    1    3    1    1      1112    3  -10   12    7    0    1   13    2   16    5  -24    1    8  -11   15   -4   11   12
    2    1   15    1    1   64    1    1    1       760    5  -10   12    6   -7    2   14    2   15    4  -16    2    9  -12    8   -8   11   12
    2    1   16    3    3    3    1    3    1      2982   13   10    0   -3  -11   -3  -14   12   12    3    3   11  -11    5    1    0   -7   -5
    2    1   17    4    3    5    2    3    1      2091   14   11   -1   -4  -11   -4  -11   11   12    1    4   12  -13    1    0    0   -6   -4
    2    1   18    1    3   77    2    3    1      3123   11   13   -2   -4  -11   -4  -11   12   11    0    5   10   -1    9   -5    4   -8   -4
    2    1   19    1    2   90    3    2    1      3313  -12   -2    4  -12   -7   -1  -12   11   -5  -10   -9   16   -1   -3    6    1   13    4
    2    1   20    1    2    6    3    1    0      4216  -13    0   -1   -7  -19   -2  -10   19   -4   -9   -9   15   -5   -2   16   -1   13   13
    2    1   21    5    1    6    3    1    1       859    3   -6    9    3   -7   -8   23    7   13    4  -21    8    6  -17   10   -6   10   11
    2    1   22    1    3   15    3    3    1      6356   10    3    2   -1  -12   -3  -14   11   13    1    5   11   -6   16    5    1   -5   -7
    2    1   23    1    3   25    1    3    1      1569   13   11   -1   -2  -12   -2  -16   13   12    2    4   10   -3    9    2   -1   -6   -7
    2    1   24    4    3    3    2    3    1      1629   14    9   -1   -2  -10   -3  -14   12   11    3    4   10   -2    9    5    2   -7   -5
    2    1   25    5    2    2    3    2    1      5127  -16   -2   -2   -5  -13   -6   -6   10   -3  -11  -12   18   -3   -1    8   -2   16   -1
    2    1   26    4    3    2    2    3    1      5045   13   10    1   -3  -11   -2  -14    7   10    2    2    8   -1    7    3    0   -7   -5
    2    1   27    5    3    8    3    1    0      8534   11    1    7  -10   -8  -11  -17   10   10   -5    9   13   -4   10    3    4    0   -3
    2    1   28    1    1   32    2    1    1       573   12   -5   11    4   -7    1   16    3   13    3  -14   -1   19   -5    7   -6   19   19
    2    1   29    3    1    2    1    1    1       785   14  -14   12    6   -6    2   12    3   15    4  -15    1    9  -12    9   -8   20    8
    2    1   30    1    2   39    3    2    1      4878  -15    1   -6    2  -16   -6  -10   13   -3  -14   -7   15   -2   -4   14   -1    7    5
    2    1   31    1    3   46    1    3    1      3622   12   12    0   -2  -11   -3  -13   12   12    2    3   10   -2    8    3   -1   -6   -5
    2    1   32    5    1    5    3    1    1      1361   10  -18   15    1   -7    1   20   -1   16    5  -14    1    5   -8    3   -9    7    3
    2    1   33    5    3    6    3    3    1      3526   12   12    3  -12   -3    4   -3   15   11    3    3    9   -3    8    0    0   -4    2
    2    1   34    1    2   58    1    2    1      4902  -14    0   -2   -4  -19  -12   -9   12   -4  -10   -8   16   -2   -1   14   -1    9    2
    2    1   35    3    1    3    1    1    1       638    4  -11   12    6   -8    2   13    2   15    3  -15    0    9  -12    8   -8   11   11
    2    1   36    3    2    1    1    2    1      1536  -14    0   -3   -4  -14   -4  -10   13   -1  -16   -9   15   -1   -2   15   -1    8    4
    2    1   37    5    3    4    3    3    1      9261   16    6    3    6  -12    0  -13   12   21    4    4   14   -7    3   -3   -1   -6   -2
    2    1   38    5    1    7    3    1    1      1111    6  -10   10    7   -8    1   15    2    6   -1  -15   -4   14  -14    5   -7   14   10
    2    1   39    1    3   71    2    2    0      6822   14   11    1   -2   -9   -8  -13   10   10    0    5    9    5   12   -1    1   -7   -4
    2    1   40    5    2    6    3    2    1      5199   -9    7   -5   -9  -13   -5   -9   11    2   -1   -8   14  -11   -6    9   10    5    4
    2    1   41    4    2    1    2    2    1      3355  -16    0    2    6  -14   -4   -1   20   -3  -10  -10   16    1   -2   13    0    8    5
    2    1   42    5    3    1    3    1    0      3454   12   12    7    1  -12   -9  -17   17   10    4    4   15    7   17   -1   -3   -8   -6
    2    1   43    1    1   74    2    1    1       625    6  -10   13    6   -9   11   10   -5   16    5  -10    2    4   -7    7   -7   11   10
    2    1   44    4    2    3    2    2    1      3748  -15    2   -4   -4  -12   -6  -10   13    0  -10   -6   17    0   -2   14   -1   18   11
    2    1   45    4    2    6    2    2    1      6332  -15    2   -3   -3  -11   -8  -11   12   -3  -10  -12   19   -9    8   15    0    8    3
    2    1   46    5    2    9    3    2    1      2747  -10   -6    4  -12  -15    0   -9   10  -11  -19   -8   14   -3   -7   15    4    8    8
    2    1   47    3    2    2    1    2    1      3913  -14    0   -3   -3  -17   -3   -8   12   -4  -10   -8   15    0   -3   16    1    8    3
    2    1   48    2    3    0    0    3    1      1241   13   11    0   -3  -11   -3  -13   11   12    2    3   10   -3    9    1    0   -6   -5
    2    1   49    4    3    4    2    3    1      2436   12   11   -2   -1  -13   -3  -13   12   14    1    5   11    1   13    0    3   -6   -6
    2    1   50    4    2    4    2    2    1      1629  -16   -1   -4   -3  -14   -3  -12   16   -3  -10   -9   15   -8  -10   13   -4    8    5
    2    1   51    1    3   90    3    3    1      4057   15   11   -1   -3   -9   -6  -13    5    9   -3   -1   10    5   18   -8    2   -6   -4
    2    1   52    1    2   43    1    2    1      2114   -6    3   -3   -5  -13   -6   -8   12   -5   -9   -8   15   -1   -2   14    0    9    3
    2    1   53    5    1    4    3    1    1       955    5   -9   16    8   -1    2   13    2   14    5  -17   -7   19  -13    6  -14   11   10
    2    1   54    4    1    5    2    1    1       721    0  -13    9   14   -9    3   23   10   11    9  -14    1    8  -11    3  -11   11   13
    2    1   55    1    2   80    2    2    1      4145  -13    0   -5   -3   -4   -8  -11   12   -2  -10   -7   17    7  -10   14   -2    8    4
    2    1   56    5    3    2    3    1    0      3256   13   12    0   -2  -10   -3  -17   14   10   -7    2   10   -7    9    7   10   -2   -7
    2    1   57    4    1    1    2    1    1       706    9   -6   19   -4   -5    3   21    3   15    5  -17    3    9  -13   10  -10   13   10
    2    1   58    1    3   31    1    2    0      1537   13   11    0   -3  -12   -3  -17    4   11    1    4   10   -1    8    1   -1   -2   -5
    2    1   59    4    1    3    2    1    1      1423    5   -9   13    8    0    6   13    3    5    4  -16    2   12  -10    9   -9   12   10
    2    1   60    1    2   83    2    2    1      4131  -19   -4   -3   -5  -15   -6  -11   14   -2  -11   -8   16    3    1   12    2    8    3
    2    1   61    4    3    1    2    3    1       907   12   10    9   -1  -11   -1  -12    9   13    1    4    8   -4   10    2    2   -4   -7
    2    1   62    1    1   17    2    1    1       707    6   -9   12    7   -7    1   22   -4   15    3  -17    2   11  -15   10   -6    9    9
    2    1   63    3    3    2    1    3    1      2914   13   10    0   -3  -10   -3  -14   11   12    3    3   11   -4   10    2   -1   -6   -5
    2    1   64    1    1    6    3    1    1     10490    5   -6   19    4   -7    1   17    0   15    5   -5    5    9  -22   17  -16   13    9
    2    1   65    5    2    3    3    2    1      4289  -13   -3   -4   -6   -9   -9  -10   10  -10  -11  -13   13   -1   -4    7   -4   17    4
    2    1   66    5    1    8    3    1    1      1600    4  -13    4   12   -1   -5    6    6   15    3  -16    1    5   -6    7   -9    7    9
    2    1   67    2    1    0    0    1    1       764    5  -10   12    6   -7    2   14    2   15    4  -15    1    9  -12    8   -8   12   11
    2    1   68    5    2    4    3    3    0      1402  -10   -2    2    6   -5    1  -10   12   -4   -5  -12   11   -3   -9    8    3    2   -4
    2    1   69    3    2    3    1    2    1      3902  -14    0   -4   -4  -14   -5  -10   13   -3  -10   -9   16    0   -3   14    0    9    3
    2    1   70    5    2    8    3    1    0      9373  -21    2  -10    1  -16  -12   -4   18    5   -5   -9   15   -3  -10   12    1   12   -3
    2    1   71    3    1    1    1    1    1       578    5   -9   12    6   -7    2   13    2   19    6  -16    1    9  -12    8   -8   13   12
    2    1   72    5    1    2    3    1    1       808    5  -11   16    5   -8    3    6    5   16    2  -10   -2   10  -14   11   -3   12   15
    2    1   73    3    3    1    1    3    1      2484   13   11    0   -3  -11   -2  -14   11   11    3    3   10   -3    9    3   -2   -5   -6
    2    1   74    5    3    9    3    3    1      2702   11   12   -2   -7  -15   -4   -5    8   17    3    6    1   -3    4    3   -5   -2   -1
    2    1   75    4    2    5    2    3    0      2077  -16    1   -3   -9   -7    5   -8   12   -2  -11   -6   13   -1   -1   22   -3    8    5
    2    1   76    4    2    2    2    2    1      2038  -14    1   -4   -4  -14  -10   -8   13   -2  -10   -9   15   -3   -1   16    0   12    2
    2    1   77    4    1    4    2    1    1      2991    4   -8   14    6   -6   -2   15    3   13    9  -15    0    9  -11    7   -9   11   12
    2    1   78    5    1    3    3    3    0      2452   -2  -12   12    4   -8    2    8   -1    8   -4   -8   -2   10  -12    7   -7   16   13
    2    1   79    4    1    2    2    1    1      1181   -5  -19   13    7   -4   -1    9    2   14    3  -19   11    8  -12    8   -7   13   12
    2    1   80    2    2    0    0    2    1      1274  -14    0   -3   -4  -14   -5   -9   12   -4  -10   -8   15   -1   -2   14    0    9    3
    2    1   81    5    3    3    3    1    0      2547   18    7  -10   -1   -7   -3  -23   15   14    0    6    6    1   13    0   -8   -3  -14
    2    1   82    1    2   55    1    2    1      4730  -15    0  -13    4  -15   -4  -17    4   -3  -10   -9   14   -1   -2   15    1    8    3
    2    1   83    4    1    6    2    1    1      1304    0  -17   13    6   -6    2   13    3   19    4  -10   -1   10  -13   13   -6   20   15
    2    1   84    5    2    1    3    2    1     34881  -18    2   -2   -5  -15   -3  -10   11  -14  -19   -8   16    9  -11    5   -6   13   -2
