    1    1    1    1    1    9    2    3    0      6458   10    3    9   15  -12    7   12    6    3   -5   10   -3   12   -1    3   -2   -5   12
    1    1    2    1    2    2    2    2    1      1969   -5   -5    2    0   14   -1    3    8    6   -7   -1  -11    7  -13   -3    3   17    6
    1    1    3    1    3    1    2    3    1       967   -1   22   11   11    5   -4    4   -9   -5   -7    0    8   -9   13   -7   14   14   -4
    1    1    4    1    3    8    2    2    0      1549    8   16   11   14    9   -1    9   -4   -3   -4   -4    4   -3   14   -5   16   14   -4
    1    1    5    1    2    7    2    1    0      2009    5  -16   -2   10   24   -3    5    4   12   -2   -7   -2    9  -12   -5    4   20    1
    1    1    6    1    2    5    2    2    1      1795   -3   -5    0    4   10   -8    7   11   11   -1  -11   -4    6  -11   -5    5   17    6
    1    1    7    1    3    5    2    3    1      1337    0   15   11   13    6   -1    7  -11  -14  -10   -6    5   -7   13   -9   10   12   -3
    1    1    8    1    1    4    2    3    0       721    9    5   11   15  -10    6   12    9    2   -3   10   -2   14   -5    4    7   -2    7
    1    1    9    1    1    1    2    3    0       872   11    3   12   14  -10    5   14    6    2   -3   11   -5    6   -6    4   -2   -7   10
    1    1   10    1    1    3    2    3    0      4385   10    3    7    5  -10    5   11    6    2   -4    7  -10   11   -1    3   -2   -7   11
    1    1   11    1    3    7    2    1    0      2174    5   14   11   12    9   -1    4   -8   -3   -6   -2    6  -17   21   -8   14   13   -2
    1    1   12    1    2    6    2    2    1      1163    3  -13    0    7   15   -1    2    6    5   -1   -7   -3    5   -7   -4    6   15    5
    1    1   13    1    3    2    2    1    0      1288   17    5    9   14    8   -1    3   -7   -2  -13   -5    6   -9   13   -7   14   17   -5
    1    1   14    1    3    3    2    2    0      1527    9   16    9   13    7   -1    6   -8   -4   -5   -6    6   -8   12   -4   19   11   -3
    1    1   15    1    3    9    2    2    0      1056    0   23    9   15    9   -2    5  -10   -4   -7   -6    4   -8   12   -6   14   13   -5
    1    1   16    1    1    7    2    2    0      2162   21   -6   10   15  -10    8   15    3   -2   -1    4    2    8   -3    0  -12   -8   13
    1    1   17    1    2    4    2    3    0      2383    1  -16    6   -5   15    1    4    7    9   -5   -8   -4    6  -11    1    2   15    7
    1    1   18    1    3    6    2    2    0      1325    4   16    8   13    7   -1    4  -11   -4   -4   -2    2   -7   12   -8   14   15   -2
    1    1   19    1    1    2    2    3    0      2365   13    1   10   16  -11    7   12    8   -2   -7   18  -10    9    0    5   -5   -5   11
    1    1   20    1    2    9    2    2    1      5147   -3   -6    0    3   17    0    4    6   11   -8  -10   -1    6  -10   -6    5   17    4
    1    1   21    1    1    6    2    3    0       986   12    1   15   16   -8    6   12    8    5   -6    8   -9   11   -2    1   -3   -7   11
    1    1   22    1    2    3    2    1    0      1591   -5  -10    0    6    7   -2   -4   16    9    3   -9   -2    9  -12   -4    6   13    7
    1    1   23    1    2    8    2    3    0      3193   -2   -8    9   13   17    0    4    5    9   -5   -9   -3   10  -12   -3    4   16    5
    1    1   24    1    1    5    2    2    0      2140   12    3    0    5   -8    7   14    7    2   -6   10   -4    5    1    2   -3   -8   10
    1    1   25    1    3    4    2    3    1      5060    6   14   11   15    9   -4   -2   -4   -6   -4   -6    6   -8   12  -12   16   14   -4
    1    1   26    1    2    1    2    2    1       726   -4   -4    5   12   16   -1    3    5   11   -4   -4   -9    7  -13   -6    4   17    4
    1    1   27    1    1    8    2    1    1      1148   11    3   15    4  -10    5   11    9    3   -8    9   -3   11   -1    1   -1   -4   12
    1    2    1    1    2   16    2    1    0       721   -5   -5    0    5   14    1    5    4   11   -2  -10   -5    9   -9   -2    4   17    8
    1    2    2    1    1   17    2    1    1      2110   12    3   15   18  -13    3   11    8    3   -5   11   -3   18    7    6   -1  -10    6
    1    2    3    1    2   17    2    3    0      2270   -1  -10    0    7   16    2   -3   10    8    0   -9   -2    7  -13   -3    6   16    6
    1    2    4    1    1   13    2    1    1       950   10    2   11   13  -18    5   11    5    1   -4   15    1   10   -1    3   -5   -7   12
    1    2    5    1    3   13    2    3    1      2166    6   13    9   15    6   -4    6   -9   -3   -8   -7    3   -4   13   -5   24    9   -5
    1    2    6    1    2   11    2    2    1      3171  -10   -9   -3    6   15    0    4    4    9   -1   -8   -2    7  -15   -4    3   17    4
    1    2    7    1    3   10    2    3    1       858    6   15   11   11    7    0    6  -11   -5   -5    5   -3  -10   13   -6   15   12   -2
    1    2    8    1    2   10    2    2    1      1006   -3   -7   -2    7   14    0    5    8   12   -5   -8   -4    6  -10   -3    3   16    6
    1    2    9    1    2   12    2    1    0       841   -5   -7    0    5   15    0    4    7   15   -8  -10   -3    7   -9   -3    3   16    7
    1    2   10    1    2   18    2    1    0       748  -12  -11    0    4   15    1    3    7    5    1   -8   -4    7  -12   -5    4   14    7
    1    2   11    1    1   18    2    3    0       755    9    3   10   15   -5    5   14    9   -8  -12    4   -3    1  -11   13    5   -7   11
    1    2   12    1    2   15    2    2    1       826   -2   -7  -10    8   18   -1    8    8   10   -4   -8   -2    9  -11   -4    3   16    6
    1    2   13    1    1   12    2    1    1      1094   10    3   10   15  -11    9   14    8    0   -7   11   -5    8   -3    3   -2   -7    7
    1    2   14    1    1   15    2    1    1       638    7    6   10   15  -11   -3   11    8    0   -5    9   -2   17   -6    4   -3   -6   12
    1    2   15    1    1   10    2    1    1       673    9    4   11   14   -9    8   13    6    0   -3   12   -5   14    2   -1   -6    3    3
    1    2   16    1    3   17    2    2    0      1234   10   22    9   15    8   -4    4   -8   -7   -5   -7    4   -7   12   -5   16   15   -5
    1    2   17    1    3   14    2    2    0       645    2   16   11   12    8   -2    4   -8   -5   -5   -6    3   -6   12   -9   17   10    0
    1    2   18    1    3   11    2    3    1       296    8   14   19    5   10   -8    4  -10   -4   -6   -2    1  -10   12   -8   15   12   -5
    1    2   19    1    1   16    2    3    0       960    9    4   11   14  -11    8   16   -1    2    3   12   -4    9   -3    5   -2   -8   11
    1    2   20    1    3   18    2    2    0      1271    5   15    9   13   13    7   -4  -14   -6   -4   -6    6   -7   11   -8   15   13    0
    1    2   21    1    3   15    2    2    0      1033    5   14   12   14    7   -6   12  -12   -7   -6   -4    7   -8   12   -7   16   23    1
    1    2   22    1    3   12    2    1    0       701    8   15   10   11    6   -1   -3  -19   -6   -6   -5    3   -6   12   -7   16    4  -12
    1    2   23    1    2   14    2    3    0       710   -5   -6   -2    6   17    2    2    6    9   -2   -6   -1    9  -10    5   11   13    5
    1    2   24    1    1   14    2    1    1      1756   10    1   10   15   -9    2   11    5   -1   -1    5    5    5   -1    8    3   -8   11
    1    2   25    1    1   11    2    1    1       962   16    2    8   23   -7    5   12    6    2   -6   12   -2   16   -1    5   -5   -8   11
    1    2   26    1    3   16    2    1    0       464    6   16    9   15   -2    3    7  -10   -6   -7   -5    3   -8   11  -11   11   13   -1
    1    2   27    1    2   13    2    2    1       338   -6   -8    0    3   15   -1    2    4    9   -2  -10   -2    8   -9   -4    3   16    4
    1    3    1    1    1   27    2    1    1       865   10    1   11   13   -7    7   13    6    2   -6   20  -11    9   -2    5   -3   -7   13
    1    3    2    1    1   20    2    1    1       443   19    5   10   13   -8    6   11    8    3   -6   13    0    9   -1    4   -4   -8   13
    1    3    3    1    1   22    2    1    1       854   14   -3    5    6   -8    9   13    8    3   -6    9   -5   11   -4    7   -2   -6   12
    1    3    4    1    2   24    2    2    1      1112   -3   -6    0    4   17   -1    3    5   17    6  -12    1    8  -10   -5    4   15    7
    1    3    5    1    2   22    2    3    0      1312   -3   -7    0    5   18   -1    2    4   15   -2   -9   -2   11   -5   -9    5    5   -3
    1    3    6    1    2   25    2    2    1      1311   -4   -5    1    5   15    2    3    4   10   -2   -9   -2    9  -13    5    0   12   11
    1    3    7    1    3   26    2    1    0      1774    8   17   11   12   17   -7    4   -9   -7  -15    0    8   -9   11   -7   13   12   -2
    1    3    8    1    1   23    2    1    1      1357    9    2   11   14  -11    5    4   10    4   -5   10   -1    8   -2    2   -3  -11    9
    1    3    9    1    1   24    2    1    1       908   10    4    9   12  -16    5   14    5    6   -5   13   -6    6    2    4   -2   -6   12
    1    3   10    1    2   23    2    2    1       676   -4   -8    2   10   15    2    3    5    4   -5  -10   -3    8  -10   -3    3   15    9
    1    3   11    1    3   27    2    2    0       813    4   17   10   12    6   -3    3  -15   -6   -7   -5    3  -10   12   -3   11   12   -3
    1    3   12    1    3   22    2    3    1      1568    7   16   17   23   16  -11    4   -9   -6   -4   -6    4   -7   13   -6   17   10   -4
    1    3   13    1    3   19    2    2    0       949    5   15   12    8    5   -1    4  -12   -5   -2   -3    5   -8   12  -14   24   17   -5
    1    3   14    1    1   25    2    1    1      1474    3   11   11   14  -11    5   10    6    4   -7    9   -3    0  -11    4   -4   -4   12
    1    3   15    1    2   19    2    2    1       698   -6   -4  -11   14   16   -1    5    8   10   -3   -9   -2   -1   -6   -3    3   13    5
    1    3   16    1    3   25    2    2    0       570    6   13    8   10    6   -4    4  -14   -5   -7    1    0  -13    9  -10   12   15   -4
    1    3   17    1    1   21    2    3    0       223   11    1   13   12   -9    8   14    8    1   -5    2   -9   11   -4    5   -3   -6   10
    1    3   18    1    3   21    2    1    0       683    2   10   11   11    7   -1    7   -7   -7   -1   -4    4   -7   12   -7   23    9   -5
    1    3   19    1    2   21    2    1    0       892   -3   -8    0    5   16    1    2    7    7    3   -7   -4    4  -11   -4    2   15    4
    1    3   20    1    2   20    2    2    1      1133   -5   -6   -6   13   18   -2    3    5   11   -1  -17   -5    3  -10    1    6   17    1
    1    3   21    1    2   26    2    1    0       780   -7   -4    0   10   17    0    2    5    9   -1    0   -4   -1   -2   -6    3   23   12
    1    3   22    1    1   19    2    1    1       929   13    6   12   16   -4    3   15   13    4   -5   13   -3    9   -3    1    5  -13   14
    1    3   23    1    3   20    2    1    0       592   11    6   10   11    8    0    5  -10  -13    4   -5    6   -7   13   -8   17   14   -1
    1    3   24    1    3   23    2    2    0       573    7   17   10   11   17    4    5  -10   -3   -7   -7    6  -10   15   -6   15   11   -6
    1    3   25    1    2   27    2    3    0       851   -4   -4   -1    4   17    4    3    8   14   -8   -7   -1   10   -9   -7    3   13    7
    1    3   26    1    1   26    2    1    1       628   18   -5   11   12  -14    9   13    6    1   -6    7   -6    8   -1    2   -3   -5   11
    1    3   27    1    3   24    2    2    0       607    5   17    9   13    6   -1    7  -11   -6   -6   -6    6   -8   14   -6   15   11   -1
    1    4    1    1    2   34    2    2    1      1020   -5   -7   -1    6   18   -1    4    4   11   -1  -10   -4    9  -10   -2   -3   16    5
    1    4    2    1    3   35    2    2    0      1208    5   13    9   13    8   -3    6   -9  -12  -15   -5    4    0   12   -6   15   12   -3
    1    4    3    1    1   36    2    1    1       795   15    4   10   10   -8    6   12    6    2   -4   10   -6   11   -4    2    0   -4   21
    1    4    4    1    2   32    2    3    0      1079   -4   -4    0    7    7   -5    3    4   12   -6   -6   -3   -2   -6   -1   -2   15    5
    1    4    5    1    1   31    2    1    1      1640    9    1   19    7  -10    6   11    7   -3   -6   11   -5   18    0    2   -2  -10   11
    1    4    6    1    3   30    2    2    0      1171   -2   14   11   13    2   -6    5  -13   -6   -5    2    6   -6   12   -6   17   11   -3
    1    4    7    1    3   28    2    3    1      1080    7   16   11   15    5   -3    5  -10  -15    4   -8    3   -9   16   -5   14   13   -4
    1    4    8    1    2   29    2    3    0       904   -6   -6    1    4   24    5    4    5   13   -4   -5   -4    7  -13   -5    4   18    8
    1    4    9    1    1   33    2    1    1      1072   12    2    5   16   -9    6   11    8    2  -11    9   -6    9   -1    3   -2   -8    9
    1    4   10    1    1   29    2    1    1       865   12    3   15   23   -7    5   12    9   -7   -9    9   -2   10    1    1   -1   -6    9
    1    4   11    1    2   36    2    3    0      1779   -2   -5   -6    2   15    2    3    7    9    2   -9   -5    9  -10   -4    6   17    5
    1    4   12    1    2   30    2    3    0      1975    3   -5    0    6   18   -1    5   11   11   -5   -7   -5   13  -16    3   14   16    5
    1    4   13    1    3   33    2    3    1      1260    8   14   15   16    7    0    6  -10   -5   -7   -4    4   -7   12   -4   14   10   -8
    1    4   14    1    3   31    2    1    0      1381   12   19   12   11    9    4    6   -9   -6   -1   -5    4  -10   12   -7   16    9   -1
    1    4   15    1    3   36    2    3    1      1277    3    6   12   15    8   -2    4   -8   -6   -5   -6    5   -9   14   -6   15   14   -4
    1    4   16    1    2   35    2    3    0       701   -3   -6    3    9   21   -1    5    5   10   -1   -6    5    9  -11   -4   -1   17    8
    1    4   17    1    1   30    2    1    1       868   12    1    1   15   -5   11   11    8    0   -6   10   -4   10   -1    2   -2   -8   13
    1    4   18    1    1   35    2    1    1       519   10    1   19   24   -8    1   11    9    4  -10   13   -5   11   -1    2   -3  -13   20
    1    4   19    1    2   28    2    1    0       167   -3   -6   -3    3   20   -9    4    4   10   -2   -7   -1    6   -9   -4    5   15    4
    1    4   20    1    2   33    2    2    1         0   -4   -4   -2    6    8    2    5    8   10   -2   -9   -2    6  -12   -6    6   12   11
    1    4   21    1    1   32    2    1    1       534   12    2    9   13  -10    6   12    6    0   -5    9   -4   11   -2    5   -4   -6   12
    1    4   22    1    3   34    2    1    0       300    6   15    9   14    6   -1   10   -6    0  -16   -3    7   -9   13   -8   18   13   -2
    1    4   23    1    2   31    2    1    0       436   -2   -6    0    5   16   -1    4    5    9   -4   -8   -4    7  -10   -6   -1   18   10
    1    4   24    1    3   29    2    2    0       192   17   21    2    4    8    0    4  -10   -4   -7   -1    9  -13   12   -8   14   14   -4
    1    4   25    1    1   28    2    1    1       389   11    3    8   16  -10   16   13    6   -6  -15   21    0   14   -3    4   -2   -7   11
    1    4   26    1    1   34    2    1    1       491   11    4   17   12   -7    5   16    2    3   -7   19    0   10   -1    8   -8  -10    7
    1    4   27    1    3   32    2    2    0       508    6   16   12   11    6   -2    4  -11   -4   -5   -4    4  -10   11   -5   13   18    1
    1    5    1    1    3   44    2    3    1       764   11   19   10   15    5   -2    6  -10   -7   -4   -7    5   -9   14   -8   16   17   -6
    1    5    2    1    3   38    2    2    0      1878    8   15   12   13    6   -4    6   -8   -4   -7   -6    5   -9   13   -9   16   18   -5
    1    5    3    1    1   41    2    1    1       951   12    2   10   15   -9    8   14    8    0   -4   12   -2    5    4    4   -3   -7   10
    1    5    4    1    1   42    2    1    1       479   11    1    7   11   -9   11   12    6   -4   -7   14   -3   11   -2    2  -10   -6   10
    1    5    5    1    2   44    2    1    0       793   -2   -4    0    5   12   -2    5    7   10   -5   -9   -1    9  -11   -2    3   16    4
    1    5    6    1    3   40    2    3    1      1575    5   12   10   12    3    0    7  -11   -5   -5  -11   10   -7   12   -6   15   13   -4
    1    5    7    1    2   40    2    3    0       885   -3   -8   -2    6   16    1   -1   16   10   -5   -7   -4    8  -10   -7    4   11    8
    1    5    8    1    2   42    2    3    0      1302    1  -11   -1    7   24   10    7    2    9   -3   -6   -5    8  -12   -5    4   23    6
    1    5    9    1    1   37    2    1    1       461   12    3   10   13   -9    5   14    7    1   -5   11   -3   10    0   -6   -6   -4    9
    1    5   10    1    1   40    2    3    0      1502   15    6    8   15   -7    5   12    6    1   -4   10   -2   12   -3    2   -2   -7   10
    1    5   11    1    1   44    2    2    0       223   12    4    3    4   -9    5   15    8    1   -4   12   -5   12   -2    5   -1    1    9
    1    5   12    1    3   42    2    3    1      1811   12   17   10   15    9    8    6  -10   -3   -5   -4    6  -10   15   -7   14   14   -4
    1    5   13    1    1   38    2    1    1      1487   12    0    8   10   -8    5   14    4    2   -6   10   -5    8    2    3   -4   -7   10
    1    5   14    1    3   45    2    1    0      1409    4   18    8   12    8   -2    4  -13   -6   -6  -11   15   -9   13   -8   15   11   -4
    1    5   15    1    1   43    2    1    1       565    1    8   12   11   -8    9    9   16    2   -4   12   -6   11   -4    4    3  -12    8
    1    5   16    1    2   43    2    2    1       969   -8   -6    1   -1   16    1    3    7   12   -1   -6   -3    7  -12   -5    2   13    4
    1    5   17    1    2   41    2    2    1      1148   -5   -5   -3    7   15    0   12   -3   10    0  -10   -4    7  -10   -4    5   16    8
    1    5   18    1    3   39    2    2    0       770    6   15    9   17    6    0    7   -8    5    4   -7    6  -11   20   -8   13   12   -2
    1    5   19    1    2   39    2    3    0       942   -5   -5   -1    6   16    2    1    4    7    6   -6  -11    6  -12   -3    4   21    3
    1    5   20    1    3   37    2    2    0      1045    6   15    9   13   11    6    5   -8   -7   -6   -7    7   -7   13   -8   16   13   -4
    1    5   21    1    3   43    2    3    1       710    9   17    5    8    6   -2    5  -10   -6   -6  -10    1   -9   14   -6   14   15    0
    1    5   22    1    3   41    2    2    0      1621    5   14    9   11   11    7    5   -8   -3   -5   -3    1   -3   13   -8   16   12   -2
    1    5   23    1    1   45    2    1    1       840   10    2   11   12  -11    8   11    9    8   -6   10   -5   13  -10    1   -2   -8    9
    1    5   24    1    2   45    2    3    0      1402   -4   -9   -1    1   18   -1    8    2   12   -4  -10   -3   10  -13   -6    4   14    6
    1    5   25    1    1   39    2    3    0      2350   10    1   11   15   -8    9   11    9    1   -7   21   -3    1    7    5   -2   -5   14
    1    5   26    1    2   38    2    2    1      3749   -3   -7    0    5   17    0    3    5   11   -2   -6   -1    6  -11   -4    3   19   12
    1    5   27    1    2   37    2    2    1       908   -5   -8    3    3   12    4    4    8   11   -1   -8   -2   10  -15   -3    3   16    7
    1    6    1    1    1   47    2    2    0       581   10    1    9   13  -11    5   16   17    3   -5    9   -3   11   -1    1   -2   -7   10
    1    6    2    1    3   49    2    2    0       482    5   12   10   15    6   -2    5   -6   -7   -7  -15    0   -6   15   -8   14   14   -7
    1    6    3    1    1   52    2    2    0       827    8   -3   12   13  -11    6    7   11    1   -7   13   -6   15   -8    0    2   -5   11
    1    6    4    1    1   51    2    2    0       927    7    7    2   17   -7    9   18   12    0   -6   18  -14   10   -1   -4   -4  -16   12
    1    6    5    1    2   53    2    3    0       455   -5   -6   -4   10   17    0    3    5   10   -2  -16  -10    9  -11   -7    4   23   10
    1    6    6    1    1   46    2    2    0       690   11    0   10   13   -8    6    5   13    1   -7   11   -6    9   -1    6   -2   -5    9
    1    6    7    1    3   51    2    1    0       652    2   23   11   12    8   -3    6   -9   -5  -10  -14    9   -9   13   -8   15   17    0
    1    6    8    1    3   46    2    2    0      1158    7   14    9   11    5   -4    6  -11   -3   -5   -8    9   -8   14  -11   17   14    2
    1    6    9    1    2   52    2    3    0      1254   -5   -7   -2    4   15    0    4    7   13    2   -9   -3   10  -10   -5    2   15    8
    1    6   10    1    3   52    2    2    0       504    8   14   15   10    9    3    4   -8    5  -10   -4    4  -10   14   -8   15   11   -1
    1    6   11    1    3   48    2    1    0       633    7   13   10   12    8   -1    9   -6   -6   -7   -5    7   -7   11  -16   20    5   -7
    1    6   12    1    3   53    2    2    0       762   14   15    9   12    6   -2    3   -4    2  -13  -12    6   -9   14   -7   17   12   -2
    1    6   13    1    2   49    2    3    0       703   -4   -4    0    4   17    0    4    6   14    6   -7   -1    7  -13   -2    2   13    9
    1    6   14    1    3   47    2    2    0       816    9   16   12   13    2   -1    2   -7   -6   -5   -6    8   -8   14   -2   15   12   -2
    1    6   15    1    1   49    2    1    1      1346   11    3    9   12   -6    0   13    5    2   -8   14   -4    9   -2    5   -2   -4   12
    1    6   16    1    3   50    2    2    0      1138    5   20    0   16    9   -4    7  -11   -5  -10   -7    8   -8   12   -6   17   14   -4
    1    6   17    1    1   54    2    1    1       690   10    4    1    7  -10    9   11    8    3   -3   11   -6   13  -12    7   -7   -8   11
    1    6   18    1    1   53    2    1    1       546   12    1    9   15  -10    8   11    8   -6    2   20   -8   11   -2    2   -1   -4   12
    1    6   19    1    3   54    2    2    0       729    6   15    8   13    7    0    4   -7  -10   -2   -7    5   -6   13   -9   14   14   -4
    1    6   20    1    2   48    2    1    0      1280    6   -6   -1    6   16    8    6   14   10   -5   -8   -4    6  -13   -6    1   24   12
    1    6   21    1    2   47    2    1    0       720   -4   -5    0    4   12   -8    5    8   10   -5   -8   -1    9  -12   -4    3   15    5
    1    6   22    1    2   51    2    2    1       665   -3   -7   -2    6   23   -6    4   11    9   -1   -6   -2    6   -6   -5    3   16    7
    1    6   23    1    2   54    2    2    1       747   -2   -2   -1    3   16    1   -1   11   11   -2   -7   -4    7   -9   -9    8   13    4
    1    6   24    1    2   50    2    2    1       651   -3   -5    1    7   12    5    4    6   12   -1   -6   -2    7  -13   -3    4   15    5
    1    6   25    1    1   50    2    2    0       509   12    0    9   12  -11    8   18   10    4   -4   11   -5    9   -1    2    1   -7   12
    1    6   26    1    1   48    2    1    1       997   12    3   10   13   -8    6   13    8   -3   -6   12   -6    5   -4   13   -2   -4    9
    1    6   27    1    2   46    2    1    0       457   -3   -3   -3    6   17    0   11   11    2   -3  -10   -2   13  -16   -8   -4   16    6
    1    7    1    1    2   62    2    1    0      1605   -3   -8   -1    3   14   -2    2    6    9   -4  -10   -3    7   -3    2    0   17    6
    1    7    2    1    3   57    2    2    0       834    5   13   11   12   11   -2    5  -10   -4   -6   -5    7   -8   14    0   24   18   -9
    1    7    3    1    1   63    2    1    1      1260    9    4    1   17    1   -1   13    6    0   -4   12   -5   10   -3    3   -4   -7    9
    1    7    4    1    1   58    2    1    1       567    9    2   11   14   -9    6   13    6    4   -6   21   -4   11   -3    5   -1   -5   12
    1    7    5    1    3   58    2    1    0       669    9   16   11   13    5   -4    5   -7   -4   -6   -8   -2   -8   11   -5   11    8  -10
    1    7    6    1    3   59    2    1    0      3544    7   16    9   13    7   -1    4   -7   -4   -7   -6    6  -10   11   -8   16   14  -12
    1    7    7    1    1   62    2    1    1       839   19   -8   11   12   -4    4   13    7    0   -6   14   -5   17   -9    2   -2   -9   13
    1    7    8    1    1   59    2    1    1      1203    9    4   12   15   -7    6   12    6    3   -4   11   -2    9   -1    9  -10   -5   10
    1    7    9    1    1   55    2    1    1       681   13    3   12   13   -4    7   13    6    1   -5   12   -5   10   -4    4   -4   -7   18
    1    7   10    1    1   61    2    1    1       763   10    1   10   12  -16    8   15    2    1   -5    5   -5    9   -2    5    6   -6   10
    1    7   11    1    3   63    2    2    0      1545    6   15    3    7    5   -2    7  -10   -3   -7    1   12   -7   12   -6   14   12   -2
    1    7   12    1    3   55    2    3    1       935    7   16    6    3   10    0    6   -9   -4   -4   -7    5   -8   11   -8   14   17    2
    1    7   13    1    1   56    2    1    1       669   12    1    7   16   -8    8   14    9    4   -7   12   -3   11   -5   -1  -11  -15    4
    1    7   14    1    2   59    2    1    0       816    6    0   -1    6   15    1    4    7   16   -7   -6   -4    8  -13   -5    5   16    6
    1    7   15    1    2   63    2    2    1      1100   -4   -5    1    4   16   -1    4   10   13   -2   -8   -1    8   -3   -3    3   16    7
    1    7   16    1    3   56    2    2    0       804    4   24    9   14    8   -2    4  -10   -3   -6   -4    5  -10   15   -6   15   14   -1
    1    7   17    1    2   61    2    2    1      1034   -6   -6    0    3   16   -1    2    6   10   -3   -8   -4    8   -9   -6    4   14    3
    1    7   18    1    3   60    2    2    0       764    8   16    1   19    8   -3    7  -11   -3   -8   -6    5   -6   12   -7   16   12   -2
    1    7   19    1    1   57    2    1    1       576   12    1   10   12  -11    9   12    5    0   -4   10    3   14   -3   -3   -1   -6   10
    1    7   20    1    2   57    2    2    1       669   -5   -5   -1    3   10   -7    5    7   12   -4   -8   -2    6   -4    4    1   13    5
    1    7   21    1    2   56    2    2    1       582   -2   -7    0    4   15   -2    3    5   10   -1   -8   -5    7  -11   -6    3   17    7
    1    7   22    1    3   61    2    2    0       252    6   14    8   13    6   -2    3   -8   -6   -4   -6    5   -7   11   -8   16   15   -1
    1    7   23    1    2   60    2    1    0       646   -6   -7    1    3   17    0    9    9   13   -3  -10   -2    8  -12   -3    4   15    7
    1    7   24    1    2   55    2    1    0       562   -5   -6   -3    5   14    2    4    6   11   -1   -6   -2   10  -11    2    9   16    8
    1    7   25    1    1   60    2    1    1      1033   11    4    5   13  -10    7   14    6    3   -6   10   -4    9   -1    2   -3   -2    7
    1    7   26    1    2   58    2    1    0       429   -2   -5    0    4   17    0    2    3   13  -11   -3    0   10  -16   -5    5   16    5
    1    7   27    1    3   62    2    3    1       632    7   14    7    3    3   -5    2  -15   -7   -8   -7    3   -7   20   -6   15   15   -2
    1    8    1    1    1   65    2    1    1       523   13    3    9   13   -9    8   14    6    4   -7   12   -5    8   -1    1   -1    0   13
    1    8    2    1    1   64    2    1    1       387   11    1   12   12  -10    5   13    7    5   -6   11   -3   13   -7    2   -3   -6    9
    1    8    3    1    3   66    2    3    1       545    6   16   10   12    8   -2    6   -9   -4   -4   -5    6   -8   11   -8   15   12   -3
    1    8    4    1    2   68    2    2    1      1127   -9   -7   -2    6   12   -8   12    2   10   -4   -9   -3    5  -10   -4    5   15    5
    1    8    5    1    3   67    2    1    0       613    5   14    5   10    5    0   14   -7   -5   -7   -6    6  -10   10   -5   15   11   -1
    1    8    6    1    2   67    2    1    0       442   -4   -7    0    4   16   -1    4   16   12   -4   -7   -1    8  -12   -1    9   14    7
    1    8    7    1    2   64    2    1    0       173   -8   -9   -1    6   18    0    5    2   11   -2  -10   -4    8  -10   -3    4   12    7
    1    8    8    1    1   67    2    1    1       765   12    3    2   10   -8    8   12    6    1   -5    5   -3    9    0    3   -4   -4   10
    1    8    9    1    1   66    2    2    0       764    8    4   11   13   -9    5   11    9    0    2   21   -4   16   -8    1   -8   -7   11
    1    8   10    1    1   71    2    1    1       625    8    7   12   14   -4    3   11    8    3   -6   14   -2    9   -4    5   -3   -5   11
    1    8   11    1    3   71    2    1    0       542   15   15    9   23    8   -2    5  -11   -5   -5    1   12   -8   14   -8   17    8    1
    1    8   12    1    1   68    2    2    0       462   13    3   11   14   -9    5   13    6    2   -4    9   -2   10   -4    4    0   -4   12
    1    8   13    1    3   65    2    2    0       921    6   15    9   13    8   -2    6   -9   -4   -8   -7    4  -12   11   -5   13   13   -4
    1    8   14    1    2   70    2    1    0      2018   -4   -5   -2    7   14    0    6    6   11   -2   -6   -2   15  -16   -2    3   16    5
    1    8   15    1    3   68    2    2    0      1030    9   16   11   13   15   -7    6  -10   -9  -11   -7    5   -9   11   -5   14   12   -3
    1    8   16    1    1   70    2    1    1      1760    4   -4   11   13   -7    5   12    8    3   -7   13   -3   15    2    4   -1   -7   12
    1    8   17    1    2   72    2    1    0       464   -3   -4    3    9   15    1    2    6   11   -4   -9   -2   11   -8   -5    4   11    4
    1    8   18    1    3   72    2    2    0       715    7   16    9   12    8   -3    2   -6   -5   -7   -7    7   -9   12   -7   13   15   -3
    1    8   19    1    3   70    2    2    0       482    8   15   12   12   -2   -3    4  -10   -6   -2   -3   10  -10    8   -7   14   14   -1
    1    8   20    1    1   69    2    1    1       523   13    2   10   23   -7    5   13    7    3   -6   20   -7    9   -1    3   -1   -8   11
    1    8   21    1    1   72    2    1    1       483   11    3   14   24   -7    5   12    6    3   -5    4    6    1    8    7    0   -8    9
    1    8   22    1    2   69    2    1    0       245   -6   -7   -1    6   23   -5    8   -4   13   -4    2    1    7  -10   -4    3   13    4
    1    8   23    1    3   64    2    3    1       311    2   10   11   13    6   -3    3  -10   -4   -7   -4    6    1   14   -6   14   13   -4
    1    8   24    1    2   71    2    2    1       216   -6   -6   -2    7   15    3    4    6   13   -5  -11   -2    8   -9  -13   -4   13    5
    1    8   25    1    2   65    2    2    1       820   -5   -6  -11   11   17   -3    2   -3   14    3    2    5   10  -13   -4    5   16    7
    1    8   26    1    3   69    2    2    0       568    9   14    5   15   10    2    3  -10  -15   -4   -4    5   -8   14   -5   16   15   -5
    1    8   27    1    2   66    2    1    0       621   -5   -5   -3   14   18   -2    4    6   11   -5   -6   -8    6   -7    5   -1   14    4
    1    9    1    1    3   77    2    2    0       217    7   17   11   12    5   -7    4  -10   -5   -7   -4    6   -7   15   -5   10    8    1
    1    9    2    1    2   74    2    3    0         0   -6   -4    0    4   17   -1    4    5   10    1   -7   -2    9  -12   -2    6   15    4
    1    9    3    1    3   81    2    1    0       533    8   15   11   14    6   -1    7   -9   -5   -5   -4    3   -8   16   -7   14   15   -2
    1    9    4    1    1   75    2    2    0         0   12    2   11   15  -10    7   12   12    1   -4   13   -6   11   -3    7   -3   -5   10
    1    9    5    1    1   74    2    1    1       738   11    3   14    8   -8    6   17   14    4   -6   12   -4    9   -3    3   -2   -5   10
    1    9    6    1    3   73    2    2    0      2801    6   16    9   12    6   -4    4   -7   -7   -6   -7    4   -9   14   -5   13   14   -1
    1    9    7    1    1   81    2    1    1       863   13    0   11   15   -9    8   10    7   -8  -10   12   -6    7    0    3   -5   -5    9
    1    9    8    1    3   76    2    3    1      1458    6   13   14    6    8   -2    6   -9   -3   -5   -7    7   -6   12   -8   15   14   -3
    1    9    9    1    2   73    2    3    0      2011   -3   -4    0    3   15    1    1    8   10   -2   -8    0    6   -9   -5    6   17    7
    1    9   10    1    3   74    2    3    1      1936    4   16    9   12    3   -9    6   -9   -4   -8   -4    5   -4   17   -6   14    8    0
    1    9   11    1    3   78    2    3    1      1270    8   13   15   21    9   -3    6   -9   -6   -8   -4    4  -10   11  -17   20   13   -4
    1    9   12    1    1   77    2    1    1       718   10    0   10   13  -18   15   12    9   -1   -6   12   -5    3    8    2   -3   -4   12
    1    9   13    1    2   75    2    1    0      1062    2  -10   -1    4   14    0    3    5   11   -2   -7   -3    8  -13    3   -3   16    7
    1    9   14    1    2   81    2    1    0      1424   -6   -4    0    3   14    0    3    1   11   -4   -7   -2    9  -12   -4    5   17    6
    1    9   15    1    3   80    2    3    1      1836    6   16    9   13    7    1   11  -16   -7   -4   -4    3   -9   22   -6   24   12   -8
    1    9   16    1    3   79    2    3    1       438   14    7    8   12    8   -3    5   -8   -4   -8   -6    7   -8    9   -7   16   16   -3
    1    9   17    1    1   73    2    1    1       898    9    1    9   14  -10    8   11    9    2   -6   12   -4   10   -3    3   -4   -6    9
    1    9   18    1    1   76    2    1    1       412   12   -8   11   14  -17    5   14    9    3   -3    6    1    4    7   -1   -4   -8   10
    1    9   19    1    3   75    2    2    0       169    3   13    7   17    6   -3   10  -17   -3   -6   -1    4   -4   12   -6   17    8    2
    1    9   20    1    2   76    2    3    0       136   -3   -7   -2    3   16   -1    3    8   12   -3  -11   -2    7  -11   -6    6   17    6
    1    9   21    1    2   78    2    2    1       782   -5   -6    1    6   19    6    4    5    8   -5   -9   -2    9  -11   -5    4   16    6
    1    9   22    1    1   78    2    1    1        19   13   -3    8   15   -9   15   12    6    0   -5   16   -6   10   -1    4   -3   -8   12
    1    9   23    1    2   77    2    2    1         0   -3   -4    1    5   21    4    6   12   13   -1    1   -7    2   -1   -5    2   18    1
    1    9   24    1    1   79    2    3    0       357    6    1   10   12   -8    8   13    6    1   -5    9   -4   11   -2   -5  -11   -6   13
    1    9   25    1    2   79    2    1    0       138   -6   -8   -6    8   14    1    3    5   13  -10  -10   -3    9  -15   -2    3   13    8
    1    9   26    1    1   80    2    2    0       598   14   -2   12   18  -11    8   13    8    3   -6   12   -5   11   -2    2   -2   -6   10
    1    9   27    1    2   80    2    3    0       349   -5   -6    0    6   16   -1    4    4   11   -5  -10   -1   10  -11   -6    6   14    5
    1   10    1    1    1   82    2    1    1       210   13    3    7    9  -13    1   12    9    5   -7   13   -5   12   -1    5   -3   -6   10
    1   10    2    1    3   86    2    2    0      1299    9   15    1   11    7    0    4  -10   -3   -7   -6    5   -7   14  -10   16   15  -13
    1   10    3    1    1   90    2    3    0       100   12    1    2    7  -10    8   13    7   -1   -3    2   -1   10   -3    1   -8   -1   12
    1   10    4    1    1   83    2    3    0      1414   14   12    9   12   -8    7    2   16    4   -5   14    3   11   -2   -2   -4   -4   12
    1   10    5    1    2   90    2    3    0       914   -3   -7    1    5   15    0    3    4   11   -2  -18    1    9  -13   -2    4   15    4
    1   10    6    1    1   89    2    1    1       867    9    3    8   15   -7    6   13    6   -8  -14   12   -6   11    0    1   -2   -5   10
    1   10    7    1    2   86    2    1    0       716   -2   -7    1    3   15   -1    6    2   10   -4   -8   -2    1  -16   -3    4   16    8
    1   10    8    1    3   89    2    1    0      1587    6   15    8   14    9   -2    3   -8   -6   -7   -5    3   -3   10   -8   17    9    2
    1   10    9    1    2   82    2    2    1       568    1  -11   -1    4   14    0    2    8   11   -2   -6   -3    7  -11   -4    6   19    9
    1   10   10    1    1   84    2    3    0       485   10    2   10   15  -10    8   14    8    4   -6   13   -6   15    0    1   -3   -4   13
    1   10   11    1    2   83    2    1    0       278   -6   -2   -1    3   11   10    5   16    6    2   -8   -4    8  -21   -3    4   18   -3
    1   10   12    1    1   87    2    2    0       144   13    3   10   19   -9    5   14    9    2   -7    1  -10   12   -3    1   -3   -8   12
    1   10   13    1    2   87    2    3    0        78   -6   -6   -1    7   16   -2    4    7   11   -4   -7   -4   10  -10   -4    3   15    7
    1   10   14    1    3   84    2    1    0       214    7   14   14   18    8   -4   15   -8   -7   -8   -6    6   -8   12   -8   18   12   -2
    1   10   15    1    2   88    2    2    1       216   -3   -6   -2    6   21  -10    2    6   13   -8   -9   -2    7  -10    1   -5   14    7
    1   10   16    1    1   85    2    3    0       204    8    1   11   14  -10    7   12    8    2   -7   13   -5    9   -1   -5    5   -4   14
    1   10   17    1    3   88    2    2    0       393    8   17    9   14   15   -7    4   -9    0  -10   -3    3   -7   12   -7   17   13   -1
    1   10   18    1    1   88    2    1    1       108   11    1   11   14   -9    9   10    6    0   -6   11   -9    8   -2    4   -5   -5   11
    1   10   19    1    2   89    2    2    1       402   -3   -8   -1    4   16   -1    2    7    9   -3   -8   -2    8  -10   -4    5   15    4
    1   10   20    1    2   85    2    2    1       360    1  -16    6    6   23    3    2    7   15   -2   -9   -3    5  -11   -3    5   14    6
    1   10   21    1    3   85    2    2    0       381    8   15   12   14    8   -3    9    0   -6   -6  -12    7   -9   12   -9   18   20   -3
    1   10   22    1    3   82    2    1    0       323    7   16   10   11    5   -3    3  -10   -7   -7   -4    6  -10   12   -5   11   11   -1
    1   10   23    1    3   90    2    2    0       571    6   15    9   12    9   -1    5  -11   -6   -7   -4    6   -7   13   -6   15   13   -4
    1   10   24    1    2   84    2    2    1       442   -6   -7    6   -2   17    2    4    7   11   -2   -9   -1    6   -9   -6    4   13    6
    1   10   25    1    3   87    2    2    0       533    8   17   11   12    5   -2    6  -10   -6   -7   -4   -1   -7   11   -5   14    3    6
    1   10   26    1    3   83    2    1    0       293    8   16   16   20    5   -1    4   -9   -4   -5   -5    4   -9   12   -6   14    5   -5
    1   10   27    1    1   86    2    2    0       662   17    7   15   10   -5    2   14    4    2   -3   10   -4   12   -2    4   -5   -5   11
    2    1    1    5    3    3    3    2    0      1651   10   12   10    4    6    0    6  -11   -8    0   -5    4  -10   12   -9   16   13  -12
    2    1    2    4    3    2    2    2    0       630    7   16   16   16    5   -2    3   -8   -4   -5   -7    5  -10   18   -7   14   14   -2
    2    1    3    5    2    1    3    2    1       778    2  -13  -10   14   14   -5    3    7   14   -8   -3   -7    9  -11   -1    1   14    6
    2    1    4    1    1   32    2    1    1       640   12    2    9   13  -10    6   12    6    0   -5    9   -4   11   -2    5   -4   -6   12
    2    1    5    1    2   56    2    2    1       602   -2   -7    0    4   15   -2    3    5   10   -1   -8   -5    7  -11   -6    3   17    7
    2    1    6    1    1   56    2    1    1       622   12    1    7   16   -8    8   14    9    4   -7   12   -3   11   -5   -1  -11  -15    4
    2    1    7    5    2    6    3    1    0       610   -5   -9    1    0   15    0    4   13    8   -1   -8   -4    7  -11    4   -3   18   10
    2    1    8    1    3   61    2    3    1      1079    6   14    8   13    6   -2    3   -8   -6   -4   -6    5   -7   11   -8   16   15   -1
    2    1    9    5    2    4    3    2    1      1258    1   -6    0    4   12   -9    1   10   10   -6  -11   -5    5  -11   -5    4   15    8
    2    1   10    4    2    5    2    2    1       741   -5   -7   -5    9   17   -1    2    6    5    1   -8   -4    9  -12   -3    3   14    7
    2    1   11    3    3    2    1    2    0       804    7   15   10   13    7   -2    6   -9   -6   -6   -5    5   -8   12   -6   15   13   -4
    2    1   12    5    2    3    3    1    0       713   -5   -8   -9   -5   21    2    5   12   11   -2   -9  -13    8  -15    2    4   14    5
    2    1   13    5    1    6    3    1    1       625   10    2   20    5  -18   16   10    8    2  -14    1   -3    5  -11    3    2   -9   20
    2    1   14    5    3    8    3    3    1       764    5   19   10   11   -1    1    7  -10  -10   -7   -5    4  -13   14   -4   17   13   -5
    2    1   15    2    3    0    0    1    0      1041    7   15   10   13    7   -2    5   -9   -5   -6   -5    5   -8   13   -7   15   13   -3
    2    1   16    5    1    4    3    1    1       799   12    2    5   13  -12    8   15    3   -1   -7   11   -5   15   -4    1    0   -5   12
    2    1   17    1    3   76    2    2    0       732    6   13   14    6    8   -2    6   -9   -3   -5   -7    7   -6   12   -8   15   14   -3
    2    1   18    1    3   10    2    1    0       475    6   15   11   11    7    0    6  -11   -5   -5    5   -3  -10   13   -6   15   12   -2
    2    1   19    5    2    5    3    1    0       574   -2   -8   -3    0   20   -1    3    7   13   -2   -3   -4   18   -6   -5    1   16    8
    2    1   20    1    2   37    2    1    0       820   -5   -8    3    3   12    4    4    8   11   -1   -8   -2   10  -15   -3    3   16    7
    2    1   21    3    1    3    1    1    1       570   11    2    9   12  -10    7   17    7    2   -5   10   -4    9   -2    4   -3   -7   12
    2    1   22    5    2    9    3    1    0       416   -4   -5    2   -5   17   -1   -7   10   11   -4  -17   -7    8  -10   -9    7   17    6
    2    1   23    5    3    4    3    1    0       373    8   16   11   15    9   -4    7   -9   -6   -7   -4    5  -16    8   -8   16   15   -1
    2    1   24    1    3   86    2    1    0       236    9   15    1   11    7    0    4  -10   -3   -7   -6    5   -7   14  -10   16   15  -13
    2    1   25    1    1   10    2    1    1       447    9    4   11   14   -9    8   13    6    0   -3   12   -5   14    2   -1   -6    3    3
    2    1   26    5    1    1    3    1    1       339    2    9   10   15   -9    6   17    8    1   -7   15   -9   11   -2    1   -3   -5   12
    2    1   27    4    1    5    2    2    0       201   10    0   11   14  -12   15   12    6   12   -7   10   -5   11   -2    5    1   -6    9
    2    1   28    1    2   52    2    3    0       725   -5   -7   -2    4   15    0    4    7   13    2   -9   -3   10  -10   -5    2   15    8
    2    1   29    2    1    0    0    1    1       494   11    2   10   14   -9    7   12    7    2   -5   11   -4   10   -2    3   -3   -6   11
    2    1   30    3    2    3    1    2    1       601   -2   -8    0    5   15    0   -7    3   11   -2   -8   -3    9  -13   -9   -5   14   10
    2    1   31    4    2    2    2    1    0       678   -5   -7    1    4   16   -2    4    6   10   -3   -1   -8   10  -11   -3    3   16    6
    2    1   32    1    3   78    2    2    0       296    8   13   15   21    9   -3    6   -9   -6   -8   -4    4  -10   11  -17   20   13   -4
    2    1   33    4    3    3    2    1    0       627    7   13    9   14    9   -2    6  -10   -3   -4  -10    3   -8   14   -6   16   15   -1
    2    1   34    3    2    1    1    1    0       377   -3   -5   -1    5    6    4    3    6   10   -3   -9   -2    8  -10   -5    4   16    5
    2    1   35    5    3    6    3    1    0      1385    7   10   11   11    6   -3    9   -5   -6   -6   -8    3   -5   15   -8   16   13    0
    2    1   36    4    1    4    2    1    1       613   15   -6    9   13   -9    6   12    6   -1   -1   10   -2   17    7    6    0   -5   10
    2    1   37    5    1    8    3    1    1       393   19   12    7   17  -10    6   17   -2    1   -5   10   -4    7   -4    6   -1   -4    7
    2    1   38    1    1    9    2    1    1       444   10    3    9   15  -12    7   12    6    3   -5   10   -3   12   -1    3   -2   -5   12
    2    1   39    1    3   21    2    3    1       926    2   10   11   11    7   -1    7   -7   -7   -1   -4    4   -7   12   -7   23    9   -5
    2    1   40    4    3    6    2    1    0       828    6   15   14   10    8   -3    7   -8   -3  -15   -5    4   -9   14   -8   16   13   -4
    2    1   41    1    1    4    2    1    1       639    9    5   11   15  -10    6   12    9    2   -3   10   -2   14   -5    4    7   -2    7
    2    1   42    5    3    7    3    1    0       489    8   15    8   18    4   -4    3  -14   -8   -1    2   -3  -11   11   -7    7    8   -1
    2    1   43    5    1    3    3    1    1       617   15    5    9   14   -4    4   20   10    3   -6   11   -5    4    1   -1    5   -5   10
    2    1   44    3    1    2    1    1    1       676   11    2   10   14    0   -3   12    7   -2    0   12   -4   10   -2    4   -3    3   10
    2    1   45    1    3   90    2    2    0       637    6   15    9   12    9   -1    5  -11   -6   -7   -4    6   -7   13   -6   15   13   -4
    2    1   46    1    2   60    2    1    0       842   -6   -7    1    3   17    0    9    9   13   -3  -10   -2    8  -12   -3    4   15    7
    2    1   47    1    2   68    2    1    0      2675   -9   -7   -2    6   12   -8   12    2   10   -4   -9   -3    5  -10   -4    5   15    5
    2    1   48    4    2    4    2    3    0      1877   -7    2    0    5   17   -1    4    4   13   -5   -6   -2    9  -12   -4    3   15    5
    2    1   49    5    1    5    3    1    1       655   11    3    1   19  -13   10   13    7    6    5   15   -1   18   -5    3   -4   -5   13
    2    1   50    5    3    1    3    3    1       912    6   17   12   12    6   -3    2   -8   -6   -8   -3    4   -6   12   -8   14   18   -6
    2    1   51    4    3    1    2    3    1       983    5   16   10   14    9   -4    1  -11   -4   -7   -4    2   -9   12   -6   16   13  -12
    2    1   52    5    1    9    3    1    1       757   13    2   10   20   -9    8   13   10    5   -1    8   -2   14   -4    3   -4   -4   16
    2    1   53    5    3    9    3    1    0       762    9   16    8   11   11    8    9   -9   -8   -2   -6    5  -15   16   -7   14   11   -5
    2    1   54    1    1   52    2    3    0      1302    8   -3   12   13  -11    6    7   11    1   -7   13   -6   15   -8    0    2   -5   11
    2    1   55    1    2   57    2    3    0       592   -5   -5   -1    3   10   -7    5    7   12   -4   -8   -2    6   -4    4    1   13    5
    2    1   56    5    3    2    3    2    0       902    8   18   13   11    7   -1   14  -11   -3   -4    2    7   -9   22   -5   14   23  -11
    2    1   57    4    1    6    2    1    1       693   12    1   10   15  -10    8   13    8    4   -7    7   -9   15   -7    4   -4   -6   10
    2    1   58    3    3    1    1    1    0       415    7   16   10   12    7   -3    4   -8   -4   -5   -3    3   -8   13   -3   17   12   -4
    2    1   59    1    2   54    2    1    0       669   -2   -2   -1    3   16    1   -1   11   11   -2   -7   -4    7   -9   -9    8   13    4
    2    1   60    2    2    0    0    1    0       414   -4   -6   -1    5   16    0    3    6   11   -3   -8   -3    8  -11   -4    4   15    6
    2    1   61    5    2    2    3    1    0       228   -5   -5   -1    6   18   -2    5   14   11   -4   -9   -3    3  -12  -11    5   13    5
    2    1   62    4    2    6    2    3    0       407  -12    1   -2    7   15   -2    5    4   12   -4   -7   -3   10  -11   -3    2   13    7
    2    1   63    4    3    4    2    2    0       241    7   16   11   13   12    6    6  -11   -5   -7   -6    5   -8   14   -7   17   11   -4
    2    1   64    1    1   48    2    1    1       574   12    3   10   13   -8    6   13    8   -3   -6   12   -6    5   -4   13   -2   -4    9
    2    1   65    5    1    7    3    1    1       420   11    3    0   11   -9    8   14    8    0   -4    8   -4    8    0    4   -4  -11   21
    2    1   66    1    2    8    2    1    0       602   -2   -8    9   13   17    0    4    5    9   -5   -9   -3   10  -12   -3    4   16    5
    2    1   67    3    3    3    1    1    0       518    7   15    8   11    8   -2    7   -8   -5   -6   -5    5   -9   12   -7   15   12   -2
    2    1   68    5    1    2    3    1    1       550    4   -3    9   15  -11    8   17    2    2   -4   12    6   13    2    6   -8   -6   10
    2    1   69    4    2    1    2    3    0      1421   -2   -5   -7   10   14    2    8    3   11   -2   -8   -2    7  -13   -3    3   16    5
    2    1   70    1    2   67    2    3    0      1145   -4   -7    0    4   16   -1    4   16   12   -4   -7   -1    8  -12   -1    9   14    7
    2    1   71    5    2    7    3    2    1      1496   -6    4    0    4   13  -10    6   11   10   -7   -7   -2   14  -20   -3    4   16    6
    2    1   72    1    1   17    2    1    1       536   12    3   15   18  -13    3   11    8    3   -5   11   -3   18    7    6   -1  -10    6
    2    1   73    4    1    2    2    1    1       608    5   11   11   15  -10    2   11    6    3   -5   10   -3    9   -1    1   -3    0   19
    2    1   74    4    2    3    2    3    0       868  -14   -4   -2    5   19    3    2    7   12   -4   -7   -1    8  -10   -4    3    5    6
    2    1   75    1    1   51    2    2    0       983    7    7    2   17   -7    9   18   12    0   -6   18  -14   10   -1   -4   -4  -16   12
    2    1   76    3    2    2    1    2    1       548   -4   -6   -2    6   16    0    3    5   10   -1   -7   -4    8  -11   -4    4   11    2
    2    1   77    5    2    8    3    3    0      1017    3  -16   -5    3   17    0   13   10   15    5  -10   -3    5  -11   -8    0   23   10
    2    1   78    1    3   26    2    3    1       629    8   17   11   12   17   -7    4   -9   -7  -15    0    8   -9   11   -7   13   12   -2
    2    1   79    4    1    1    2    1    1       688   12    1    8   14  -11    6   11    5    2   -6    9   -4    9    0    3   -2   -6   12
    2    1   80    4    1    3    2    1    1       394   12    3    9   14  -11    7   13    7    3   -6   12   -4   10   -3    3   -2   -7   11
    2    1   81    4    3    5    2    1    0       352    6   16    9   16    5   -4   12  -17   -3   -7   -7    3  -11   22   -7   16   13   -5
    2    1   82    1    3   38    2    2    0       343    8   15   12   13    6   -4    6   -8   -4   -7   -6    5   -9   13   -9   16   18   -5
    2    1   83    3    1    1    1    1    1       428   10    2   10   15   -9    6   11    7    3   -6   13  -11   10   -3    3   -3  -14    9
    2    1   84    5    3    5    3    3    1       656    5   24   10   14    8   -2    6   -9   -6   -7  -12    2   -9   13   -9   17   15   -4
