    1    1    1    1    2    9    3    1    0      6593  -14  -13  -14   15    4   -8  -11    7    0  -19   11   -6    8    7   16   14   11    1
    1    1    2    1    1    2    3    1    1      4953   18    2    8   -1   -9  -20    1  -16  -11  -19  -10  -22    8   -7   10   -9   14   13
    1    1    3    1    1    9    3    3    0      1966    9    0    9   -4  -10  -15   10  -13   -2   -9   -6   -7   10   -9    1    0   14   18
    1    1    4    1    1    3    3    2    0      3130   13    6   12    3   -6   -6   14  -15  -12  -17   -8  -13    4  -14   -2   -5   16   12
    1    1    5    1    3    9    3    2    0      1929   -2  -13   13  -17   18   10  -18   -4    3   -3   -2  -24   14   -7    2   19    4  -16
    1    1    6    1    2    6    3    2    1      2809  -15   -9  -12   14   12    1  -10    3    9   -5   12   -7   13   11   13    7   11   -2
    1    1    7    1    1    4    3    1    1      1266    6    8   14   -5   -7  -14   14  -14    3   -5   -5   -8   12  -11   -2  -10   13    6
    1    1    8    1    2    8    3    1    0       748  -14  -11  -14   14   12   -3   -1   10   -2  -10    3   -9    7    8    7   16    9   -1
    1    1    9    1    1    1    3    1    1      3178   10    4   16  -11  -14  -16    8  -14    1   -9  -11   -9    6  -10    2    0   16   16
    1    1   10    1    1    7    3    1    1      1384   12    5    8   -6   -9  -16   11  -12    5  -17   -5  -12    2   -9    2    1   21   10
    1    1   11    1    1    6    3    2    0      2220   10    5   13   -1   -8  -16   13  -20   -4  -15   -7   -8   11  -11   -4   -7   16   10
    1    1   12    1    3    7    3    3    1      2303   -4   -5    8    0    9    7  -10  -10    3   -5   -8  -15   13  -14   -1   16   -1  -14
    1    1   13    1    3    6    3    2    0      1360   -4   -9    8  -11   -1   17  -12  -11   -1  -12    3  -10    4  -21  -11   21    0  -16
    1    1   14    1    2    7    3    1    0      4213  -14   -8  -15   15   11    4   -6    3    0  -14   22    0   -2   -3   12   10   11   -1
    1    1   15    1    3    3    3    2    0      4425  -17    5   12   -8   16   21  -14  -18    3   -5    2   -8   12  -15    4    5   -3  -18
    1    1   16    1    1    5    3    1    1      3636   12    5   14   -6   -7  -16   11  -13   -4  -13   -8  -13   11  -10    7   -2   21    7
    1    1   17    1    3    5    3    2    0      5549   -7   -4   19    0    8   12  -15  -13    4    2    3  -12    1   -8   -5   15   -2  -16
    1    1   18    1    2    3    3    3    0      4089  -14   -8  -24   22   14    0  -11   -2   -5  -12   16  -15    8    7   11    8   10    1
    1    1   19    1    3    2    3    1    0      2865  -12    5    9   -4   11    9  -21  -20   -4   -1   -8  -15   18  -24    1   14   -2  -14
    1    1   20    1    2    5    3    3    0      1320  -13  -15  -19   17    4    7   -7    2   -4  -14   11  -10    8    7    7   10   10    1
    1    1   21    1    2    1    3    1    0      3726  -13  -10  -13   18   13    2   -7    5   -3  -18   10   -9    5    7   11   13   12   -1
    1    1   22    1    3    4    3    2    0      1589  -14   -7    8   -5    5   16  -13  -10   -3    4    3   -9   13  -13   -5   17   -1  -17
    1    1   23    1    3    8    3    2    0      1745  -10   -6   15   -7    7   13  -12  -17    8   -7   -9  -13    8  -17    1   16    1  -17
    1    1   24    1    3    1    3    1    0      5412   -8   -4    9   -6    9    9  -10  -12    4   -8  -11  -14    5  -10    4   23    1  -17
    1    1   25    1    1    8    3    2    0      1479   12    4   18   -3    2  -13   16  -20   -8  -17  -10  -16   17   -6    1    0   13   17
    1    1   26    1    2    2    3    2    1      1879  -14   -8  -15    6   22    1   -9    3   11  -25   13   -5   17   13   13   15   13   -2
    1    1   27    1    2    4    3    1    0      1319  -13   -7  -13   17    5    6   -3    9    1  -14   10   -7    8   10   11    5   15  -10
    1    2    1    1    1   17    3    3    0      4092   14    3   11   -4   -2  -15    8  -14   -3  -12   -5  -15   17   -6    2    1   24   10
    1    2    2    1    1   11    3    3    0      3157   11   -6    5   -1  -11  -13   11  -18   -6  -13   -8   -9   20  -16    7   -9   17   13
    1    2    3    1    2   13    3    3    0      1923  -17  -14  -22   23   23    2   -8   -1   -9   -6    4  -14    9   12   17   10    9   -1
    1    2    4    1    3   17    3    1    0      1395  -14   -8   13   -7   15   17  -12   -4    5   -6  -10  -22    1  -22   -4   10   -5   -6
    1    2    5    1    3   10    3    2    0      1573   -3    4   11   -8    6    8  -15  -12    2  -16   -6  -15   10  -16   -8   20   -3  -12
    1    2    6    1    1   16    3    1    1      1635   11   -3    7    0  -12  -20    7  -23   -5  -13  -10  -13   16   -6   -8   -3   20    9
    1    2    7    1    1   14    3    1    1       893   19    2   14  -10   -9  -16    8  -18    2  -23   -7  -14    8  -10    1   -2    6   17
    1    2    8    1    1   12    3    2    0      1477    8    3   11   -4  -10  -13   14  -16    3  -20   -6  -11   16   -9   -2    9   17   10
    1    2    9    1    3   14    3    2    0       887   -4  -13   12   -7    4    2   -8   -7    6   -6    0   -4   20  -10   -5   14    3  -14
    1    2   10    1    2   16    3    3    0      3375  -13  -13  -17   18   12    2   -7    0    2  -16   13   -9    2   14   17   18   12   -1
    1    2   11    1    3   12    3    1    0      3940   -9    6   11   -8   -1    3  -12   -9    3   -5   -5  -13   11  -13   -3   14  -11  -14
    1    2   12    1    3   11    3    1    0      1203  -12   -1   13   -5    5    7  -11  -13   -3  -16  -10  -18   12  -16   -2   14   -9   -7
    1    2   13    1    2   17    3    3    0       799  -20   -3  -16   14   24    8   -6    5    0  -23   23  -10   17   14   10   10   20    0
    1    2   14    1    3   15    3    1    0      3435  -15   -2   12   -7    6   11   -9   -9    4   -7   -7  -13   16  -20   -3   10    1  -14
    1    2   15    1    3   18    3    1    0      1693  -12   -2   13   -6    5   13  -12  -13    4   -5   -6   -9   13  -16   -2   13   -1  -17
    1    2   16    1    2   18    3    1    0      2166  -23    0  -10   19   11   -8  -10    5   -4  -18    4   -3    1    8    8   16   20   -3
    1    2   17    1    2   14    3    3    0      3435  -14  -12  -17    8   13    1  -13    1    8  -20   15   -3   -3   14   14    8   12   -4
    1    2   18    1    1   18    3    1    1      1200   14    4   18   -7   -6  -15   10  -15   -3  -15  -11  -17    9  -11   -6    9   24   19
    1    2   19    1    2   15    3    2    1       941  -14   -7  -14   15   19    2  -18   10   -9  -20   12   -8    6    7   10   10   16    1
    1    2   20    1    2   10    3    3    0       662  -22   -3   -9   19   15   -1   -7    4    5  -13    3    0   10   14    9    9   19    6
    1    2   21    1    1   13    3    1    1       793   18    2   12   -7   -8  -13   12  -13   -5  -15   -2  -20    9  -20    2   -2    7    2
    1    2   22    1    3   16    3    1    0      1012   -7   -2   16   -1    9    7  -12   -9    9   -3   -7  -15   12  -12    2   12    0  -15
    1    2   23    1    1   15    3    2    0       870   10   14    7   -7   -2  -22    9  -21   -5  -12   -1   -3   12  -11   -4   -1   17   11
    1    2   24    1    2   11    3    3    0      1358  -14   -2  -15   12   13   -2   -5    2    8  -22   16  -17   15    5   10   15   18   -3
    1    2   25    1    2   12    3    3    0      7764   -7   -4  -24   13   19    7   -1   -1    1  -16   14   -8   -3   -2    7   13    7    6
    1    2   26    1    3   13    3    1    0      9512   -7    4   11   -5    8    9  -12   -8   -4  -13   -7  -15   13  -16    1   11    6  -16
    1    2   27    1    1   10    3    3    0      1012    4   13   20    0   -7  -16    9  -14   -2  -16   -8  -21   10  -11    3   -1    9    4
    1    3    1    1    3   19    3    1    0       919  -17    0   16   -7    9   10  -12   -8   -5  -12    2  -20    8   -7   -7   13  -11  -16
    1    3    2    1    2   26    3    1    0       509  -22   -2   -9    8   15    1  -15   13    0  -14   13   -6    8    7   10   16   12    0
    1    3    3    1    3   21    3    3    1      1634   -1  -10    7    1   16   14   -6   -3    6   -5   -6  -14    6  -10   -3   16   -2  -14
    1    3    4    1    2   23    3    1    0      3005  -15   -8  -14   15   12    7   -8    7    2  -17   21   -8    9   11   15   13   12    0
    1    3    5    1    2   20    3    2    1      2369  -11  -13  -14   17    5    7   -5    4    1   -7   14   -3    8    6   13    9   12    2
    1    3    6    1    2   19    3    3    0      1710  -17  -12  -14   14    7    2  -13    3    1  -12   14  -13    3    3    9   10   12   -1
    1    3    7    1    3   25    3    1    0      2438  -10   -3   12   -7    3   13  -18   -8    5   -7   -6  -14    5  -11   -6   12    2  -17
    1    3    8    1    1   25    3    3    0      1680   17   -4    7   -3   -9  -17    6  -12   -6  -20   -3  -11   10  -20    5   -4   21   11
    1    3    9    1    3   27    3    1    0       746    1   -6   13   -9    5   11  -11   -7    3   -8   -7  -13   10  -14   -5   10    0  -17
    1    3   10    1    2   27    3    2    1       857  -21  -11  -14   15   16   -1  -12    3    3  -11   14   -8    6    8    2   18   15    2
    1    3   11    1    2   21    3    2    1      1026   -9   -7  -13   16   19   -1   -9    0   -4  -11    9  -10    6    8   13    5   12    0
    1    3   12    1    1   27    3    1    1       629    8   12    2   -2   -1  -14   14  -19    6  -14   -9  -12   12   -9   -4  -11   15   12
    1    3   13    1    3   24    3    3    1       839   -7   -6    1  -10    8   10  -14  -10    4   -3   -5  -13   12   -9    1    5    1  -16
    1    3   14    1    1   26    3    1    1       898   15   -5    9   -3   -9  -16    9  -15   -7  -19   -7  -14   13   -3    1   -1   21   12
    1    3   15    1    3   22    3    2    0      1145    1  -13    4  -14   11   11   -7   -8    1  -16   -6  -13   11  -21    5    9   -3  -22
    1    3   16    1    1   19    3    1    1      1208    8   -4   10   -3   -9  -16    8  -13  -12   -8   -6  -13   13  -10    0   -2    9    4
    1    3   17    1    3   23    3    3    1      1171   -7   -3   12    3    3   11  -17   -5   -2  -10    3  -13    6   -9   -2   15   -4  -18
    1    3   18    1    2   24    3    2    1       802  -14   -7  -13   14    9   -4   -7    3   11  -25   19    0    6    6   12   10    1   10
    1    3   19    1    1   22    3    1    1      1183   13    3   10   -6   -6  -16    7  -17   -7   -7    0  -22   13   -4    6    4   12    9
    1    3   20    1    3   20    3    3    1      1388  -12   -9   15  -14    4    3  -15    0    6   -4   -4  -13   10  -21   -3   14   -8   -8
    1    3   21    1    3   26    3    1    0      1169   -7   -5    6   -7    6    9   -4   -6    2   -7  -15  -18   12  -15   -8   19    3  -10
    1    3   22    1    1   24    3    2    0      1296   13    7   10  -14    2  -16    7  -16   -1  -23   -6  -14    6    0    4   -3    6   14
    1    3   23    1    1   23    3    3    0      1258   21    6    8   -5   -9  -14    5  -20  -11  -15   -8  -12   22   -6    1   -7   15   13
    1    3   24    1    1   21    3    2    0      1493   10    6    7    2   -6   -6    9  -12    4  -15   -8  -14   21  -11    2    0   14   16
    1    3   25    1    2   25    3    2    1      1014  -20   -6  -15   21    4    1   -8    1    8  -12   22  -10    8    6    4    5   10    1
    1    3   26    1    2   22    3    3    0      1642  -14   -8  -12   13   13    0    1   -5    2   -9    3    0    8    7    7   10   17   -5
    1    3   27    1    1   20    3    1    1       967   13   -1   15   -5   -5  -12   10  -15   -4  -15  -13  -19   11  -11    2   -5   11   17
    1    4    1    1    2   36    3    2    1      2620  -15   -5   -5   11   23    1   -9   -2    1  -13   12   -8    6    7   12   10   11   -1
    1    4    2    1    1   35    3    2    0      1584   12    3   11   -4   -4  -10    6  -19  -12   -9   -6  -14   16  -10   -5    9   18    8
    1    4    3    1    1   29    3    1    1       542   12    5   11   -6   -7  -18   20  -21   -7   -9    3  -15   13  -10   12   -1   17    9
    1    4    4    1    1   30    3    1    1      2357   14    4    4  -15  -13   -7    5  -22   -3  -17  -16  -19    9  -20    8  -11   17   13
    1    4    5    1    3   31    3    1    0      2209   -6   -4   12   -7    8   10  -11    0    6   -4   -8  -12   13  -13   -6    9   -8   -8
    1    4    6    1    2   34    3    3    0      2995  -13  -10  -22   18   22    0   -8   -6    3  -20   13   -9    7    6   12   11    9    0
    1    4    7    1    3   30    3    2    0      3225   -9   -5   21   -9   13    5  -11  -13    7    0    2  -12    9  -15   -2   14  -11   -8
    1    4    8    1    2   31    3    1    0       998  -13   -5  -12   11   14    0   -8    5    3  -15   18  -11    4    7    9   11   12    1
    1    4    9    1    3   28    3    3    1      1275  -15   -4    7   -8    8   12   -5   -6   -1   -6   -7  -13   12  -14   -3   16   -4  -14
    1    4   10    1    2   30    3    1    0      1495  -24    0   -5   19    8   -2  -12    8    0   -7    5    0   11    3    9   16   12    0
    1    4   11    1    2   35    3    2    1      2009  -13  -10  -14   17   13    1  -14    4    1  -24   12   -5    8    6   13   12   10    0
    1    4   12    1    1   28    3    1    1       966   13    0    4    2    0  -10    8  -17   -1  -13  -11  -11   13  -10    0    3    8   11
    1    4   13    1    2   28    3    1    0      1595  -19   -6  -11    9   18    4   -4   -5   -1   -6    3  -13    8    7   10    8   14    2
    1    4   14    1    3   32    3    1    0      1450   -4   -5    2   -3    7   10  -18  -19    3  -12   -6  -15   12  -15   -8   16   -1  -14
    1    4   15    1    1   32    3    1    1      2604   14    5   16   -4   -6  -14    8  -13   -3  -14   -8  -13   12   -8   10    5   15   11
    1    4   16    1    3   33    3    2    0      4767   -5   -6   12   -3    9    1  -11  -10   10   -8   -5  -12   11  -13   -5   16    0  -20
    1    4   17    1    3   29    3    2    0      2303   -7   -6    7    3   18    7   -2  -18   12   -7  -11  -13    8  -16   -3   16    1  -12
    1    4   18    1    3   34    3    1    0       672   -8   -5   15   -5    5    6  -11   -8    6   -7   -6  -15    9  -12   -4   12   -1  -16
    1    4   19    1    2   32    3    1    0      1441  -13  -11   -4    8   12    6   -9    4    6  -12   12   -7    8    7   20   16   12    0
    1    4   20    1    2   33    3    2    1       869   -8   -2  -22   14   16   -4  -15    2    2  -16   12   -6    4    3   19   21   12    0
    1    4   21    1    3   36    3    1    0      1231   -1    3   12   -8    4    6   -2   -9    1   -7   -6  -13   19   -9    4   22    0  -16
    1    4   22    1    1   34    3    1    1       556   15    7   12  -10  -15  -11   15  -23  -11  -14   -9  -11   10  -11    1   -3    8   14
    1    4   23    1    1   33    3    1    1       867   13    3    7    5   -8  -16    8  -14   -5  -14   -4  -23   10  -11   10    6   17   10
    1    4   24    1    1   31    3    1    1      1084   15    2   10   -5  -11  -17    0  -16   -7  -12    3  -11   13   -9    3    1    8    7
    1    4   25    1    2   29    3    2    1      1357  -22   -6  -13   16   19   -3   -7    4    4  -20   18  -11    8    6   11   16   12   -1
    1    4   26    1    1   36    3    3    0      2803   12   -4   10   -7  -13  -19   16  -22    0  -24   -8  -14    8  -15    1   -6   17   10
    1    4   27    1    3   35    3    2    0      4416   -9   -3   12   -9   12   17  -12   -9    6   -6   -8  -15   10  -14    6    8    0  -15
    1    5    1    1    3   38    3    1    0      4042   -9   -7   10   -9   10    4  -11   -9    2   -6   -5  -15   11  -13   -6   11    4  -19
    1    5    2    1    1   42    3    1    1      2102   13    5   21   -6   -8  -16    5  -14    0  -15   -8  -12    8  -14   -3    2   17   12
    1    5    3    1    2   39    3    3    0      5982  -15  -19  -17   13   16   -4  -13    1   -3  -17   20  -10   12    5   11   12   16    0
    1    5    4    1    1   44    3    1    1      1018   14    5   10   -5   -4  -14    9  -12  -13  -23  -12  -15   14   -9    4    1   20    6
    1    5    5    1    3   37    3    1    0      1355   -7   -3   12   -4   16    4  -13   -9    9   -4   -7  -13   10  -14   -3    7   -1   -8
    1    5    6    1    2   42    3    1    0      3922  -15  -10  -14   18   10   -1  -15    6    5  -12   12   -6    6    7    8    6   14   -3
    1    5    7    1    2   38    3    3    0      2834  -20  -10  -13   16   19   -8   -7    3    1  -16   15   -8    9    6   12   11   10    2
    1    5    8    1    1   43    3    1    1      1068   10    3   16   -7    2  -24   11  -15  -13  -15   -9  -23   13  -10    4   -2   11   10
    1    5    9    1    1   41    3    1    1      1518   14    4   14    1   -8  -14   11  -15   -6  -12  -12  -12   13  -11   -2   -3   15   10
    1    5   10    1    1   40    3    3    0      2173   20   -1    7   -2  -12  -14    5  -18  -14  -21   -1   -4    8   -5    3   -1   24   11
    1    5   11    1    1   39    3    3    0      3780   17   -4    9   -5   -8  -14   10  -15   -5  -14    3  -13   13   -8    3   -7   13    3
    1    5   12    1    1   38    3    1    1      2634    9   -1   21  -13   -8  -14   12  -19   -4  -15   -3  -11   20  -11    0   -2   16   10
    1    5   13    1    3   45    3    1    0      6013   -8   -6   10   -7    6    9  -10  -11   -2    2   -9  -15    3  -23    3   21    3  -10
    1    5   14    1    2   43    3    2    1     15239  -15   -9  -13   15   18   -1   -8   -3    2  -15    8    2    4    6    2    9    2   -2
    1    5   15    1    1   37    3    1    1     10547   14    5   10   -6   -9  -16    6  -16   -5  -14  -10   -6    9  -14    6   -3   12   13
    1    5   16    1    1   45    3    1    1     20940   13    5   14   -8    0  -15   14  -19   -5  -15   -6   -6   11  -11    1   -1   17   10
    1    5   17    1    2   44    3    1    0      1825  -13   -9  -15   17   21   11   -8    4    2  -11   16   -5    9    8   10   12   12   -1
    1    5   18    1    3   42    3    2    0      4836  -10   -2   10   -7   15   11  -10  -20    4   -8   -6  -14   21   -6   -9   17   -2  -13
    1    5   19    1    3   41    3    1    0      3105  -10   -3   15  -10   18   20   -8   -9    2   -5   -8  -12   12  -16   -6   14   -3  -14
    1    5   20    1    3   43    3    3    1       929  -19   -6   14   -2    9   13   -8   -2   13    1  -10  -17   13  -16   -4   15   -1   -8
    1    5   21    1    3   39    3    1    0       794   -8   -4   12   -6    7   11  -12   -8    2   -5  -12  -13    8  -15   -2   16    0  -15
    1    5   22    1    2   40    3    1    0       712   -9   -5  -13   14   17   -1   -6    5   -4  -13   11   -8   11   10    8    1   12   -2
    1    5   23    1    3   40    3    2    0       617  -13    1   10   -9   14    6   -5  -19    4   -5   -4  -11    6  -17   -3   20   -1  -14
    1    5   24    1    2   45    3    3    0       541  -17  -11  -15   22   14    2  -11    2    3  -14   18  -11    9    7   21    8   10    5
    1    5   25    1    3   44    3    1    0       503   -8   -6   10   -7   12   12  -10  -11   13   -7   -4  -24   10  -20   -9   14    1  -18
    1    5   26    1    2   41    3    1    0       431  -15  -10  -15   15    9   -1   -7    3   -7   -7   23   -8   15    1   13   12   11   -2
    1    5   27    1    2   37    3    1    0       747  -15   -5  -21   23    7    8   -5    5    0  -13    8   -8    6   12   12   11   12   -2
    1    6    1    1    2   54    3    1    0      2843   -9   -8  -14   18   15    2   -9    2   -1  -17   15  -14    7    8   10   11   12    0
    1    6    2    1    2   47    3    2    1      2549  -24   -8  -19   12    9    3  -10    5   -1  -14   13   -8    6    4   19   17   19    1
    1    6    3    1    2   50    3    3    0       907  -15  -10  -16   16   12   -3   -9    9   -1  -16   12   -8    8    6   12    9   10   -7
    1    6    4    1    3   53    3    1    0       355  -10   -6   10   -7    9   10  -10  -11    4   -7   -7  -15   11  -13   -6   23   -2  -15
    1    6    5    1    2   46    3    1    0       434   -4   -3  -16   15   15    1   -5   -1    6  -20   13   -8    7    6    9   13   10    1
    1    6    6    1    2   48    3    1    0       861  -14   -8  -14   17   12   -2   -6    5    1  -16   10   -7   -3   -2    3   15    9    4
    1    6    7    1    1   47    3    1    1       744   12    5    9   -6    2  -10    0  -16   -5  -13  -12   -3    4  -14    4    0   13   13
    1    6    8    1    1   54    3    3    0       773   14    6   12   -8   -4  -14   13  -19   -8  -10   -4  -10    8   -9    3   -2   23   18
    1    6    9    1    3   51    3    2    0       852   -6   -9    9   -7    8   12  -18  -20   -3    4  -11  -18   13  -21   -3   18    0  -16
    1    6   10    1    1   52    3    1    1      2463   11    0   13    3   -6  -16    9  -14   -4  -15   -6  -12    9   -4    1    1   15   11
    1    6   11    1    3   46    3    3    1      1371   -9   -2   13   -8    6    5  -13  -10    7   -3   -6  -16   11  -13   -3   12    1  -11
    1    6   12    1    2   51    3    1    0       836  -16   -8  -18   19    6    5   -5    2   -7  -21   16   -3   16   11    8   12    8   -1
    1    6   13    1    3   50    3    1    0       510  -11   -2    9   -8    9   10   -8   -2    5   -7   -8  -14    6  -20   -5   21    3  -20
    1    6   14    1    1   51    3    1    1       662   11    9    5   -4   -9  -14   11  -14    0  -16   -5  -15   13  -10    4    4   16   12
    1    6   15    1    3   49    3    2    0      2358  -10   -3   12   -6    8   12  -11  -15   14  -15   -6  -16    9  -12    0   11   -5  -12
    1    6   16    1    2   53    3    1    0       549  -16   -9  -16   18   24    9   -9    3    3  -15   14   -7   -2    8   10   12   13    4
    1    6   17    1    3   54    3    1    0      2172   -2    3   13  -12    7   11  -14   -2    7  -10  -11  -19   12  -14    7   16    0  -15
    1    6   18    1    1   49    3    3    0       641   12    5    2   -6    2  -12    9  -14   -2  -15  -16  -15   12  -12   -2   -9   16   12
    1    6   19    1    1   48    3    1    1        53   14    4    9   -5  -12  -12   17  -18   -2  -14   -5  -12    8  -16    5    4   11   15
    1    6   20    1    3   52    3    3    1      3869  -10   -4   14   -6    8   13  -13   -9    4   -7   -2  -13   11  -15  -11   19    3  -15
    1    6   21    1    3   48    3    1    0      1648   -8   -5    8  -10    5    6  -16   -6    0   -8   -1  -14    4   -8   -8   12    2  -21
    1    6   22    1    2   49    3    3    0       698  -17  -18  -14   17   15    0    2    0    0  -15   12   -5    7    6    4   19   11    1
    1    6   23    1    1   46    3    2    0       651   14    6    9    0  -16  -10    8   -8   -3  -20   -5   -8   12  -12    1    2   18   16
    1    6   24    1    1   50    3    1    1       796   13   10   19  -10  -11  -19   12  -15   -4  -15  -16  -16   12   -9    2   -2   17   11
    1    6   25    1    2   52    3    1    0      1688  -16  -12  -12   15   19   -4   -3    6    1   -6    7  -17   16   13   19    2   10   -1
    1    6   26    1    3   47    3    3    1       784   -8   -3   13   -3   10   10  -12   -5   -4  -12  -10  -19   12  -14   -2   14    4  -11
    1    6   27    1    1   53    3    1    1       831   10    7    6   -6   -9  -21   14  -13   -3  -14   -3  -21   15   -6    7   -1   11   10
    1    7    1    1    1   57    3    1    1      1320   13    3   16  -15  -12  -24   11  -14   -3  -10   -4  -17   10  -11    3    4   17   11
    1    7    2    1    3   62    3    3    1      1104   -1    5   18  -16    7    8  -17  -14    2   -7   -6  -15    9  -14   -5   16   -3  -10
    1    7    3    1    1   60    3    2    0      1696   14    2   10   -5  -13  -20    4  -11    3  -24   -4   -5   13  -11    5    0   11   10
    1    7    4    1    2   62    3    1    0      1050   -4  -14  -18   14   15    0  -15   -5    4  -20   21  -12    5    8    4   17   17    8
    1    7    5    1    1   56    3    3    0       670   11    8   10   -6  -10  -14    7  -11   -2  -16    0  -14   22  -16   -7    6   16   12
    1    7    6    1    2   63    3    2    1       672  -21   -2  -15   14   10   -4  -12    1   -2  -18   14  -12    3   -1   11   12   10    1
    1    7    7    1    1   61    3    1    1       418   12    5    9   -4   -9  -16   14  -17   -6  -10    1  -13   11   -7   -1   -6   24    6
    1    7    8    1    2   55    3    1    0       587  -17   -4  -12   18   12    1   -2   -6    7  -11   22   -2    9   16   17   18   10    5
    1    7    9    1    1   55    3    1    1       255   10    7    8    0   -5  -20    5  -20   -3  -19   -5  -15    4    0    1   -5   11   17
    1    7   10    1    3   56    3    3    1       802  -14    1   21   -1   14    2  -15   -7    5   -6   -3  -10   20   -9   -7   23    2   -5
    1    7   11    1    1   63    3    1    1       351   12    2    5   -3   -9  -16   15  -14   -1  -10  -10   -9   13   -9    3   -1   16    9
    1    7   12    1    1   62    3    1    1      1918    4   -4    8    2   -8  -14    6  -22   -6  -12  -15   -6   16  -13    3    0   23   13
    1    7   13    1    3   59    3    1    0      1310  -10   -4   10   -9    7   13  -12  -12    4   -4   -6  -15   16  -16    1   20   -1  -14
    1    7   14    1    3   61    3    3    1       374   -5    4    1  -15    6   12  -11   -9    4   -4  -15   -7   13  -12   -6   14   -2  -17
    1    7   15    1    2   57    3    1    0       659  -13  -11   -6   19   15    1  -11    8    3  -15   17   -2    2    9   21    4    7    0
    1    7   16    1    3   58    3    1    0      2692  -13   -2   12   -5   11    1  -11   -9   -6    3  -16  -13   11  -15   -4   17   -1  -16
    1    7   17    1    2   61    3    2    1       275  -10   -4  -12   21   16    8  -10    7    0  -17   12   -7    4   11    8   13    9    1
    1    7   18    1    3   63    3    3    1      5381   -5  -13   18   -4    4    9   -2   -5   11   -3   -8  -13    8  -19   -6   17   -2  -17
    1    7   19    1    2   58    3    1    0       796  -18    1  -15   21   13    1   -9    4    1  -16   15   -6    6   12   10   11   10   -5
    1    7   20    1    1   58    3    1    1       312   22    9   16  -13  -10  -15   15  -17    0  -19  -14   -3    9  -19   -3    4   18   14
    1    7   21    1    3   60    3    1    0       439  -15    0    1    2    9   12  -13   -6    3   -5   -8  -11   11  -13    1   14    0  -15
    1    7   22    1    2   56    3    1    0       676  -11  -19   -4   13   11   -9   -3    2    3  -16   12   -7    5    4   12   13    9    2
    1    7   23    1    3   57    3    1    0       677  -18   -6   17  -17    1    3  -15  -11    6   -2  -14  -24   11  -18   -1   14   -1  -16
    1    7   24    1    1   59    3    1    1       870   13    1   10   -5  -14   -9    3  -11   -3  -14   -6  -14    5  -10    1   -5   11   15
    1    7   25    1    3   55    3    1    0      2238  -18  -13    9   -3    4   18  -18    0    5   -6   -8  -13   16  -16   -4   16   -5  -12
    1    7   26    1    2   60    3    1    0     12755   -5    0  -16   17   17   -3   -9    4   -1  -17   16  -12    6   -1   11   10   10   -1
    1    7   27    1    2   59    3    1    0      1952  -14   -7  -15   17   16    4   -3    0   -6  -13   12   -6    7    5   11   10   11    1
    1    8    1    1    2   69    3    1    0       571  -16   -9  -19    6    9    6   -8    2   -4  -16   13   -8   11   16   11   13   10   -1
    1    8    2    1    2   70    3    1    0       576  -14  -10  -13   14   13    0    2    6    1  -14   14   -7    4   10   11   10    4  -10
    1    8    3    1    1   69    3    1    1       549   15    8   11   -9   -4  -17   15   -7  -12  -12  -12   -4    3   -2   -3   -4   16   12
    1    8    4    1    1   71    3    3    0       875   13    9    9   -2   -9  -15   10   -9    4  -16  -11  -10   14   -6    4    0   19    4
    1    8    5    1    1   68    3    1    1       757   11    9   12   -6   -9  -15    8  -21   -6  -13   -9  -12   10  -16    9    4    6    3
    1    8    6    1    2   64    3    1    0       949  -22   -4  -13   14   19   -2   -8    4    9  -19   15   -9    7    5   12   14   13   -4
    1    8    7    1    3   71    3    2    0       347  -11   -2   12   -9    6   10   -7   -9    3   -4   -2  -23    6   -9    3   10   -1  -14
    1    8    8    1    3   65    3    1    0       857  -10   -6   20    3    1   21   -9  -13   -4  -13   -3  -11   10  -14   -2   12    1  -16
    1    8    9    1    1   70    3    1    1       225   14    3    7   -5   -8  -22    2  -21   -2  -15   -5  -14   14  -12   -4    4   20   12
    1    8   10    1    1   67    3    1    1       369    3   -1    6   -9   -8  -17   15   -9   -2  -24   -6  -13   11   -7    1    0   17   12
    1    8   11    1    2   72    3    1    0       175  -14  -10  -16   15   18    5   -8    4    2  -17   21   -4    6    8   11   14   12   -5
    1    8   12    1    3   68    3    1    0       275  -10   -3   11   -8    8    3  -15   -9    3   -7   -7  -13    9  -12   -1   16   -8   -7
    1    8   13    1    1   72    3    2    0       851   15    5   10   -5   -9  -20    9  -19   -6  -15   -7  -11   14   -9    7    0   16   18
    1    8   14    1    2   71    3    3    0       669  -18   -4  -12   11   18   -1   -4    0    2  -17    7  -13    9   14    7   13   13   -2
    1    8   15    1    1   64    3    3    0       640   21   -6   10   -5  -17  -16    3  -15   -6  -14   -2  -14   10  -19    3   -4   24   20
    1    8   16    1    1   65    3    3    0       915   13   -6    9   -6   -9  -14    2  -20   -8  -18   -3   -8    8  -14    3   -2   17   18
    1    8   17    1    3   72    3    1    0       668   -9   -8   13  -10   14    6  -11  -10    8  -15  -12  -18    9  -13   -3   16    3  -10
    1    8   18    1    1   66    3    3    0       941   14    5    9  -11   -8  -16   16  -16  -13  -24  -13   -8   13  -11    2   -9   18   16
    1    8   19    1    3   70    3    1    0       709  -15  -10   15   -5    1    7  -10   -9    4   -7   -3  -11   12  -14  -11   13    0  -16
    1    8   20    1    3   69    3    1    0       614  -13   -6   13  -11    0   17  -13   -9    8   -6   -5   -9   11   -9   -1   15   -1  -16
    1    8   21    1    3   67    3    1    0       842   -7   -9    9   -7    9   11  -11  -10    3  -11  -10  -12    1  -23   -5   15   -1  -16
    1    8   22    1    3   64    3    1    0       642   -8   -4    2  -16   18   12  -16   -9    5   -5   -7  -15   15  -15   -2   15   -1  -16
    1    8   23    1    3   66    3    1    0       882   -8   -4   13  -12   -1    1  -12   -9    2   -6   -6  -12    6  -15   -4   19   -8  -22
    1    8   24    1    2   65    3    1    0       685  -13   -9  -14   20   18   -3  -10    3    0   -7    9  -17    9   11    7    9   10   -1
    1    8   25    1    2   68    3    2    1      1179   -7  -18   -5    8   13    2  -10    6   -1  -22   16   -4   11   14   15    5   11    1
    1    8   26    1    2   67    3    2    1      1049  -14  -10  -16   12   20    7   -9    5    2  -15   15   -7    7    4    5   13   15  -10
    1    8   27    1    2   66    3    1    0      1004  -11  -14   -4   20   11    2  -16   13    6  -21    4  -17    2   12   14   10   10    0
    1    9    1    1    1   77    3    1    1      1343   20    9   12   -5    1  -16    5  -11  -11  -21  -12   -9   10  -10    4   -1   15    9
    1    9    2    1    3   74    3    1    0       645    1  -11   19  -16   10   11  -12  -11   -6  -14  -16  -11    1  -16   -8   15    8  -18
    1    9    3    1    1   74    3    1    1       647    9    4    1  -13  -11  -18   12   -9   -6  -12   -2  -10    9  -13    3   -2   16   13
    1    9    4    1    2   74    3    2    1      1002   -6  -12  -12   17   17    1    2    4    0  -15    5    3    6    6   11    5   19    4
    1    9    5    1    2   80    3    1    0       815  -13   -9   -9   19   12    1   -2    7   11  -24   13   -8    2   17   21    3    5    3
    1    9    6    1    3   75    3    3    1       909  -18   -2   12   -6    9   12  -11   -9    4   -5   -6  -14   15  -13   -6   17   -3  -11
    1    9    7    1    1   76    3    1    1      1543   14    4   11   -3   -4  -20   10  -13   -3  -14  -12   -8   11   -7   -1    2   15   16
    1    9    8    1    3   76    3    2    0      2710   -9   -5    8   -9    0   20  -16   -8   -1  -15   -9   -8   11  -15   -5   11   -1  -11
    1    9    9    1    2   73    3    2    1      1318  -15   -9  -15   16   14    0   -7    3    0  -14   11   -6    7    6   10   11   20   -6
    1    9   10    1    3   78    3    3    1      1422   -9   -3   12   -7    9   12  -10   -7   -4    2   -1  -13    9  -16   -8   17    1  -17
    1    9   11    1    2   81    3    3    0      1248  -13   -4  -24   17   15    2    0    9   -4   -8   13   -6    7    6   16   13   18    0
    1    9   12    1    3   73    3    3    1      2427   -7   -3   11   -8    8   12  -11  -10    9    4  -14   -6    6  -10  -10   22    1  -16
    1    9   13    1    3   81    3    1    0      1158   -7   -3   11  -11   -1   21  -10  -12    5  -11   -5  -12    6   -5   -5   14   -1  -16
    1    9   14    1    1   81    3    1    1      1203   18    4   13   -4  -16  -10    9  -13   -4  -23   -5  -13   14   -8   -4   -8   16   10
    1    9   15    1    3   77    3    2    0      1134   -5   -9    3  -16    7   10  -16  -12    6   -7   -8  -10   13  -10   -4   16   -1  -14
    1    9   16    1    2   78    3    1    0       876   -9  -10  -14   15   12    4  -11    7   -5   -5   16   -4    7    9   14   13   12    0
    1    9   17    1    3   80    3    1    0      1030   -7   -2   15  -10    1    7   -8   -5    1    1   -8  -13   16  -19  -12   14    1  -11
    1    9   18    1    1   73    3    1    1       567    7    5   11   -3   -8  -14    5  -13   -4  -15   -7  -11   12   -9    7   -2   13   14
    1    9   19    1    2   77    3    1    0       924  -13  -10  -13   18   13   -2   -3   10    3   -8   13   -8    2    8   11   12    5   -5
    1    9   20    1    2   76    3    2    1      1200  -15   -9  -15   16   12   -1   -8    2   10   -7   10  -12   14   11   11    9   10    0
    1    9   21    1    1   79    3    1    1      1133   14    4    2  -11  -18  -18   10  -11   -7  -16    1   -9   17  -15    1    1   15   11
    1    9   22    1    1   78    3    1    1      1468   16    6   21   -9   -4  -13   11  -19   -4  -16   -7  -18   11   -5    1   -1    7    4
    1    9   23    1    2   79    3    3    0      4126   -5   -8  -12   17   15    4   -6    3    5  -12   18  -10    7    6    8    8   16    9
    1    9   24    1    3   79    3    1    0      1846   -8   -2   14   -2    8   12   -5   -4    2   -5   -5  -13   11  -12   -3   16    1  -14
    1    9   25    1    1   80    3    1    1       824   17    8   20   -6   -6  -15    9  -16   -3  -15   -8  -13   11   -9    1    1   15   11
    1    9   26    1    2   75    3    2    1       819  -12   -8  -13   15   14   -1   -7    5    3   -6   13   -5    6    5   20   12    7    2
    1    9   27    1    1   75    3    1    1      1280   11    4   16    3   -8  -17   15  -10   -5  -14   -3  -15   17   -8    6    2   12   10
    1   10    1    1    1   88    3    1    1      1946   15   13    1   -6  -13   -6   15   -9   -2  -12   -5  -14   11  -10   12   -2   12    9
    1   10    2    1    3   88    3    3    1      1881  -14   -5   11   -8   -1    5  -13  -15    8   -9   -8  -14   10  -11   -2   15    0  -16
    1   10    3    1    3   84    3    2    0       810  -11    5   11   -5   12   11  -12  -11   14   -3   -3  -13   10  -14   -3   16   -2  -10
    1   10    4    1    1   82    3    1    1       662    4   13   12   -6    0  -17    6  -13    2  -12    3  -14   11  -11   -8    4   15   12
    1   10    5    1    2   83    3    2    1      1560  -14  -10   -6   19   14    8  -13   12    3  -12   16   -6    8   -3   12   10    7    2
    1   10    6    1    3   87    3    2    0      1782  -10   -4   10   -8   13   11  -12  -12    7   -9   -8  -14   17  -24   -8   14    1  -16
    1   10    7    1    3   85    3    1    0       587   -8   -2    6    2    9   11  -13   -6    6   -5   -8  -14   14   -9  -12    5   -6  -13
    1   10    8    1    1   86    3    1    1       385   10    0    3   -8  -18  -17    9   -5   -3  -15   -6  -13    9   -9   -1   -5   17    9
    1   10    9    1    2   87    3    3    0      1727  -13  -13  -19   13    7   -4   -8    5   -1  -15    9   -5    7    6   15    5   14   -7
    1   10   10    1    1   90    3    1    1       245   14    4   14   -1   -4  -14   11  -14   -6   -5   -6  -10   18  -12    5    0   18   11
    1   10   11    1    1   83    3    1    1       135   10    3    6    5  -10  -15   11  -15    2  -21  -15  -16    3  -19    3  -11   17    7
    1   10   12    1    3   86    3    1    0       382   -1    2   12   -6    1   10  -15  -12    3    4  -10  -18   11  -13   -8   11    1   -8
    1   10   13    1    1   84    3    1    1       297    9    2   13  -15   -9  -15    7  -16   -3  -18   -8  -10   11   -8   -2    7   10   13
    1   10   14    1    3   89    3    1    0      1705   -6   -4    3   -3    6    8  -11  -11    5   -9   -9  -14    1  -17   -3   23   -2  -14
    1   10   15    1    2   85    3    2    1      1472  -13  -10  -10   15   24   11  -13    4   -1  -16   15   -4   13   13    9   11    2    0
    1   10   16    1    2   88    3    1    0      1233  -12   -8   -5    7   14   10  -12   10   -3  -16    8   -8    7    8   14   18    6    2
    1   10   17    1    1   89    3    1    1       331   13    3   16   -1   -1   -5   15  -18   -4  -18  -14  -15   11   -9    0   -1   16   10
    1   10   18    1    2   82    3    3    0      2713  -23   -4  -14    8   13   -7  -10   12   -1  -13   13  -12    5    3   11    8   12    0
    1   10   19    1    1   87    3    1    1       537   14   -6   12   -5   -6  -17    7  -14   -1  -13   -8  -11   15  -14    2   -6   16   12
    1   10   20    1    1   85    3    1    1       766   12    5   14    1  -11  -14    1   -8    4  -18   -7  -15   14  -11    4   -2   12    9
    1   10   21    1    2   89    3    3    0      1677  -15   -5  -14   14    5    3  -13   -2    2  -15   19   -2    7    6   13   14    9    4
    1   10   22    1    3   90    3    1    0       758   -8   -2    3  -13   14    1  -12   -9    4   -3   -8  -16   10  -24  -10    5   -2  -19
    1   10   23    1    2   84    3    2    1      1346  -15  -17  -14   17    9    3   -8    2    0   -5   21   -7   11    2    6   20   11   -1
    1   10   24    1    2   86    3    3    0      1785   -4  -13  -15   20   16   -2    1    5    6  -16   17   -8    3    2    6    2    6   -2
    1   10   25    1    3   83    3    1    0       719  -11   -7   10   -8    9   10  -14  -10   13   -8   -5  -12   10  -15   -2   15    3  -10
    1   10   26    1    2   90    3    1    0       492  -19  -12   -7   20   10    2   -3    6    2  -15    7   -1    8    6   10   11   16   -4
    1   10   27    1    3   82    3    1    0      1730   -6   -3   11   -6    7   12  -13   -7   -5   -1   -7  -15   13  -15    3    7    7  -16
    2    1    1    1    3    4    3    2    0      4208  -14   -7    8   -5    5   16  -13  -10   -3    4    3   -9   13  -13   -5   17   -1  -17
    2    1    2    5    2    4    3    2    1      2757  -12  -14   -8   16   20   -6   -8   -1    3  -24   17    2    4    1   10   11   12    1
    2    1    3    4    2    6    2    1    0      1555  -14  -14  -10   11   16   -1   -4    1    3  -16   12   -8    7    6    9   10   13    1
    2    1    4    1    1   18    3    3    0      2210   14    4   18   -7   -6  -15   10  -15   -3  -15  -11  -17    9  -11   -6    9   24   19
    2    1    5    4    3    2    2    1    0      1221   -8   -2   11   -6    6   13  -12  -11    3   -8  -10  -17    9  -13   -2   15    0  -16
    2    1    6    4    1    5    2    1    1       609   11    2   12   -4  -16  -17   12  -15    4  -12   -6  -12   22   -1    2   -3   15   11
    2    1    7    1    1   25    3    1    1       532   17   -4    7   -3   -9  -17    6  -12   -6  -20   -3  -11   10  -20    5   -4   21   11
    2    1    8    1    3   28    3    2    0      3356  -15   -4    7   -8    8   12   -5   -6   -1   -6   -7  -13   12  -14   -3   16   -4  -14
    2    1    9    4    2    4    2    3    0      3538  -13   -9  -12   18   13    3  -14   10    2  -17   12   -5    6    8   12   10   16   -9
    2    1   10    4    2    2    2    2    1      2705  -10  -16  -14   15   12    2   -9    3    1  -14   14   -9    9    6    3    6   11    4
    2    1   11    5    3    1    3    1    0       594   -7   -3   12   -7   -1   20  -13  -11    1   -3   -2   -8   10  -14   -3   16   -6  -11
    2    1   12    5    3    2    3    1    0       567  -12   -6   10   -6   -1   14   -6  -12   -6    0  -11  -11   11  -16   -4   16    4  -19
    2    1   13    3    2    3    1    2    1      3325  -13   -9  -11   16   13    2   -8    3    1  -16   17   -6    5    7   14   12   11   -1
    2    1   14    5    2    5    3    1    0      3302  -12   -7  -12   16    7   -2   -7    3   -3  -12   14  -12    8    5   13   10   11   -5
    2    1   15    1    3   39    3    1    0       397   -8   -4   12   -6    7   11  -12   -8    2   -5  -12  -13    8  -15   -2   16    0  -15
    2    1   16    3    2    2    1    1    0       459  -13   -9  -14   17   15    3   -8    3    0  -15   13   -8    7    7   10   12   11    0
    2    1   17    5    3    7    3    3    1      1524   -9   -6   11   -5    9   10  -13   -8    5   -9   -8  -13    7   -7   -3   19    0  -15
    2    1   18    1    3   47    3    1    0      7398   -8   -3   13   -3   10   10  -12   -5   -4  -12  -10  -19   12  -14   -2   14    4  -11
    2    1   19    5    2    9    3    3    0      2938  -12   -9  -15   17   10    6    1   13    4   -6   12   -9   11    2   21    5   15    3
    2    1   20    5    2    2    3    1    0      2945  -16   -5  -13   15   15    1   -8    2    0  -14   12   -6    2    0   11   10   10   -1
    2    1   21    1    2   61    3    1    0      3336  -10   -4  -12   21   16    8  -10    7    0  -17   12   -7    4   11    8   13    9    1
    2    1   22    5    1    6    3    1    1      1165   12    4   16    0  -12  -16   11  -12   -8  -17   -8  -12   12   -8   10  -10   18    6
    2    1   23    3    1    3    1    1    1      7212   13    5   11   -5   -7  -15    9  -13   -3  -14   -6  -13   12  -10    3   -1   16   11
    2    1   24    5    3    4    3    1    0      1112   -9   -5   16   -3    8   12  -18   -3    6   -5    0  -23    6  -15   -1   13    3   -7
    2    1   25    4    3    4    2    1    0       852   -4   -8   10   -6    6   12  -13  -10    4   -7   -5  -13   10  -15    1   14    1  -18
    2    1   26    1    2   64    3    2    1      1059  -22   -4  -13   14   19   -2   -8    4    9  -19   15   -9    7    5   12   14   13   -4
    2    1   27    1    3   78    3    1    0      5957   -9   -3   12   -7    9   12  -10   -7   -4    2   -1  -13    9  -16   -8   17    1  -17
    2    1   28    2    3    0    0    3    1     20242   -9   -4   11   -7    8   11  -12  -10    4   -6   -7  -14   11  -14   -3   15   -1  -15
    2    1   29    5    2    7    3    1    0      1045  -14   -5  -18    7   14    2   -6    3    9  -10   14   -3    7   11    9   12    3    9
    2    1   30    5    1    9    3    1    1       631   11    6   11    0  -10  -16    9  -14  -11   -7   -6  -14    9  -19    5    6   14    4
    2    1   31    4    1    2    2    1    1       985   12    5    9   -3   -9  -15   11  -12   -3  -15   -6  -12   12  -17    4   -1   14   10
    2    1   32    3    3    3    1    1    0      1388   -9   -4   11   -6    8   10  -12  -10    3   -7   -7  -14   10  -14  -10   16   -1  -15
    2    1   33    5    1    1    3    1    1       672   17    3    4   -3   -8  -24   15  -15   -5  -13   -6  -16   12  -13    8    2   14    6
    2    1   34    5    2    3    3    1    0       384  -17  -17  -14    7   10   -2  -12    3    1   -9   14   -8   16   17   11   12   18    5
    2    1   35    5    1    2    3    1    1       539   15   -3   10   -4   -5   -9   11  -15   -5  -12  -15   -6   17   -7    0   -1   23   14
    2    1   36    3    3    2    1    2    0      1377   -8   -4   10   -6    7   12  -12  -10    4   -5   -7  -14   11  -14   -2   15   -2  -15
    2    1   37    1    1   82    3    1    1       646    4   13   12   -6    0  -17    6  -13    2  -12    3  -14   11  -11   -8    4   15   12
    2    1   38    1    1    3    3    1    1       537   13    6   12    3   -6   -6   14  -15  -12  -17   -8  -13    4  -14   -2   -5   16   12
    2    1   39    5    1    7    3    1    1       816   14    4    2  -10  -15  -16    7  -21   -1  -15  -15  -19   21   -3   -3   -2   21    4
    2    1   40    5    3    9    3    2    0      1356   -8   -6   10   -9    9   18  -14  -11   -6   -7   -8  -19   15  -18   -2   18    0  -17
    2    1   41    1    2   18    3    1    0       675  -23    0  -10   19   11   -8  -10    5   -4  -18    4   -3    1    8    8   16   20   -3
    2    1   42    5    2    1    3    1    0      1157  -22   -2  -14    7   24   -3   -8    1   -9   -8   18  -11   11   11   17   13   10    3
    2    1   43    5    1    3    3    1    1      8675   18   -5   10   -2  -16   -7   10  -16   -1  -14   -6   -8   14  -11   -1   -3   16    9
    2    1   44    4    1    3    2    1    1      1025   12    3   10   -7   -6  -15    5  -16   -1   -8   -8  -14   10  -10    1   -3   14   11
    2    1   45    2    2    0    0    3    0       947  -14   -9  -14   16   14    1   -8    3    1  -15   13   -7    7    7   11   11   11    0
    2    1   46    5    1    4    3    1    1       777   15    9    7   -5  -13   -8   10  -19   -3  -14  -10  -13   12   -1    1   -1   22   11
    2    1   47    3    1    1    1    1    1      1443   13    4   10   -4   -9  -16   13  -20   -4  -14   -8  -13   12  -10    1   -1   18   12
    2    1   48    1    1   22    3    1    1      1623   13    3   10   -6   -6  -16    7  -17   -7   -7    0  -22   13   -4    6    4   12    9
    2    1   49    4    1    4    2    1    1      1475   12    3   13   -4   -6  -15    6   -5    6  -20   -9  -12    9  -11    2    0   16   10
    2    1   50    5    3    3    3    1    0      1778   -8   -4   12   -7   11   13  -14   -7   -2  -13   -2  -18   21  -22    0   18   -5  -11
    2    1   51    1    2   31    3    1    0      1240  -13   -5  -12   11   14    0   -8    5    3  -15   18  -11    4    7    9   11   12    1
    2    1   52    4    3    1    2    2    0      1826  -10   -6   13   -5    8   12  -11   -9    3   -4    3  -20   16  -10   -4   16   -2  -10
    2    1   53    5    3    8    3    2    0      1093  -11   -7    1   -3    9   11   -2  -16    5   -5   -7  -15    6  -11   -3   17    5  -16
    2    1   54    5    3    5    3    1    0       661   -5   -5    2    0    8    1  -18  -13   -5    1   -1  -18   12  -15    0   20    0  -14
    2    1   55    1    1   38    3    1    1      4663    9   -1   21  -13   -8  -14   12  -19   -4  -15   -3  -11   20  -11    0   -2   16   10
    2    1   56    5    2    8    3    1    0      2710  -16   -8  -14   14   15    0   -7    3   -6  -19   11   -7    5    9   20    9   11    2
    2    1   57    1    3   54    3    1    0      1590   -2    3   13  -12    7   11  -14   -2    7  -10  -11  -19   12  -14    7   16    0  -15
    2    1   58    1    3   62    3    1    0      5235   -1    5   18  -16    7    8  -17  -14    2   -7   -6  -15    9  -14   -5   16   -3  -10
    2    1   59    4    1    1    2    2    0      1470   13    2    9   -7   -6   -7    8  -18   -3  -15   -7  -12   12   -9    3   -1   13   16
    2    1   60    1    2   65    3    1    0       914  -13   -9  -14   20   18   -3  -10    3    0   -7    9  -17    9   11    7    9   10   -1
    2    1   61    3    2    1    1    1    0       490  -14   -9  -19   20   13    2   -9    3    1  -18   13   -7    7    7    6   10    9    1
    2    1   62    2    1    0    0    1    1      1284   13    4   11   -5   -8  -15   10  -14   -4  -14   -7  -13   12  -10    2   -1   16   11
    2    1   63    4    3    5    2    1    0       957   -8    1   11   -6    8   12  -11  -11    5   -7   -2  -18   10  -17   -3   14   -2  -14
    2    1   64    1    1   78    3    1    1       402   16    6   21   -9   -4  -13   11  -19   -4  -16   -7  -18   11   -5    1   -1    7    4
    2    1   65    5    1    8    3    1    1       606   12    2    8   -1   -6  -19    2   -5    0  -16   -7  -12    7  -15   10    3   15   10
    2    1   66    1    2   84    3    3    0       818  -15  -17  -14   17    9    3   -8    2    0   -5   21   -7   11    2    6   20   11   -1
    2    1   67    5    2    6    3    1    0       751   -9  -11  -18   11   18    2   -9    2    4  -13   14   -8    7    6    1   11   11    5
    2    1   68    4    3    6    2    1    0       525  -11   -6    9   -8    3   11  -12  -11    6   -7   -8  -15   11  -15   -2   20    3  -10
    2    1   69    4    3    3    2    1    0       738   -8   -4   14   -7    7   10  -11  -13    4   -5   -6  -15   10  -13   -4   16   -5  -12
    2    1   70    5    1    5    3    1    1       754    5    6   12   -5   -8  -17   17  -12   -3  -14  -12  -14   22   -5   -3    0   17    7
    2    1   71    4    2    3    2    1    0       354  -18   -6  -15   16   12    6   -9    2    3  -17   15   -7    8    6   11    9   11   -1
    2    1   72    4    2    1    2    2    1      1104  -13  -13  -16   14   15    1  -11    8    1  -14   13   -9   16   13    9   15   11    3
    2    1   73    1    2   32    3    1    0       672  -13  -11   -4    8   12    6   -9    4    6  -12   12   -7    8    7   20   16   12    0
    2    1   74    4    1    6    2    1    1      1584   15    4   10   -4   -9  -15   11  -14    2  -18   -6  -14    2  -14    2   -4   12    6
    2    1   75    4    2    5    2    3    0      2156  -15   -9  -13   15   15    1   -5   -1    3  -14   12   -7   11   12    9   11   10    1
    2    1   76    3    3    1    1    1    0      2611   -8   -4   11   -6    8   11  -13  -10    5   -5   -7  -14   11  -14   -3   15    0  -16
    2    1   77    1    3   16    3    1    0      1018   -7   -2   16   -1    9    7  -12   -9    9   -3   -7  -15   12  -12    2   12    0  -15
    2    1   78    3    1    2    1    1    1      1166   12    4   10   -4   -8  -15   12  -15   -3  -15   -7  -12   10  -10    2   -1   15   12
    2    1   79    1    2    8    3    3    0      3195  -14  -11  -14   14   12   -3   -1   10   -2  -10    3   -9    7    8    7   16    9   -1
    2    1   80    1    1   68    3    1    1      2057   11    9   12   -6   -9  -15    8  -21   -6  -13   -9  -12   10  -16    9    4    6    3
    2    1   81    1    1   80    3    1    1       290   17    8   20   -6   -6  -15    9  -16   -3  -15   -8  -13   11   -9    1    1   15   11
    2    1   82    1    3   41    3    1    0       925  -10   -3   15  -10   18   20   -8   -9    2   -5   -8  -12   12  -16   -6   14   -3  -14
    2    1   83    5    3    6    3    3    1      1105  -19  -13   13   -5    9   10  -15  -13    4   -8  -16  -10   10  -15   -4   18   -1  -13
    2    1   84    1    2   24    3    1    0       931  -14   -7  -13   14    9   -4   -7    3   11  -25   19    0    6    6   12   10    1   10
