    1    1    1    1    2    8    2    2    1      5644   -8   11   -2  -13   -6  -12    2  -11    1    4   14  -12  -17   -9   -2   -8  -14   -8
    1    1    2    1    3    5    2    3    1      3367    7  -10   -5   -8    4   -6    2    1   -4  -11   11   13    3   -1  -13   -1   14  -10
    1    1    3    1    2    5    2    1    0      2536  -12   15   -3  -12  -11  -10    2  -10   -6   -1    7  -12  -15   -4   -1   -9  -12   -6
    1    1    4    1    1    8    2    1    1      6043  -12    6    1   -6   -7    6    9    6    1    5    2  -10   11   11  -11  -14    2  -14
    1    1    5    1    1    6    3    3    0      3973  -13    8   -8  -19   -5    5   11    4    8    7    8  -16   14    8  -15   -3    6  -15
    1    1    6    1    2    4    1    2    1      3055   -9   13   -4  -14  -10  -10    2   -9    0    4    9  -10  -13   -2   -1  -10  -14   -7
    1    1    7    1    1    4    1    3    0      2240  -12    7   -8  -10   -8    4    1   -2    0    5    3  -10   12    9  -12   -9    3  -14
    1    1    8    1    3    1    1    1    0      3474    7  -12   -6   -7    5   -6   -4   -1   -8   -1   11   11    6    3   -9  -12   11  -11
    1    1    9    1    2    2    2    2    1      9522   -9   12   -5  -13  -12   -8    4   -7   -6    8    9   -9  -15   -2    4    0  -14   -6
    1    1   10    1    2    6    3    1    0      3150  -16   12    1  -12  -19  -14    4   -9   -2    5   10  -13  -13   -4   -2  -12  -16   -7
    1    1   11    1    3    6    3    1    0      3114    5  -19   -6   -6   10   -5   10    9  -14   -5   18   11    5    4  -12   -4    9  -13
    1    1   12    1    1    5    2    1    1      2551  -13    5   -7  -12  -11    3   10    3    1    4    4  -11   12    8  -14   -6   -1  -23
    1    1   13    1    3    7    1    2    0      1658    5  -13   -5   -6    5   -6    7    6   -7   -2   15    9    5    3  -12   -2   10   -3
    1    1   14    1    3    3    3    2    0      4145    5  -14  -15  -13    7  -12   -2   11   -6    4    7   10    9    2  -10    1   12  -10
    1    1   15    1    2    9    3    1    0      7174  -12   18   -6  -13   -9  -11    3  -10   -6    4    9  -14  -13   -3   -2  -10  -16   -7
    1    1   16    1    3    2    2    2    0     10706    6  -11   -4   -6    5   -5    5    4   -9   -2   17    1    7    3  -16   -4   10  -11
    1    1   17    1    1    9    3    3    0      3953  -17    5  -10   -9   -8    6   14    2   -2    6   -1   -9   13    8   -8   -2    0  -14
    1    1   18    1    1    3    3    2    0     10940  -14    9    0  -18   -9    5   10    5   -4   15    1  -12   10    0  -13   -9    4  -10
    1    1   19    1    3    9    3    3    1      2194    7   -7   -4   -7    5   -5    7    7   -7    1   11   10    4    3  -12   -1   11  -12
    1    1   20    1    3    8    2    1    0      6868    5  -14  -11   -2    5   -8    8    4   -9   -3   13   12    7    2  -17   -1   18  -16
    1    1   21    1    2    7    1    2    1      1836   -9   12   -4  -14  -10  -10    2   -9    0    5    8  -11  -14   -4   -1  -11  -14   -7
    1    1   22    1    2    3    3    2    1      1339   -6    9   -6  -13  -14  -11    4  -10   -3    7    8   -7  -14    0    8  -20  -15   -7
    1    1   23    1    3    4    1    3    1      5486    7  -12   -7   -7    4   -5    6    7   -9    4   10   12    6    3   -7  -12   11  -10
    1    1   24    1    2    1    1    2    1      4108  -10   12   -5  -15   -2   -4    4  -13   -2    4    8  -11  -14   -3   -2   -9  -14   -7
    1    1   25    1    1    7    1    1    1      3904  -12    7   -9  -10  -10    5    9    4    1    0    4  -10   10   18  -12   -8    0  -11
    1    1   26    1    1    1    1    1    1      2988  -13    8   -7   -8   -9    3   10    3   -1    5    4  -10   12   10  -12   -8    8  -18
    1    1   27    1    1    2    2    2    0      5374  -13    5   -8  -11   -8    5   12    6    0    4    4   -9   12   10  -11   -1    0  -13
    1    2    1    1    1   16    1    1    1      4001  -13    7  -10  -10   -9    5   10    4    0    4    3  -11   12    9  -12   -8    2  -14
    1    2    2    1    2   18    3    1    0      2444   -7   10   -6  -13   -2   -5    3  -10   -2    4    4   -6  -15   -4   -2  -11  -15   -9
    1    2    3    1    2   13    1    1    0      5060  -10   13   -4  -14  -12  -10    2   -9   -2    4    9  -12  -13   -3   -1  -10  -18   -5
    1    2    4    1    2   15    3    1    0      1718  -11   12   -5  -15  -14  -14    5   -8    9    6   10  -13   -8  -13   -5   -7  -10  -10
    1    2    5    1    1   10    1    1    1      6251  -14    8   -8  -10   -8    4   16    1    0    6    6   -8   12    9  -11   -7    2  -13
    1    2    6    1    1   17    2    1    1      2283  -14    7   -9   -8  -10    5   11    5    0    6   -3   -6   18   17  -11  -10   -2  -23
    1    2    7    1    2   11    2    2    1      3289  -10   15   -3  -15  -12   -9    4   -8   -5    4    9  -13  -22    5   -3    0   -7    0
    1    2    8    1    3   11    2    3    1      2783    6  -14  -12   -7    5   -8    7    6   -9    3   12   10    3    6  -12    0   10  -11
    1    2    9    1    1   11    2    1    1      3833  -12    7   -7  -12  -14    9    8    5   -2   10   -1   -6   10   10  -13   -8    6  -17
    1    2   10    1    2   12    3    2    1      3243  -15   23  -11  -15   -6  -19    7   -6    0   -2    7   -9  -15   -2    0   -9  -14   -5
    1    2   11    1    3   16    1    3    1      2179    5  -11   -7   -6    5   -6    6    5   -7    0   11   11    7    3  -12   -1   11  -11
    1    2   12    1    1   13    1    1    1      1236  -13    7   -9  -10   -9    4   10    4    0    5    4  -11   11    8  -20  -12    2  -13
    1    2   13    1    2   16    1    3    0      2459  -10   13   -5  -14  -10   -8    2   -9    0    3   16  -20  -14   -3    0  -11  -14   -7
    1    2   14    1    1   14    2    1    1      5604  -16   12   -7   -8   -3   -3    5    9   -4    9    3   -9   11   10  -16   -3    0  -12
    1    2   15    1    3   10    1    3    1      6286    7  -11   -6   -7    4   -6    5    7   -9    0   11   11    6    3  -13   -2   11  -11
    1    2   16    1    2   17    2    2    1      6908   -9   14   -5  -13  -11  -10    4  -11    9   -3   14   -8  -13   -1    1  -14  -12   -7
    1    2   17    1    3   14    2    1    0      7344    5  -13   -7   -9    3   -7   16   10  -17    7   12   12    6    5  -14   -4   15  -13
    1    2   18    1    1   18    3    1    1      1638  -15    9  -19   -1   -9   10   11    3   -6    3    3  -12   13    9  -17    1    2  -15
    1    2   19    1    2   10    1    2    1      1134  -10   13   -4  -14  -11  -10    3   -9   -1    4    8  -11  -15   -3   -1  -10  -14   -7
    1    2   20    1    1   15    3    1    1     10250  -21   10  -10  -11  -12    2   11   14   -2    3   11   -4   13    9  -11   -8    8  -10
    1    2   21    1    3   15    3    2    0     11674   11  -17   -5   -8    4   -6    7    0   -8    0   11   12    7    5  -19   -2   13  -11
    1    2   22    1    3   18    3    3    1      4512    8  -18    4   -9   14   -5    0    4   -9   -2   10    7    9   -4  -12   -3   11   -9
    1    2   23    1    1   12    3    1    1      7940  -16    5   -8   -2   -4    1   10    0    0    0    5  -12   14   10  -15  -14   -1  -15
    1    2   24    1    3   17    2    2    0      6595    4  -13   -7   -5    7   -6    6    5   -9   -2    1   12    8    2  -14   -1   12  -12
    1    2   25    1    3   13    1    3    1      3285    6  -12   -6   -8    5   -5    6    6   -7   -1   10   11    9    4  -12   -2   11  -11
    1    2   26    1    2   14    2    3    0      9581  -11   12   -5  -16  -11   -8    7   -5    4   -5    7  -14  -18   -7   -2  -15  -15   -8
    1    2   27    1    3   12    3    2    0      5640    5  -11   -7    3    5   -5    5    7   -8    0   12   10   12    3   -7   -3   10   -5
    1    3    1    1    1   25    1    1    1      8623  -12    7   -8  -10   -9    4   10    3   -1    5    3  -11   12    8  -16  -15    2  -13
    1    3    2    1    2   23    2    2    1      1475  -11   15   -6  -13  -11  -10    3  -10   -2    4    9  -10  -15   -3    1  -11  -14   -6
    1    3    3    1    1   20    2    3    0      4835  -12    5   -9  -12  -13    7   12    2   -2    7    4  -12   11   12  -13   -8    3   -5
    1    3    4    1    1   26    2    3    0      7212  -11    6  -10   -9   -9    3   17   14   -2    6    4  -12    3   12  -11   -6   -3  -17
    1    3    5    1    3   19    1    1    0      3319    6  -12   -5   -8    6   -7    4    5   -7   -1   11   11    2    2  -13   -2   11  -12
    1    3    6    1    2   26    2    2    1      1487   -9   15   -4  -16  -15    1   -3  -12    1    8    0  -18  -12   -4    2   -9  -14   -6
    1    3    7    1    3   25    1    3    1      4782    5  -13   -6   -7   -5  -10    4    7   -9   -1   12   11    6    3  -12   -2   20  -15
    1    3    8    1    2   21    3    2    1      2344   -7   22  -13   -7  -13  -19    3  -13   -2   -5    5  -14  -19  -11  -11  -10  -18   -2
    1    3    9    1    3   26    2    3    1      1606    4  -10   -6   -8    3   -5    5    6   -9   -3   12   13    5    3  -12   -1   12  -12
    1    3   10    1    1   23    2    2    0       974  -17   13   -7  -12   -5    4    8    2  -10    1    2  -11   12    8  -12   -9    1  -13
    1    3   11    1    1   22    1    1    1       801  -14    7   -9  -10   -1   10   10    4    1    6    3  -11   12    9  -12   -8    1  -12
    1    3   12    1    2   20    2    2    1      1275  -13   17   -3  -13  -10   -9    1   -8    1    5    8  -10  -22    1    4  -10  -16   -8
    1    3   13    1    2   25    1    2    1       994  -10   13   -5  -14  -11   -9    2   -9    0    4    4  -13  -14   -3   -2  -10  -14   -7
    1    3   14    1    2   22    1    2    1       964  -11   14   -4  -14  -11   -9    2  -10   -1    4    8  -10  -14   -3   -2  -11  -13   -7
    1    3   15    1    1   27    3    3    0      5481  -13    8   -8  -11   -6    7    9    5    8    0    8  -12   20   -1  -11   -9    2  -14
    1    3   16    1    3   23    2    2    0      1096    5  -12   -5   -7    4   -5    7    7   -6   -4   10   11    0   -3   -7    7   16  -14
    1    3   17    1    2   24    3    2    1      1572  -12   14   -5  -13  -11  -10    6  -13   -2    5   -1   -7  -13   -4   -5  -16   -5   -2
    1    3   18    1    3   22    1    1    0      1440   11  -17   -6   -6    6  -10    6    6   -8   -1   11   10    7    3  -12   -2   11  -11
    1    3   19    1    1   24    3    2    0      3197  -13    3  -12    0   -9    2    5    6   -2   15    9   -5    9   -1  -14   -6   -2  -11
    1    3   20    1    3   21    3    3    1      2615   14  -14   -6   -9    3   -5   12   -4   -6   -1   17   15    5    4  -12   -4   10   -1
    1    3   21    1    1   21    3    1    1      5082  -22    7   -7   -6  -12    9   15   -5    1    4    6   -9   15    4  -11  -18   -3  -17
    1    3   22    1    2   27    3    2    1     12058  -15   20   -3  -16  -16  -12   -1  -19   -3    3   10   -8  -11   -1   -6   -8  -15   -7
    1    3   23    1    1   19    1    1    1      2097  -14    7   -9  -10  -10    5   10    4    0    6    2  -10   12    9  -12   -7    2  -13
    1    3   24    1    3   20    2    3    1      3399    8  -14   -6   -5    6   -6    4    6   -7    1   13   11    1   10  -14   -2   13   -9
    1    3   25    1    2   19    1    2    1      2219   -9   13   -5  -12  -11  -10    2   -9   -2    5    8  -12  -15   -2   -1   -9  -15   -7
    1    3   26    1    3   24    3    3    1      2045    4  -10  -11   -3    9   -6    4    8   -9   -1   11   10   13   11  -17   -7   19  -13
    1    3   27    1    3   27    3    2    0       998   -1  -12  -11   -8    4   -6    3    1   -4    0    9   10   10    2  -12   -4   13  -16
    1    4    1    1    3   28    1    3    1      5081    7  -12   -6   -8    5   -5    6    6   -7   -2   11   11    5    3  -12   -3   12  -11
    1    4    2    1    3   35    2    3    1      2057    4  -11   -4  -10    7   -6    9    9   -7   -1   10   12    6    2  -11   -2   20   -8
    1    4    3    1    1   30    3    2    0      1363   -9    4   -7  -11  -11    6    5    6    0    4    7   -2    8    5  -14   -6    1  -11
    1    4    4    1    2   35    2    3    0      3208  -10   15   -6  -15  -12   -8    3   -9   -2    2    7  -10  -14   -4    0   -9  -15   -7
    1    4    5    1    2   28    1    2    1      4677  -12    6   -4  -13  -11   -9    1   -8    6    7    7  -12  -14   -3    0  -11  -14   -7
    1    4    6    1    1   32    2    3    0      2085  -14    6   -8  -12   -8    3    6    7    1    3    2   -9   10    7   -7  -17    4  -11
    1    4    7    1    3   30    3    3    1      1485    6  -14   -7   -2    9  -14    4   -3   -4   -6    8    6    5    6  -12   -3    1  -11
    1    4    8    1    1   36    3    2    0     12574  -19    6  -13   -9   -9    9    2    3    7    0   11   -6   17    4  -16   -9   -3   -9
    1    4    9    1    3   29    2    3    1      2402   -1  -10   -6   -5    6  -10    7    5   -7    0   18   11    2    8  -14    0   11  -12
    1    4   10    1    2   33    3    2    1      2411  -10   12    2   -5   -8   -7    7   -9   -2   10    6  -17  -10   -2   -2  -10   -4   -7
    1    4   11    1    1   29    2    3    0      1669  -12    6  -17   -2  -10    4    7   -6    0    6   12  -20   12   14  -10   -8    0  -13
    1    4   12    1    3   31    1    1    0     13614    7  -11   -2  -15    3   -5    7    5   -9   -1   10   11    5    4  -12   -2   10  -10
    1    4   13    1    3   33    3    1    0      2538   13   -2   -8  -15    0   -3   10    3  -11    0   20    5    5    3  -13   -2   11  -10
    1    4   14    1    3   36    3    1    0      4385   -1  -15   -8   -6    5   -4    7    5  -12   -5   15   11    4    2  -14   -7   11  -10
    1    4   15    1    2   36    3    1    0     12461  -13   21   -4  -15  -11  -11   -1   -6    0    5    7  -10   -5  -11    4   -4  -18   -9
    1    4   16    1    1   34    1    3    0      7223  -14    6  -10  -10   -1   -4   10    3    0    5    4  -12   12   10   -2   -1    2  -13
    1    4   17    1    1   28    1    1    1      1041  -13    7  -10   -9   -9    4   10    4    0    3    2  -10   13    8  -12   -8    0  -18
    1    4   18    1    1   33    3    1    1      2691  -12   12    0  -20  -10   10    1   12    2    5    4  -12   11    8  -19  -18    3  -18
    1    4   19    1    2   32    2    3    0      1715  -10   15   -3  -13  -11  -10    1   -8   -1    5   10  -12  -13   -4   -7   -1   -7  -10
    1    4   20    1    2   31    1    2    1      1161  -10   12   -5  -14  -11   -9    9   -9    1    6    7  -10  -15   -1   -1  -10  -13   -8
    1    4   21    1    2   34    1    1    0      5671   -9   14   -3  -10   -4  -15    2   -9   -1    4    8  -11  -13   -4   -1   -9  -14   -7
    1    4   22    1    2   29    2    2    1      1375   -9   15   -3  -14   -9   -6   -7  -12   -4    4   18  -14  -13   -6    9   -6  -14   -8
    1    4   23    1    2   30    3    3    0      2497   -8   14   -8  -19   -6  -10   11   -1   -2    0    3  -18  -16   -6   -3  -10  -16  -11
    1    4   24    1    1   31    1    1    1      4245  -13    7   -8  -11   -9    5    7   -6   -1    6    3  -11   12    9  -12   -7    1  -12
    1    4   25    1    3   34    1    3    1      1447    6  -12   -8   -6    4   -6    6    6   -8   -2   10   12    4    3  -11   -2   11  -11
    1    4   26    1    3   32    2    3    1       777    4  -10   -8   -5    7   -9    8    8   -8   -2   12   10    6    5   -2   -2   12  -11
    1    4   27    1    1   35    2    1    1      1189  -12    7   -9   -8   -9    6   12    6    1    5    4   -8   10   11  -14   -6   -7  -10
    1    5    1    1    2   42    3    1    0      8496   -1    3   -6  -16  -21  -14    0   -7    4   -1   -2  -17  -15   -1   -2  -10  -17   -7
    1    5    2    1    3   39    3    1    0     16217    1   -5   -8  -15    6   -7    9    4  -10  -11    7   15   15    1  -14   -1   10  -18
    1    5    3    1    2   43    1    3    0      1292   -9   15   -3  -15  -11   -9    2   -9   -1    4    6  -12  -16   -3   -2   -9  -14   -7
    1    5    4    1    2   44    2    3    0      5685   -7   17   -5  -12  -17   -2   -5  -19   -1    5    7   -9  -13   -4    1  -11  -16   -8
    1    5    5    1    3   40    1    1    0      1325    7  -12   -5   -7    6   -6    6    6   -8   -3   11   10    6    3  -15   -3   12  -11
    1    5    6    1    2   39    3    3    0      8228  -11    9  -11   -4  -18    1   -4    1   -4    6    6  -10   -9   -3   -6   -1   -6  -16
    1    5    7    1    1   41    2    1    1      9560  -12    8   -7  -13   -8    6   10    5    7   12    5   -7   13   -1  -13   -7    0  -12
    1    5    8    1    3   37    1    1    0       806    6  -12   -6   -7    5   -6    5    5   -8   -1   12   12    6    3  -12   -2   12  -11
    1    5    9    1    3   38    2    1    0      3808    7  -13   -1   -9    7   -4    4    1   -9    3   13   11    9   -3  -12   -4   11  -16
    1    5   10    1    3   42    3    1    0      2358    5  -14   -7  -11    7   -6   -4   15    1    4   16   11    9    0  -11   -1   12  -11
    1    5   11    1    1   40    1    1    1      4963  -12    8  -11  -12   -9    3   10    4    2    3    4  -12   12    9  -11   -7    1  -13
    1    5   12    1    3   41    2    1    0      1242    5  -11   -7   -7    4   -5   11    7   -9    1   10   11    7    2  -16  -10   11  -12
    1    5   13    1    2   45    3    1    0      2755   -7   23  -10  -17  -14  -11    1   -4    6    0    8   -9  -21   -7    7   -6   -4  -11
    1    5   14    1    1   44    2    1    1      6497  -15    9   -8  -11   -8    5   13    5    0    6    3   -9   12   11  -10  -18    1  -13
    1    5   15    1    1   42    3    3    0      5047  -13    5  -19   -3  -11    6   12    2    5   -4    3  -12   14   10  -10   -8    0  -12
    1    5   16    1    2   40    1    3    0      3176  -10   13   -4  -14  -12   -7    3  -10   -1    4    8  -10  -15   -3   -1  -10  -15   -6
    1    5   17    1    1   45    3    1    1      2403  -11    1   -8  -11  -13   -1    5    3   -3    9    8   -9   15   11  -15   -5   -5  -21
    1    5   18    1    1   37    1    1    1      2073  -12    6   -9  -10   -9    4    9    3    0    5    3  -10   13    9  -12   -9    2  -12
    1    5   19    1    3   43    1    1    0      1296    5  -11   -5   -2   12   -5    8    4   -9   -2   12   11    9    8  -13   -3   11  -11
    1    5   20    1    1   43    1    2    0      3576  -13    8   -8  -11   -9    4    9    5    0    6    3  -11   13    9  -11   -8   -3   -8
    1    5   21    1    1   39    3    1    1      1414  -15    4   -9   -8   -9    3    0   -2   -4    6   -4  -17   11   10  -12   -9   12   -8
    1    5   22    1    2   41    2    1    0      1113  -10   14  -10  -24  -13   -8    4   -8   -2    4   13  -13  -18  -10    0  -12  -13   -5
    1    5   23    1    1   38    2    1    1      2135  -11    9   -8  -11   -7    5   19    0    2    4    2  -10   13    9  -12   -7    1  -12
    1    5   24    1    3   45    3    2    0      9021    6  -13   -9   -4    6   -7   -1    0   -5   -2   16   15   11   11  -13   -2   16   -5
    1    5   25    1    3   44    2    3    1      1135    4  -12   -7   -7    3    2    4    6   -6    0   13    9    5    3  -13   -3   10  -10
    1    5   26    1    2   38    2    3    0       747  -11   14   -5  -13  -11   -8    0  -10    0    5    7  -11  -15    5   -2   -9  -14   -8
    1    5   27    1    2   37    1    3    0      1269   -9   12   -9  -14  -10  -10    2   -9   -2    3    8  -11  -14   -3   -7    0  -14   -7
    1    6    1    1    1   51    3    1    1     10683  -12    6  -10   -8   -3   -3   11    3    8    4    4  -10    7   13  -13   -9    3  -13
    1    6    2    1    2   51    3    2    1      2461   -5   13   -5  -15  -12  -11    7   -6   -1    8    7  -17  -13   -2    1  -10  -13   -8
    1    6    3    1    2   54    3    1    0      3639  -10   12  -12  -19   -4   -7    1   -5   -2    3   16  -19  -15  -12    4  -15  -13   -6
    1    6    4    1    3   49    1    1    0      4179    6  -13   -1  -15    4   -5    6    6   -7   -2   10   11    7    4  -12   -2   11  -11
    1    6    5    1    2   52    1    3    0      1399  -10   13   -4  -14  -11   -9    2  -10   -2    3    7  -11  -13   -4    1  -12  -14   -6
    1    6    6    1    1   46    1    1    1      1194  -13    7   -8  -10  -10    4   11    5   -2    5    3  -10   13    9  -12   -6    2  -13
    1    6    7    1    3   54    3    1    0     11877   10  -12   -8  -11    5   -5    2    4  -11  -11    8   11   10    7  -10    0   16  -14
    1    6    8    1    2   50    2    3    0       935  -11   14   -5  -14   -9  -11    4  -10    1    6    5  -15  -14   -1   -1  -11  -13   -5
    1    6    9    1    3   46    1    3    1      1710    6  -12   -6   -8    5   -6    6    6   -7   -2   11   12    6    2  -12   -2   11  -10
    1    6   10    1    2   49    1    2    1      1446   -9   12   -4  -15  -11   -9    2   -9   -1    4    4  -15  -14   -2   -1  -10  -17   -2
    1    6   11    1    2   53    2    1    0      2570   -5    9   -1  -19  -10   -9    1  -10   -2    4    9  -12  -15   -4   -2   -9  -11  -12
    1    6   12    1    1   49    1    1    1      1536  -12    9   -8  -10   -8    4   10    4    0    5   13  -11   13    9  -12   -8    1  -14
    1    6   13    1    1   48    3    2    0      2780  -13    6   -1   -7   -9    5    9   13   -1    5    2  -10   12    7  -15  -10    6   -8
    1    6   14    1    1   47    2    1    1       904  -12    9   -8  -11   -9    3    8    4    1    5    3  -10   11   13  -20  -11    3  -13
    1    6   15    1    2   47    2    2    1      1678  -11   15   -2  -16   -1   -6    0  -11  -11    3   11   -6  -16   -2   -2   -8  -13   -8
    1    6   16    1    2   48    3    1    0      3301   -2   10   -5  -15  -21  -15    6  -12   -2    3    9  -11  -14   -5   -1  -12  -15   -7
    1    6   17    1    2   46    1    3    0     11499   -9   12   -4  -14  -11   -8    2  -10   -1    4    8  -11   -7    5    0   -9  -14   -7
    1    6   18    1    1   53    2    1    1      1691  -11    6   -9   -9  -10    4   10    3    5    0   -5   -4   10   12   -9    2    3  -14
    1    6   19    1    1   54    3    3    0      7651   -3    8   -7   -8   -2    1   11    5   -3    5   12  -20   17   18  -10   -9    8  -12
    1    6   20    1    3   47    2    1    0      8174    0   -6   -7   -6   -4   -9    8    6   -7   -1    9   10    7    3  -12   -3   11  -10
    1    6   21    1    3   51    3    1    0     13219   11  -17  -11   -6   12    0   -4   11   -8    1    3    5    5    1  -11   -1    9  -13
    1    6   22    1    1   50    2    2    0      1822  -11    8   -9  -11  -10    5   10    3    2    5    3  -10   19   -1  -13   -6    0  -14
    1    6   23    1    3   53    2    1    0      2275   16  -16   -8   -5    0   -3   -1    2   -8    0   15   11    4    5  -14   -5    3  -16
    1    6   24    1    1   52    1    1    1      1061  -13    8  -10  -10   -9    4    9    5    0    6    3  -11   13   10  -12   -7    2  -13
    1    6   25    1    3   50    2    3    1      1240    5  -11   -4   -5    5   -5    5    7   -7   -1   13   11    1   -2   -6    3    2   -7
    1    6   26    1    3   48    3    2    0      1059    2   -9   -7   -6    5   -4   11    8  -10    0   15    6    6    2  -10   -4    9   -9
    1    6   27    1    3   52    1    1    0      2580    2  -17   -6   -8    5   -6    6    6   -8   -1   12   10    6    3  -13   -1   19  -17
    1    7    1    1    1   60    3    1    1     10728  -14    6  -10  -11   -6    2   16   -2   -8   13   -4  -18   10    6  -12   -9    2  -14
    1    7    2    1    2   57    3    2    1      1348   -3   17   -5  -16  -12   -7    6  -18    2   11    7  -10  -16   -4    3   -5  -14   -2
    1    7    3    1    3   60    3    3    1      1000    7  -13    2  -10   12    3    1    5   -8    0   10   10    7    1  -13   -1   12  -12
    1    7    4    1    3   55    1    3    1       826    5  -11   -6   -7    7   -7    5    6   -8   -1   10   10    6    3  -12   -1   12  -11
    1    7    5    1    1   57    3    2    0      1572  -14    5   -9  -11   -4    6   10    3    0    4   11  -19   11   12  -12   -5    2   -9
    1    7    6    1    1   56    2    3    0      6894   -8    7   -7   -8   -8    0    8    6    0    7    3  -12   21   17  -13   -7   -1   -3
    1    7    7    1    2   62    2    2    1      3670   -9   15   -3  -15  -12  -11    3   -9    0    2   10  -12  -12   -4   -3  -10  -16   -5
    1    7    8    1    3   57    3    1    0      1231   11  -16   -5   -8   -5   -5    7    6  -10   -7   10   11    2   -1  -16    3   10   -1
    1    7    9    1    3   59    2    3    1      3545    4  -11   -8   -5    4   -5    0    6   -9   -1   12   12    7    1  -13   -3   12  -12
    1    7   10    1    1   59    2    1    1      1110  -18   11  -10  -12  -10    5   11    3    0    4    2  -11   14    9  -12   -9    2  -14
    1    7   11    1    3   61    1    3    1      1650    6  -12   -6   -7    5   -5    5    7   -8    0   10   12    6    3  -12   -2   11  -12
    1    7   12    1    1   61    1    1    1      3277  -12    6   -9  -10   -9    4   10    4    0    6    3  -11   12    8  -13   -9    2  -13
    1    7   13    1    2   61    1    2    1      1143  -11   13  -11  -18  -11   -9    1   -8   -1    3    8  -10  -15   -4   -1  -10  -14   -7
    1    7   14    1    3   62    2    3    1      1125    4  -13   -6   -8    6   -6   15   16   -9    0   11   10    4    1  -13   -2   13  -13
    1    7   15    1    2   56    2    2    1      1508  -10   14   -5  -12  -10   -9    2   -8   -1   -1    7  -11  -13   -1   -1   -9  -15   -7
    1    7   16    1    3   63    3    3    1      1204    8  -14   -5   -9   -1  -12    7    5   -9  -10   10   13    5   12  -10    0   15  -13
    1    7   17    1    3   56    2    3    1      1694    4  -13    0   -5   -2    2    5    6   -9   -3   12   12    3    2  -12   -1   12  -11
    1    7   18    1    2   58    1    2    1      4486  -12   18   -5  -13  -11   -9    1   -9    0    4    8  -10   -9   -2   -1  -10  -13   -7
    1    7   19    1    2   55    1    1    0      8813  -10   13   -5  -14  -10   -9   -3  -17   -1    4    8  -11   -6   -9   -1   -9  -14   -7
    1    7   20    1    1   55    1    1    1      4218  -12    6   -9  -10   -8    4   10    4    1    3    3  -11   12    9   -2   -1    2  -13
    1    7   21    1    2   60    3    1    0     13212    0    4   -5  -21   -6    1    1   -8   -6   14   15  -11  -10   -3   -6  -11  -23   -6
    1    7   22    1    3   58    1    3    1      1125    6  -12   -6   -8    4   -8    4    1   -9    7   12   10    5    3  -12   -1   10  -11
    1    7   23    1    2   59    2    1    0      6820   -9   14   -1  -21  -14   -5    2  -10    0    2    9  -11  -14   -2    1   -8  -15   -9
    1    7   24    1    2   63    3    1    0      1856    0    3   -4  -17   -2   -9    7  -14   -1   -4    8  -10  -17    1   -3  -15  -16   -9
    1    7   25    1    1   58    1    1    1      6642  -13    7  -10  -10   -7    4   10    4   -1    6    3  -11   13   10  -12   -8    2  -13
    1    7   26    1    1   62    2    3    0      1397  -21    7   -8  -12   -8    6    8    5   -2    6    3  -12   10   10   -8   -2   12  -18
    1    7   27    1    1   63    3    3    0      8026  -13    4   -6   -5  -12    6   20    3    2    5    4  -12   12    8  -16   -3    3   -3
    1    8    1    1    3   72    3    3    1      6406    8   -7   -8   -9    4   -9    1    9   -8   -2   10   11   -2    5  -11    3   10  -10
    1    8    2    1    3   69    3    3    1      8578    5  -17   -5   -7    4   -5    5    4  -12    4   12   12   15    9  -13   -3   14  -16
    1    8    3    1    2   66    3    1    0     22022   -8   23   -6  -12  -10   -8    9    1   -3    6   12  -16  -17   -3    8  -16  -23   -3
    1    8    4    1    3   67    1    2    0      8799    7  -18   -7   -8   -1  -13    5    7   -8   -1   11   11    6    3  -13   -1   10  -10
    1    8    5    1    2   70    1    2    1      1724  -10   14   -4  -14  -11   -9    1  -11   -1    4    9  -12  -15   -3   -1  -19  -14   -7
    1    8    6    1    3   68    2    1    0      1011    5  -11   -5   -8    5   -4    7    1  -10   -5   10   14   10   -6  -13   -2   11  -13
    1    8    7    1    3   71    2    1    0      3528    5  -11   -7  -10    3   -4    6    5   -6   -3   11   12   13    2  -13   -2    5   -6
    1    8    8    1    1   68    2    1    1      1317  -15    8   -9  -12   -4    6   11    8   -1    7    4  -12   12   11  -12   -7    1  -12
    1    8    9    1    3   64    1    2    0     27437    5  -12   -6   -7   13   -4    5    7   -5   -3   11   11    6    4  -13   -1   13   -7
    1    8   10    1    1   70    1    1    1      1457  -13    7   -8  -11   -9    4   10    4   -4   11    3  -12   11    9  -12   -8    1  -14
    1    8   11    1    2   71    2    2    1      1604   -9   14   -3  -15  -12   -9   10   -2   -3    5   10  -11  -15   -2    1   -9   -5    2
    1    8   12    1    2   65    2    2    1       687  -15   15   -4  -16   -9   -9    1  -10    5    4    6  -14  -13   -3   -1   -9  -13   -7
    1    8   13    1    2   68    2    2    1       785  -20   10   -7  -19  -11   -8    1   -9   -2    5    8  -12  -15   -3   -6  -11   -9   -6
    1    8   14    1    1   64    1    3    0      1885   -3    6   -9  -10   -9    4   11    5    1    5    3  -12   12    9  -12   -7   -5  -14
    1    8   15    1    1   71    2    2    0      2061  -18    3  -11  -13   -7    5    9    3   -7   15    3   -9    9    8  -19   -4    3  -14
    1    8   16    1    1   72    3    3    0      8023   -8   14  -16  -20  -10   12    5    1   -1    6    5  -12    9    3  -11   -7    1  -15
    1    8   17    1    1   65    2    2    0      1329   -8   -3  -10  -10  -12   -5   10    5    2    6    3  -12   18    2  -13   -8    1  -14
    1    8   18    1    3   66    3    3    1      1450   11  -13   -8   -3    6   -6    4   -4   -8    1   14    7    5    4  -11    1   10  -15
    1    8   19    1    2   72    3    1    0      1196  -18    3   -6  -14  -13   -8    4   -2    3    8   18  -12  -15   -1   -2   -9  -18   -8
    1    8   20    1    1   69    3    1    1      1333  -14   13  -19   -6   -6    5   19    7   -2    6    2  -10   22    2  -19   -9    3  -14
    1    8   21    1    2   64    1    2    1     11004   -9   13   -4  -15  -11  -10    2   -8    0    4    7  -12  -16   -1   -1  -10   -4   -1
    1    8   22    1    1   66    3    2    0      7072   -9   -2  -14  -20   -8    0    4    0   -1    3   -1   -9   12   10  -13  -11   -7  -14
    1    8   23    1    2   69    3    2    1      2960   -9   12   -3  -15  -14  -14    2   -3    4    6   11  -15  -11   -4   -2  -10   -9  -10
    1    8   24    1    3   65    2    3    1      3926    6  -11   -2  -12    6   -5    7    5   -7   -1    9   10    4    3  -12   -1   12  -10
    1    8   25    1    3   70    1    3    1       788    6  -11   -6   -8    2   -3    6    6   -8   -1   10   10    5    4  -11   -2   11  -11
    1    8   26    1    1   67    1    1    1      1870  -11    9   -8  -10   -8    5   10    4    0    5    2  -11   12   10  -12   -8    2  -14
    1    8   27    1    2   67    1    2    1      2864  -11   14   -4  -13  -11   -9    2  -10   -1    4    8  -11  -16  -12   -2  -10  -15   -7
    1    9    1    1    1   79    1    1    1      1782  -13    7   -9  -10   -8    3   11    4    0    6    3  -10   13    8  -13   -7    1  -12
    1    9    2    1    2   76    1    2    1       764  -11   14   -4  -14  -11   -9    2   -9   -4    7    8  -10  -13   -4   -2  -10  -16   -5
    1    9    3    1    1   81    3    1    1      1097  -17   14   -9  -11  -10    4    4    2    2    7    2   -9   18   18  -14  -10    2  -15
    1    9    4    1    1   78    3    2    0      3752  -18    8  -19   -3   -5   -5    9    3    5    7    5  -14   22   18  -12  -13    2  -10
    1    9    5    1    3   74    2    1    0      2142    7  -11   -5   -7    6   -5    8   12   -3    2   17    9    7    3  -13   -2    1  -13
    1    9    6    1    3   73    1    2    0      1286    4  -10   -6   -7    6   -7    5    7  -10   -5   11   11    6    3  -12   -2   10  -10
    1    9    7    1    3   80    2    1    0      4910    3  -17    2  -13    5   -7    6    4   -7   -3   11   13    7    1  -11   -1    9   -9
    1    9    8    1    1   80    2    3    0      1894   -3   -3  -10   -9  -11    5   10    6   -1    6   -2   -9   10   11  -10   -6    1  -14
    1    9    9    1    2   78    3    2    1      1527  -18   14   -4  -19  -11   -8    4   -9   -5    8    4   -5  -19   -7   -4  -15  -17   -9
    1    9   10    1    1   75    3    1    1     18167  -10    2   -8   -9  -10    6   19   -4    8   15    4  -10   14    7  -22   -2   10  -20
    1    9   11    1    3   81    3    3    1      3871    5  -11    2   -7    4   -6   14    9   -7    1   16    7    5   -2   -6   -8   11  -10
    1    9   12    1    2   77    2    2    1      1123  -12   12    0  -17  -12  -11   -6  -16   -2    4   12  -19  -15   -4    0  -10  -14   -8
    1    9   13    1    2   73    1    2    1       883  -11   13   -4  -14  -12   -9    1   -8   -1    4    8  -11  -14   -3   -3   -5  -14   -8
    1    9   14    1    1   76    1    1    1      2747   -7   14   -8   -9   -9    4   11    5    1    4    4  -11   11    9  -22   -9    2  -13
    1    9   15    1    3   78    3    3    1      5082   14   -7  -10  -10   15   -3    6    8   -7   -2   11   12   11    0   -9    2   21  -11
    1    9   16    1    2   75    3    2    1       667  -13   17   -9  -13  -10  -10    2  -19    0    4    9   -7  -14  -10   -3  -11  -18   -7
    1    9   17    1    3   75    3    3    1      1739    6  -14   -1    2    9    1    7    6    1  -11   12   11    5   10  -13   -2   12  -12
    1    9   18    1    2   79    1    2    1      7762  -10   13   -4  -13  -15   -9   10   -9   -2    4    7  -11  -14   -3   -2  -10  -14   -7
    1    9   19    1    1   77    2    3    0      1768  -15    6   -7  -15   -4    8    9    5   -1    4    4  -12   16    8  -12   -9   -2   -6
    1    9   20    1    3   76    1    3    1      2319    6  -11   -6   -7    5   -6    7    5   -7   -2   10   11    5    3  -12   -2   11  -11
    1    9   21    1    3   79    1    1    0      3662    5  -12   -6   -8    0   -1    4    4   -6    0   11   11    6    2  -13   -3   10  -10
    1    9   22    1    2   74    2    2    1      5786  -11   14    4  -12  -15  -13    1   -9   -8   -6   11  -12  -16   -4   -2   -9  -15   -7
    1    9   23    1    1   73    1    2    0      2321  -14    8   -9  -10   -9    4    9    6  -10    9    3  -11   12    8  -13   -9    2  -13
    1    9   24    1    3   77    2    3    1     13921   13   -2    4  -14    7   -7    4   -3   -7   -3   13   12   10    8  -11   -3   12  -11
    1    9   25    1    2   81    3    1    0     13795  -16   10    4  -22  -10   -9   -1   -4   -4   11   18  -13  -13   -2   -8  -12  -15   -6
    1    9   26    1    1   74    2    1    1      1577  -13    8  -14  -14  -10   -4   15   10    0    4    1   -8   11   11  -12   -9   -3  -15
    1    9   27    1    2   80    2    2    1      1415   -9   13    1  -10  -12   -8   -5    1   -3    5    8  -12  -24    1   -3  -10  -15   -6
    1   10    1    1    3   87    3    2    0      4376   -4  -19    2  -12   -4   -7    1    3   -7   -3    9   15   -2    3  -18    3    3  -18
    1   10    2    1    3   86    2    3    1      2742    5  -12   -5   -9    6   -3    8   12   -9   -1   13    9    4    2  -12   -1   12   -9
    1   10    3    1    2   87    3    3    0      2435   -9   12   -3  -15  -11   -8    3   -9    9    6    6  -10  -21  -10   -3   -3   -6   -2
    1   10    4    1    3   89    2    1    0      1803    7  -13   -8   -7    9   -2    6    5   -9    0   13   13    5    3  -12   -3   13  -13
    1   10    5    1    3   83    2    1    0      2175    8  -10  -10  -10    6   -4    5    7   -9    0    3    2    6    2  -13   -1    3  -18
    1   10    6    1    3   82    1    1    0      3252   14   -6   -6   -6    6   -6    7    6   -7    0   11   11    4    5  -11   -3   11   -6
    1   10    7    1    2   82    1    2    1      1501  -10   14   -4  -14   -9  -11    3  -10   -1    5    8  -11  -14   -3   -5   -7  -14   -7
    1   10    8    1    2   89    2    2    1       894  -11   12   -4  -13   -9  -10    4  -11   -2    6   10  -11  -17    2   -2   -9  -14   -8
    1   10    9    1    1   84    3    3    0      2087   -6    6  -14  -10   -8    2    7    6    0    8    1   -8    8    8  -11   -8    1  -12
    1   10   10    1    2   84    3    2    1      1618   -6   17    3  -19  -10  -10    0  -17    0    4   12  -11  -15   -1    9  -10  -10   -7
    1   10   11    1    1   85    1    3    0      1870  -13    7   -9   -8   -9    4   10    4   -3   14    3  -10   10    9  -10  -10    2  -13
    1   10   12    1    1   88    1    1    1       928  -13    7   -9  -10   -9    5   10    5    0    5    4  -11   12    9  -12   -7    2  -14
    1   10   13    1    1   83    2    1    1      1943   -9    3   -8  -12  -10    6   10    2    3    7    4  -11   15   10  -17  -12    1  -12
    1   10   14    1    1   90    3    1    1      5173  -12    5   -8  -11   -8    2    1    8   -9    4    6  -12   11   10  -14   -9    1  -13
    1   10   15    1    2   86    2    2    1      1333  -10   14    2  -23   -9  -14    3   -8  -10   -6    8  -12  -10  -12    1   -9  -15   -8
    1   10   16    1    2   85    1    2    1       909  -10   13   -3  -15  -11   -9    1   -8   -2    5    8  -11  -15   -3   -2  -10  -14   -7
    1   10   17    1    1   86    2    1    1      1717  -14    8   -8  -11   -9    3   17   -6    6    1    5  -10   11   15  -10  -13    2  -14
    1   10   18    1    2   83    2    2    1      1021   -9    5   -4  -12  -11   -7    0   -8    1    4    6  -11  -13   -3   -2  -10  -16   -6
    1   10   19    1    3   88    1    3    1       975    6  -13   -6   -7    6   -5    7    5   -8   -2   10   12    6    3  -12   -2   11  -11
    1   10   20    1    1   89    2    1    1      4515  -11    7   -9   -9  -11    3   10    3   -4    3    5  -10   14    7   -6   -9    1  -13
    1   10   21    1    2   88    1    1    0      2987   -3   15   -3  -14  -20    0    1   -9   -1    4    9  -11  -14   -2   -1  -10  -13   -9
    1   10   22    1    1   87    3    1    1      2159  -12    9   -7   -8  -10    3    8    5    1    5    2   -9   18   10  -13  -14    2  -12
    1   10   23    1    3   90    3    1    0      4516   -4  -18   -9    0    8   -1    6    5  -18   -2   13   11    0    0  -22    6   10  -12
    1   10   24    1    1   82    1    1    1      8348  -13    7   -9  -10   -9    4    7    5    0    5    5  -11    3   11  -12   -8    1  -14
    1   10   25    1    3   85    1    3    1      1083    6  -11   -6   -7    6   -7    5    7   -8   -1   11   11    5    3  -12   -2   11  -10
    1   10   26    1    2   90    3    1    0      7404  -11   13   -8  -13  -13  -10   -2   -9    2   -2   12  -11  -21  -11   -6   -8  -11  -11
    1   10   27    1    3   84    3    1    0     22415    1  -10  -11    3   12    2   12   13   -7    1    5    9   10    5  -13   -1    9  -10
    2    1    1    5    2    4    3    1    0      3343   -5   23   -4  -17  -13   -6    3   -5    7    2    6  -12  -17    3   -4  -14  -12   -8
    2    1    2    1    2    7    1    2    1      7829   -9   12   -4  -14  -10  -10    2   -9    0    5    8  -11  -14   -4   -1  -11  -14   -7
    2    1    3    5    3    3    3    3    1      1945   15  -12   -1   -8    3   -5   15   13  -17    7    3   14    5    3  -11    5   11  -10
    2    1    4    1    2   11    2    2    1      2055  -10   15   -3  -15  -12   -9    4   -8   -5    4    9  -13  -22    5   -3    0   -7    0
    2    1    5    5    2    2    3    1    0      5728   -1   20    2   -5   -3   -4    8   -4    4    3    5  -11   -4    5   -1  -11  -15   -7
    2    1    6    1    1   23    2    2    0      2856  -17   13   -7  -12   -5    4    8    2  -10    1    2  -11   12    8  -12   -9    1  -13
    2    1    7    3    1    3    1    2    0      1332  -13    7   -9   -9   -9    5    7    4   -1    5    3  -11   11    9  -12   -9    2  -13
    2    1    8    5    1    5    3    1    1      3371  -23    3  -12  -12   -8    6   12    2    2    2    2  -11   14    8  -15   -3    3  -14
    2    1    9    5    3    1    3    3    1      8657    5  -12   -2   -2    2  -15    8   10   -8    2    7   12    7    4  -11   -2   12   -6
    2    1   10    1    1   33    3    1    1      1459  -12   12    0  -20  -10   10    1   12    2    5    4  -12   11    8  -19  -18    3  -18
    2    1   11    2    1    0    0    1    1       817  -13    7   -9  -10   -9    4   10    4    0    5    3  -11   12    9  -12   -8    2  -13
    2    1   12    1    2   41    2    1    0     11645  -10   14  -10  -24  -13   -8    4   -8   -2    4   13  -13  -18  -10    0  -12  -13   -5
    2    1   13    1    1   46    1    1    1      3142  -13    7   -8  -10  -10    4   11    5   -2    5    3  -10   13    9  -12   -6    2  -13
    2    1   14    1    3   59    2    3    1      1892    4  -11   -8   -5    4   -5    0    6   -9   -1   12   12    7    1  -13   -3   12  -12
    2    1   15    2    3    0    0    3    1      1125    6  -12   -6   -7    5   -6    6    6   -8   -1   11   11    6    3  -12   -2   11  -11
    2    1   16    4    2    5    2    2    1      7477   -9   15   -5  -16  -12   -8    3  -10    2    5    9  -10  -15   -4   -9  -13  -18  -10
    2    1   17    5    2    9    3    1    0     19092  -17   16    0   -7  -20    0    2  -10   -6    4   13   -3  -13   -2   -2   -9  -15   -9
    2    1   18    3    2    3    1    2    1      1207   -9   13   -4  -14  -11   -9    2  -10   -1    3    9  -12  -14   -3   -1   -9  -14   -7
    2    1   19    4    3    4    2    3    1      4692    6  -11   -7   -7    5   -9    8    5   -9   -2   13   12    4    0   -7   -4   11  -13
    2    1   20    3    3    1    1    3    1      3765    4  -12   -6   -6    5   -5    6    4   -8   -2   10   11    8    2  -12   -2   11  -11
    2    1   21    3    3    3    1    1    0     10859    6  -12   -6  -11    5   -6    5    7   -8   -6   11   11    6    3  -15   -6   10  -10
    2    1   22    5    3    7    3    1    0      1014    5  -12   -6   -6    6   -6    5    5   -9   -3   10   12    9    3  -11    0    7  -21
    2    1   23    4    2    2    2    2    1      2571  -11   14   -2  -16  -13   -8    3   -9  -10   -2    7  -10  -16   -8   -9   -5  -13   -5
    2    1   24    1    2   69    3    1    0      1649   -9   12   -3  -15  -14  -14    2   -3    4    6   11  -15  -11   -4   -2  -10   -9  -10
    2    1   25    1    2   73    1    2    1     10219  -11   13   -4  -14  -12   -9    1   -8   -1    4    8  -11  -14   -3   -3   -5  -14   -8
    2    1   26    1    2   85    1    2    1       735  -10   13   -3  -15  -11   -9    1   -8   -2    5    8  -11  -15   -3   -2  -10  -14   -7
    2    1   27    4    2    1    2    2    1      2894   -8   12   -4  -12  -10   -9    4   -9   -1    6   10  -10  -15   -2  -10   -3  -13   -5
    2    1   28    5    1    9    3    1    1      2711  -11    5  -18   -4  -13   -5   14   -1   -1    6    4  -12    7    8  -10  -12    7   -8
    2    1   29    1    3    2    2    3    1      1881    6  -11   -4   -6    5   -5    5    4   -9   -2   17    1    7    3  -16   -4   10  -11
    2    1   30    5    3    9    3    3    1      6010    9  -17   -5   -8    2   -8    7    5  -17   -6   10   10    7    1   -4    2   11  -12
    2    1   31    4    3    3    2    1    0      7686    6  -11  -11  -13    6   -5    7    5   -7    1    1    7    7    2  -13   -2   10  -10
    2    1   32    1    3   10    1    3    1      5536    7  -11   -6   -7    4   -6    5    7   -9    0   11   11    6    3  -13   -2   11  -11
    2    1   33    1    1   21    3    1    1      2255  -22    7   -7   -6  -12    9   15   -5    1    4    6   -9   15    4  -11  -18   -3  -17
    2    1   34    5    2    1    3    3    0      6691   -7   11   -3  -16   -2   -7   -8  -11    4   10   16  -14  -14   -4    0  -12  -19    3
    2    1   35    4    1    6    2    1    1      1812  -14   10   -4   -8  -10    5   11    2   -1    5    8  -19   14    8  -13   -7    2  -15
    2    1   36    5    2    6    3    2    1      1735  -10   14   -6  -11  -10  -12   -8   -6   -3    9    5  -11  -12   -5    0   -8  -15    0
    2    1   37    4    3    5    2    3    1      2782    7  -11  -12  -14    7   -6    8    5  -10    1   12   11    4    3  -10   -2    2   -1
    2    1   38    5    3    4    3    3    1      2123    8  -13   -1   -7   10   -3    7    7    0    3   18   10    4    4  -14   -1    2   -9
    2    1   39    3    2    1    1    2    1      2931  -11   12   -4  -14  -11  -11    5   -8    1    6    8  -11  -13   -4   -1  -10  -13   -8
    2    1   40    5    1    6    3    3    0      5323  -13    8   -5  -17  -12   -1   12    2    4   -3    0  -12   22    6  -11   -9    7  -16
    2    1   41    5    3    6    3    3    1      2001    7  -12  -12  -13    5   -8    7    7   -8   -2    3   20    5    3  -16   -6   12  -13
    2    1   42    4    3    6    2    3    1      4156    5  -12   -6   -8    3   -5    4    8   -7    0   11   12    5    3  -14   -7   16  -13
    2    1   43    5    2    7    3    1    0      7187   -9   21   -4  -16   -9   -8    1   -9    1   13    4   -3  -22    4   -2   -8  -12  -10
    2    1   44    5    3    5    3    1    0     32719    5  -11  -14  -11    5   -5    6    5   -8   -2    9   12   13    0   -5   -8    9  -12
    2    1   45    5    1    3    3    2    0      2575  -17    8   -8  -11  -14   -1   13   -1   -1   10   -2   -9   13    8  -12   -7   12  -13
    2    1   46    1    1   29    2    3    0      3702  -12    6  -17   -2  -10    4    7   -6    0    6   12  -20   12   14  -10   -8    0  -13
    2    1   47    5    3    8    3    2    0      8892    5  -12   -3   -4    7    0   -1   13  -18   -6   21    6   14   11  -19    8    5   -4
    2    1   48    1    1   40    1    1    1      1734  -12    8  -11  -12   -9    3   10    4    2    3    4  -12   12    9  -11   -7    1  -13
    2    1   49    5    2    5    3    1    0      4940  -11   13   -1  -20   -8   -6   -7  -11    3    2    9  -10  -11   -1    1   -9  -21  -14
    2    1   50    1    3   53    2    1    0      9700   16  -16   -8   -5    0   -3   -1    2   -8    0   15   11    4    5  -14   -5    3  -16
    2    1   51    5    1    8    3    3    0      2526  -11    6  -15  -14   -8    5    4   14    0    7    3  -13    9   16  -13    0    6  -13
    2    1   52    1    1   62    2    3    0      1652  -21    7   -8  -12   -8    6    8    5   -2    6    3  -12   10   10   -8   -2   12  -18
    2    1   53    1    1   70    1    2    0      4480  -13    7   -8  -11   -9    4   10    4   -4   11    3  -12   11    9  -12   -8    1  -14
    2    1   54    5    2    8    3    1    0      3943  -12   12   -5  -23   -6  -19    8  -10   -2    3   10  -13  -18   -5   -4   -8  -13   -8
    2    1   55    1    2   80    2    2    1     10130   -9   13    1  -10  -12   -8   -5    1   -3    5    8  -12  -24    1   -3  -10  -15   -6
    2    1   56    1    3   85    1    3    1      2568    6  -11   -6   -7    6   -7    5    7   -8   -1   11   11    5    3  -12   -2   11  -10
    2    1   57    5    1    7    3    1    1      4925  -12    6  -11  -14  -10    1   10    5    0    4    3  -12   20   -1  -11   -9    1  -10
    2    1   58    4    2    4    2    2    1      1046  -10   11   -8  -19  -11  -11    4  -11   -1    5    7   -8  -15   -5   -2  -10  -12   -7
    2    1   59    1    3   24    3    3    1     17958    4  -10  -11   -3    9   -6    4    8   -9   -1   11   10   13   11  -17   -7   19  -13
    2    1   60    4    1    2    2    2    0      6547  -13    5  -10   -9   -7    3    0   -4   -1    5    8   -7    2    8  -13   -6    2  -12
    2    1   61    3    2    2    1    2    1      1115  -20   18   -2  -12  -10   -9    2   -8   -1    4    8  -11  -14   -3   -1  -10  -15   -7
    2    1   62    4    1    5    2    1    1      1500  -12    7  -14  -14  -10    4   10    5   -2    6    3  -10   12   10   -6  -16    5  -16
    2    1   63    4    2    6    2    2    1      1147  -19   17    1  -23  -10   -8    0   -7   -4    6   17   -1  -16   -3   -1   -9  -14   -6
    2    1   64    4    2    3    2    1    0      5289   -9   13   -5  -10  -13  -12    2   -8   -6   -3    3  -20  -13   -3   -2   -9  -14   -5
    2    1   65    2    2    0    0    2    1      2709  -10   13   -4  -14  -11   -9    2   -9   -1    4    8  -11  -14   -3   -1  -10  -14   -7
    2    1   66    5    2    3    3    3    0      6119   -7   22   -3  -11   -6  -11    3  -10    0    3   18   -3  -13    3    5    0  -10  -10
    2    1   67    4    3    1    2    1    0      4430    5  -14   -2   -3    5   -7    4   13   -6   -2   11   10    4    2  -10   -2   12  -12
    2    1   68    3    3    2    1    3    1       905    5  -11   -7   -7    5   -6    5    7   -9    0   11   11    4    4   -5   -1   11  -11
    2    1   69    1    3   36    3    3    1       819   -1  -15   -8   -6    5   -4    7    5  -12   -5   15   11    4    2  -14   -7   11  -10
    2    1   70    4    1    4    2    1    1      3439  -12    5   -4  -15  -19   -1    9    5    4    8    4   -9   12    7  -11   -9    8   -7
    2    1   71    4    3    2    2    3    1      3091    5  -11   -8   -7    5   -5    5    6   -9    0   10   13    5    1  -12   -3    7   -7
    2    1   72    1    3   12    3    2    0      6323    5  -11   -7    3    5   -5    5    7   -8    0   12   10   12    3   -7   -3   10   -5
    2    1   73    3    1    2    1    1    1      1794  -14    7   -8  -10   -9    4   10    5    1    4    3  -11   13   10  -12   -8    2  -13
    2    1   74    1    1    9    3    1    1      8964  -17    5  -10   -9   -8    6   14    2   -2    6   -1   -9   13    8   -8   -2    0  -14
    2    1   75    5    1    2    3    1    1     25834  -12    5   -1  -12   -9    5   15    5    0    6    5   -4   12   18  -13  -12   -3  -17
    2    1   76    5    3    2    3    1    0      6606    8  -15  -11    3   13   -8   -4    8  -17    9   15    3    5    3  -14    0   12   -6
    2    1   77    5    1    1    3    3    0      6978  -18   13   -1   -8   -6    0   16   -6   -1    5    2  -10   13   12   -8   -9   -6  -15
    2    1   78    4    1    1    2    1    1      9097   -8   13   -7  -10   -7    6   11    6    0    4    3  -12    6   10  -13   -7    1  -17
    2    1   79    3    1    1    1    2    0      6586  -14    8   -9   -9  -12   -1   10    4    1    6    4  -10   13   11  -11   -8    2  -13
    2    1   80    1    2   48    3    3    0      2287   -2   10   -5  -15  -21  -15    6  -12   -2    3    9  -11  -14   -5   -1  -12  -15   -7
    2    1   81    5    1    4    3    1    1     12432   -4    1  -19   -6   -9    3    8    8   -9   13    2  -16   20    2  -16   -4    3  -18
    2    1   82    1    3   61    1    3    1      1852    6  -12   -6   -7    5   -5    5    7   -8    0   10   12    6    3  -12   -2   11  -12
    2    1   83    4    1    3    2    1    1      1199  -15    6   -9  -11   -9    3   12    5    0    6    5   -9   13    7   -9   -7    4  -14
    2    1   84    1    2   72    3    1    0      7278  -18    3   -6  -14  -13   -8    4   -2    3    8   18  -12  -15   -1   -2   -9  -18   -8
