    1    1    1    1    2    1    1    2    1      5234   -3    9   14    4   13   13    4  -13    3   11    4   13   -2   -9   -7    7    4   -1
    1    1    2    1    3    7    1    1    0      1826    6   13    2  -10    6  -12   -2   13   15    5   -3    4   -5    9  -21   -9   15    8
    1    1    3    1    2    7    1    2    1      1077   -3    9   12    6   14   15    3  -12    3   12    5    9   -1   -9   -9    9    6   -8
    1    1    4    1    1    2    1    1    1      2950   -9    1    3    2   -4    9    7   -3   -6   -7  -13   -1   -6   15   -9    7    9  -15
    1    1    5    1    3    1    1    3    1      2300    5   14    0  -11    4  -11   -8   24   15    2   -4    5   -5    9  -14    0   21   11
    1    1    6    1    3    8    1    3    1      1530    5   14    0  -11    4  -11   -1   14   15    3   -4    5   -1    8  -14    0   14    9
    1    1    7    1    1    8    1    2    0       871   -5  -10    1    7   -3   10    7   -3   -6   -6  -14   -1   -6   15   -9    6   10  -14
    1    1    8    1    2    6    1    2    1       592   -3    9   12    6   13   13    5  -12    3   11    4    9   -1   -9   -8    8    7   -7
    1    1    9    1    1    6    1    2    0      1542   -6   -9    2    1   -3   10    7   -3   -5   -7  -14   -2   -5   14  -10    8   10  -14
    1    1   10    1    2    3    1    2    1       708   -4    9   11    5   13   16    3  -12    2   11    3    9   -1   -9   -7    8    7   -8
    1    1   11    1    3    5    1    3    1       438    5   14   -2  -12    4  -11   -1   14   15    2   -4    4   -5    9  -13    1   15   10
    1    1   12    1    1    9    1    1    1       656   -5  -10    2    1   -3   10    7   -3   -6   -7  -14   -1   -7   12  -10    5    9  -13
    1    1   13    1    3    9    1    3    1       994    5   14    0  -12    4  -11    0   15   15    2   -5    4   -5    9  -14    0   13    9
    1    1   14    1    3    3    1    3    1      1447    4   15   -1  -10    6   -8   -2   16   15    2  -10   -1   -5   10  -15    0    9    5
    1    1   15    1    1    1    1    1    1      1368   -5  -10    2    1   -3   10    5   -3   -5   -7  -14   -2   -6   14   -8    9   10  -14
    1    1   16    1    3    6    1    3    1       670    4   15   -1  -10    5  -11    0   14   16    2   -3    4   -6   10  -13    0   14    9
    1    1   17    1    2    2    1    2    1       767   -4   10   12    6   14   15    3  -14    2   12    5    9   -2  -10   -7    8    6   -8
    1    1   18    1    2    5    1    3    0      1053   -3    9   17    3   14   14    4  -13    2   12    3   10   -1   -8   -7    9    7   -7
    1    1   19    1    1    7    1    1    1      1056   -7   -8    3    0   -5   10    7   -3  -11  -13  -14   -1  -12    9  -10    8    9  -14
    1    1   20    1    1    4    1    2    0      1682  -10  -11    2    0   -2    7    7   -3   -5   -7  -14   -1   -6   14   -9    7   10  -14
    1    1   21    1    2    4    1    2    1      1491   -3   10   12    7   14   14   -6  -19    2   11    4   10   -1   -9   -8    8    8   -7
    1    1   22    1    2    9    1    2    1      2944   -4    9   13    7   13   14    4  -13    3   12    4   10   -2   -9   -5    7    3  -17
    1    1   23    1    3    4    1    3    1       837    5   14    0  -11    4  -10   -2   13   16    2   -4    5   -9    4  -14    0   14    8
    1    1   24    1    1    3    1    1    1       959   -6   -9    2    1   -2    8    6   -3   -5   -7  -15   -1   -7   15   -9    7   12  -13
    1    1   25    1    3    2    1    3    1      1974    5   23    0  -11    3  -11    1   14   14    1   -4    5   -4    9  -13    0   14    9
    1    1   26    1    2    8    1    3    0      1249  -11   12   13    6   14   14    5  -11    4   12    5    9   -1   -9   -7    7    7   -8
    1    1   27    1    1    5    1    1    1      1388   -5  -10    2    1   -2   10    9   -2   -6   -6  -14   -1   -6   15   -9    7   10  -14
    1    2    1    1    1   13    1    1    1      1792   -6   -9    2    0   -4    9    7   -3    2  -11  -13   -2   -6   14   -9    7   10  -14
    1    2    2    1    3   18    1    3    1       788    6   13    0  -11    3  -11   -2   14   15    3   -4    5   -5    9  -13   -1   20    4
    1    2    3    1    3   15    1    3    1       896    6   14   -8   -4    4  -11    1   13   15    2   -4    4   -5    9  -14    0   13    9
    1    2    4    1    1   12    1    2    0      1015   -6  -18    2    1   -3   11    7   -3   -5   -7  -16   -1   -8   14  -10    8   10  -14
    1    2    5    1    2   13    1    2    1       553   -1    9   13    5   14   14    4  -14    2   11    4   10   -2   -9   -8    7    7   -8
    1    2    6    1    1   16    1    1    1       719   -7   -9    2    1   -2   10    7   -2   -4   -6  -14   -2   -5   14  -10    7   10  -13
    1    2    7    1    3   14    1    3    1       589    5   14    0  -11    5  -11    0   14   15    2   -4    5   -4    8  -14    0   12    7
    1    2    8    1    1   18    1    1    1      1073   -6   -9    2    1   -2    9    9   -5   -5   -6  -15   -1   -6   15   -9    7    3  -13
    1    2    9    1    2   15    1    3    0      3585   -1    7   13    8   14   12    4  -12    2   11    5    9   -1   -9   -8    7    7  -10
    1    2   10    1    1   14    1    1    1       845   -7   -8    2    0   -6    7    0   -1   -4   -8  -13   -2   -6   14   -9    7   10  -14
    1    2   11    1    1   11    1    3    0      1751   -7    0    2   -1    7    3    7   -3   -5   -8  -15   -1   -6   14  -14    7   11  -13
    1    2   12    1    3   10    1    3    1       810    8   17    0  -11    4  -11    1   14   15    1   -5    6   -5    9  -14    1   15   10
    1    2   13    1    3   16    1    3    1       790    4   14    1  -12    4  -11    0   14   19    3   -3    4   -5   10  -13   -1   14    9
    1    2   14    1    3   17    1    3    1       740    4   14    0  -12    4  -11    0   13   16    1   -4    5   -5    9  -14    0   17    9
    1    2   15    1    3   11    1    3    1       627    5   14    1  -12    4  -11    0   14   16    3   -5    5   -5    9  -14    0   12    9
    1    2   16    1    1   10    1    1    1      1413   -6   -9   12   -4   -2    9    7   -3   -5   -7  -14   -1   -4   13  -10    8    8  -13
    1    2   17    1    2   10    1    2    1      1433   -4   16   14    7   13   15   -1  -16    1    7    4   10    0  -10   -7    8    7   -8
    1    2   18    1    1   17    1    1    1       700   -5  -10    2    1   -4   10    8   -4   -5   -7  -14   -1   -6   15   -9    7    9  -13
    1    2   19    1    2   14    1    2    1      1867   -3    8   12    6   13   15    4  -14    1   11    5   10   -1   -9   -7    7    6   -9
    1    2   20    1    2   16    1    3    0      1965   -3   10   12    6   14   14    4  -14    1   12    4   10   -6  -13   -7    7    6   -8
    1    2   21    1    2   18    1    2    1       860   -4    9   14    6   14   14    4  -13    3   11    4    9   -1   -9   -7    7    8   -9
    1    2   22    1    1   15    1    1    1      1321   -6   -9    2    1   -4   10    7   -3   -5   -7  -14   -2   -6   14  -10    7    9  -14
    1    2   23    1    2   12    1    1    0      2914   -4    8   12    6    9   11    4  -14    2   11    5    9   -1  -10  -17   10    7   -8
    1    2   24    1    3   13    1    3    1       696   10   12    0  -11    4  -12   -1   15   15    1   -4    5   -6   10  -14    0   13    7
    1    2   25    1    3   12    1    3    1       458    4   14    0  -11    4  -11    1   13   16    1   -3    4   -5    8   -9   -3   15    9
    1    2   26    1    2   17    1    2    1       660   -4   10   12    6   14   14    4  -13    2   11    3    9   -1   -9   -7    6    9   -9
    1    2   27    1    2   11    1    2    1       423   -2    8   11    3   14   14    4  -13    1   11    4   11   -1   -9   -7    7    7   -8
    1    3    1    1    3   26    1    3    1       883    5   14    0  -11    4  -11    1   13   15    3   -4    5   -5   10  -14    1   14    8
    1    3    2    1    2   20    1    2    1      1005   -2   11   12    5   13   14    3  -13    5   16    4   10   -1  -10   -7    7    6   -9
    1    3    3    1    2   21    1    2    1       622   -3    9   12    6   14   14    4  -13    1   10    4    9   -1   -9   -6    8    7   -8
    1    3    4    1    3   23    1    3    1       617    5   13    1  -11    4  -11   -2    9   15    2   -5    6    4    8  -14    0   14   10
    1    3    5    1    3   24    1    3    1       750    5   15    0  -10    4  -11    0   15   15    2   -4    4   -5    9  -12   -2   15   10
    1    3    6    1    1   23    1    1    1      1005   -7   -9    2    1   -3    2    6   -4   -5   -7  -14   -1    2    9   -9    4   10  -14
    1    3    7    1    3   19    1    3    1       722    4   18    0  -11    4  -11    0   14   15    3   -4    5   -5    8  -16   -1   19    1
    1    3    8    1    1   26    1    1    1       945   -6   -9    2    1    1    7    8   -3   -4   -7  -14   -1   -5   14   -9    8   12  -12
    1    3    9    1    2   22    1    2    1      2520   -3    8   13    5   14   13    4  -12    3   13    4   10   -1   -9    2   16    7  -10
    1    3   10    1    1   22    1    1    1       652   -6   -9    2    1   -2   11    7   -3   -4   -7  -14   -1   -7   15   -9    8   10  -15
    1    3   11    1    2   19    1    2    1      3038   -2   10   12    5   14   14    5  -14    2   12    4   10   -1   -9   -5    6    7   -8
    1    3   12    1    1   21    1    1    1       814  -13  -11    2    1   -3   10    7   -3   -4   -7  -12    1   -6   14   -9    7   11  -15
    1    3   13    1    3   20    1    3    1      1801   10   11    1  -10    4  -11    0   14   15    2   -3    3   -1    4  -14    0   15    8
    1    3   14    1    2   25    1    2    1      1211   -2   10   12    6   15   14    5  -14    2   11    5    9   -1   -9   -7    7    8   -8
    1    3   15    1    2   26    1    2    1       902   -3    9   12    5   14   14    4  -12    1   11    4   10   -1   -9   -9   -1    5   -5
    1    3   16    1    2   27    1    2    1       527   -4    9   12    5   13   14    4  -13    1   12    4   10    0  -10   -7    8    7   -7
    1    3   17    1    1   24    1    1    1       921   -6   -9    3    2    5    9    7   -3   -5   -7  -13    0   -6   14   -9    6   11  -15
    1    3   18    1    3   27    1    3    1       770    6   14    5  -21    4  -11    0   14   16    2   -4    5  -10    6  -15   -1   14    9
    1    3   19    1    1   20    1    1    1      1312   -6   -9    2    1    3    4    7   -3   -4   -7  -14   -1   -5   13  -10    8    8  -15
    1    3   20    1    2   24    1    2    1       633   -4    8   12    7   14   14    3  -14   -3   17    5   10   -1   -9   -7    7    7   -8
    1    3   21    1    1   25    1    1    1      3069   -6  -10    2    0   -4   12    9   -3   -6   -6  -14   -1   -2   22   -9    7   10  -14
    1    3   22    1    1   27    1    1    1       848   -6   -9    2    1   -4    9    7   -3   -5   -7  -15   -1   -6   14  -10    2    9  -14
    1    3   23    1    1   19    1    1    1       588   -7  -10    1    2   -3   10    7   -4   -5   -7  -14   -1   -6   14   -9    7   10  -15
    1    3   24    1    3   21    1    3    1       801    5   14    1  -11    4  -11   -1   16   15    1   -4    5   -5    9  -13   -1   13    9
    1    3   25    1    3   25    1    3    1      1278    8   18    0  -11    5  -11    0   15    9   -1   -3    4   -6    6  -13    1   14    9
    1    3   26    1    3   22    1    3    1       632    5   14    0  -10    3  -11    1   14   15    2   -4    5   -5    8  -15    1   14    8
    1    3   27    1    2   23    1    2    1      1868   -3    8   13    6   13   14    4  -14    2   11    3    9   -1  -10  -17    8    7   -8
    1    4    1    1    3   29    1    3    1      1196    4   15   -1  -11    4  -11    0   14   15    4   -4    5   -4    9  -14    1   21   11
    1    4    2    1    1   33    1    1    1      1158   -6  -10    2    1   -3    9    7   -3   -3   -7  -14   -3   -7   15   -9    7   10  -14
    1    4    3    1    3   35    1    3    1      1859    4   15   -3   -4    4  -11   -1   15   15    2   -5    5   -5    8  -13    1   14    9
    1    4    4    1    2   29    1    2    1      1144   -2    9   11    6   14   14    4  -13    1   12    0    5    0   -9   -7    8    7   -8
    1    4    5    1    2   36    1    2    1       664   -4    8   12    5   14   14    5  -12    3   11    5   10   -1   -9   -7    8    8   -8
    1    4    6    1    3   36    1    2    0      1723    5   14   -1  -11    4  -11    2   24   15    2   -4    6   -5    9  -16   -2   13    9
    1    4    7    1    1   31    1    1    1      1124   -6   -9    3    1   -4   11    5   -5   -5   -7  -14   -1    3   13   -9    7   15  -14
    1    4    8    1    3   33    1    3    1      1059    5   14    0  -10    5  -10    1   15   14    1   -3    6   -6    8  -14    0   24    8
    1    4    9    1    2   31    1    2    1       822   -2   10   13    7   14   15    4  -13    0   12    4   10   -1   -9   -7    8    7   -8
    1    4   10    1    2   33    1    3    0      1779   -3    9   14   10   14   14    4  -13    2   11   -3   20    4  -10   -7    6    6   -9
    1    4   11    1    1   28    1    1    1       827   -7  -10    1    2   -3   10    7   -3   -4   -8  -14   -2   -7   16   -9    6   10  -14
    1    4   12    1    1   29    1    1    1      1635   -6   -9    1    1   -3   10    7   -3   -6   -6  -14   -2   -7   13   -2   -3   10  -14
    1    4   13    1    1   30    1    1    1      1117   -7   -9    2    1   -3   10    7   -3   -5   -7  -14    0   -6   14   -9    8   11  -15
    1    4   14    1    1   36    1    1    1       780   -6  -10    2    1   -3    9    8   -3   -5   -7  -15    0   -6   14   -9    8   10  -14
    1    4   15    1    2   30    1    2    1       969   -3   10   13    6   14   14    2  -12    2   10    4    9   -1   -9   -8    7    7   -8
    1    4   16    1    1   32    1    1    1      1168   -7   -9    2    1   -1    8    7   -3   -5   -7  -14   -1   -6   14   -9    7    9  -13
    1    4   17    1    3   32    1    3    1      1068    5   14   -1  -11    5  -10    0   17   16    2   -3    6   -5    9  -15    1   15    9
    1    4   18    1    3   30    1    3    1       973    6   13   -1  -11    4  -12    1   14   14    1   -5    1   -6   10  -14   -1   14    9
    1    4   19    1    1   35    1    1    1       930   -5  -10    2    2  -12    1    6   -2   -6   -7  -14    0   -7   14   -8    7    9  -13
    1    4   20    1    2   28    1    2    1       666   -3    9   12    5   14   14    4  -13    1   11    4   10   -1   -9   -8    6    7   -9
    1    4   21    1    1   34    1    1    1       860   -6   -9    2    0   -2    9    7   -3   -5   -7  -14   -1   -8   10   -7    8    9  -13
    1    4   22    1    3   34    1    3    1       792    4   15    0  -11    4  -11    0   15   16    2   -5    5   -5    9  -14    0   14    9
    1    4   23    1    2   34    1    2    1       733   -3    9   12    6   14   15    4  -12    2   11    5   10   -1  -10   -8    7    6   -8
    1    4   24    1    3   28    1    3    1       743    5   15    0  -11    3  -10    0   14   16    1   -4    4   -5   10  -14    0   14    8
    1    4   25    1    2   32    1    2    1       655   -2    8   12    6   15   13    2  -13    2   10    5   10   -2   -8   -2    1    6   -9
    1    4   26    1    2   35    1    2    1      1788   -3    8   13    5   14   14    3  -13   -1   12    3   11  -10  -13   -6    7    7   -8
    1    4   27    1    3   31    1    3    1      1135   -3   12   -1  -12    4  -11   -1   10   15    3   -3    4   -7    8  -14    0   14    9
    1    5    1    1    1   43    1    1    1      1566   -2  -14    1    0   -2   11    8   -2   -5   -7  -14   -1   -6   14   -8    8   10  -14
    1    5    2    1    2   44    1    2    1       620   -3    9   12    6   15   15    5  -14    2   11    4   10   -1   -8   -7    7    7   -8
    1    5    3    1    3   39    1    3    1      1296    5   14   -1  -12    3  -11    1   15   14    1   -4    5   -5    8  -13    0   14   10
    1    5    4    1    3   37    1    3    1       857    6   13    0  -11    5  -12    0   14   15    1   -5    6   -5   10  -14    0   14    8
    1    5    5    1    1   44    1    1    1      1746   -6   -9    2    1   -2   11    8   -4   -5   -6  -14    0   -6   14  -10    6   10  -14
    1    5    6    1    2   45    1    2    1      1192   -3    9   11    5   15   13    3  -12    5    6    4   10    0   -9   -8    8    7   -8
    1    5    7    1    3   40    1    3    1      1520    6   13   -2  -12    4  -12    0   14   10    0   -4    6   -6   10  -13   -1   14    9
    1    5    8    1    2   39    1    2    1      1952   -3    9   11    7   14   15    4  -12    2   12    4   11    0   -9   -8    8    7   -7
    1    5    9    1    3   43    1    3    1       945    5   14    0  -11    3  -11   -1   14   15    2   -4    4   -4    8  -14    1   16    8
    1    5   10    1    2   37    1    2    1       887  -10    8   12    7   14   14    4  -14    1   12    4   10   -1  -10   -7    7    7   -9
    1    5   11    1    1   38    1    1    1      1199   -7   -9    2    1   -4   10    1   -9    3  -10  -14   -1   -6   14   -9    7    9  -13
    1    5   12    1    1   39    1    1    1      2875   -7   -9    2    1   -3   11    7   -2   -6   -6  -14   -1    4   19   -9    7   10  -15
    1    5   13    1    3   44    1    3    1      1654    5   14    0  -10    4  -11   -1   13   15    2   -3    6   -6    9  -15    1   14    8
    1    5   14    1    2   41    1    2    1      1601   -4    8   13    6   14   14    4  -14    2   11    3    9   -2  -10   -6    7    7   -7
    1    5   15    1    2   43    1    2    1       798   -3    9   11    5   15   15    5  -13    2   11    4   10   -2   -9   -8    7    8  -10
    1    5   16    1    1   40    1    1    1       971   -6  -10    2    1   -3   10    7   -3   -4   -7  -13   -2   -7   14   -9    7   10  -14
    1    5   17    1    1   37    1    1    1       705   -5  -10    3    0   -3   10    6   -3   -5   -7  -15    0   -6   14   -8    7   11  -15
    1    5   18    1    2   40    1    2    1      1506   -3   10   12    6   14   14    4  -12    2   11    4   10    0   -9    0    7    6   -9
    1    5   19    1    3   42    1    3    1       851    6   13    0  -11    3  -12    0   15   17    3   -3    4   -5    8  -12    1   13    9
    1    5   20    1    1   42    1    1    1       894   -6   -8    2    1   -3    9    7   -3   -4   -7  -13    3   -7   16   -9   12   10  -15
    1    5   21    1    3   38    1    3    1       936    5   14    0  -11    5  -11    1   13   15    2   -3    5   -4   10  -14    0   15   10
    1    5   22    1    1   45    1    1    1       880   -5  -10    2    1   -4   10    7   -3   -4   -7  -14   -2   -7   15   -9    3   10  -14
    1    5   23    1    3   41    1    3    1       971    6   14    1  -11    5  -12    0   17   15    2   -3    4   -5    9  -14    0   14    9
    1    5   24    1    2   38    1    3    0      1282   -3    9   12    6    9   10    3  -12    5   15    3   10   -1  -10   -7    7    7   -8
    1    5   25    1    1   41    1    2    0      1468   -4   -8    4   11   -2   11    7   -3  -10  -11  -14   -1   -6   14   -6    6   10  -13
    1    5   26    1    2   42    1    2    1       975   -3    9   12    7   13   13    4  -13    1   11    3   10    0  -10   -7    7    7   -8
    1    5   27    1    3   45    1    3    1      1031    5   14    0  -11    5  -10    0   14   14    2   -3    5   -5    8  -14    1   13    9
    1    6    1    1    1   54    1    1    1      3018   -6   -9    2    1   -2    5    8   -3   -6   -6  -14    0   -2   12  -11    5   10  -14
    1    6    2    1    3   53    1    3    1       654    5   15    0  -11    4  -11    0   14   16    2   -4    5   -5    8  -13    1   14    9
    1    6    3    1    2   54    1    3    0      1554   -3    9   14    4   13   14   -6   -7    2   10    4   11   -2   -8   -7    7    7   -9
    1    6    4    1    3   47    1    3    1      1040    6   13    0  -11    4  -11   -1   13   16    3   -3    5   -5    9  -13    0   15   10
    1    6    5    1    2   50    1    2    1      1331   -3   11   12    6   14   14    4  -13    2   11    4   10   -2  -10   -7    7    6   -8
    1    6    6    1    1   46    1    1    1      1260   -7   -8    1    1   -2   11    6   -3   -3   -6  -14   -1   -5   14  -11    7    9  -15
    1    6    7    1    3   52    1    3    1      1447   10   17    0  -11    3  -12    0   14   16    2   -3    5   -5    9  -14    0   14    9
    1    6    8    1    1   52    1    1    1      1434   -6   -9    4    0   -3   11    7   -4   -5   -7  -10   -1   -5   14   -9    7    9  -14
    1    6    9    1    2   46    1    2    1       654   -3    9   12    6   14   14    5  -13    1   11    4   10   -1   -9   -7    8    7   -8
    1    6   10    1    2   49    1    2    1       895   -3    9   12    5   13   14    6  -13    2   11    5    8   -1   -9   -6    8    7   -8
    1    6   11    1    1   49    1    1    1       825   -5   -9    1    1   -3    9    6   -2   -6   -6  -14   -1   -5   13   -9    6   17   -7
    1    6   12    1    1   53    1    1    1       788   -6  -10    2    2   -2    9    8   -8   -1   -9  -15    0   -6   14  -10    8   10  -14
    1    6   13    1    3   50    1    3    1      1025    4   12    0  -11    5  -12    0   13   14    2   -5    5   -5    9  -13    0   14    8
    1    6   14    1    3   54    1    3    1       804    5   14    0  -12    4  -11   -1   14   14    2   -8    2   -4    8  -15    0   13   10
    1    6   15    1    3   49    1    3    1       834    5   14    0  -11    4  -11    1   13   15    2   -4    5   -5    9  -13    0   14    8
    1    6   16    1    1   47    1    1    1       778   -7  -10    2    1    1    6    7   -3   -6   -7  -15    0   -8   16  -10    7   10  -14
    1    6   17    1    3   46    1    3    1       759    5   15    0  -10    2   -9    0   14   15    2   -3    4   -5    9  -12    0   14   11
    1    6   18    1    2   53    1    2    1      1508   -4    9    7    8   14   14    6  -14    2   11    4   10   -4  -13   -7    7    8   -8
    1    6   19    1    2   51    1    2    1       739   -4    9   12    5   15   14    4  -13    2   11    5    9   -1   -9   -6    6    7   -8
    1    6   20    1    1   50    1    1    1      1026   -6  -10    1    1   -5   11    6   -2   -1  -10  -14   -1   -6   13   -9    7   11  -13
    1    6   21    1    1   51    1    1    1       822   -6   -9    3    1   -4   10    7   -3   -4   -7  -14   -1   -3   23   -8    6   10  -14
    1    6   22    1    1   48    1    1    1       690   -7  -14    2    1   -2   12    7   -3   -5   -7  -15   -2   -6   14   -9   11    9  -14
    1    6   23    1    2   47    1    2    1      1090   -2    8   14    5   13   15    3  -12    1   11    4   10   -1   -9   -7    7    8   -9
    1    6   24    1    2   48    1    2    1       611   -3    8   13    6   14   13    5  -12    2   11    4   10   -1   -8   -6    7    6   -6
    1    6   25    1    3   48    1    3    1       662    5   14   -1  -12    3  -11    1   13   15    2   -4    5   -5    8  -14    0   15    9
    1    6   26    1    2   52    1    3    0      1738   -3    8   12    6   14   13    3  -13    2   11    5   10    0  -11   -7    7    7   -8
    1    6   27    1    3   51    1    3    1       801    5   14    0  -11    4  -11    0   14   14    2  -12    7   -4    8  -14    0   15    9
    1    7    1    1    1   63    1    1    1      1131   -6  -10    2    1   -2   10    8   -4   -6   -7  -14   -2   -7   14   -9    7   10  -14
    1    7    2    1    3   60    1    3    1      8983   10   13    0  -11    3  -11    1   13   16    1   -5    5   -5    9  -13    1   13    8
    1    7    3    1    2   61    1    2    1       907   -3    8   11    7   13   15    4  -12    2   11    4   10   -1   -9   -6    6    7   -8
    1    7    4    1    2   56    1    2    1       864   -3    9   12    5   22   18    4  -13    2   11    0   14   -2   -9   -7    7    6   -8
    1    7    5    1    1   58    1    1    1       669   -6   -9    1    2   -3   10    6   -4   -5   -7  -19    8   -7   13   -8    7   10  -14
    1    7    6    1    1   56    1    1    1       590   -6   -9    2    1   -3   10    7   -2   -5   -7  -14   -1   -5   14   -9    7   11  -13
    1    7    7    1    3   56    1    3    1       611    4   15    1  -10    4  -11    0   13   14    1   -4    5   -6   10  -15    1   14    9
    1    7    8    1    3   63    1    3    1       953    6   13   -1  -10    5  -12    0   15   15    2   -3    6   -5    8  -14    0   23    4
    1    7    9    1    1   57    1    1    1       785   -9   -5    2    1   -3   10    8    0   -5   -6  -13   -1   -6   14  -10    6   15  -21
    1    7   10    1    2   57    1    2    1       735   -3    9   12    6   14   14    4  -13    2   11    3    9    0  -10   -7    6    8  -10
    1    7   11    1    1   62    1    3    0       831   -4  -17   -3   -3   -3    9    7   -3   -5   -7  -22  -10   -6   14   -9    7   10  -14
    1    7   12    1    2   62    1    3    0      1117   -3    9   13    6   14   14   14   -7    2   11    4    9   -1   -9   -8    7    7   -9
    1    7   13    1    2   58    1    2    1       590   -6    5   12    6   14   14    4  -13    2   12    0    5   -1   -9   -8    7    6   -8
    1    7   14    1    3   61    1    3    1       691    7   13    0  -11    5  -10    1   15   15    2   -4    5   -5   10  -14   -1   14   10
    1    7   15    1    3   59    1    3    1       693    5   13    1  -12    4  -12   -1   14   15    2   -3    6   -5    8  -14    0   13    9
    1    7   16    1    1   60    1    1    1       998   -6   -9    7    4   -3    9    6   -3   -6  -12  -15   -1   -5   14   -2   -3   10  -13
    1    7   17    1    3   57    1    3    1       587    5   15    1  -10    4  -11    0   14   14    2   -4    5   -3   13  -14    0   14    9
    1    7   18    1    3   62    1    2    0       832    8   18    0  -11    4  -12   -1   13   15    2   -3    5   -5    9  -13   -1   13    9
    1    7   19    1    2   60    1    1    0      1659   -3    9    7    3   15   13    4  -13    3   10    5    9   -1  -10   -6    6    7   -8
    1    7   20    1    3   58    1    3    1       901    5   14    5  -15    4  -12    1   15   16    1   -3    6   -5    9  -13    0   14    9
    1    7   21    1    2   55    1    2    1      1519   -2    8   12    6   13   13    4  -12    2   12    4   10    7  -12   -7    7    7   -9
    1    7   22    1    1   55    1    1    1      1119   -4  -10    2    0   -3   10    7   -3   -6   -7  -22   -2   -7   15   -9    7   11  -13
    1    7   23    1    1   59    1    1    1      1822   -6   -9    2    1   -2    9    7   -3   -5   -7  -14   -1   -7   14   -9    7   10  -14
    1    7   24    1    1   61    1    1    1       561   -5  -10    2    2   -3    9    7   -3   -6   -6  -14    0   -5   14  -10    6   11  -14
    1    7   25    1    3   55    1    3    1       631    4   13    1  -11    4  -11    0   14   16    1   -7    2   -6    9  -14    0   14    9
    1    7   26    1    2   59    1    2    1       714   -5   10   12    6   14   13    4  -13    2   11    4   10   -1   -9   -7    6    6   -9
    1    7   27    1    2   63    1    2    1       922   -3   10    8    1   13   15    4  -13    2   11    5   10   -1   -7   -8    8    7   -8
    1    8    1    1    1   68    1    1    1     10286   -5  -11    2    2   -3    9    7   -3   -5   -8  -12    1   -5   16   -9    5    9  -13
    1    8    2    1    2   71    1    2    1       831   -2    9   13    7   13   15    4  -13    1   10    4   10   -1   -9   -7    7    8   -8
    1    8    3    1    2   66    1    2    1       746  -12   11   12    7   15   15    4  -13    1    9    3   11   -2   -9   -7    7    7   -8
    1    8    4    1    1   70    1    1    1      1194   -6  -10    2    1   -4   10   10   -4   -4   -8  -14    0   -7   14   -9    7   10  -14
    1    8    5    1    1   64    1    1    1       485  -14   -7    3    1   -3   10    8   -3   -5   -7  -15    0   -6   14   -9    7    9  -13
    1    8    6    1    2   64    1    2    1       573   -2    8   13    6   14   14    4  -14    2   10    5    9   -1  -11   -6    7    7   -8
    1    8    7    1    2   65    1    2    1       802   -5   10    3    0   14   14    5  -14    2   11    4   10    0  -10   -7    8    8   -9
    1    8    8    1    2   68    1    2    1       607   -4    8   13    6   15   13    4  -13    1   10    4   10    0   -9   -7    7    7   -8
    1    8    9    1    2   70    1    2    1       534   -3    9   13    9   14   14    4  -13    3   10    8   20    0   -7   -7    7    7   -9
    1    8   10    1    1   69    1    1    1       702  -16   -4    2    0   -3   10   11    1   -6   -7  -14   -1   -6   14  -10    7   10  -14
    1    8   11    1    1   72    1    1    1       768   -5   -9    2    1   -4   11    7   -3   -6   -7   -5    3   -7   13   -9    7   11  -15
    1    8   12    1    1   71    1    1    1       622   -6   -9    1    0   -3   10    6   -2   -5   -6  -14   -2   -7   14   -9    6   11  -15
    1    8   13    1    1   65    1    1    1       547   -7   -9    2    1   -3   10    8   -3   -5   -7  -13   -1   -4   15   -9    7    8  -12
    1    8   14    1    1   67    1    1    1       412   -5  -10    2   -4   -2    9    6   -3   -6   -7  -14   -2   -6   14  -10    8   10  -14
    1    8   15    1    2   72    1    2    1       569   -3    9    2   15   14   14    5  -14    2   11    4   10   -1  -10   -1   13    7   -7
    1    8   16    1    2   67    1    3    0       512   -3    9   13    6   14   14    3  -12    2   11    4   10    0  -11   -9    9    8   -8
    1    8   17    1    3   65    1    3    1       409    5   14    0  -11    4  -11    0   14   14    1   -5    5  -12    7  -15   -1   15    9
    1    8   18    1    3   67    1    3    1       854    5   14    1  -12    4  -11   -1   14   16    3   -4    5   -5    9  -14    0   11    9
    1    8   19    1    3   72    1    3    1       642    5   14    0  -11    4  -11   -1   13   15    2   -4    5   -5   -1   -8    6   14    9
    1    8   20    1    3   64    1    3    1       919    5   14    0  -11   11  -16   -1   14   14    3   -4    5   -5   10  -15   -1   15    8
    1    8   21    1    3   66    1    3    1       512    8   12    0  -11    4  -11    1   14   16    2   -4    6   -6   10  -16   -1   14    9
    1    8   22    1    3   70    1    3    1       427    5   11    1  -12    4  -11    0   14   14    3   -6    5   -4   10  -15    1   11    6
    1    8   23    1    3   71    1    3    1       312    4   13    1  -10    4  -11   -1   15   15    1   -2    1   -5   10  -15    0   15    8
    1    8   24    1    1   66    1    1    1       970   -7   -8    1    1   -4   10    8   -1   -5   -6  -14   -1   -5   13   -8    7   10  -14
    1    8   25    1    2   69    1    2    1       976   -4   10   11    7   15   14    4  -13    2   11    4    9   -1   -9   -7    7    7   -8
    1    8   26    1    3   68    1    3    1       576   13   10   -1  -11    4  -11    0   15   14    2   -3    6   -5    9  -15    0   15    8
    1    8   27    1    3   69    1    3    1       599    7   12    0  -11    4  -12    0   14   14    3   -4    5   -6    9  -14    0   13    9
    1    9    1    1    3   74    1    3    1       747    4   15   -1  -11   10  -18    0   14   15    2   -4    5   -6   10  -12    0   14    9
    1    9    2    1    1   74    1    1    1       506   -6   -8    2    0   -2    9    7   -3   -5   -6  -14    0   -7   15   -9    6   11  -14
    1    9    3    1    2   77    1    2    1       788   -4    9   11    7   14   14   -3  -19    3   11    5    9   -1   -9   -8    7    8   -9
    1    9    4    1    3   75    1    3    1       545    5   14    0  -12    5  -11   -1   15   15    1   -5    6   -5    9  -14    0   14    9
    1    9    5    1    1   81    1    1    1       712  -13  -16    2    3   -3   11    7   -3   -5   -7  -13   -2   -7   15  -12    6   10  -14
    1    9    6    1    2   80    1    3    0      2777   -2    8   18    7   15   14   -3   -3   -1   13    4   10   -1   -9   -7    7    8   -9
    1    9    7    1    2   73    1    2    1       904   -4    9   13    5   15   13    4  -13    0   11    4   10    0   -9   -6    6    6   -8
    1    9    8    1    1   73    1    1    1       896   -6   -9    2    1   -4    9    7   -3   -5   -7  -14   -1   -6   14   -9    7   11  -12
    1    9    9    1    3   73    1    3    1       906    4   13    0  -11    5  -11    0   13   15    2   -3    5    2   18  -14    0   14    9
    1    9   10    1    3   76    1    3    1       693    5   13    1  -11   14   -6    0   14   13   -1   -4    5   -6    8  -14    0   14    8
    1    9   11    1    2   79    1    2    1       757   -3    9   11    5   15   14    4  -14   12   15    4    9   -2   -8   -8    8    6   -7
    1    9   12    1    1   77    1    1    1       611   -5  -10    2    1   -2   10    7   -4   -5   -7  -14   -1   -6   14   -8    6    9  -14
    1    9   13    1    3   79    1    3    1       792    6   14    0  -11    4  -11    0   14   15    2   -5    6   -6    8  -13    1   15    9
    1    9   14    1    1   75    1    1    1       803   -7   -8    2    1   -4    9    8   -4   -5   -6  -14   -1   -6   14   -8    7   10  -13
    1    9   15    1    3   78    1    3    1       656    5   14   -1  -10    4  -11    0   13   15    2   -3    4   -4    9  -14    0   13    9
    1    9   16    1    3   77    1    3    1       674    4   15    0  -11    4  -11    1   15   16    2    5    0   -5    9  -14   -1   14    9
    1    9   17    1    2   78    1    2    1       805   -4   10   13    5   17   22    5  -13    2   11    4   12   -1   -8   -7    7    7   -8
    1    9   18    1    2   76    1    1    0       708   -2    9    4   -4   13   14    4  -12    2   11    4   10   -1   -9  -12    3    7   -9
    1    9   19    1    3   80    1    2    0       470    4   13    1  -11    4  -11    0   15   15    2   -4    5   -6   10  -15    1   15    8
    1    9   20    1    2   81    1    2    1      1569   -3   10   12    6   15   13    3  -13    1   11    3   10   -1   -9   -7    7    6   -8
    1    9   21    1    3   81    1    3    1       624    6   13    1  -10    4  -10    0   14   14    3   -5    6   -5    9  -10   -5   13   10
    1    9   22    1    1   80    1    1    1       564   -6   -9    3    1   -3   11    7   -3   -4   -5  -13    0   -6   14  -11    8   10  -14
    1    9   23    1    1   79    1    1    1       492   -5  -10    2    1   -4   11    7   -3   -6   -6  -14   -1   -6   13   -8    6    9  -14
    1    9   24    1    1   78    1    1    1       597  -10   -2    2    1   -3   10    6   -2   -5   -7  -14   -1   -6   14   -9    7   10  -14
    1    9   25    1    2   75    1    2    1       779   -1   11   13    5   14   14    4  -14    2   11    4   10   -1   -9   -8    8    5   -7
    1    9   26    1    2   74    1    2    1       634   -3    9   13    6   14   13    4  -13    1   12    4    9   -2   -8   -7    6    7   -8
    1    9   27    1    1   76    1    1    1       605   -6   -8    1    2   -5    8    7   -3    5   -7  -15   -2   -7   14   -9    7   10  -16
    1   10    1    1    1   88    1    1    1      1187   -6   -9    1    2  -12    0    7   -4   -4   -7  -17   -5   -6   14  -10    8    9  -13
    1   10    2    1    3   83    1    3    1      4383    5   14    0  -11    3  -10    0   14   15    2   -4    5   -4    8  -14    0   14    9
    1   10    3    1    2   86    1    2    1      1181   -4    9   13    5   14   14    3  -13    3   10    3   14   -2   -9   -8    6    6   -8
    1   10    4    1    1   85    1    1    1      2652   -6  -11    2    1   -2    9    8   -3   -5   -7  -13   -2   -6   13   -9    7   10  -14
    1   10    5    1    2   84    1    2    1       835   -4   10   12    4   14   14    4  -13    2   11    6    2   -1   -9   -7    7    7   -8
    1   10    6    1    2   88    1    2    1      1183   -2    9   12    6   13   15    5  -14    1   13   10    1   -1   -8   -7    6    7   -8
    1   10    7    1    3   82    1    3    1      1791    5   14    0  -11    4  -11    1   14   13    3   -3    6  -10   17  -12    0   14    7
    1   10    8    1    3   89    1    3    1      1011    3   12    0  -10    5  -12    6   17   14    3   -4    5   -5    9  -14    0   14    9
    1   10    9    1    1   84    1    1    1      1533   -6   -9    2    0   -2   11    7   -3   -4   -8  -14   -1   -6   14   -9    6   10  -15
    1   10   10    1    3   88    1    2    0      1259    7   15    0  -11    4  -11    7   23   14    2   -4    5   -5    9  -14    0   14    9
    1   10   11    1    1   82    1    1    1      1078  -12    0    0    0   -3   11    6   -3   -7   -8  -13   -2   -6   14  -10    5   10  -13
    1   10   12    1    3   90    1    3    1      1271    6   13   -5   -6    4  -11    0   13   15    2   -4    6   -4   10  -16    0   13    9
    1   10   13    1    2   85    1    2    1       832   -3    9   13    6   14   14    5  -14    2   11    5    9   -2   -9  -15   -1    7   -9
    1   10   14    1    1   83    1    1    1       924   -6  -10    2    1   -3   11    6   -2   -5   -8  -14   -1   -7   14   -8    8    7  -17
    1   10   15    1    1   89    1    1    1       757   -7   -9    3    2   -3    9    6   -4   -4   -7  -12   -2   -6   14   -9    6   10  -14
    1   10   16    1    3   87    1    3    1      1525    4   14   -1  -12    1  -13    1   14   16    2   -5    5   -5   10  -19   -2   15   10
    1   10   17    1    2   82    1    2    1       805   -3    9   11    4   13   15    4  -13    2   11    5   10   -1   -9   -7    7    7   -8
    1   10   18    1    2   87    1    2    1       977   -4    9   13    6   14   14    4  -13    1   12    4    9    0  -10   -8    8    6   -8
    1   10   19    1    3   84    1    3    1       919    5   14   -1  -10    4  -11    1   15   15    2   -4    5   -5    9  -15    0   14    9
    1   10   20    1    2   90    1    2    1      1232   -3    9   11    6   14   16    4  -13    1   11    3   10    0  -10   -8    7    7   -9
    1   10   21    1    1   90    1    1    1       959   -6   -9    2    0   -3   10    7   -3   -5   -7  -14   -1   -9   24   -9    7   11  -15
    1   10   22    1    3   85    1    2    0      1366    5   14    0  -10    3  -10    6    7   14    2   -5    6   -5    9  -13    0   15   10
    1   10   23    1    3   86    1    3    1      1086    5   14   -5   -6    5  -12    0   14   14    3   -4    5   -6    7  -14    1   15   10
    1   10   24    1    1   87    1    1    1      1794   -6   -9    1    1   -1   10    8   -4   -9   -2  -13   -1   -6   14   -9    7   10  -14
    1   10   25    1    1   86    1    1    1       967   -6  -11    2    2   -3   10    7   -6    0   -8  -14   -2   -5   15   -9    8   10  -14
    1   10   26    1    2   89    1    2    1      1278   -4    9   12    5   13   15    4  -13    1   11    4   10   -1   -8   -7    7    7   -8
    1   10   27    1    2   83    1    2    1       952   -4   10   10   -2   14   14    4  -12    2   11    5    9    0   -9   -6    7    7  -10
    2    1    1    5    3    8    3    3    1      6892    7    9   10  -13    6  -13    2    6   12   -1    5    2   -9    1  -14    1   12    7
    2    1    2    1    2    1    1    3    0      4710   -3    9   14    4   13   13    4  -13    3   11    4   13   -2   -9   -7    7    4   -1
    2    1    3    4    3    1    2    3    1       886    3   13   10  -13    5  -11   -1   13   15    3   -6    4   -4   10  -14    1   14    7
    2    1    4    5    1    2    3    2    0      5185    2  -19   -2   -1   -4    8   16   -1   -7  -12  -11    4   -1   23  -17    3   10  -12
    2    1    5    4    2    1    2    2    1       927   -3   10    3   15   16   12    0  -15    3   12    6    9   -2   -8   -8    9    7   -4
    2    1    6    3    2    2    1    2    1       680   -2   10   13    2   12   14    4  -12    2   11    4   10    3   -8   -8    6    7   -8
    2    1    7    5    2    2    3    3    0      1322   -2   10   21    2   15   14    3  -12   -2    6    5    8   -7   -8   -6    9    6   -8
    2    1    8    4    2    3    2    3    0      1218   -4   10   10    6    8    8    3  -12    0    8    3   10   -3  -11   -7    6    9   -8
    2    1    9    3    3    2    1    3    1       992    5   15    0  -11    3  -10   -9   12   10   -4   -4    5   -6    9  -14   -1   14    9
    2    1   10    1    2   18    1    2    1       740   -4    9   14    6   14   14    4  -13    3   11    4    9   -1   -9   -7    7    8   -9
    2    1   11    5    3    7    3    3    1      5044    4   16    1  -12   11   -3   -1    8   14    1   -5    5  -15    0  -17    2   19    8
    2    1   12    5    2    9    3    2    1      1333    0    5   17   10   18   19    6  -13    5   11    3    8   -2  -11  -12    5   15  -13
    2    1   13    5    3    5    3    3    1      2174    5   13   -1  -11    5  -12    2   15   16    1   -4    4   -5   14  -15    0   13    8
    2    1   14    5    1    6    3    1    1      5219   -1   -4    3    0    1    8    6   -3   -4   -8  -15    0   -1   18  -10    8    7   -5
    2    1   15    5    1    5    3    2    0      3375  -12  -15    1    2   -2    5    8   -2    3  -15   -8    2   -9    4  -10    8   20  -15
    2    1   16    1    1   27    1    1    1      1159   -6   -9    2    1   -4    9    7   -3   -5   -7  -15   -1   -6   14  -10    2    9  -14
    2    1   17    5    3    1    3    2    0      1318    8    8    7  -16    7  -10    1   13    8   -1   -4    4   -8    6  -12    2   15   11
    2    1   18    1    3   36    1    3    1      5903    5   14   -1  -11    4  -11    2   24   15    2   -4    6   -5    9  -16   -2   13    9
    2    1   19    2    3    0    0    3    1       927    5   14    0  -11    4  -11    0   14   15    2   -4    5   -5    9  -14    0   14    9
    2    1   20    4    3    4    2    2    0      1080    6   13   -1  -12    4  -10    1   10    5    9   -5    5   -7    8  -14    1    4   17
    2    1   21    4    1    6    2    1    1       986   -5   -9    4    2   -2   10   15   -3   -6   -5  -13   -1   -8   16   -5   -3   15  -16
    2    1   22    1    2   38    1    3    0      1119   -3    9   12    6    9   10    3  -12    5   15    3   10   -1  -10   -7    7    7   -8
    2    1   23    1    2   51    1    2    1       752   -4    9   12    5   15   14    4  -13    2   11    5    9   -1   -9   -6    6    7   -8
    2    1   24    5    2    4    3    2    1      1710   -8   13   14    7   18   10   -3  -23    1   11    2    9   -3   -7   -7    6    8   -9
    2    1   25    4    3    5    2    3    1      1577    7   13    3  -10    6  -13    1   15   15    3   -3    5   -7   10  -12    1   13    8
    2    1   26    1    1   57    1    1    1      1274   -9   -5    2    1   -3   10    8    0   -5   -6  -13   -1   -6   14  -10    6   15  -21
    2    1   27    2    2    0    0    2    1      1829   -3    9   12    6   14   14    4  -13    2   11    4   10   -1   -9   -7    7    7   -8
    2    1   28    1    1   71    1    1    1      1115   -6   -9    1    0   -3   10    6   -2   -5   -6  -14   -2   -7   14   -9    6   11  -15
    2    1   29    5    2    8    3    2    1      3707   -4    6   12    7    6   16    2  -15    6   13    2    9   -3   -7   -9    9   11   -9
    2    1   30    5    1    9    3    1    1      1266    2   -4   -4   10   -2    9    9   -3   -2  -12  -11   -2   -6   20   -8   12   13  -15
    2    1   31    4    1    1    2    1    1       871   -5  -10    1    2   -5    9    8   -3   -9   -8  -15   -2   -8   15   -8    6   12  -13
    2    1   32    1    3   75    1    3    1      1248    5   14    0  -12    5  -11   -1   15   15    1   -5    6   -5    9  -14    0   14    9
    2    1   33    4    3    6    2    3    1      1547    4   14   -2   -9    5  -12    0   15   14    4   -5    3   -5   11  -15    1   19    9
    2    1   34    5    1    8    3    2    0      1450   -2   -8    3    0    3   17    7   -4   -8  -12  -13    9   -7   15   -7    8   10  -12
    2    1   35    5    3    9    3    2    0      1740    3    4    0   -9    4   -8   -1   15   14    3   -3    4   -2    8  -10   -3   15   13
    2    1   36    3    2    3    1    2    1       593   -3    9   12    5   13   13    2  -13   12   20    3   10    0  -11   -8    6    6   -7
    2    1   37    5    3    3    3    3    1       677    9   13   -2  -12    2  -13   -5   10   14    1   -8    3   -5    7   -8  -10   15    8
    2    1   38    5    2    7    3    2    1       904   -5    6   17   -2   10   14    3  -11    4    6    4    9    4   -4   -2   11   -1  -17
    2    1   39    1    3   89    1    3    1       864    3   12    0  -10    5  -12    6   17   14    3   -4    5   -5    9  -14    0   14    9
    2    1   40    5    3    6    3    3    1      1034    9   21    6   -5   -1  -12   -2   14   15   -5   -7    1   -6   11  -17    3   23   12
    2    1   41    5    1    7    3    2    0      4092   -4  -10    1    2    4    1   15    2   -7   -7  -18   -7   -6   16   -9    4    6  -11
    2    1   42    1    2    3    1    2    1       661   -4    9   11    5   13   16    3  -12    2   11    3    9   -1   -9   -7    8    7   -8
    2    1   43    1    1   15    1    1    1       983   -6   -9    2    1   -4   10    7   -3   -5   -7  -14   -2   -6   14  -10    7    9  -14
    2    1   44    4    1    4    2    1    1       714  -11  -10    2    2  -10    6    7   -5   -7   -6  -14   -3   -2   15   -6   11    8  -15
    2    1   45    3    1    1    1    1    1       571   -5  -14    2    1   -2   11    7   -2   -7   -6  -14   -1   -7   13  -10    7   11  -15
    2    1   46    1    2   22    1    2    1      1263   -3    8   13    5   14   13    4  -12    3   13    4   10   -1   -9    2   16    7  -10
    2    1   47    5    2    1    3    2    1      2825   -4    6   13    8   11   17   -6   -9    1   12    6    9   -2  -11   -8    6    8   -9
    2    1   48    3    1    3    1    1    1       933   -7  -11    2    1   -3    9    6   -1   -6   -7  -14   -1   -6   13   -9    7   11  -16
    2    1   49    4    3    2    2    3    1      1403    6   22    1   -9    5  -13    1   12   24    8   -3    7   -3   11  -15    0   19    6
    2    1   50    5    1    3    3    1    1      1358   -7  -11    2    9   -8   12    5    1   -1  -13  -13   -1  -12   23  -19   -1    8  -17
    2    1   51    3    1    2    1    1    1      1077   -7   -8    2    1   -2    9    7   -4   -5   -6  -15   -2   -6   14   -8    7    9  -14
    2    1   52    1    3   34    1    3    1      1286    4   15    0  -11    4  -11    0   15   16    2   -5    5   -5    9  -14    0   14    9
    2    1   53    1    3   38    1    3    1      1230    5   14    0  -11    5  -11    1   13   15    2   -3    5   -4   10  -14    0   15   10
    2    1   54    1    1   47    1    1    1      3737   -7  -10    2    1    1    6    7   -3   -6   -7  -15    0   -8   16  -10    7   10  -14
    2    1   55    5    2    5    3    2    1      1519   -4   11   10   14   17   17    5  -14   -7    6   12    5    0  -10  -11   10    3   -5
    2    1   56    4    3    3    2    3    1       688    7   11   -5   -8    7  -10    2   14   15    3   -6    4   -3   10  -13    0   13   10
    2    1   57    1    1   61    1    1    1       641   -5  -10    2    2   -3    9    7   -3   -6   -6  -14    0   -5   14  -10    6   11  -14
    2    1   58    1    2   70    1    2    1      1300   -3    9   13    9   14   14    4  -13    3   10    8   20    0   -7   -7    7    7   -9
    2    1   59    1    1   76    1    1    1       669   -6   -8    1    2   -5    8    7   -3    5   -7  -15   -2   -7   14   -9    7   10  -16
    2    1   60    2    1    0    0    1    1       976   -6   -9    2    1   -3   10    7   -3   -5   -7  -14   -1   -6   14   -9    7   10  -14
    2    1   61    5    1    1    3    1    1      1430  -10   -6   -2    4   -5   15   10   -8  -10   -2  -14  -10   -8    4   -6   -2    9  -19
    2    1   62    5    3    4    3    3    1       620    6   13   -4   -2    3   -4    0   15   13    5    6   -2   -5   14  -14    2   10    5
    2    1   63    3    3    3    1    3    1       673    6   15    0  -11    4  -10    1   15   15    2    0   -1   -5    9  -15    1   14    9
    2    1   64    1    3   87    1    3    1       595    4   14   -1  -12    1  -13    1   14   16    2   -5    5   -5   10  -19   -2   15   10
    2    1   65    4    1    2    2    1    1       858   -6  -10    2    0   -1    8    6   -3   -5   -8  -14   -2   -5   16   -6   10   10  -12
    2    1   66    3    3    1    1    3    1       758    9   15    0  -11    4  -12   -1   15   15    1   -4    5   -6    8  -13   -1   13   10
    2    1   67    1    3   67    1    3    1       724    5   14    1  -12    4  -11   -1   14   16    3   -4    5   -5    9  -14    0   11    9
    2    1   68    1    1   37    1    1    1       613   -5  -10    3    0   -3   10    6   -3   -5   -7  -15    0   -6   14   -8    7   11  -15
    2    1   69    4    2    2    2    3    0      1290   -3    7   14    4    8    9    2  -13    3   13    3   10    1   -9   -9    5    7   -7
    2    1   70    1    2   50    1    2    1       850   -3   11   12    6   14   14    4  -13    2   11    4   10   -2  -10   -7    7    6   -8
    2    1   71    5    2    6    3    2    1      2110   -4    3    4    1   12   13    3  -18    3   12    1    9    4   -9   -5    8    8   -8
    2    1   72    1    2   80    1    3    0      1160   -2    8   18    7   15   14   -3   -3   -1   13    4   10   -1   -9   -7    7    8   -9
    2    1   73    1    1   32    1    1    1      1176   -7   -9    2    1   -1    8    7   -3   -5   -7  -14   -1   -6   14   -9    7    9  -13
    2    1   74    4    2    4    2    2    1       887   -3    8    8   11   13   15   -4  -17    1   16    5   10    4  -13   -7    6    5   -6
    2    1   75    5    3    2    3    3    1       980    7   12   -5  -18   10  -21    0   11   14    2   -7    5   -7   18  -22   -2   14   10
    2    1   76    4    2    5    2    2    1      1545   -3   10   13    6   15   13    4  -12    4   12    6    7   -1  -10   -8    8   12   -8
    2    1   77    5    2    3    3    2    1       807   -5    6    2   12   12   23    3  -13   -2    9    5    8    3   -5   -1   15    6   -7
    2    1   78    5    1    4    3    2    0      1286   -4  -15   -2    2   -2    9    8   -3  -10   -6  -13   -2   -3   13   -6    8    6  -16
    2    1   79    4    1    5    2    1    1       497    3    0   -1    8   -3    9    5   -5   -2   -5   -8   -5   -5   16   -9    8   11  -12
    2    1   80    1    3    5    1    3    1       732    5   14   -2  -12    4  -11   -1   14   15    2   -4    4   -5    9  -13    1   15   10
    2    1   81    1    3   19    1    3    1       714    4   18    0  -11    4  -11    0   14   15    3   -4    5   -5    8  -16   -1   19    1
    2    1   82    4    2    6    2    2    1      1162   -8    2   12    7   13   13    4  -12    3   11    4    8   -3   -8   -7    8    9   -8
    2    1   83    4    1    3    2    3    0      1161   -5   -8    3    2   -2   10    8   -4  -11  -14  -15    0    1    8  -10    6    9  -12
    2    1   84    3    2    1    1    2    1       728   -3    9   12    6   14   14    5  -12    2   10    5    9   -1   -9   -6    2    7   -8
