    1    1    1    1    2    2    2    1    0     10956    9   -8    5    7   -8   -3   12    6   17    1   -5  -14  -10   15  -10   10   11  -13
    1    1    2    1    1    9    3    2    0      2571  -14    5  -18    9    6  -10  -13  -12   17   -2  -13   10  -13    2  -11    0    3   15
    1    1    3    1    1    1    1    3    0      1535  -15    4  -10    5   10   -8  -11  -12   15   -1  -11   13  -13    2  -14   -1    4   15
    1    1    4    1    2    4    1    2    1      1165   -3  -12    5    8   -8   -3   12    4   15   -1   -4  -14  -10   16   -4    1    9  -12
    1    1    5    1    2    6    3    1    0      1688    3  -14    0   15   -6   -4   11    6   15   -3   -5  -18  -12   15  -17    7    3   -9
    1    1    6    1    2    5    2    3    0      1104    3    0    5    9   -6   -2   12   11   15    0   -5  -13  -11   15   -6   10   11  -10
    1    1    7    1    2    8    2    3    0       864    4   -4   14   -2   -6   -5   12    6   16   -1   -5  -12  -12   15   -8   12   11  -11
    1    1    8    1    3    9    3    3    1      1496  -12  -13   -4   -8   12    1   11   12   17    2  -17   15    5    2    8    9   12   10
    1    1    9    1    3    6    3    3    1      1258  -12  -14   -8   -3   13    1   22   13   16    7  -22   22    4    2    9    4    1    7
    1    1   10    1    1    3    3    3    0       787  -18    5  -11    5   10   -9  -15   -6   15  -12  -16   17  -12    2   -6    6    2   14
    1    1   11    1    1    4    1    2    0      1135  -15    4   -9    4   10   -8  -11  -12   16   -1  -12   12  -13    3  -13    0    5   15
    1    1   12    1    3    1    1    3    1      1181  -12  -13   -8   -3   13    2   11   12   14    9  -14   14    4   13    9    9   20   13
    1    1   13    1    2    9    3    2    1      1834    2    0   13   -1   -6   -4   12    4   13  -11   -5  -14  -12   13   -4   14    6  -13
    1    1   14    1    3    2    2    3    1      1149  -12  -14   -8   -4   11    2   11   13   14   10  -15   14    1    6    8   11   12    4
    1    1   15    1    3    5    2    1    0      1211   -1  -12   -7   -5   13    1   13   14   16    7  -15   12    3    5   12   19    7   13
    1    1   16    1    3    8    2    3    1       935  -17  -17    2    1   13    3   19   14   13   10  -14   12    4    3   10    8    2    4
    1    1   17    1    3    7    1    3    1       510  -11  -15   -6   -4   13    2   12   12   15    9  -17   11    5    6    8   10   11    6
    1    1   18    1    2    7    1    2    1      1494    7   -7    3    9   -7   -3   13    6   15   -2   -5  -13  -10   17   -7   12    5  -20
    1    1   19    1    2    1    1    1    0      1349    6   -7    4    7   -7   -3   12    5   15   -1  -12  -16  -10   16   -7   11   11  -13
    1    1   20    1    2    3    3    2    1      1066    8   -8    6    7    0    6   21    1   17   -1   -4  -12   -9   20   -7   14   11   -8
    1    1   21    1    1    7    1    1    1      1244  -20    3  -10    5   11   -9  -10  -13   17   -3  -11   13  -14    3  -17   -4    4   14
    1    1   22    1    3    3    3    3    1      1077   -9  -14  -12   -2    9    3   13   11   15    9  -18   18   -2   -5    8   13   11    6
    1    1   23    1    1    2    2    2    0      2453  -14    5   -9    9   10  -11  -11  -13   16   -4  -12   13  -12    2  -15   -2    4   13
    1    1   24    1    1    6    3    3    0      1389  -22   -3  -10    3    1    2  -11  -15    6    7  -15   12  -16    2  -21    5   10   22
    1    1   25    1    1    8    2    3    0       751   -8   11   -9    5   12   -7  -12  -12   21  -10   -5   19  -14    4  -15   -2    3   15
    1    1   26    1    1    5    2    2    0      1086  -15    5  -11    6   11   -9  -10  -10   14   -4   -8   18  -13    4  -14    1    9   11
    1    1   27    1    3    4    1    3    1      1838  -12  -15   -6   -4   12    2   12   12   14    9  -14    8    5    4    9    9   12    5
    1    2    1    1    2   13    1    3    0      4080    6   -6    3    8   -7   -3   13    4   15   -1   -5  -14  -10   16   -8   11   10  -12
    1    2    2    1    2   16    1    3    0       632    6   -7    4    9   -7   -4   12    5    9    1   -4  -14  -10   16   -5   12   10  -11
    1    2    3    1    2   11    2    2    1      1275    7   -6    4    7   -6   -4   10    8   16   -3   -5  -15   -9   16  -10    8   10  -11
    1    2    4    1    2   14    2    1    0      1154   12   -5    0   11  -12   -4   14    3   12   -9   -4  -13  -17   16   -8    3   15  -17
    1    2    5    1    2   15    3    1    0      1568   13  -13    3    9    1   -2   10   10   13   -3    0   -5  -10   15   -5   19    0  -21
    1    2    6    1    3   11    2    3    1      1261   -8  -18   -6   -5   14    1   11   13   16    9  -15   12    5    3    8    9   11    4
    1    2    7    1    3   15    3    3    1       470   -9  -13   -7   -6    8    1   16   21   18    2  -14   15    0    6    6   12    7   10
    1    2    8    1    2   10    1    1    0      1343    8   -8    3    9   -8   -5   12    5   15   -1   -4  -14   -7    6   -5   12   11  -12
    1    2    9    1    3   13    1    1    0      1236  -11  -14   -7   -4   12    1   11   12   17   12  -13   14    5    5    8   10   11    5
    1    2   10    1    3   14    2    3    1       863  -13  -16   -9   -4   20   -1   12   14   13    9  -13   11   12    2   14    7   10    6
    1    2   11    1    3   18    3    3    1       599  -13  -10   -6   -3    3   -6   16   20   15    8  -19   14    4    7   10    9    9    7
    1    2   12    1    3   12    3    3    1       827  -18  -19   -7   -6   16    6   13   13    4   11  -14   20    0    8   17    3   12    4
    1    2   13    1    2   17    2    2    1      1526    7   -9    9    9   -6    1   10    5   14   -3   -1  -17  -11   16   -5   11    8  -12
    1    2   14    1    2   18    3    1    0      1045    3   -1   13   18   -9    4   14    3   21    2   -3  -15  -12   19   -2   18    5   -4
    1    2   15    1    1   15    3    1    1       920   -7   12  -17    2    9   -3  -14  -14   18   -1   -6   21  -14    3  -12   -2    7   12
    1    2   16    1    1   14    2    1    1       957  -11   -6  -10    9   10  -12  -12  -13   18    7  -17    5  -15   -4  -11    1    5   14
    1    2   17    1    1   12    3    1    1       833  -22    6   -6    7   10   -7  -14  -15   16    1  -12    3  -14    5  -11   -2    4   13
    1    2   18    1    1   11    2    3    0      1260  -17    4  -10    6   10  -10  -20  -16   17   -2  -17    8  -13    2  -15    3    3   15
    1    2   19    1    2   12    3    2    1      1460    6   -6    9   15  -17    0   13    5   10   -4   -9   -9  -12   12   -9   12   10   -8
    1    2   20    1    1   18    3    3    0      1221  -15    2   -9    6    0  -10  -12  -13   15   -5   -4    3  -15    5  -23   -5    4   15
    1    2   21    1    3   17    2    3    1       767  -10  -15   -5   -3   20   -6   13   14   14   10   -8   14    3    3   18   14   12    4
    1    2   22    1    3   16    1    3    1       477  -11  -14   -7   -5   14    2   11   12   13   10  -14   13    4    5   10   10   11    5
    1    2   23    1    1   17    2    1    1      2615  -16    5  -12    4   12  -10  -12  -11    6    5  -12   14  -15    3  -13   -1   -6    6
    1    2   24    1    1   10    1    1    1       987  -14    5   -9    5   10   -9  -11  -12   15   -3  -11   13  -13    2  -12   -1    3   14
    1    2   25    1    1   13    1    1    1      2798  -18   -1   -9    5    9   -7  -11  -13   11    1   -5   19  -12    2  -13    0    5   13
    1    2   26    1    3   10    1    3    1      1290  -10  -15   -6   -5   13    2   12   13   14    9  -13   11    3    4   10    8   13    5
    1    2   27    1    1   16    1    2    0      1571  -15    4  -10    5   10   -9  -11  -12   16   -2  -11   13  -11    2   -4    0    3   15
    1    3    1    1    1   25    1    3    0      1375  -14    4   -9    5   10   -9  -12  -12   16   -2  -11   13  -11    1  -12   -1    4   13
    1    3    2    1    3   19    1    3    1       708  -11  -14   -7   -4   12    2   12   13   14    9  -14   13    3    4    9    9   11    5
    1    3    3    1    2   23    2    2    1      1123    6   -7    9   16   -5   -5   12    4   14    0   -3  -15  -12   16   -7   10   11  -13
    1    3    4    1    1   20    2    1    1      1603  -17    0  -11    6    9   -7  -11  -13   15   -3   -9   17  -14   -2  -11   -2    4   15
    1    3    5    1    2   25    1    2    1      2350   -1  -15    6   11   -7   -2   12    5   16   -2   -3  -17  -11   17    3   17   10  -12
    1    3    6    1    3   27    3    3    1       972  -11  -17   -2   -6   15    1    8   14   14   11   -6   10   -6   -5   12    6    6    4
    1    3    7    1    1   19    1    1    1      1265  -15    4  -10    5   10   -8  -11  -13   16   -2  -11   13  -13    3  -14   -1    3   13
    1    3    8    1    2   26    2    1    0      1914    7   -8    5    7   -6   -4   14    5   17    0   -3  -15  -20   24   -6   10   16  -10
    1    3    9    1    1   22    1    1    1      1612   -5    6   -9    6   10   -8  -12  -12   15   -2  -12   13  -14    4  -13    0    3   15
    1    3   10    1    1   23    2    1    1       856  -10    7   -9    5   11   -7  -13  -10   15   -1   -9   12  -14    1  -12   -2    3   14
    1    3   11    1    1   21    3    1    1       704  -14    2  -15   -3    9   -5   -8  -10   18   -3  -14   11  -15    4  -12    1    2   10
    1    3   12    1    3   21    3    3    1      2303   -9  -12   -7   -6   14    1    5    9   14    8  -22    4    0    8   13   14   20    9
    1    3   13    1    2   19    1    2    1      2350    8   -8    4    8   -7   -3   11    6   14    0   -4  -15  -10   16   -7   11   10  -12
    1    3   14    1    3   23    2    1    0      1946  -14  -10   -8   -5   15    1    9   16   24   15  -15   14    5    4    8    9   11    9
    1    3   15    1    1   24    3    1    1      2983   -7    8   -9    3    8   -9  -13  -13   14   -4  -10   11  -12    2  -15    1    7   15
    1    3   16    1    2   20    2    3    0      1388    7   -6    0   13   -7   -2   11    4   13   -2    3   -7  -17   17  -10   14    8  -10
    1    3   17    1    3   22    1    2    0      1999  -11  -14   -7   -4   13    3   11   12   15    9  -14   14    4    4    9    9   11    5
    1    3   18    1    1   27    3    1    1      1275  -12    8   -2    9    6  -10  -14  -16   15   -2   -6    9  -16    5  -23   -5   -1   13
    1    3   19    1    2   27    3    2    1      1638    5   -6    6    6   -7   -5   18    5   17   -5   -4  -13  -10   15  -17    9    1   -5
    1    3   20    1    3   24    3    1    0      1441  -12  -16  -12   -3   12    3   13   11   15    9  -15   13    4    3   10    9   21   -4
    1    3   21    1    2   21    3    3    0      1157   16   -3    9   -2   -2   -8    7    1   10    3   -4  -12   -9   14   -3   12    4  -20
    1    3   22    1    1   26    2    1    1      1333  -16    5   -9    4    8  -12  -12  -14   16    0  -10   15  -12    4  -12    0    5   12
    1    3   23    1    3   26    2    2    0      1530  -16   -8   -9   -5   14    0   16   13   15   11  -16   13    4    5    8    9   13    6
    1    3   24    1    2   24    3    3    0       839   17  -15    5   10    3    5   17    7   13   -6   -9  -10  -10   14   -5   13    8   -7
    1    3   25    1    3   20    2    2    0      5106  -11  -13  -11    6   12    0   15   12   14    7  -12   14   -2   11   10   11   12    5
    1    3   26    1    3   25    1    2    0      2490  -11  -14   -6   -3   13    2   11   13   20    6  -13   13    4    4    9    9   11    6
    1    3   27    1    2   22    1    2    1      1026    7   -6    4    9   -7   -3   12    5   15   -1   -4  -14  -11   17   -7   10   10  -13
    1    4    1    1    2   36    3    3    0      6230    4   -2    8   -1   -8   -2   12   13   15   -3   -7   -4  -10   15   -7   10    6  -12
    1    4    2    1    2   33    3    3    0       969    7   -5    7    8  -11    1   15    4   10    4   -3  -12   -7   20   -3   17    9  -11
    1    4    3    1    1   28    1    2    0      1853  -25   -4  -10    5   11   -8  -12  -11   16   -2  -12   13  -12    3  -12    0    4   13
    1    4    4    1    2   29    2    3    0      1871    9   -9    4    9   -3    1   16    4   10    3   -4  -13  -10   15   -7    9   12  -13
    1    4    5    1    2   31    1    2    1      1088    6   -8    5    7  -13    0   13    5   15   -1   -3  -14  -11   15   -8   12   10  -12
    1    4    6    1    3   34    1    2    0      1551  -10  -15  -11   -8   12    2   13   12   15    9  -14   13    4    3    9    9   12    6
    1    4    7    1    2   34    1    3    0       654    7   -8    4    8   -8   -3   12    5   16    0   -4  -13  -14   15   -9   10   13  -15
    1    4    8    1    3   36    3    2    0       911  -15  -13  -16   -7   12    4   12   10    6    0  -14   14   14   -2   10    9   10    6
    1    4    9    1    3   28    1    2    0      1256  -11  -14   -6   -5   13    2   13   11   14    8   -6   16    5    3    9    9   11    5
    1    4   10    1    1   35    2    2    0      1552  -15    3   -5    1   11   -8  -13  -10   15   -1   -6    7  -12    4  -11    0    6   13
    1    4   11    1    3   31    1    1    0      1200  -11  -14   -7   -4   12    2   12   12   14   10  -14   14    4    3    9    9   10    7
    1    4   12    1    1   31    1    2    0       908  -15    4   -9    5   10   -8  -11  -12   16   -3   -6   17  -12   13  -14    1    4   14
    1    4   13    1    3   30    3    2    0      1158  -11  -15   -6  -14    9   -6    8   13   18   15  -12   18    5    2   10    9   11    7
    1    4   14    1    3   29    2    3    1       853  -15  -19   -6   -5   15    3   14   17   15    7  -13   12    8   -1    7    9   16    9
    1    4   15    1    1   34    1    3    0       605  -21   14  -10    5   10   -8  -11  -12   14   -2  -11   13  -13    2  -14    0    4   14
    1    4   16    1    3   32    2    2    0       848  -10  -12   -6   -3   11    0   13   11    4    7  -15   14    0    2   12   14   10    6
    1    4   17    1    3   33    3    3    1       938   -9  -11   -8   -2   11    5   13   11   12   14  -18   11    6    4   11    2    8    1
    1    4   18    1    1   36    3    1    1      1137  -14    9  -10    3   17   -1  -10  -11   15   -3   -6   14  -18    0  -14    1    3   15
    1    4   19    1    1   29    2    1    1      1134  -10   -1  -11    7    9   -9  -11  -11   17   -3  -10   15  -11    4  -14   -2    8   12
    1    4   20    1    1   32    2    2    0      1143  -16    4   -6    4   12   -7   -5  -18   17   -4  -10   10  -15    8  -11    0    2   14
    1    4   21    1    3   35    2    1    0       646  -11  -16   -8   -4   15    1   12   13   16   10  -13   15   -5    1   14   -1   13    3
    1    4   22    1    2   35    2    3    0       793   12   -3    5    7   -6   -5   10    1   16   -2   -6  -14  -19   15    2    6   12  -16
    1    4   23    1    2   32    2    1    0      2391    5   -6    3    8   -8   -5   14   10   14    0    1  -19  -10   15   -5   10   14  -14
    1    4   24    1    1   33    3    2    0      2852  -22    2  -12    7    8   -8   -8  -15   11   -4  -11   11  -14    3  -14   -1    7   21
    1    4   25    1    2   30    3    3    0       911    7  -11    9    2   -6   -4   16   12    5   -5   -8  -16  -10   15   -7   10   16  -16
    1    4   26    1    1   30    3    2    0      1288  -18    4   -7    5   15   -9  -13  -10   18   -2   -5   18  -12    2  -15    0    7    7
    1    4   27    1    2   28    1    1    0      1617    7   -7    3    9   -5   -5   11    5   15   -1   -4  -14   -5   17   -7   11   10  -12
    1    5    1    1    2   41    2    3    0      2874    5   -9    5    5   -8   -3   13    6   16  -10   -3  -15  -14   17   -6   11    1   -3
    1    5    2    1    1   41    2    1    1      2149  -10    0  -12    4   10   -6  -16  -11   18   -2  -13   14  -11    2  -12   -1   12   20
    1    5    3    1    3   42    3    2    0      2221  -11  -16   -7   -5    9   -1   13    7    6   12   -4   15    5    2    9    8    2   -3
    1    5    4    1    3   40    1    3    1      1393  -11  -14   -9   -4   13    2   12   12   19   13  -15   13    4    4    9    8   11    5
    1    5    5    1    3   44    2    3    1       886  -13  -15   -8   -4   15    0   22   13   15    8  -15   12    2    6    5   19    9    5
    1    5    6    1    1   39    3    2    0      1981  -21   -1   -9    6   20  -10  -10  -13   17   -3  -10   11  -21   -5  -14    0    3   24
    1    5    7    1    3   43    1    2    0      1898  -10  -15   -8   -4   12    2   11   13   15   10  -14   14    1    5    8   10   11    5
    1    5    8    1    3   38    2    3    1       795  -10  -13   -7   -5   15    0   13   12   21   14  -14   12    5    3   19    4   13    3
    1    5    9    1    2   45    3    3    0      1016   11   -9    5    6   -9   -1    8    0   15    0   -3  -15  -20   24   -6   10    9  -19
    1    5   10    1    1   38    2    2    0      1563  -17    5   -8   15   12   -9  -11  -13   17   -4  -12   14  -14    8  -14    1   -4   15
    1    5   11    1    2   39    3    3    0      1479   11  -14    1    6   -3   -1    7    2   15   -2   -5  -14  -11   15   -7    9   10  -17
    1    5   12    1    1   45    3    2    0       953  -19    0  -11    5    6   -6  -17  -22   16   -1  -12   13  -23    8   -5    4    6    7
    1    5   13    1    1   44    2    1    1      1999  -16    6  -13    4    9   -6  -11  -13   15   -1  -12   10  -14   -5  -15   -1    5   13
    1    5   14    1    2   42    3    2    1      3177   15   -3    9    2   -8   -3   11    6   19   -5  -13  -19  -13   20    2   12    1  -19
    1    5   15    1    3   45    3    2    0      2101   -9  -18   -2   -5   11    2   14   12   19   12  -12    8    7    9    7   14    6   12
    1    5   16    1    1   42    3    2    0      2682  -13    4  -11    6    9   -5  -13  -21   18   -2  -20    6  -11    9  -23    1    7   20
    1    5   17    1    2   38    2    2    1      1498   11   -7    5   10   -8   -5   10    6   14   -1   -6  -16   -8   17   -6   11   11  -14
    1    5   18    1    1   40    1    1    1      1515  -16    5  -10    5   10   -8  -13  -10   16   -1  -10   11  -13    3  -13   -1    4   14
    1    5   19    1    2   43    1    3    0      5260    0   -3    3    9   -7   -3   12    6   15   -1   -4  -15  -11   16   -4   20   10  -12
    1    5   20    1    3   37    1    2    0      2181  -12  -13   -6   -4   13    1   12   12   14    9  -14   12   14   13    9    9   11    4
    1    5   21    1    3   39    3    3    1      1339  -10  -11   -2   -4   18    1   21   10   13   13  -16   18   10    4   14   -1   16   10
    1    5   22    1    1   43    1    2    0      7600  -16    5  -10    5    1  -15  -11  -11   16   -2  -11   12  -12    3  -13    0    4   15
    1    5   23    1    2   44    2    2    1       620    7   -6    5    8  -12    2   13    7   13   -2   -6  -16   -8   18  -12   13   10  -11
    1    5   24    1    1   37    1    2    0      2493  -16    5  -11    5    9   -7  -12  -12   16   -2  -11   13  -13    3  -12   -1   -4   14
    1    5   25    1    3   41    2    3    1       371  -10  -15   -8   -3   11    4   20   13   14    8  -15   14    3    4    8    7   13    5
    1    5   26    1    2   37    1    3    0       784   -3  -14    4    8   -7   -3   13    6   15   -2   -5  -13  -10   16   -6   11   10  -12
    1    5   27    1    2   40    1    2    1      2460    7   -7    5    8   -6   -3   11    6   15   -1   -9  -19  -10   16   -7   11    9  -13
    1    6    1    1    3   46    1    3    1      2390  -11  -14   -8   -4   13    2   12   12   14    8  -14   13    4    4   10    9   11    5
    1    6    2    1    3   50    2    3    1       386  -15  -12   -8   -3   12    1   11    3   10   10  -15   14    4    3   11    7   12    5
    1    6    3    1    3   51    3    3    1       704   -4  -23  -14   -5   17    5    3   19   15   11  -18   18    5    4    7   17   11    4
    1    6    4    1    2   52    1    1    0      2111    7   -7    4    8   -7   -3   12    5   13    3   -5  -13  -11   16   -6   11   10  -12
    1    6    5    1    1   49    1    1    1      1255  -15    4  -10    5   11   -8  -12   -9   15   -2  -11   13  -13    3  -13    0    5   13
    1    6    6    1    2   50    2    2    1      1249    8   -7    5    7   -5   -4   15    1   12    0   -6  -14   -8   12   -6   11   11  -13
    1    6    7    1    1   53    2    1    1       987  -15    5   -5   10    9   -8  -10  -13   16   -3  -10   12  -18    8  -12   -1    2   16
    1    6    8    1    3   48    3    3    1      1136  -10  -15   -7   -8   18   -1   11    3   13   10  -12   13    3    8    8    7   13    7
    1    6    9    1    3   47    2    3    1      1919   -9  -13   -6   -1   16   -3   10   13   14   10  -12   20    6    5   14   17    1    8
    1    6   10    1    3   52    1    3    1       591  -12  -14   -6   -5   13    2   12   12   15   10  -14   14    4    4    8    9   11    5
    1    6   11    1    1   47    2    2    0      1892  -13    9  -10    3   11   -7   -7  -14   15   -2  -11   12  -15    4  -14    2   12   22
    1    6   12    1    2   47    2    1    0      2150    8   -6    3    9   -6   -3    6    8   17   -3   -5  -15  -10   15   -8    6   10  -14
    1    6   13    1    3   54    3    3    1       766  -10  -14   -4    1    3    2    9    8   14    8  -13   13    5   11   -1    7   10    4
    1    6   14    1    1   52    1    1    1      1787  -15    4  -11    7   10   -8  -11  -12   16   -2  -11   13  -14    2  -13    0    4   14
    1    6   15    1    2   48    3    2    1      1343    6   -6    7   -1  -14   -9   11    5   17   -3   -4  -12   -5   16   -8   11   16  -21
    1    6   16    1    2   53    2    1    0      2581    8   -8    3    8   -6   -7   14    2   12   -6   -6  -14   -9   18   -7    9    8  -11
    1    6   17    1    1   54    3    1    1      1690  -17    3   -1    3    5  -12   -9   -5   18   -1  -11   11  -12    3  -11   -2    5   11
    1    6   18    1    2   49    1    2    1      2851    5   -5    4    8   -7   -3   12    5   15   -1   -3  -14   -9   17   -7   11    1  -20
    1    6   19    1    1   51    3    3    0      1069  -13    7   -2   -5   15  -11   -2  -14   17   -3  -18   14  -12    3  -13   -2    9    9
    1    6   20    1    3   53    2    3    1       877   -7  -13  -10   -4   14    1   13   13   13    7  -15   14    6    3    8    9   11    6
    1    6   21    1    1   46    1    2    0      1702  -20    0  -10    4    1   -7  -10  -12   16   -2  -11   13  -13    2  -12   -1    5   13
    1    6   22    1    3   49    1    3    1       974  -11  -13   -7   -4   13    2   12   11   14    9  -15   13    4    3    9    9   12    4
    1    6   23    1    1   50    2    1    1      1299  -16    5   -8    4    9   -9  -13  -11   14    0  -12   14  -12    2  -16   -4    4   13
    1    6   24    1    2   51    3    2    1      2571    2    1   -3    7   -8   -3   12    4    7  -10   -4  -13   -6   14    1    9    9  -13
    1    6   25    1    2   46    1    2    1      1059    7   -8    4    8   -6   -4   13    5   15   -1   -4  -14   -9   16   -6   12    9  -11
    1    6   26    1    1   48    3    1    1      1093  -16    7  -15    5   11   -7   -5   -5   15   -4   -7   11  -12    3  -19   10    5   13
    1    6   27    1    2   54    3    3    0      1591    2  -10    4    9  -11   -6   12    2    7    4   -3  -15   -9   24    2   20   15  -13
    1    7    1    1    3   60    3    3    1      2021  -11  -10   -6   -4   15    6    7   14   10   12  -15   12    5    6   11    9    6    1
    1    7    2    1    1   63    3    3    0      1665   -7    0  -17    4   12   -7   -9  -14   20   -5   -9   18  -14    5  -11   -1    3   12
    1    7    3    1    3   62    2    2    0      1484  -12  -16   -6   -5   14    2   11   11   24    9  -15   14   -6    7   10   13   11    6
    1    7    4    1    3   61    1    3    1     54700  -10  -15   -7   -4   13    2   12   13   14    9  -14   13    4    4    9    8   11    5
    1    7    5    1    2   55    1    3    0      1583    7   -6    5    7   -7   -3   11    5   15   -1   -4  -14  -15   21   -5   10   10  -12
    1    7    6    1    3   56    2    3    1      1148  -12  -14   -7   -2   13    3   11   13   15    9  -18    8    4    6    6    1   11   10
    1    7    7    1    3   58    1    3    1      2715  -10  -14   -7   -4   13    2   11   12   13   10  -14   13    4    4    9    9   11    5
    1    7    8    1    1   58    1    2    0      1945  -15    4   -9    4    9   -8  -10  -12   16   -2  -10   14  -13    3  -12    1    4   14
    1    7    9    1    3   55    1    3    1      1080  -11  -14   -5   -3   12    3   11   12   14    9  -14   13    3    5    8   10   11    5
    1    7   10    1    1   61    1    1    1      1386  -16    3  -13    7   11   -9  -11  -11   15   -1  -10   12  -13    3  -12    1    3   14
    1    7   11    1    1   56    2    1    1       576  -17    6  -11    5   10   -7  -19  -10   17   -1  -12   14  -13    4  -18   -3    5   16
    1    7   12    1    1   57    3    2    0      1028  -14    4    0    7   12  -11  -16   -8   15   -2   -7   14  -17   12  -14    1    5   13
    1    7   13    1    2   62    2    2    1      1302    7   -6    6    9   -8   -4   13    6   16    0   -9  -13   -9   15   -6   11   10  -11
    1    7   14    1    2   63    3    2    1       589    6   -7    3    8   -7   -2   11    4   17    2   -5  -14  -17   11  -12    8   10  -11
    1    7   15    1    2   56    2    2    1      1170    7  -10    2    8  -10  -13   17    5   20   -1   -4  -12   -7   20    2   13    8  -17
    1    7   16    1    2   59    2    2    1       736    6   -7    6    9   -7   -2   10    6   14   -6   -3  -12  -10   15   -7   12   11  -11
    1    7   17    1    2   57    3    2    1       782   16    3    4    9   -7   -5    7    9   12   -5   -3   -7  -11   11  -10    9    2  -12
    1    7   18    1    1   62    2    2    0      1035  -14    4   -6   13   10   -9   -9  -11   16   -1   -9   14  -21   -5   -8    0    2   13
    1    7   19    1    3   59    2    3    1      1230  -12  -12   -9   -2   13    3   11   12   20    4  -16   15    3    5    5    2   11    7
    1    7   20    1    2   58    1    2    1       953    7   -7    3    9   -8   -3   21   -5   16   -1   -6  -15  -11   17  -12   13   10  -12
    1    7   21    1    1   59    2    1    1      1134  -17    5   -9    4   10   -7  -11  -14   15   -1  -10   13  -14   -2  -12   -1    3   12
    1    7   22    1    2   61    1    2    1      1036    6   -6    4    7   -7   -2   12    6   14   -2   -4  -14  -10   16   -6   12   11  -12
    1    7   23    1    2   60    3    3    0       798    8   -8    6   -2   -8   -1   12    4   14    1   -3  -14  -11   17    1   15   20   -7
    1    7   24    1    1   55    1    1    1      1529  -16    5  -10    5   11   -8  -11  -12   17   -2  -10   15  -14    4  -13    0    4   14
    1    7   25    1    3   63    3    3    1       953   -9  -14   -7   -3   13    0    9   14   20   -1  -15   13    2    6   15    5   10    7
    1    7   26    1    3   57    3    3    1      1854  -12  -13   -5   -6   12   -3   11   12   13    9  -19    7    2   -1   10    9    7    7
    1    7   27    1    1   60    3    1    1      1504   -6    9   -9    5   10   -6  -16  -16   18   -2  -10   14  -15   -1  -16   -5    3   16
    1    8    1    1    1   64    1    1    1      2448  -14    6   -9    5    6    1  -11  -11   17   -3  -10   11  -14    2  -13    0    4   14
    1    8    2    1    3   70    1    3    1       860  -10  -14   -7   -5   13    2   11   11   14    8  -15   15    3    4    8    9   11    5
    1    8    3    1    2   68    2    1    0      1958   12   -6    0    4   -2    1   11    6   18   -2   -3  -13   -1   19   -8   11   12  -14
    1    8    4    1    2   66    3    2    1      1574    6  -12    5   15   -3   -5   14    8    7    9   -4  -15  -14   10   -4   16   10  -13
    1    8    5    1    1   65    2    1    1       928  -16    3  -11    6   15   -8  -10  -11   15   -2  -10   15  -13    5  -14    0    5   16
    1    8    6    1    1   67    1    1    1       646  -15    4  -10    6   10   -8  -12  -13   16   -2  -12   13  -18    2  -13    1    4   13
    1    8    7    1    1   68    2    1    1       615  -21   -4   -9   -4    0  -11  -13  -13   21   -7  -11   16  -14    2   -9    4    5   13
    1    8    8    1    3   72    3    3    1      1704  -10  -14   -9   -4   14    0    4   11   16   19  -13   15    7   -1    8   15   10    6
    1    8    9    1    2   72    3    2    1      1214   -1   -3    7    4  -17   -2   11    5    5    7   -6   -5  -10   15   -5   18   12  -11
    1    8   10    1    1   72    3    1    1       808  -13    8  -15    6   10    0   -1   -9   17    1  -13   13  -17    2  -13   -2    3   13
    1    8   11    1    3   69    3    3    1       850  -14   -5  -10   -3   14    1    7   14   15    9  -18   19   11    0   11    4    7    5
    1    8   12    1    2   67    1    2    1       858    7   -7    5    9   -7   -2   13    4   15    0   -4  -14  -10   16  -17   18   10  -11
    1    8   13    1    2   71    2    3    0       916   12   -4    5    9   -9   -4   12    4   22   -7  -13  -16  -14   17   -6   10    9  -10
    1    8   14    1    3   66    3    1    0      1577   -3   -8   -8   -6   14    6   19   17    4    6   -7    9    2    4   18   15   11    4
    1    8   15    1    3   67    1    3    1       916  -11  -14   -6   -5    3   -1   12   12   14    9  -15   12    5    4    7    8   10    4
    1    8   16    1    3   65    2    3    1       522   -9  -11  -11   -4   19   10   12   13   14   11  -12   13    5    5    9    8    6   -2
    1    8   17    1    1   71    2    3    0       848  -16    5   -9    4   12  -10   -9   -2    9    6  -10   14  -11    3  -14    1   12    6
    1    8   18    1    1   66    3    3    0      1257  -14    5   -5    6   10   -9  -14   -3   19    1  -13   18  -15    0  -11    2    4    4
    1    8   19    1    1   70    1    1    1       900  -16    4   -9    4    9   -7   -3   -4   16   -3  -12   14  -13    3  -11    0    5   14
    1    8   20    1    3   64    1    3    1       813  -12  -14   -8   -4   12    1   12   12   14    8  -13   12    4    5    9    9   11    6
    1    8   21    1    2   65    2    1    0      2071    5   -6    2    8   -7   -4    5    8   15   -2   -5  -10  -11   17   -7    9   13  -14
    1    8   22    1    2   64    1    2    1       878   17  -11    4    8   -8   -2   11    5   16    0   -4  -13  -10   16   -7   11   10  -12
    1    8   23    1    2   69    3    2    1       487    8   -9    6    9   -8   -2   11    6   16   -3   -6  -14   -5   11   -3   14   11  -13
    1    8   24    1    3   68    2    3    1       992   -5  -10   -6   -4   11    2   13   13   14    0  -14   11   -5    3   10    8   15    7
    1    8   25    1    3   71    2    3    1       787  -16  -15   -8   -4   19    2    8    8   15    8  -15   14    7    3   10   10   11    3
    1    8   26    1    1   69    3    1    1      1200  -22    5   -7    4   14  -11   -2  -17   16    3  -19    7  -13    4  -17    3    4   13
    1    8   27    1    2   70    1    2    1      1036    7   -7    4    7   -8   -2   12    5   16   -2   -4  -14  -11   15   -7   11    9  -11
    1    9    1    1    1   80    2    1    1      1102  -17    4   -2    2   13  -10  -11  -10   17   -4  -10   13  -11    4  -12    0    4   15
    1    9    2    1    2   77    2    2    1      1085   16  -12    3    9   -5   -3   11    4   17   -1  -14  -15   -9   16   -9   12    9  -11
    1    9    3    1    2   75    3    2    1      1117    6   -7    5    9   -9   -3   12    6   14   -2  -14   -4  -11   16   -6   10   11   -9
    1    9    4    1    1   75    3    1    1      1082  -20   -2  -19   14    1  -15  -15  -16   21   -4  -13   14  -14    8  -18    5    9   24
    1    9    5    1    1   73    1    1    1       812  -16    3   -9    4   10   -7  -10  -11   16   -3  -12   13  -12    2  -13    0    4   14
    1    9    6    1    2   73    1    2    1       805    7   -6    4    8   -7   -3   11    5   16   -2   -3  -15   -9   15   -7   12   10  -12
    1    9    7    1    3   74    2    3    1      1040  -15  -20   -9   -6   13    3   14   13   16    4  -23   16    3    2    6   10    5   13
    1    9    8    1    3   75    3    3    1       960   -5  -23  -13   -2    8    2   13   13   10   18  -15   14    6    5    5    0   10    4
    1    9    9    1    2   79    1    2    1      1093    7   -7    4    6   -8   -5   12    5   15   -1   -4  -14  -10   15  -17   10   11  -12
    1    9   10    1    3   78    3    1    0      1031  -13  -13   -5    1   19    7   21    2   13   19  -17    5    2    5   14    8    2    0
    1    9   11    1    1   77    2    1    1      1733  -16    5  -11    6   12   -7  -11  -13   15   -2  -11   18  -11    2  -15    0   10   13
    1    9   12    1    3   81    3    3    1      1164  -11  -15   -3   -6   11    5   11   16   12   11  -23   22    3    5    9   10   20    2
    1    9   13    1    2   81    3    2    1       937   14   -2    2    5   -6   -3    9   -4   13    0   -3  -14  -10   18   -3   14   13  -14
    1    9   14    1    1   79    1    1    1      1040  -15    5  -13   10    8   -8  -13  -12   16   -2  -12   14  -13    3  -12   -1    5   13
    1    9   15    1    2   80    2    3    0      1473    6   -6    4    6   -8   -2   13    6   15    0   -6  -12   -9   16   -5   10   10  -13
    1    9   16    1    3   73    1    3    1       914  -12  -15   -7   -3   13    2   13   11   15    9  -14   12    4    3    9    9   12    6
    1    9   17    1    2   78    3    2    1      1321    7   -6    8    2   -8   -3   11    6   14   -1   -5  -12  -11   16  -12   13    8  -13
    1    9   18    1    1   78    3    2    0       800  -15    2  -14    0   12   -7  -11  -17   24    0  -10   18  -17    6  -18    4   -4   15
    1    9   19    1    3   77    2    3    1      1036  -13  -12   -4   -1   16    6   12   14   14   10  -15   11    2    4    9   10    6   -1
    1    9   20    1    3   80    2    3    1       589  -16  -18   -8   -4   13    3   10   14   15    7  -10   16    4    3    8    8    8    2
    1    9   21    1    1   76    1    1    1       738  -15    4   -6    5    9   -8  -11  -13   17   -1  -11   13  -12    5  -13   -1    5   14
    1    9   22    1    1   74    2    1    1       735  -14    3   -9    1   11   -9  -16  -13   12    3   -6    7  -11    2  -12   -1    4   13
    1    9   23    1    3   76    1    3    1       764  -12  -14   -7   -4   18    6   12   13   11   16  -15   14    4    5    8    9   11    4
    1    9   24    1    2   74    2    2    1      1145    6   -8   -6    4   -6    1    5    9   14    0   -6  -12   -5   15   -6   11    7  -10
    1    9   25    1    2   76    1    2    1       647    7   -7    4    8   -9    2   14    4   10   -7   -5  -14   -9   15   -7   11    9  -12
    1    9   26    1    3   79    1    3    1       728  -10  -14   -7   -4   13    1   11   13   15    8  -14   13    4    4    8    9    7    2
    1    9   27    1    1   81    3    1    1      1013   -9   11  -13    7   10   -7  -11  -13   20   -3   -7   12  -10   -2  -16    4    2   15
    1   10    1    1    3   82    1    3    1      1108  -11  -14   -7   -3   13    2   13   11   15    9  -14   13    4    4    9    9   11    5
    1   10    2    1    3   90    3    3    1       578  -12  -13  -17  -14   12    3    2    3   15    8  -19    6    7    4   12   12   11    6
    1   10    3    1    2   85    1    2    1       807    8   -6    4    7   -7   -3   13    8   15   -1   -4  -15  -10   16   -8   11   10  -12
    1   10    4    1    1   90    3    1    1       868  -17    6  -13    2    8   -6  -12  -11   11   -4  -16   12  -14   -6  -15    4    7    9
    1   10    5    1    3   83    2    3    1       826   -7  -15   -2  -10   14    3   11   10   15   11  -16   13    4    5    6   13   10    4
    1   10    6    1    2   86    2    2    1       901    8   -6    3    8   -8    5   12    7   16    1   -3  -14  -11   21  -16   20    3  -20
    1   10    7    1    2   88    1    2    1      2187    7   -7    3    7   -7   -3   13   14   17    3   -3  -15   -9   16   -6   10    9  -13
    1   10    8    1    3   88    1    3    1       894  -12  -13  -12   -4   13    2   12   11   14    9  -13   12    4    4    9    9   10    3
    1   10    9    1    1   83    2    1    1       615  -15    5   -9    3    9   -6  -12  -12   14   -3  -13   14  -20   -4  -12    1    2   14
    1   10   10    1    3   86    2    3    1      1128  -12  -14   -8   -3   13    3   21   13   16    9  -13   12   -6   -5    7    9   12    0
    1   10   11    1    2   87    3    2    1       806    7   -6   -1   -2  -10   -7   14    9   21    7   -5  -15  -10   15   -9   10   11  -13
    1   10   12    1    2   84    3    1    0       994    8   -6    4   17   -8   -5    9    9   12    2   -5  -16   -9   17    1    7   17  -16
    1   10   13    1    3   85    1    3    1      1141  -12  -14   -7   -3   13    2   12   11   14    9  -14   12    4    4    9    9   11    5
    1   10   14    1    3   84    3    3    1       563  -10  -15   -2   -7    8    3    5    4   12    8  -14   15   12    5   10   11   11    2
    1   10   15    1    2   89    2    2    1      1000    8   -5    5    7   -6   -5   12    4   20   -1   -6  -14  -12   17  -10   12   12  -11
    1   10   16    1    1   82    1    1    1       858  -15    4  -10    5    9   -9  -11  -13   16   -2  -11   13  -13    3  -13    0    4   14
    1   10   17    1    2   90    3    2    1      1793    8   -8    1    6   -5   -4    6   15   20   -6  -11  -11  -13   17   -6   12   16  -22
    1   10   18    1    3   87    3    3    1       790   -8  -10    2    2   13    1   16    7   12   10  -15   14    3    5    7   11    9    3
    1   10   19    1    1   89    2    1    1       720  -15    6    0    3   11   -8  -11  -11   18   -2  -10   11  -21    5  -13   -1    4   13
    1   10   20    1    2   83    2    2    1       734    7   -6    5    8   -8   -2   13    4   15   -3   -4  -15  -11   16   -6   11    9  -12
    1   10   21    1    1   85    1    1    1       682  -22   14  -10    5    9   -7  -11  -13   16   -2  -10   13  -13    3   -9    7    4   14
    1   10   22    1    3   89    2    2    0       601  -12  -12   -8   -3   14    2   12   11   15    8  -16   12    4    1   10    7    8    3
    1   10   23    1    1   86    2    1    1       988  -14    4  -11    6    5   -4  -12  -11   15   -9  -10   15  -11    3  -12   -2    4   15
    1   10   24    1    2   82    1    2    1      2911    7   -8    4    7   -5   -1   12    5   15   -1   -4  -15  -10   16   -7   11   11  -11
    1   10   25    1    1   84    3    1    1       648  -12    0  -10    7   14   -4  -10  -12   11    0  -17   11   -9    5  -19   -8    3   11
    1   10   26    1    1   88    1    1    1       825  -16    5   -8    3   10   -9  -11  -13   16   -1  -10   13  -13    3  -13   -3    5   14
    1   10   27    1    1   87    3    1    1      2931   -7    8  -19   14   12   -9   -7  -17   20   -2  -10   14  -14    5  -14    1   -6   21
    2    1    1    1    3    5    2    3    1      3418   -1  -12   -7   -5   13    1   13   14   16    7  -15   12    3    5   12   19    7   13
    2    1    2    5    2    3    3    3    0      1357   10    0   -3    6   -8    4    5   13   11   -7   -1  -18  -20    9    1    9    2   -5
    2    1    3    1    3   16    1    3    1       769  -11  -14   -7   -5   14    2   11   12   13   10  -14   13    4    5   10   10   11    5
    2    1    4    1    1   25    1    2    0      2349  -14    4   -9    5   10   -9  -12  -12   16   -2  -11   13  -11    1  -12   -1    4   13
    2    1    5    5    1    4    3    2    0       891  -19    9  -11    7    9  -10  -11  -11   11   -1   -6   18   -6   -6  -14    0    1   18
    2    1    6    1    1   32    2    1    1      1313  -16    4   -6    4   12   -7   -5  -18   17   -4  -10   10  -15    8  -11    0    2   14
    2    1    7    5    2    2    3    2    1      1386   -2  -15   -1   18   -6   -3    6    3   20   -1   -6  -22   -9   17  -10    8    9  -14
    2    1    8    1    2   44    2    2    1       924    7   -6    5    8  -12    2   13    7   13   -2   -6  -16   -8   18  -12   13   10  -11
    2    1    9    4    2    4    2    2    1       675    6   -8    4    6   -8   -2   14    3   15    1   -6  -16  -11   17  -12   11   10  -11
    2    1   10    1    2   50    2    2    1       628    8   -7    5    7   -5   -4   15    1   12    0   -6  -14   -8   12   -6   11   11  -13
    2    1   11    2    2    0    0    2    1       567    7   -7    4    8   -7   -3   12    5   15   -1   -4  -14  -10   16   -7   11   10  -12
    2    1   12    1    2   63    3    2    1       541    6   -7    3    8   -7   -2   11    4   17    2   -5  -14  -17   11  -12    8   10  -11
    2    1   13    4    2    5    2    2    1       932    9   -8    4    6   -8   -3   14    6   19    1   -3  -16  -11    6   -6   10   14  -13
    2    1   14    1    1   72    3    1    1       825  -13    8  -15    6   10    0   -1   -9   17    1  -13   13  -17    2  -13   -2    3   13
    2    1   15    5    1    7    3    1    1       515  -14    2  -15    8    2   -6   -7   -5   18   -1  -10   14  -16   -1  -12   -5    6   10
    2    1   16    4    2    6    2    2    1      2571    7   -6    5    7   -6   -3    2    8   13   -3   -7   -9   -1   14  -10    8    9  -13
    2    1   17    4    3    3    2    3    1       797  -10  -16   -7   -3   12    0    4   20   16   11  -21   18    2    2    7   10   12    4
    2    1   18    1    2   76    1    2    1       888    7   -7    4    8   -9    2   14    4   10   -7   -5  -14   -9   15   -7   11    9  -12
    2    1   19    4    1    6    2    3    0       992  -15    3  -18    4    9   -7  -13  -13   19    2  -19   23  -13    2  -11   -2    3   15
    2    1   20    5    1    3    3    1    1       998   -8   -6   -9    4   12  -13   -8  -16   17   -1  -17   14  -12    8  -14    1    5   14
    2    1   21    3    1    3    1    1    1      1033  -17    5  -11    5   11   -9  -13  -10   16   -3  -12   14  -16   -7  -12    0    4   15
    2    1   22    5    1    9    3    2    0      1548  -18    5   -8   12   13   -5  -11  -11   11    7   -7   10  -11   -1  -14    1    9    4
    2    1   23    1    2   84    3    1    0      2378    8   -6    4   17   -8   -5    9    9   12    2   -5  -16   -9   17    1    7   17  -16
    2    1   24    4    3    5    2    1    0      2007  -13  -14  -10    3   14    2   14   12   24   15  -14   11    3    5    7    8   12    4
    2    1   25    5    3    4    3    3    1      2354  -11  -13   -4  -14    3   -5    7   10    8    1  -11    8    2    4   11    4    9    6
    2    1   26    5    2    5    3    2    1      1006    7   -6   -2    8   -8   -2   11    5   22   -3   -5  -15   -9   10   -6   11   11  -13
    2    1   27    1    1    4    1    1    1       944  -15    4   -9    4   10   -8  -11  -12   16   -1  -12   12  -13    3  -13    0    5   15
    2    1   28    5    3    2    3    3    1      1254  -13  -19   -4   -9   12   -3   22    7   17   -1  -11   23   -6    6   18   15   20   13
    2    1   29    1    3   11    2    3    1       574   -8  -18   -6   -5   14    1   11   13   16    9  -15   12    5    3    8    9   11    4
    2    1   30    5    3    6    3    3    1       562   -9  -23   -7   -2   14    4   11   13    9   19  -14   15    4    3   11    8   16    5
    2    1   31    2    3    0    0    3    1       454  -11  -14   -7   -4   13    2   12   12   14    9  -14   13    4    4    9    9   11    5
    2    1   32    5    2    7    3    3    0       462    8   -8    3    9   -2    0    8   14   16   -3  -10  -20   -9   16   -5    8   10   -7
    2    1   33    5    3    9    3    1    0      2536  -12  -12    0  -10   23   -1    7    7   13    9  -18    7    0   11   14    7    9    8
    2    1   34    1    3   27    3    2    0       844  -11  -17   -2   -6   15    1    8   14   14   11   -6   10   -6   -5   12    6    6    4
    2    1   35    5    2    6    3    3    0      2676   -3   -6    1    7    0    3   12    4   20   -2   -8  -15  -16    7    3    9    8  -10
    2    1   36    3    2    3    1    2    1     28996    7   -7    3    8   -7   -3   11    5   15   -1   -4  -14  -11   16   -7   10   10  -12
    2    1   37    4    1    2    2    1    1      1336  -16    4   -7    4   12   -8   -9  -11   16   -1  -13   14  -23    7  -11    1    4   16
    2    1   38    3    3    3    1    3    1      1024  -10  -15   -7   -4   16    4   11   12   14    8  -14   13    4    4    9    9   11    5
    2    1   39    1    3   30    3    3    1       658  -11  -15   -6  -14    9   -6    8   13   18   15  -12   18    5    2   10    9   11    7
    2    1   40    5    2    4    3    3    0      2003    6   -6   -5   -2  -17    0   11    3   16    4   -6   -8  -11    6  -12   20   11  -12
    2    1   41    5    3    7    3    3    1       622   -9   -9   -6   -3   11    1   13    8   16   11  -15   13    1    1    9   11    9    4
    2    1   42    4    3    2    2    3    1       578  -10  -15   -8   -4   14    1   13   11   14   14  -15   13    2   -6   10    9   20   -5
    2    1   43    4    2    1    2    2    1      1366    6   -7    3    3   -8   -1   12    4   13   -3   -7  -12   -9   16   -9   10   10  -11
    2    1   44    1    1   38    2    1    1      2284  -17    5   -8   15   12   -9  -11  -13   17   -4  -12   14  -14    8  -14    1   -4   15
    2    1   45    1    2   47    2    3    0       876    8   -6    3    9   -6   -3    6    8   17   -3   -5  -15  -10   15   -8    6   10  -14
    2    1   46    3    3    2    1    3    1       868  -11  -15   -7   -5   13    2   12   12   14   10  -14   13    4    4    9    9   12    4
    2    1   47    5    1    5    3    3    0       988  -14    2   -5    4   14   -8  -10  -14   14    4  -14    9   -4   -4  -12   -1    5   11
    2    1   48    1    2   55    1    3    0       578    7   -6    5    7   -7   -3   11    5   15   -1   -4  -14  -15   21   -5   10   10  -12
    2    1   49    1    1   69    3    1    1      5112  -22    5   -7    4   14  -11   -2  -17   16    3  -19    7  -13    4  -17    3    4   13
    2    1   50    4    2    2    2    2    1      1591    6   -7    5    8  -16   -6   11    4   16    4    1  -15  -11   16  -12    9    0   -7
    2    1   51    5    3    5    3    3    1       868  -12  -13    0   -2   12    3   18    3   18    9  -10   17    4    5   14    6    3    0
    2    1   52    5    3    8    3    1    0       716  -12  -14   -8   -6    5   -2    4   18   12   11  -18   11   10   -6   10    7   15    5
    2    1   53    5    1    8    3    1    1      1051  -15    5  -10   15    2    0  -10   -4   16   -3  -15   17  -11    0  -13    7    5   14
    2    1   54    1    3   76    1    3    1       764  -12  -14   -7   -4   18    6   12   13   11   16  -15   14    4    5    8    9   11    4
    2    1   55    3    2    1    1    3    0       856    5   -8    4    8   -7   -4   14    5   15   -1   -3  -15  -10   17   -7   11   10  -10
    2    1   56    4    1    4    2    3    0       911  -22   11   -8    5   10   -7   -5  -13   18   -2  -11   12  -13    2  -11   -1    3   12
    2    1   57    1    3   89    2    3    1       598  -12  -12   -8   -3   14    2   12   11   15    8  -16   12    4    1   10    7    8    3
    2    1   58    5    3    3    3    2    0      2427  -16   -9  -11    3   16   -2    3   16   22    0  -14   12    6    3    7    8    7   15
    2    1   59    1    1    1    1    1    1       743  -15    4  -10    5   10   -8  -11  -12   15   -1  -11   13  -13    2  -14   -1    4   15
    2    1   60    4    3    4    2    3    1       836  -10  -13   -8   -5   14    3   10   13   15   10   -9   14    5    5    4   -1   10    5
    2    1   61    1    2   70    1    2    1       906    7   -7    4    7   -8   -2   12    5   16   -2   -4  -14  -11   15   -7   11    9  -11
    2    1   62    1    2   51    3    2    1      1186    2    1   -3    7   -8   -3   12    4    7  -10   -4  -13   -6   14    1    9    9  -13
    2    1   63    3    2    2    1    1    0      3023    8   -8    4    8  -13   -9   12    5   15   -1   -5  -17  -18   12   -7   11   11  -12
    2    1   64    5    1    2    3    1    1      1057  -25   -4  -11   12    4  -13  -12  -15   17   -1  -13   11   -8   -2  -16   -2    5    7
    2    1   65    5    1    6    3    2    0      1329  -15    2    0    9   19   -5  -10  -12   19    3   -9   12  -12    3  -13    1   -4    9
    2    1   66    1    3   15    3    3    1       919   -9  -13   -7   -6    8    1   16   21   18    2  -14   15    0    6    6   12    7   10
    2    1   67    1    1   62    2    1    1       972  -14    4   -6   13   10   -9   -9  -11   16   -1   -9   14  -21   -5   -8    0    2   13
    2    1   68    3    1    2    1    1    1      1247  -15    4  -10    5   10   -8  -12  -12   16   -3  -11   12  -13    3  -13    0    5   14
    2    1   69    4    1    3    2    1    1       841  -16    5   -5   14   10  -10  -12  -12   12    0   -8   12  -13    4  -14    1    4   15
    2    1   70    4    2    3    2    2    1      1106    9   -8    6    8  -16  -11   14    5   13    0   -4  -12  -12   16   -8   11    6  -15
    2    1   71    3    3    1    1    3    1       915  -15  -13   -6   -5   12    2   12   12   13    9  -14   13    4    4    8   10   10    4
    2    1   72    5    2    9    3    3    0       681   17  -13    3   13  -16   -2   12    6    9    1   -6  -14  -12   21    0    1   11  -13
    2    1   73    3    1    1    1    1    1      1019  -16    3   -9    6   10   -9  -10  -12   16   -3  -12   13  -14    4  -12   -1   -2   14
    2    1   74    5    1    1    3    1    1       827  -16    2   -5    6    7   -7  -12  -12   11    2  -10   13  -12    5  -18    0    5   11
    2    1   75    5    3    1    3    2    0      1143  -17  -18   -7   -5   22   10    4   14   14    8  -10   15    7    4    2   19   11    6
    2    1   76    4    1    5    2    1    1      1254  -15    3  -11    3    6   -3   -9  -14   17   -2  -11   12  -13    2  -12   -1    3   13
    2    1   77    4    3    6    2    1    0      3327  -12  -14   -6   -5   15    1   10   14   13   10   -9    7    5    4   10   10   12    7
    2    1   78    1    1   84    3    1    1       757  -12    0  -10    7   14   -4  -10  -12   11    0  -17   11   -9    5  -19   -8    3   11
    2    1   79    5    2    8    3    3    0      1188    3   -9    3    8   -2   -2    9    7    5    2   -7  -10   -9   13   -3    5   11  -13
    2    1   80    4    3    1    2    3    1       656   -2   -5   -9   -3   15    0   20   12   16   11  -15   14    6    2    8    8   12    5
    2    1   81    5    2    1    3    3    0       785    7   -8    1    4   -6   -7   14    1    9   -5    1  -18  -14   13  -12    4   13   -8
    2    1   82    1    3   19    1    3    1       637  -11  -14   -7   -4   12    2   12   13   14    9  -14   13    3    4    9    9   11    5
    2    1   83    2    1    0    0    1    1      1537  -15    4  -10    5   10   -8  -11  -12   16   -2  -11   13  -13    3  -13    0    4   14
    2    1   84    4    1    1    2    1    1       559  -13    3   -8    3   12   -9  -10  -13    8  -11  -11   14  -15    1  -11   -2    5   13
