    1    1    1    1    1    3    1    1    1      9783   16   -5  -13    1    3    5    4  -14   12   -7   -7   -2    8    3    2   -2  -10   -5
    1    1    2    1    3    3    1    3    1      6851    5  -14   -2   -2   17    2    4  -10  -11   -8  -10    0  -11  -15  -12  -10   12    4
    1    1    3    1    3    2    1    3    1      2340    4  -13   -2   -2   16    3    8  -13  -11   -8  -11    1  -10  -16  -11  -11   11    5
    1    1    4    1    1    1    1    2    0      2722   15   -6  -11    2    8    8    4  -13   13   -7   -9   -4    8    3    2   -2  -11   -9
    1    1    5    1    3    6    1    2    0      3616    4  -15   -2   -2   14    2    9  -12  -12   -9  -11    1  -12  -14  -11  -12   11    5
    1    1    6    1    3    7    1    3    1      1921    6  -15   -2   -1   15    4    9  -12  -12   -9  -10    0  -11  -15  -11  -12   11    5
    1    1    7    1    1    8    1    1    1      2917   15   -6  -10   -3    7    8    1  -21    8  -13   -7   -2   -2   -6    2   -2   -9   -6
    1    1    8    1    1    5    1    3    0      5516   15   -7  -16    8    6    9    2  -13   12   -5   -7   -2    8    2    2   -3   -9   -6
    1    1    9    1    3    5    1    1    0      2850    0  -15   -2   -2   14    3    9  -13  -12   -8  -11    2  -10  -15  -11  -13   12    4
    1    1   10    1    2    3    1    2    1      1210   -4    0   15  -10  -11    5  -14   15    4    8  -11   -3   -4  -14    4   -5  -12    3
    1    1   11    1    3    4    1    1    0      2594    5  -14   -1   -2   15    4    8  -14  -11   -8  -11    1  -11  -15  -17   -6   11    5
    1    1   12    1    1    6    1    2    0      8219   16   -7  -13    2    6   10    4  -13   13   -7   -7   -2    9    2    1   -2  -19    4
    1    1   13    1    2    5    1    1    0      4109   -4    0   15   -9  -10    4  -15   16    8    5  -10   -4   -7  -14    4   -5  -14   -5
    1    1   14    1    3    9    1    1    0      1547    3  -16   -2   -1   16    3    9  -13  -10   -8  -10    3  -12  -16  -11  -12   12    5
    1    1   15    1    1    9    1    1    1      1286   15   -5  -11    1    7   10    3  -13   13   -7   -6   -2    8    3    2   -2   -9   -6
    1    1   16    1    2    9    1    3    0      2502   -4    0   16  -10  -11    5  -15   14    4    7  -10   -3   -7  -14    5   -6  -13   -6
    1    1   17    1    2    6    1    2    1       729   -4    0   15   -9  -11    5  -19   14    4    7  -11   -3   -6  -13    5   -6  -13   -5
    1    1   18    1    2    1    1    3    0      1847    5   -9   15   -9  -11    5  -15   14    4    8  -10   -1   -6  -13    4   -6  -14   -4
    1    1   19    1    2    8    1    2    1       748   -4    0   14   -9  -10    5  -15   15    1    8  -15    1   -6  -13    5   -6  -14   -3
    1    1   20    1    2    2    1    3    0      2489   -8   -4   14   -8  -10    4  -15   14    5    6  -11   -2   -6  -13    8   -6  -14   -5
    1    1   21    1    3    8    1    2    0       669    6  -15   -2   -2   13   13    8  -13  -11   -8  -10    2  -11  -15  -12  -13   12    4
    1    1   22    1    1    4    1    3    0      1526   14   -5  -12    2    6   10    3  -14   12   -7   -6   -7    8    2    1   -2  -10   -5
    1    1   23    1    1    7    1    3    0      7543   24  -14  -12    2    7    9    3  -13   14   -8   -7   -2    1    8    2   -2    1  -16
    1    1   24    1    1    2    1    1    1       579   16   -5  -12    2    8    8    3  -13   13   -7   -7   -2    7    3    0    0   -9   -6
    1    1   25    1    2    4    1    3    0      1582   -2    1   15   -9  -11    5  -13   13    4    7  -10   -3   -7  -14    3   -6  -18   -3
    1    1   26    1    2    7    1    2    1       470   -3    0   16  -10  -11    5  -15   15    3    8  -11   -2   -6  -13    6   -5  -13   -6
    1    1   27    1    3    1    1    3    1       909    5  -15   -3   -1   17    4    8  -13  -11   -8  -12    2  -10  -15  -11  -13   11    5
    1    2    1    1    1   18    1    2    0      1761   16   -7  -12    1    7    9    2  -13   13   -8   -7   -2    7    3    2   -2  -10   -7
    1    2    2    1    3   14    1    3    1       669    4  -13   -3   -1   16    4    9  -14  -12   -7  -11    1  -11  -15  -10  -11   12    5
    1    2    3    1    1   11    1    1    1      2277   16   -5  -12    2    7    8    3  -13   20   -6   -7   -2    8    3    1   -3  -14   -3
    1    2    4    1    1   16    1    1    1      2612   21   -7  -12    2    7    9    3  -13   12   -6   -7   -2    8    3    2   -2   -9   -6
    1    2    5    1    1   17    1    1    1       751   15   -6  -11    1    7    8    3  -12   13   -7   -7   -2    8    3    2   -2   -9   -6
    1    2    6    1    2   12    1    2    1       905   -5    1   14   -9  -11    5  -15   15    5    7  -12   -2   -5  -14    5   -5  -14   -5
    1    2    7    1    2   14    1    2    1       464   -5    1   15   -9  -11    5  -14   13    4   -1  -12   -3  -10  -19    6   -7  -14   -5
    1    2    8    1    2   13    1    2    1       360   -3   -1   15   -8  -10    6  -16   16    5    6  -11   -3   -4  -11    8   -2  -14   -5
    1    2    9    1    1   14    1    1    1      1829   15   -6  -12    2    6    8    3  -14   10   -2   -7   -2   10    4    4   -2   -9   -6
    1    2   10    1    1   15    1    1    1      1493   16   -7  -13    2   11    5    4  -12   18  -12   -7   -2    8    4    2   -2   -8   -5
    1    2   11    1    3   15    1    3    1      1484    5  -14   -2   -2   16    4    9  -13  -11   -8  -10    1  -11  -15  -12  -11   11    5
    1    2   12    1    3   18    1    3    1       570    4  -16   -2   -2   17    3    6  -14  -11   -8  -11    1  -12  -16  -11  -12   11    5
    1    2   13    1    3   16    1    3    1       555    5  -14   -2   -2   16    2    1  -15   -9   -7  -10    0  -11  -16  -10  -13   11    5
    1    2   14    1    1   12    1    1    1      2070   15   -6  -13    3    7    8    3  -12   13   -7   -2   -1    9    3    3   -3   -9   -6
    1    2   15    1    2   10    1    2    1       917   -4    0   15  -10   -1   15  -16   15    4    6  -11   -4   -6  -13    6   -6  -19    2
    1    2   16    1    3   11    1    3    1       898    5  -14   -1   -2   15    4    7  -13  -11   -8  -11    1  -11  -15  -12  -12   11    5
    1    2   17    1    2   17    1    2    1       806   -4    0   15   -9  -11    5  -15   15    4    7  -11   -3   -6  -13   -4  -15  -13   -5
    1    2   18    1    3   12    1    3    1      1033    5  -15   -2   -2   15    2    8  -14  -10   -8  -11    2  -10  -15  -10  -12   11    5
    1    2   19    1    3   17    1    1    0      1392    5  -14   -2   -3   16    2    8  -13  -11   -7  -10    1  -10  -15  -11  -13   11    4
    1    2   20    1    2   11    1    2    1       625   -3    0   15   -9  -12    4  -15   17    4    7  -11   -3   -6  -13    5   -6  -14   -5
    1    2   21    1    2   18    1    2    1       652   -3   -1   15   -8  -12    5  -15   15    4    5  -11   -4   -5  -14    4   -6  -15   -5
    1    2   22    1    3   13    1    3    1      1141    6  -14    0   -2   16    3    8  -13  -10   -7  -11    1  -11  -16  -11  -11   11    5
    1    2   23    1    3   10    1    3    1       400    5  -14   -1   -3   17    2    5  -17  -11   -8  -11    1  -10  -15  -11  -12   10    6
    1    2   24    1    2   16    1    2    1       752   -4   -1   15   -9  -11    5  -15   15    3    6  -12   -3   -7  -12    6   -6  -13   -6
    1    2   25    1    1   10    1    1    1      1556   16   -6  -13    2    6    8    3  -13   11   -6   -6   -3    8    3    3   -3   -9   -7
    1    2   26    1    2   15    1    2    1       840   -5   -1   15   -9  -11    5  -16   15    3    6  -13   -1   -5  -13    4   -7  -15   -4
    1    2   27    1    1   13    1    1    1      1384   15   -6  -13    3    7    9    2  -14   13   -9   -7   -3    9    3   -3    2   -9   -6
    1    3    1    1    1   24    1    3    0      1043   15   -6  -12    2    6   10    2  -13   14   -8   -8   -1   17   12    3   -3  -10   -6
    1    3    2    1    2   21    1    2    1       610   -4   -2   15  -10  -10    5  -14   15    3    7  -11   -3   -6  -13    6   -7  -13   -6
    1    3    3    1    2   23    1    2    1       692   -2   -1   15   -5  -12    4  -15   15    4    6  -10   -3   -4  -20    5   -6  -14   -5
    1    3    4    1    1   23    1    2    0       612   14  -13  -13    1   13   19    2  -13   14   -6   -8   -2    7    4    2   -2  -10   -5
    1    3    5    1    3   25    1    3    1       943    5  -14   -3   -1   17    2    8  -13  -11   -8  -12    3  -12  -14  -10  -11   11    5
    1    3    6    1    3   19    1    3    1       520    4  -14   -1   -2   16    3    9  -14  -11   -7  -11    1  -11  -15  -10  -11   11    5
    1    3    7    1    3   22    1    3    1       451    5  -14   -2   -1   16    3    7  -13  -11   -8  -11    1  -12  -15  -11  -12   10    5
    1    3    8    1    3   20    1    3    1       738    5  -13   -2   -3   17    2    8  -13  -12   -9  -11    1  -11  -15  -11  -11   10    8
    1    3    9    1    3   24    1    1    0      1670   -5  -10   -3   -2    6   13    9  -14   -1   -4  -11    1  -10  -14  -11  -12   10    6
    1    3   10    1    1   20    1    1    1      1215   15   -6  -12    2    7    9    4  -15   13   -8   -8   -1    9    4    1   -1   -8   -6
    1    3   11    1    2   20    1    2    1       969   -4    0   15   -9  -11    5  -15   14    5    6  -11   -5   -5  -14    4   -5  -15   -4
    1    3   12    1    2   25    1    2    1      8389   -3    0   13  -10  -12    6  -15   15    6    0  -11   -3   -7  -14    6   -6  -14   -4
    1    3   13    1    2   27    1    2    1      1136   -5    1   15   -8  -12    5  -15   16    4    6  -11   -3   -7  -12    4   -5  -13   -6
    1    3   14    1    2   22    1    2    1       887   -4   -1   15   -9  -11    5  -15   15    6    5  -19    6   -8  -14    5   -6  -14   -5
    1    3   15    1    3   27    1    1    0       830    4  -13   -1   -1   17    3    7  -14  -10  -13  -14    0  -11  -16   -8  -15   11    5
    1    3   16    1    3   23    1    3    1       895    6  -15   -2   -2   16    3    8  -14  -11   -7  -11    1  -10  -14  -11  -12   14   -5
    1    3   17    1    1   26    1    1    1      2029   15   -6  -11    2    7    9    3  -12   13   -7   -6   -2    7    3    3   -2  -10   -5
    1    3   18    1    3   21    1    1    0       910    5  -15   -3   -2   17    3    8  -13  -10   -8  -12    1  -13  -13  -12  -11   11    5
    1    3   19    1    1   22    1    1    1      2389   16   -7  -12    3    7    8    3  -13   13   -7  -13    0    8    3    3   -2  -10   -5
    1    3   20    1    1   19    1    1    1      1495   14   -5  -11    4    8    9    3  -13   12   -6   -7   -2    8    2    2   -2   -9   -6
    1    3   21    1    2   19    1    2    1       653   -4    0   14   -8  -13    6  -10   18    5    5  -11   -3   -6  -13    5   -6  -13   -8
    1    3   22    1    1   21    1    1    1      2029   14   -5  -12    2    7   10    3  -12   13   -7   -8   -1   11    7    3   -6   -9   -6
    1    3   23    1    2   26    1    2    1      2022   -5    1   24  -10  -11    5  -15   15    4    7  -12   -4   -5  -14    5   -5  -15   -6
    1    3   24    1    1   27    1    3    0      1112   15   -5  -13    1    7    9   12  -17   13   -7   -6   -2    6    4    2   -2   -9   -6
    1    3   25    1    1   25    1    3    0      1524   16   -7  -13    3   10   -1    2  -12   21  -11   -7   -2    8    3   -3    0   -7   -8
    1    3   26    1    2   24    1    2    1      1023   -5    0   18  -11  -10    4  -15   15    4    6  -11   -2   -6  -13    5   -6  -15   -5
    1    3   27    1    3   26    1    3    1      1003    5  -14   -2   -2   16    3    2  -14  -11   -8  -11    2  -12  -15  -11  -12   12    5
    1    4    1    1    1   28    1    1    1      1835   14  -13  -12    2    6    9   -6  -13   13   -5   -7   -2    7    3    3   -3   -9   -6
    1    4    2    1    1   30    1    1    1       605   15   -6  -12    2    7    9    3  -14   13   -7   -8    0    8    3    2   -2   -9   -6
    1    4    3    1    2   35    1    2    1       663   -4    0   15   -9  -11    5  -14   14    2    7  -11   -3   -5  -12    5   -7  -15   -5
    1    4    4    1    3   31    1    3    1       967    5  -14   -3   -1   16    3    8  -13  -11   -8  -11    2  -10  -15  -11  -12   10    7
    1    4    5    1    3   32    1    1    0      1442    6  -13   -2   -2   16    2    1   -7  -10   -9  -11    1  -12  -15  -13  -10   11    5
    1    4    6    1    2   29    1    2    1      1045   -3   -1   16   -9  -11    5  -15   15    4    7  -12   -1   -5  -14    3   -4  -14   -5
    1    4    7    1    3   29    1    3    1      1254    1  -21   -1   -1   17    2    8  -12  -11   -7  -12    0  -11  -15   -6  -10   12    6
    1    4    8    1    2   34    1    2    1       724   -4    0   14   -9  -11    7  -15   15    4    7  -11   -3   -6  -13   13   -6  -15   -5
    1    4    9    1    2   30    1    2    1       626   -5    1   15  -10  -12    6  -15   15    4    7  -11   -4   -1  -12    6   -5  -14   -5
    1    4   10    1    2   33    1    2    1       651   -4    0   15   -9  -12    6  -23   10    4    7  -10   -2   -6  -12    6   -5  -14   -5
    1    4   11    1    3   33    1    1    0       955    6  -14   -2   -3   16    3    9  -13  -12   -7  -11    0  -12  -15  -10  -14   10    6
    1    4   12    1    3   30    1    3    1       598    5  -14   -2   -2   18    2    8  -13  -11   -8  -11    1  -11  -16  -11  -12   11    5
    1    4   13    1    1   32    1    1    1      1167   14   -7  -12    2    6   10    2  -13   12   -6   -8   -1    8    3    2   -2   -9   -6
    1    4   14    1    3   34    1    3    1      2029    4  -13   -1   -3   16    4    9  -14  -11   -8  -12    1  -10  -16   -9  -12   10    5
    1    4   15    1    1   33    1    1    1      1332   16   -7  -14    3    7    9    3  -12   12   -8  -12    2    7    3    2   -2   -9   -6
    1    4   16    1    1   34    1    3    0      1739   15   -5  -12    2    6    9    4  -13   11  -12   -6   -3    9    2    2   -2   -9   -6
    1    4   17    1    2   31    1    2    1      1204   -3   -1   15   -9  -10    5  -14   14    5    7  -11   -4   -6  -13   13    0  -24   -7
    1    4   18    1    2   28    1    2    1       686   -3    1   16   -8  -12    5  -15   15    5    6  -11   -3   -5  -14    4   -5  -14   -5
    1    4   19    1    1   36    1    1    1      1535   15   -6  -13    2    8    8    3  -14   13   -7   -7   -2    8    3    0   -1  -10   -5
    1    4   20    1    3   35    1    3    1       668    6  -14   -3   -1    8   -5   10  -14  -11   -7  -12    4  -11  -15  -11  -12   11    5
    1    4   21    1    1   31    1    3    0      2516   16   -6   -2    8    7    9   -1  -10   13   -7   -7   -2    8    3    3   -1  -17   -4
    1    4   22    1    3   28    1    1    0      1872    5  -13   -1   -2   16    3    9  -13  -11   -8  -11    1  -16  -12  -11  -11   11    5
    1    4   23    1    1   35    1    1    1      1815   15   -6  -17    4    7    8    3  -12   13   -8   -7   -2    8    3    3   -3   -9   -6
    1    4   24    1    2   36    1    2    1       881   -4    1   14   -7  -11    5  -14   16    5    8   -9   -5   -6  -13    5   -6  -14   -5
    1    4   25    1    2   32    1    1    0      1175   -1    2   16   -9  -15   -1  -15   15    3    6  -11   -3   -6  -13    1   -8  -14   -4
    1    4   26    1    3   36    1    3    1      2490    5  -14   -3   -3   15    4   -2  -14  -10   -8  -11    2  -10  -14  -11  -12   10    5
    1    4   27    1    1   29    1    1    1      1983    6  -14  -13    2    6   10   12   -7   11   -9   -7   -2    8    3    2   -4   -8   -7
    1    5    1    1    3   45    1    3    1      1964    4  -13   -1   -3   15    1    9  -13  -11   -9  -11    2  -13  -14  -11  -12   11    5
    1    5    2    1    2   38    1    2    1       892   -5    0   15   -9  -11    5  -15   16    4    7  -12   -3   -6  -13    5   -6  -13   -5
    1    5    3    1    3   41    1    3    1      1187    5  -14    3   -3   17    2    8  -13  -10   -8  -13   -2  -11  -15  -12  -13   11    5
    1    5    4    1    2   37    1    2    1      1012   -4    0   14   -9  -10    4  -15   15    2    8  -10   -2   -7  -12    5   -6  -14   -5
    1    5    5    1    1   42    1    1    1       646   15   -6  -13    2    6    8    3  -12   11  -16   -7   -3    8    4    1   -1   -9   -6
    1    5    6    1    3   37    1    1    0      1613    5  -14    0   -4   16    4    8  -13  -11   -8  -11    1  -10  -15   -5  -20   10    6
    1    5    7    1    1   38    1    1    1       845   23  -15  -12    2    7    9    0   -8   13   -7   -6   -1    9    3    3   -1   -9   -6
    1    5    8    1    3   44    1    3    1      1675    6  -15   -1   -2   15    3    8  -12  -11   -8  -10    0  -16  -15  -10  -12   11    5
    1    5    9    1    1   39    1    2    0      2130   14  -11   -6   10    6   10    2  -14   14   -7   -7   -8    8    3    1   -1   -5  -10
    1    5   10    1    1   45    1    1    1      2207   15   -6  -13    2    7    9    3  -13   13   -7   -9   -1    8    3    2    0    1   -2
    1    5   11    1    2   41    1    2    1      1186   -5   -1   16   -9  -11    5  -13   16    6    9  -12   -2   -6  -12    5   -5  -14   -5
    1    5   12    1    1   44    1    1    1      3732   22  -11  -13    1    7    9    3  -13   13   -7   -6   -3    8    2    2   -2   -8   -5
    1    5   13    1    2   45    1    2    1      1305   -4    0   16   -8  -11   11  -15   15    4    8  -12   -4   -5  -14    5   -6  -15   -5
    1    5   14    1    2   43    1    2    1       663   -3    0   15   -9  -12    6  -15   15    4    7  -11   -3   -5  -12    6   -5  -13   -5
    1    5   15    1    2   39    1    2    1       447   -4    0   15   -9  -11    5  -16   16    4    7  -10   -4   -6  -13    6   -6  -14   -5
    1    5   16    1    2   40    1    2    1       496   -4   -1   16  -10  -10    4  -15   15    4    7  -11   -3   -5  -13    5   -6  -13   -5
    1    5   17    1    3   43    1    3    1      1583    4  -14   -2   -2   17    2    8  -13  -10   -8  -12    2  -12  -15  -10  -13   12    5
    1    5   18    1    1   40    1    1    1      3392   16   -5  -22   -7    7    9    3  -13    5    3   -6   -3    9    2    3   -1   -9   -6
    1    5   19    1    2   42    1    2    1      1203   -3    0   16   -9  -11    5  -15   15    3    8  -11   -3   -6  -13    5   -6  -14   -5
    1    5   20    1    3   38    1    3    1      6238    5  -14   -2   -2   15    3    8  -13  -12   -9  -10    0  -10  -15  -11  -12   10    4
    1    5   21    1    3   42    1    3    1       784    5  -14   -3   -2   14    2    9  -14  -11   -8  -11    1  -12  -15  -10  -12   11    5
    1    5   22    1    3   40    1    3    1      1489    6  -15   -3   -1   15    3   10  -11  -12   -6  -10    1  -11  -15  -11  -12    9    7
    1    5   23    1    1   41    1    1    1       870   15   -7  -13    1    8    8    4  -11   13   -8   -7   -3    8    5    2   -2   -9   -6
    1    5   24    1    2   44    1    2    1       901   -4    1   14   -9  -12    4  -15   15    4    7  -11   -4   -8   -9    6   -7  -14   -5
    1    5   25    1    1   37    1    2    0      2536   15   -6  -12    3    7    9    3  -13   13   -8   -8    0    8    3    2   -2  -10   -6
    1    5   26    1    1   43    1    1    1      1055   15   -6  -13    3    7    9    3  -11   13   -7   -7   -2    8    3   -1   -1  -10   -7
    1    5   27    1    3   39    1    3    1       720    5  -14    2   -7   17    3    8  -13  -11   -7  -11    1  -10  -14  -11  -12   11    5
    1    6    1    1    2   46    1    2    1       724   -1    1   15   -9  -11    5  -15   15    5    6  -11   -3   -2   -9    4   -1   -6   -9
    1    6    2    1    2   52    1    1    0      4328   -5    0   15   -9  -12    5   -5   18    0   13  -20  -11   -4  -21    6   -6  -13   -5
    1    6    3    1    1   50    1    1    1      1445   15   -6  -13    2    7    9    2  -14   14   -8   -7   -2    8    3    2   -2   -8   -7
    1    6    4    1    3   50    1    3    1       734    4  -15   -3   -2   16    3    9  -13  -10   -9  -11    1  -11  -15  -11  -12   11    5
    1    6    5    1    2   48    1    2    1       474   -4   -1   15   -9  -11    5  -14   14    4    6  -11   -4   -5  -14    5   -6  -16   -1
    1    6    6    1    1   52    1    1    1      1473   15   -6  -12    2    8    9    2  -13   13   -7   -8   -3    8    2    2   -2  -11   -5
    1    6    7    1    3   54    1    3    1       706    6  -14   -2   -1   15    4   11  -18  -11   -8  -11    0   -9   -6  -10  -12   11    5
    1    6    8    1    1   49    1    1    1      1702   15   -5  -12    3    7   11    3  -13   12   -8   -8   -1    8    3    2   -1   -9   -6
    1    6    9    1    3   48    1    3    1      1093    6  -15   -3   -3   16    3    9  -13  -11   -8   -9    2  -12  -15  -12  -12   11    5
    1    6   10    1    3   49    1    3    1      1995    1  -12   -2   -2   16    3    8  -13  -13   -9  -11    1  -11  -15  -10  -11   11    5
    1    6   11    1    1   53    1    1    1      2020   15   -6   -3    1    3   19    2  -13   14   -8  -17   -5   18   -2    2   -2   -7   -5
    1    6   12    1    3   52    1    3    1      1326    5  -14   -2   -1   16    3    9  -13  -11   -8  -12    1  -11  -15  -14   -7   12    5
    1    6   13    1    2   49    1    2    1       979   -5    0   15   -7  -11    5  -14   15    3    8  -10   -3   -6  -13    4   -7  -19   -3
    1    6   14    1    2   47    1    2    1       708   -7   -4   15   -8  -11    4  -19   10    4    7  -11   -2   -5  -13    5   -6  -14   -5
    1    6   15    1    3   51    1    3    1      1178    4  -16   -2   -2   16    3    8  -14  -12   -9  -11    2  -10  -15   -9  -13   11    5
    1    6   16    1    3   47    1    3    1       709    6  -14   -2   -2   17    3    8  -13  -12   -8  -11    1  -12  -14  -17  -18   20    0
    1    6   17    1    2   51    1    2    1       859   -5    1   14   -9  -10    4  -16   15    3    7  -10   -3   -6  -13    6   -6  -16   -5
    1    6   18    1    1   47    1    1    1       795   16   -7  -12    3    7    9    4  -13   13   -6   -7   -2    5    8    1   -1  -10   -5
    1    6   19    1    2   53    1    2    1      1180   -4    0   16  -10  -11    5  -14   15    5    8  -11   -3   -6  -13    5   -7  -12   -5
    1    6   20    1    1   51    1    1    1       799   15   -6  -12    1    8    8    2  -13   13   -8   -7   -2   10    3    2   -2   -9   -6
    1    6   21    1    1   48    1    1    1       915   17   -4  -12    3    8    8    3  -13   14   -8   -7   -2    7    3    2    0  -10   -6
    1    6   22    1    2   50    1    2    1       794   -5    1   15   -9  -10    6  -15   15    4    7  -11   -3   -6  -12    6   -6  -16   -4
    1    6   23    1    2   54    1    2    1       764   -3   -1   15   -9  -15   10  -15   15    4    7  -11   -3   -5  -12    5   -6  -15   -7
    1    6   24    1    3   53    1    3    1       535    9   -9   -2   -2   18    1    7  -15  -11   -7  -11    1  -11  -15  -12  -11   10    5
    1    6   25    1    3   46    1    3    1       411    5  -14   -2   -3   16    3   14  -19  -11   -7  -11    1  -12  -14  -11  -12   11    5
    1    6   26    1    1   46    1    1    1      4506   16   -7  -13    1    8    9    2  -12   14   -6   -5    3    9    3    2   -3   -9   -7
    1    6   27    1    1   54    1    1    1      1383   16   -5  -12    2    7    9    2  -13   14   -7   -7   -3    8    3    1   -2   -9   -5
    1    7    1    1    1   57    1    1    1      1547   10  -12  -11    3    6    9    3  -13   13   -7   -9   -2    9    2    2   -2   -9   -6
    1    7    2    1    3   57    1    3    1       777    5  -14   -3   -1   17    2    8  -13  -12   -8  -11    0  -11  -15  -12  -13   11    5
    1    7    3    1    1   59    1    1    1      1179   15   -6  -16    7    7    9    4  -14   13   -8   -7   -3    8    3    2   -3   -9   -6
    1    7    4    1    1   55    1    1    1      1431   24  -10  -16    7    6   10    3  -13   13   -7   -7   -2    7    2    2   -2   -9   -5
    1    7    5    1    1   61    1    1    1      1081   15   -6  -11    6    7    9    3  -13   13   -7   -6   -3    9    1    3   -3   -9   -6
    1    7    6    1    1   60    1    1    1      1145   15   -6  -11    2    8    9    3  -13   13   -7   -6   -2    8    3    2   -2   -9   -6
    1    7    7    1    3   55    1    3    1      2326    5  -15   -2   -2   15    3    8  -12  -21  -12  -21   -4  -11  -16  -12  -13   11    5
    1    7    8    1    3   62    1    3    1      1249    6  -14   -2   -2   16    3    7  -12  -11   -8  -10    2  -13  -10  -11  -12   11    3
    1    7    9    1    1   58    1    2    0      1632   16   -6  -11    3    6    9    3  -12   12   -7   -1   -8   10    3    3   -3   -8   -6
    1    7   10    1    2   55    1    2    1       791   -4   -1   15   -9  -12    6  -15   14    4    7  -10   -2   -6  -13    4   -7  -14   -5
    1    7   11    1    3   63    1    3    1      1162   13  -16   -2   -3   16    3    8  -13  -10   -9  -12    1  -11  -15  -10  -13   11    5
    1    7   12    1    2   63    1    2    1       780   -2   -2   14   -9  -10    3  -16   15    4    7  -11   -3   -6  -13    5   -6  -14   -6
    1    7   13    1    1   62    1    1    1      2600   15   -6   -4   10   11   10    3  -13   18  -12   -7   -2    9    2    1   -3  -11   -3
    1    7   14    1    2   62    1    2    1       857   -3    1   15   -9  -12    4  -14   15    3    8  -11   -4   -5  -13    5   -6  -14   -5
    1    7   15    1    1   56    1    1    1      2575   15   -6  -13    2    7    9    2  -11   13   -8   -8   -3    9    2    2   -1   -1  -15
    1    7   16    1    2   60    1    2    1       885   -4    0   15   -9  -11    6  -16   14    5    7  -10   -4   -7  -14    4   -7  -14   -6
    1    7   17    1    1   63    1    1    1      2507   15   -5  -12    2    7    9    3  -14   12   -6   -5   -2    9    2    3   -3   -8   -6
    1    7   18    1    3   56    1    3    1       685    6  -15   -1   -1   16    3    8  -14  -11   -8  -10    1  -11  -15  -11  -12   11    4
    1    7   19    1    2   61    1    2    1      1092   -3    0   15   -9  -12    4  -11   19    4    7  -12   -3   -6  -13    4   -3  -14   -4
    1    7   20    1    2   59    1    2    1       844   -4    1   15   -9  -11    5  -15   16    4    7  -11   -3    3  -23    6   -5  -13   -6
    1    7   21    1    3   61    1    2    0      7364    5  -14   -2   -2   17    4   10  -14  -11   -9   -4    8  -11  -15  -10  -12   10    5
    1    7   22    1    2   58    1    2    1      3067   -8   -5   15   -9  -13    6  -19    8    4    7  -11   -4   -6  -13    5   -6  -14   -5
    1    7   23    1    3   58    1    3    1      1035    5  -14   -1   -3   16    3    8  -12  -11   -8  -11    1  -11  -15  -11  -12   12    7
    1    7   24    1    3   60    1    3    1       410    5  -14    0   -1   16    4   13   -8  -11   -8  -11    1  -11  -16  -11  -12   11    5
    1    7   25    1    3   59    1    3    1       394    6  -15   -1   -2   17    3    9  -14  -11   -8  -10    1  -11  -15  -10  -12   11    4
    1    7   26    1    2   57    1    2    1       779   -4    0   15   -9  -11    5  -15   15    3    7  -11   -3   -6  -12    5   -6  -13   -5
    1    7   27    1    2   56    1    2    1       664   -4    0   10  -12  -12    4  -15   15    4    7   -2    2   -6  -13    6   -5  -13   -6
    1    8    1    1    1   72    1    1    1      1801    7   -8  -13    2    7    9    4  -13   12   -7   -6  -11    8    3    2   -3   -5   -8
    1    8    2    1    3   72    1    3    1       700    5  -14   -2   -3   24   -3    9  -12  -10   -7  -10    1  -11  -16  -10  -12   10    6
    1    8    3    1    1   70    1    1    1       809   15   -6  -13    3    7    9    2  -12   13   -7   -7   -2    8    4    3   -1   -9   -7
    1    8    4    1    1   65    1    1    1       741   14   -5  -13    1    7    9    2  -14   12   -8   -7   -2    8    3    2   -2   -5  -13
    1    8    5    1    1   68    1    1    1       524   15   -6  -12    2    7    9    1  -12   12   -7   -7   -2    7    4    2   -2   -9   -6
    1    8    6    1    1   67    1    1    1       667   14   -5  -13    1    8    8   -2   -9   13   -7  -17   -6    8    3    2   -2   -9   -7
    1    8    7    1    2   64    1    2    1       629   -3    0   15   -9  -10    4  -16   16    3    8  -16   -2   -5  -14    4   -5   -4   -8
    1    8    8    1    3   71    1    3    1      1463    4  -13   -2   -7   15    4   10  -15  -11   -8  -12    0  -11  -14  -12  -11   11    5
    1    8    9    1    3   69    1    3    1      1071    4  -13   -2   -2   17    3    8  -13  -11   -8  -11    1  -11  -15  -11  -11   12    5
    1    8   10    1    2   68    1    2    1      2190   -4    0   15   -9  -11    5  -14   13    1   10  -11   -3   -6  -13   -3    3  -15   -4
    1    8   11    1    2   67    1    2    1       640   -3    0   16   -7  -11    5  -14   14    3    7  -10   -5   -5  -12    6   -6  -14   -5
    1    8   12    1    3   66    1    3    1       761   -2   -9   -2   -2   15    1    0  -17  -11   -8  -12    0  -12  -14  -11  -11   10    6
    1    8   13    1    2   65    1    2    1       652   -3    1   15   -9  -11    5  -15   15    3    7  -11   -2   -7  -12    5   -7  -14   -6
    1    8   14    1    2   71    1    2    1      1012   -3    0   14   -8  -11    5  -13   15    4    7  -12   -1   -6  -12    5   -5  -14   -6
    1    8   15    1    1   64    1    1    1      1654   15   -6  -11    3    5    9    3  -13    8  -13   -6   -3    8    3    3   -3   -8   -7
    1    8   16    1    3   67    1    3    1      1247    5  -14   -1   -3   16    3    7  -12  -10   -6  -11    1  -11  -15  -13  -14   11    5
    1    8   17    1    3   64    1    3    1       479    5  -14   -2   -3   16    3    7  -12  -12   -9  -11    2  -11  -16  -11  -12   12    4
    1    8   18    1    3   68    1    3    1       462    5  -14   -3   -1   16    3    8  -12  -11   -7  -11    1  -11  -15  -12  -13   11    5
    1    8   19    1    1   71    1    2    0       956   17   -8  -13    4    7    9    3  -13   14   -8   -7   -2    8    4    1   -3   -8   -6
    1    8   20    1    2   70    1    2    1      1037   -5    1   15  -10  -11    5  -15   16    5    8  -12   -2   -7  -12    4   -6  -14   -5
    1    8   21    1    2   72    1    2    1       544   -4    0   17   -8  -12    5  -15   15    4    7  -12   -3   -6  -13    5   -5  -14   -5
    1    8   22    1    1   66    1    1    1       719   15   -6   -9    3    6    9    2  -12   13   -7   -7   -2    8    3    3   -1  -18    4
    1    8   23    1    1   69    1    1    1      2966   14   -6  -12    2    7    9    3  -13   12   -7   -9   -1    5   -1    5    5   -5   -8
    1    8   24    1    3   65    1    3    1       932   -3  -23   -3   -1   16    3    8  -13  -12   -8  -12    1  -11  -15  -10  -12   10    5
    1    8   25    1    2   66    1    2    1       752   -4    0   16   -9  -11    5  -16   14    7    6   -3   -4   -6  -13    5   -5  -17   -6
    1    8   26    1    2   69    1    2    1      4469   -3    5   15   -9  -11    5   -6    7    4    6  -11   -4   -7  -13    4    0  -13   -6
    1    8   27    1    3   70    1    1    0      1154    5  -15    1   -7   17    4    8  -13   -2    1  -10    0  -15   -8  -11  -13   12    4
    1    9    1    1    3   79    1    3    1       865    5  -14   -2   -2   17    3   15  -13  -11   -9  -11    2  -11  -15  -10  -13   12    4
    1    9    2    1    3   78    1    3    1      3102    5  -14   -3   -3   15    8    8  -13  -12   -8  -11    1  -10  -16  -12  -11   11    5
    1    9    3    1    2   78    1    2    1      1500    0    0   15   -9  -12    6  -16   18    3    7  -12   -2   -6  -13    5   -6  -14   -5
    1    9    4    1    3   75    1    3    1      1916    4  -14   -2   -2   16    3    8  -13  -11   -8  -11    1  -12  -16  -11  -12   10    5
    1    9    5    1    3   73    1    3    1      1915    5  -14   -2   -2   19   11    8  -13  -14   -8  -13   -1  -11  -15  -10  -13   11    4
    1    9    6    1    3   80    1    3    1       504    5  -14   -2   -2   16    2    8  -13  -11   -8  -11    2  -11  -15  -12  -11   16    5
    1    9    7    1    3   81    1    3    1      1646    7  -16   -3   -1   16    3   10  -12  -11   -8  -11    3  -17  -17  -10  -13   12    5
    1    9    8    1    3   76    1    3    1      2464    4  -13   -2   -3   14    5    7  -13  -10   -9  -11    1  -12  -16   -5   -5   12    4
    1    9    9    1    2   76    1    2    1      1599   -3    1   15   -9  -12    6  -14   15    5    7  -21    3   -6  -13   -2    4  -15   -6
    1    9   10    1    2   77    1    2    1       704   -5    0   14   -8  -18   -2  -15   15    5    7  -10   -3   -6  -13    5   -5  -14   -5
    1    9   11    1    2   81    1    2    1       647   -4    0   15   -9  -12    6  -15   15    8    5  -10   -3   -6  -13    5   -7  -23   -5
    1    9   12    1    2   75    1    2    1       719    4   -1   15   -9  -10    6  -15   15    5    6  -11   -3   -5  -14    8   -8  -14   -5
    1    9   13    1    1   74    1    1    1      1798   15   -6  -11    2   14    2    4  -13   13   -7   -6   -2   10    5    1   -1   -2   -3
    1    9   14    1    3   77    1    3    1       792    5  -14   -2   -2   16    3    8  -13  -10   -9  -18    1  -11  -15  -11  -12   10    6
    1    9   15    1    2   80    1    2    1      1017    6    5   17   -9  -10    6  -14   15    4    7  -11   -3   -5  -13    5   -6  -13   -5
    1    9   16    1    1   77    1    1    1      1620   16   -7  -14    1    8   10   11  -13   13   -7   -6   -1    9    4    2   -2   -8   -7
    1    9   17    1    1   79    1    1    1      1005   11  -14  -12    2    8   15    3  -13   13   -6   -7   -2    7    3    3   -1   -9   -6
    1    9   18    1    1   75    1    1    1       556   15   -6  -12    2    6   10    3  -13   19    2   -7   -2    9    2    1   -3   -9   -7
    1    9   19    1    1   81    1    1    1       527   15   -7  -12    2    7    9    3  -13    9   -6   -7   -2    9    4    2   -2   -9   -5
    1    9   20    1    1   73    1    1    1       418   15   -6  -12    2    7    9    3  -12   13   -8   -6   -1    8    3    2   -3   -9   -6
    1    9   21    1    1   80    1    1    1       400   15   -6  -12    2    8    8    2  -12   12   -7   -7   -2    8    3    0   -3   -9   -6
    1    9   22    1    2   74    1    2    1       769   -3    0   14  -11  -11    5  -15   15    4    6  -11   -3   -6  -13    4   -7  -14   -5
    1    9   23    1    1   76    1    1    1      1043   14   -7  -12    2    6    9    4  -14   11   -6   -8   -1    8    3    1   -3  -10   -5
    1    9   24    1    2   79    1    2    1       820   -3    1   15   -9  -12    6  -14   15    5    6  -12   -3    3  -19    4   -6  -19    5
    1    9   25    1    3   74    1    3    1       541    5  -15   -1   -2   16    3    7  -13  -12   -7   -9    3  -12  -15  -11  -12   11    5
    1    9   26    1    1   78    1    1    1      3608   15   -7  -12    2    7    7    3  -13   11   -2  -12    8    8    3    1   -2   -9   -6
    1    9   27    1    2   73    1    1    0      3787   -5    0   17  -10   -9    3  -17   16    4    8  -20    0   -6  -13   13   -3  -13   -4
    1   10    1    1    2   88    1    2    1      1670   -5   -1   15  -10  -11    5  -15   15   -4   11  -12   -3   -6  -13    5   -6  -15   -4
    1   10    2    1    2   84    1    3    0      2096   -3    1   19   -4  -11    5   -7    6    0    7  -11   -3   -7  -12    4   -7  -13   -6
    1   10    3    1    1   85    1    1    1      2677   16   -7   -6    1    7    9    2  -14   13   -8   -7   -2    8    3    3   -1  -16   -8
    1   10    4    1    2   83    1    2    1       636   -4    0   14   -9  -11    4  -16   15    3    6   -6   -4   -6  -13    4   -6  -14   -4
    1   10    5    1    3   83    1    3    1      2229    6  -13   -2   -3   15    4    8  -14  -10   -9  -11    1  -11  -15  -11  -12   10    5
    1   10    6    1    1   84    1    1    1      1740   15   -6  -12    2    7    9    3  -13   13   -8   -6   -3    8    2    2   -2  -10   -5
    1   10    7    1    1   87    1    1    1      2028   15   -6  -12    1   15    9    2  -13   13   -7   -7   -1    9    2    2   -2   -9   -6
    1   10    8    1    1   83    1    1    1       686   15   -5  -13    2    7    8    2  -13   14   -7   -7   -2    7    4    1   -2   -9   -6
    1   10    9    1    1   89    1    1    1       512   12  -15  -12    1    7   10    3  -13   13   -7   -7   -2    7    4    2   -3  -10   -5
    1   10   10    1    3   85    1    3    1     53603    5  -14   -3   -1   15    2    9  -14  -21   -6  -12    0  -10  -15  -11  -12    9    7
    1   10   11    1    1   86    1    1    1       795   14   -6  -13    3    7    9    3  -13   13   -8   -6   -2    8    3    3   -2   -9   -6
    1   10   12    1    3   88    1    3    1      1271    5  -13   -3   -1   15    2   10   -7  -10   -9  -10    0  -16  -20  -11  -12    7   -2
    1   10   13    1    2   90    1    2    1       876   -4    0   15   -9  -12    5  -16   16    4    7  -11   -3   -6  -13    5   -6  -14   -5
    1   10   14    1    2   85    1    2    1       457   -4    0   13  -10  -11    5  -15   15    3    7  -10   -4   -7  -12    5   -6  -14   -4
    1   10   15    1    2   86    1    2    1       408   -4    0   16  -10  -11    5  -15   15   -3   12  -16   -6   -6  -13    5   -7  -14   -5
    1   10   16    1    2   87    1    2    1       368   -3    1   14   -9  -11    6  -13   20    6    7  -12   -3   -6  -13    5   -6  -15   -6
    1   10   17    1    2   82    1    2    1      1291   -4   -1   15   -9  -12    6  -15   14    3    6  -12   -3   -7  -14    6   -5  -15   -5
    1   10   18    1    1   88    1    1    1      1080   14  -16  -12    2    8   11    3  -13   14   -6   -8   -2    9    2    2   -2   -8   -7
    1   10   19    1    3   84    1    3    1      1096    5  -14   -2   -2   17    3    7  -13  -11   -8  -11    1  -11  -15  -15  -19   11    5
    1   10   20    1    3   90    1    1    0      4071    5  -16   -2   -1   16    3    8  -12  -11   -9  -11    0   -1  -17  -12  -12   12    5
    1   10   21    1    2   89    1    2    1       640   -1   -2   15  -10  -12    5  -16   16    3    8  -11   -3   -6  -13    4   -6  -13   -5
    1   10   22    1    1   90    1    1    1       648   15   -6  -13    3    7    9    3  -13   13   -7   -7   -2    8    2    2   -2   -8   -6
    1   10   23    1    3   82    1    3    1       402    8   -9   -1   -1   15    4    7  -13  -10   -9  -12    0  -12  -14  -11  -12   10    5
    1   10   24    1    1   82    1    1    1      1004   16   -5  -13    1    8    8    3  -14   12   -7   -8   -2    8    3    2   -2   -8   -7
    1   10   25    1    3   89    1    3    1      1663    5  -14   -2   -1   15    4    8  -14   -8    0  -11    2  -11  -16  -11  -12   11    5
    1   10   26    1    3   86    1    1    0      4807    3  -12   -3   -2   16    3    8  -15  -16   -5  -11    2   -3  -24  -11  -12   11    6
    1   10   27    1    3   87    1    2    0      3344   -4  -17   -2   -3   16    3    8  -13  -12   -8  -12    0  -11  -14   -7  -14   11    4
    2    1    1    4    2    4    2    2    1      3269   -6    1   12  -12  -13    3  -11   15    6    6  -13   -1    3  -15    1   -4  -17    1
    2    1    2    1    2   70    1    2    1      1061   -5    1   15  -10  -11    5  -15   16    5    8  -12   -2   -7  -12    4   -6  -14   -5
    2    1    3    5    3    9    3    3    1      2238   12  -13    0   -2   16    4   16   -4   -6   -3   -4   -6   -6   -8  -11  -10   15    6
    2    1    4    1    2   30    1    2    1       631   -5    1   15  -10  -12    6  -15   15    4    7  -11   -4   -1  -12    6   -5  -14   -5
    2    1    5    1    2   29    1    2    1       729   -3   -1   16   -9  -11    5  -15   15    4    7  -12   -1   -5  -14    3   -4  -14   -5
    2    1    6    4    1    6    2    1    1      1199   17   -6  -12    1    9    7    1  -11   15   -8    0    8    8    5    1   -1   -6   -1
    2    1    7    4    2    1    2    2    1      2169   -4    1   15  -11  -16    2  -14   15    3    7   -7    6   -3  -10    4   -6  -16   -7
    2    1    8    3    2    2    1    2    1       421   -4    1   15   -9  -12    5  -15   14    3    9  -11   -3   -4  -15    4   -6  -14   -5
    2    1    9    1    3   59    1    3    1      1030    6  -15   -1   -2   17    3    9  -14  -11   -8  -10    1  -11  -15  -10  -12   11    4
    2    1   10    1    2   59    1    2    1       783   -4    1   15   -9  -11    5  -15   16    4    7  -11   -3    3  -23    6   -5  -13   -6
    2    1   11    4    3    2    2    1    0     40448    6  -13   -1   -5   17    3    9  -14  -21    2  -10    0   -9  -14  -16  -10   11    4
    2    1   12    1    2    6    1    2    1       847   -4    0   15   -9  -11    5  -19   14    4    7  -11   -3   -6  -13    5   -6  -13   -5
    2    1   13    1    2   53    1    2    1       576   -4    0   16  -10  -11    5  -14   15    5    8  -11   -3   -6  -13    5   -7  -12   -5
    2    1   14    2    1    0    0    1    1     14307   15   -6  -12    2    7    9    3  -13   13   -7   -7   -2    8    3    2   -2   -9   -6
    2    1   15    5    1    5    3    3    0      1603   13   -6  -13    3   12    7   -1  -17   14  -12   -8   -7    8    5   -1    1  -11  -13
    2    1   16    1    3   87    1    3    1      2187   -4  -17   -2   -3   16    3    8  -13  -12   -8  -12    0  -11  -14   -7  -14   11    4
    2    1   17    5    3    7    3    2    0      3036    1  -20  -11    3    7   13    2   -4  -12   -5   -3   10  -15  -10  -18   -9    4   -3
    2    1   18    1    3   43    1    1    0      2269    4  -14   -2   -2   17    2    8  -13  -10   -8  -12    2  -12  -15  -10  -13   12    5
    2    1   19    4    2    6    2    2    1       849   -5   -2   16  -10  -12    5  -13   13    5    5  -10   -2   -9  -14    3   -5  -13   -4
    2    1   20    4    1    1    2    1    1     29146    6   -4  -11    4    6    9    2   -8   13   -6   -5   -1    0    9    2    0   -4   -7
    2    1   21    5    3    8    3    1    0      1316    4  -13    7   -2   17    3    8  -15  -18  -16  -12    2   -1  -17   -6  -15    4   -2
    2    1   22    5    3    6    3    3    1      1835    5  -19   -4    8   12   -2    7  -12   -9   -8  -11    0  -11  -14   -5  -12   10    6
    2    1   23    5    2    1    3    2    1       857   -3   -2   12   -1   -6    6  -14   14    6    7  -14    1   -7  -13   13  -16  -15   -7
    2    1   24    4    3    1    2    2    0      3048    4  -12   -1   -2   17    5    9  -14  -18  -10   -9    2  -12  -14   -1  -17    9    4
    2    1   25    4    1    5    2    1    1       750   16   -4  -12    4    8    9    3  -14   13   -9   -5   -2   10    4    4   -2  -10   -5
    2    1   26    3    1    3    1    1    1       549   16   -7  -12    2    6   10    3  -12   13   -7   -7   -2    9    3    2   -2   -9   -6
    2    1   27    4    3    4    2    3    1      5868    4  -14   -3    0   15    1    8  -11  -12   -9  -13    0   -9  -20  -10  -10    9    6
    2    1   28    1    1   60    1    1    1       843   15   -6  -11    2    8    9    3  -13   13   -7   -6   -2    8    3    2   -2   -9   -6
    2    1   29    4    3    3    2    3    1       693    9   -5    0   -2    7    6    9  -13  -11   -6  -11   -1  -10  -16  -11  -20   12    4
    2    1   30    5    1    7    3    2    0      6042   13   -6  -15    3   11    9   -7  -14   22  -17   -9   -2   15   -5    1   -2   -9  -16
    2    1   31    2    3    0    0    3    1       743    5  -14   -2   -2   16    3    8  -13  -11   -8  -11    1  -11  -15  -11  -12   11    5
    2    1   32    4    3    6    2    1    0      2929    3  -15   -7    0   17    4   -2  -12  -13   -7   -4   11   -8  -13  -13  -10    9    0
    2    1   33    5    1    8    3    1    1      1497   13   -6   -9   -1    8    8    8  -10   15    1  -17   -6   14   13   10    7   -4   -4
    2    1   34    4    1    2    2    3    0      1088   15   -7  -11    4    7    8    4  -12   13   -6  -12   -1    7   -2    3   -3  -15  -14
    2    1   35    5    2    3    3    2    1      2908    1    4    7  -19  -12    5  -10    6    9   14  -10   -4  -16  -17   -2   -3  -19    2
    2    1   36    5    3    5    3    3    1      1775    6  -15   -2    0   20    2    8   -9  -20    0  -11    0  -19  -11  -13  -22   12   -3
    2    1   37    1    2   10    1    1    0      1280   -4    0   15  -10   -1   15  -16   15    4    6  -11   -4   -6  -13    6   -6  -19    2
    2    1   38    3    3    2    1    3    1       904    5  -13   -7   -1   23    6    8  -12  -10   -8  -11    1  -11  -15  -11  -12   11    5
    2    1   39    4    2    5    2    2    1       555   -4   -3   13  -10  -13    6  -14   14    5    6  -11   -5   -7  -12    7   -7  -15   -4
    2    1   40    5    1    9    3    3    0      1975   24  -10  -12    3   -3    2   -5  -11   18  -10   -4   -4    7    4    1   -1  -10  -16
    2    1   41    1    2   45    1    2    1      2651   -4    0   16   -8  -11   11  -15   15    4    8  -12   -4   -5  -14    5   -6  -15   -5
    2    1   42    1    1   58    1    2    0      1291   16   -6  -11    3    6    9    3  -12   12   -7   -1   -8   10    3    3   -3   -8   -6
    2    1   43    3    2    1    1    2    1       656   -5    0   16   -9  -12    6  -15   16    5    8  -11   -3   -6  -12    5   -6  -14   -5
    2    1   44    1    1   21    1    1    1       657   14   -5  -12    2    7   10    3  -12   13   -7   -8   -1   11    7    3   -6   -9   -6
    2    1   45    5    2    5    3    2    1       849    1   -2   20  -18  -11    6  -14   17   -1    6  -11   -5    4  -11   11  -10  -14   -6
    2    1   46    3    3    3    1    3    1      2271   -2  -19   -1   -2   15    3    8  -13  -11   -8  -12    1  -11  -15  -10  -11   11    5
    2    1   47    1    2   31    1    2    1      1855   -3   -1   15   -9  -10    5  -14   14    5    7  -11   -4   -6  -13   13    0  -24   -7
    2    1   48    1    1   54    1    1    1       624   16   -5  -12    2    7    9    2  -13   14   -7   -7   -3    8    3    1   -2   -9   -5
    2    1   49    1    3   20    1    3    1       746    5  -13   -2   -3   17    2    8  -13  -12   -9  -11    1  -11  -15  -11  -11   10    8
    2    1   50    1    3   17    1    3    1       990    5  -14   -2   -3   16    2    8  -13  -11   -7  -10    1  -10  -15  -11  -13   11    4
    2    1   51    5    2    4    3    1    0      2808   -5    0   13  -12   -9    5   -5   12    5    6  -20    6   -8  -14    8   -4  -18   -4
    2    1   52    1    1   83    1    1    1       685   15   -5  -13    2    7    8    2  -13   14   -7   -7   -2    7    4    1   -2   -9   -6
    2    1   53    3    1    1    1    1    1       565   15   -6  -12    2    2   14    3  -13   11   -5   -7   -2    8    2    1   -2   -9   -6
    2    1   54    5    3    4    3    1    0      4289   -1  -15   -1   -4   11   -2    8  -12   -8  -12  -21    5  -13  -13   -3  -21   20    5
    2    1   55    3    2    3    1    2    1       521   -4    0   15  -10  -10    6  -20   18    5    2  -12   -3   -5  -13    5   -6  -15   -7
    2    1   56    4    3    5    2    2    0      1381   15  -17   -1   -4   17    3    6  -12  -12   -6  -11    0  -20  -14  -12  -10   13    6
    2    1   57    4    2    3    2    2    1       944   -1   -2   15  -10  -12    6  -16    6    6    8  -11   -5   -5  -13    4   -5  -14   -7
    2    1   58    5    1    3    3    1    1       857   18   -1   -7    5    6   11    7   -8   11   -9   -8   -2   10    1   -5   -3  -11   -8
    2    1   59    1    3   31    1    3    1       907    5  -14   -3   -1   16    3    8  -13  -11   -8  -11    2  -10  -15  -11  -12   10    7
    2    1   60    5    2    8    3    2    1       959    1   -7   17   -9   -1    7  -17   17    5    6  -11   -4   -4  -11   -2    1  -13   -6
    2    1   61    5    2    7    3    2    1       531    0   -3   20  -18  -10    4  -14   14   -3   14   -9   -4   -6  -14    1  -16  -15  -10
    2    1   62    5    3    1    3    1    0      1767   -5  -11   -1   -2   23    6   10  -13  -12   -9  -19    0   -9  -16  -12   -3    9    5
    2    1   63    5    1    2    3    1    1      1810   16   -6  -21    1    7   10    7   -9   13   -5    1    6    3    2    0   -3  -14   -7
    2    1   64    1    3   12    1    3    1       733    5  -15   -2   -2   15    2    8  -14  -10   -8  -11    2  -10  -15  -10  -12   11    5
    2    1   65    1    1   55    1    1    1      3440   24  -10  -16    7    6   10    3  -13   13   -7   -7   -2    7    2    2   -2   -9   -5
    2    1   66    1    1   53    1    1    1      1187   15   -6   -3    1    3   19    2  -13   14   -8  -17   -5   18   -2    2   -2   -7   -5
    2    1   67    4    1    3    2    1    1      3054   15   -5  -10    5    8   10    1  -15   11   -6   -7   -3    7    3    0   -8  -11   -8
    2    1   68    5    1    4    3    1    1      3861   18   -3  -11   -1   11    1    5  -16   16   -6   -8   -3    7    4    3    0    1   -6
    2    1   69    5    2    9    3    1    0      2004   -1   -1   21    1  -14    0   -9   15   10   14   -9    2   -7  -12    4   -7   -4  -12
    2    1   70    3    1    2    1    1    1       621   14   -5  -12    2    9   10    3  -12   13   -7   -7   -1    8    2    2   -2   -9   -6
    2    1   71    1    1   52    1    1    1       533   15   -6  -12    2    8    9    2  -13   13   -7   -8   -3    8    2    2   -2  -11   -5
    2    1   72    4    1    4    2    1    1       564   17   -4  -15   -3    8    9   -1   -8   13   -6   -8   -1   10    3    1   -2  -10   -5
    2    1   73    2    2    0    0    2    1       727   -4    0   15   -9  -11    5  -15   15    4    7  -11   -3   -6  -13    5   -6  -14   -5
    2    1   74    1    1   23    1    1    1       646   14  -13  -13    1   13   19    2  -13   14   -6   -8   -2    7    4    2   -2  -10   -5
    2    1   75    5    1    6    3    1    1      3089   19   -5   -9   -7    2    8   -2   -7   18   -2   -2    2   11   10    4   -1  -10  -11
    2    1   76    4    2    2    2    1    0      2162   -4    2   14  -10  -17    5  -13   13    6    8   -9   -2   -7  -13    9  -10  -16   -6
    2    1   77    3    3    1    1    3    1       871    4  -13   -2   -2   17    3    8  -12  -10   -8  -11    1  -11  -15  -10  -13   11    5
    2    1   78    5    2    2    3    2    1      1966  -13   -1   11  -18   -4    5  -15   12    5    6   -9   -4  -14  -16    1   -3  -15   -6
    2    1   79    1    3   37    1    3    1      1408    5  -14    0   -4   16    4    8  -13  -11   -8  -11    1  -10  -15   -5  -20   10    6
    2    1   80    5    1    1    3    2    0      1224   19   -1   -5   11    7   14    6   -9    9   -5   -3    6    7    8    1   -2   -5  -16
    2    1   81    5    3    2    3    1    0      1897    0  -11   -3   -3   14    2    3   -7  -10   -8  -13   -6  -14  -16   -3  -12   11   10
    2    1   82    5    3    3    3    3    1      1211    0   -6   -2    0   16    4   13   -7   -9   -9   -9   -1  -10  -14  -12  -13   11    9
    2    1   83    1    3   27    1    3    1      2468    4  -13   -1   -1   17    3    7  -14  -10  -13  -14    0  -11  -16   -8  -15   11    5
    2    1   84    5    2    6    3    1    0       818   -6    8   14  -11   -3    6  -22    7   10    6  -17  -10   -9  -12   -4   -8  -15   -4
