    1    1    1    1    2    4    1    1    0      1739   -4  -10   -5   -8   11    6   -1   14  -10   -3    4    5   -8    3   -4   -6    1   11
    1    1    2    1    1    3    1    1    1      1126   13   15   -5    5   -8   -8   14  -13   11   -4  -12   11   -2    8   -3   16   -9    7
    1    1    3    1    1    1    1    1    1       772   13   12   -5    5   -9   -8   14  -13   11   -5  -13   11   -2    8   -3   15  -10    7
    1    1    4    1    1    8    1    1    1       752   13   14   -5    6  -13   -5   14  -15   11   -4  -13   10   -2    9   -3   16  -11    4
    1    1    5    1    2    2    1    2    1       604   -3  -11   -4   -9   10    5   -1   15   -8   -2    4    4  -10    3   -5   -5    2   11
    1    1    6    1    1    7    1    1    1       766   12   15   -3    3  -10   -9   14  -13   10   -5  -13    8   -2    8   -5   14   -8    7
    1    1    7    1    1    5    1    1    1       633   12   14   -5    5   -9   -8   13  -12   11   -3  -13   10   -2    8   -3   16   -9    7
    1    1    8    1    2    7    1    2    1       586   -3  -11   -5   -8   11    5   -1   14   -9   -2    7    1   -7    2   -4   -6    0   12
    1    1    9    1    3    3    1    3    1      1037   -4  -16  -14   -3  -14    3   -8  -11    0  -10   15   -3   -3   14    7   -7    5    6
    1    1   10    1    3    5    1    3    1      2349  -15  -12  -14   -4  -14    3   -8  -10   -2   -9   12    0   -3   14    8   -7    6    5
    1    1   11    1    2    9    1    2    1       763   -4  -11   -6   -7   10    6   -1   14   -7   -1    3    4   -8    2   -4   -6    2   10
    1    1   12    1    1    6    1    1    1       937   12   16   -6    5   -9   -8   12   -8   10   -4  -13   11   -2    8   -3   16   -6   11
    1    1   13    1    3    9    1    3    1       719  -14  -11  -14   -3  -13    2   -7  -11   -2  -11   13   -1   -2   13    7   -7    7    6
    1    1   14    1    3    2    1    3    1       924  -15   -8  -13   -2  -13    2   -6   -9    0  -11   13   -1   -3   12    2   -6    6    5
    1    1   15    1    2    8    1    2    1       817   -3  -12   -5   -8   10    5   -1   14  -10   -3    2    5   -8    4   -4   -6    0   12
    1    1   16    1    3    6    1    3    1       668  -14  -11   -7    5  -13    2   -8  -15   -1  -10   14    0   -3   14    7   -6    6    4
    1    1   17    1    2    1    1    2    1       843   -4  -12   -6   -9   11    5   -1   13   -9   -2    3    4   -8    3   -3   -6    1   11
    1    1   18    1    1    4    1    1    1       804   13   15   -5    5   -8   -8   14  -12   11   -3  -13   10   -2    8   -4   14  -10    7
    1    1   19    1    3    8    1    3    1       800  -14  -11   -9   -2   -6   -5   -7  -11    0  -10   13   -1   -2   15    7   -6    6    5
    1    1   20    1    2    3    1    2    1       812   -8  -11   -4   -9   11    5   -1   14   -9   -2    5    4   -8    4   -4   -6    8    5
    1    1   21    1    3    4    1    3    1       919  -17   -4  -14   -3  -15    4   -7  -11   -2  -10   13   -1   -4   14    6   -6    6    6
    1    1   22    1    1    2    1    1    1       622   13   15   -5    5   -9   -8   14  -14   12   -4  -13   11   -1    9   -2   16   -9    7
    1    1   23    1    1    9    1    1    1       639   13   15   -5    5   -9   -9   13  -12   11   -4  -15   12   -2    8   -4   15   -9    7
    1    1   24    1    2    6    1    2    1       703   -4  -11   -5   -8   11    5   -2   13  -10   -2    4    4   -8    3    6  -15    1   11
    1    1   25    1    2    5    1    2    1       576   -3  -12   -4   -7   11    5   -1   14   -9   -2    4    4   -8    4    3   -2   -9   12
    1    1   26    1    3    7    1    3    1       691  -18   -7  -10    0  -14    3   -7  -10   -1  -10   13   -1   -3   14    7   -7    7    5
    1    1   27    1    3    1    1    3    1       862  -14  -11  -15   -2  -14    4   -7  -11    1  -12   13   -1   -3   14    8   -7    6    5
    1    2    1    1    2   15    1    2    1       792   -4  -11    3  -12   11    5   -1   14   -8   -1    5    5   -7    4   -4   -5    0   11
    1    2    2    1    3   12    1    3    1       643  -15  -11  -15   -3  -14    4   -7  -11   -2  -10   13    0   -3   14    7   -7    5    6
    1    2    3    1    1   15    1    1    1      2004   15   18   -6    4   -9   -9   14  -13   10   -3  -13   10   -2    8   -3   16   -8    8
    1    2    4    1    2   17    1    2    1       736   -4  -11   -3   -9   12    5   -1   14   -9   -2    5    4   -9    3   -5  -14    1   11
    1    2    5    1    1   12    1    1    1       622   13   15  -12    1   -9   -8   14  -13   11   -4  -13   10   -2    8   -3   16   -9    7
    1    2    6    1    1   14    1    1    1       640   13   14   -5    5   -9   -8   14  -13   10   -4  -13   10   -2    7   -3   15   -9    9
    1    2    7    1    3   10    1    3    1      1074  -12   -8  -13   -3  -15    3   -6  -12   -1  -10   13   -1   -3   13    6   -6    7    5
    1    2    8    1    1   11    1    1    1       738   21   20   -5    4  -10   -7   14  -14   11   -4  -12    9   -3    8   -4   15   -9    7
    1    2    9    1    2   10    1    2    1       657   -5  -11   -3  -10   11    6   -3   12   -8   -3    4    4   -7    2   -4   -6    1   11
    1    2   10    1    3   15    1    3    1       834  -14  -12  -14   -3   -6    3   -7  -10   -1  -11   13   -1   -3   14    7   -6    6    6
    1    2   11    1    2   18    1    1    0       811    3  -14   -5   -8   14   10    0   14   -9   -2    4    4   -9    4   -4   -6   -1   18
    1    2   12    1    2   16    1    2    1       712   -4  -11   -5   -8   11    5   -2   13   -9   -2    3    5   -8    3    1   -6    1   11
    1    2   13    1    3   11    1    3    1      1239  -12  -10  -13   -4  -15    4   -7  -11   -1  -10   20   -6   -4   14    7   -9    6    5
    1    2   14    1    1   10    1    1    1       560   14   15   -6    6   -9   -8   14  -13   10   -3  -15   11   -2    8   -3   16   -9    7
    1    2   15    1    3   17    1    3    1       629  -14  -10  -14   -3  -13    4   -9  -12   -1  -10   13   -1   -3   13    8   -7    5    6
    1    2   16    1    3   14    1    3    1       647  -14  -11  -14   -2  -14    3   -6  -12   -1   -9   13   -1   -3   14    8   -6   12   14
    1    2   17    1    1   17    1    1    1       729   13   15   -6    6   -9   -9   16  -15   11   -4  -12    9   -2    7   -2   15   -9    7
    1    2   18    1    3   16    1    3    1       695  -14  -11  -14   -3  -13    2   -8  -11   -2   -9   13   -2   -2   14    8   -7    6    4
    1    2   19    1    2   14    1    2    1       534   -8  -16   -6   -7   10    5   -1   13   -9   -2    8   -1   -8    3    0  -11    2   11
    1    2   20    1    1   16    1    1    1       730   12   14   -6    5   -9   -8   13  -13   12   -3  -13   10   -1    8   -2   15   -8    8
    1    2   21    1    1   13    1    3    0      1960   19    6   -5    5   -8   -8   13  -13   11   -4  -13   10   -1    8   -3   16   -9    7
    1    2   22    1    2   11    1    2    1       580   -4  -11   -5   -8   12    6   -1   14   -9   -2    4    4   -8    4   -3   -7    0   11
    1    2   23    1    2   13    1    2    1      1192   -3  -12   -5   -8   12    4    0   13  -10   -2    4    4  -13   11   -4   -5    0   10
    1    2   24    1    1   18    1    1    1       659   13   15   -6    8   -9   -7   14  -12   10   -3  -13   10   -3    7   -2   17  -19   16
    1    2   25    1    3   18    1    2    0       867  -14  -11  -13   -2  -13    3   -9  -15   -1  -10   13   -1   -3   14    4   -4    6    5
    1    2   26    1    3   13    1    3    1       972  -15  -11  -14   -2  -14    3  -12   -7   -2   -9    8    0   -2   14    7   -5   10    6
    1    2   27    1    2   12    1    2    1      1169   -4  -11   -4   -8   16    0   -1   14   -9   -1    3    5   -8    1   -5   -6    1   11
    1    3    1    1    3   27    1    3    1       783  -14  -11  -13   -4  -11    2   -8  -11   -1  -10   12   -1   -3   13    8   -6    6    5
    1    3    2    1    1   22    1    1    1       699   13   14   -4    4  -10   -8   14  -13   12   -5  -12   11   -2    8   -3   16   -4   11
    1    3    3    1    3   23    1    3    1      1882  -14  -11  -15   -3  -14    3   -6  -11   -2   -9   13   -1   -4   15    9   -5    7    5
    1    3    4    1    3   26    1    3    1       666  -14  -11  -13   -3  -14    2   -6  -12   -1  -10   13   -1   -3   14    9    3    6    6
    1    3    5    1    1   19    1    1    1       747   13   15   -6    4   -9   -8   15  -14   11   -4  -15   11   -1    9   -3   16  -10    7
    1    3    6    1    3   21    1    3    1       776  -15  -10  -13   -3  -15    3   -7  -11   -1  -10   14   -2   -2   13   -3   -2    7    6
    1    3    7    1    2   27    1    2    1       820    4  -12   -4   -7   10    6   -1   14   -8   -3    5    3   -8    2   -5   -5    2    9
    1    3    8    1    1   21    1    1    1       479   17   11   -5    5   -9   -7   14  -13   11   -4  -13   10   -3    8   -3   16   -8    6
    1    3    9    1    1   24    1    1    1       647   14   14   -6    4  -11   -6   15  -13   10   -4  -13   10   -2    7   -3   16   -7    6
    1    3   10    1    2   24    1    2    1       583   -4  -11   -5   -8   15    9   -1   14   -9   -1    5    5   -9    4   -4   -6    1   11
    1    3   11    1    1   25    1    1    1       828   13   14   -6    6   -8   -9   13  -14   10   -4  -13   10   -2    8   -1   16   -9    7
    1    3   12    1    2   19    1    2    1       581   -3  -12   -4   -9   10    6   -1   14   -8   -4    3    5   -8    3   -5   -5    2   12
    1    3   13    1    1   27    1    1    1       792   12   16   -6    6   -9   -8   14  -13   11   -4  -12   10   -2    7   -2   16   -9    7
    1    3   14    1    2   26    1    2    1       706   -3  -10   -5   -8   16    7   -1   13   -9   -2    4    4   -8    3   -4   -6    1   11
    1    3   15    1    3   19    1    3    1       576  -14  -10  -14   -3  -14    4  -15  -12    0  -10   14   -1   -1   12    8   -7    7    7
    1    3   16    1    2   20    1    2    1       564   -4  -10   -5   -8   11    4   -2   14   -8   -2    5    5   -8    2   -4   -6    2   11
    1    3   17    1    3   22    1    3    1       713  -13   -9  -13   -3  -14    4   -7  -11    0   -9   12   -2   -3   14    7   -6    6    5
    1    3   18    1    3   20    1    3    1      1159  -13  -12  -13   -3  -15    3   -8   -5    0  -12   13   -1    7   14    6   -5    7    5
    1    3   19    1    3   25    1    3    1       868  -14  -11  -14   -3  -14    3   -7  -10   -2  -11   14   -3   -3   14    7   -6    5    6
    1    3   20    1    2   23    1    2    1       605   -4  -11   -6   -7   10    6   -1   14   -9   -3    4    4   -7    4   -4   -6    1   11
    1    3   21    1    3   24    1    3    1      1583  -14  -11  -13   -4  -15    4   -7  -11    0  -10   13   -1   -4   14    7   -7    6    5
    1    3   22    1    1   23    1    1    1       414   13   14   -4    6   -8   -9   15  -14   10   -5  -13   11   -3    8   -3   16  -10    8
    1    3   23    1    1   20    1    1    1       711   12   16   -5    5   -9   -9   14  -12   12   -5  -14    9   -2    8    7   16   -8    7
    1    3   24    1    1   26    1    1    1       470   11   16   -5    5   -8   -6   14  -12   12   -5  -14   10   -2    8   -2   15   -9    7
    1    3   25    1    2   25    1    2    1      1406   -3  -16   -4   -8   12    6   -1   14   -9   -2    4    4   -9    2   -5   -2    2   12
    1    3   26    1    2   22    1    2    1       768   -4  -11    2   -9   10    6   -2   22   -9   -3    5   -5   -8    2   -5   -6    2   15
    1    3   27    1    2   21    1    2    1       715   -5  -11   -5   -8   12   -3   -1   14   -9   -1    5    4   -9    4   -6   -5    1   11
    1    4    1    1    3   29    1    3    1       617  -14  -10  -13   -2  -15    4   -7  -12    5   -4   15    1   -3   13    7   -6    6    5
    1    4    2    1    3   36    1    3    1       490  -14  -11  -13   -2  -14    3   -8  -10   -1   -9   13   -1   -4   14    8   -5    7    5
    1    4    3    1    3   28    1    3    1       577  -14  -11  -15   -4  -11    5   -7  -11    0  -11   13   -1   -4   14    7   -5    0    7
    1    4    4    1    3   35    1    3    1       741  -14  -11  -14   -3   -9    5   -6  -10    0   -9   13   -1   -4   15    7   -5    6    5
    1    4    5    1    2   31    1    2    1       578   -4  -11   -6   -7   11    5   -2   14   -8   -3    4    4   -8    3   -5   -5    1   11
    1    4    6    1    1   31    1    1    1       597   13   15   -5    5  -10   -7   15  -14   10   -4  -13   10   -1    7   -3   16   -8    7
    1    4    7    1    2   36    1    2    1       679   -3  -11   -5   -8   10    5   -1   14   -8   -2    5    4  -15    0   -2   -8    1   11
    1    4    8    1    3   33    1    3    1       551  -13  -12  -13   -4   -6    2   -7  -11   -1  -10   12   -1   -3   14    7   -7    6    3
    1    4    9    1    3   30    1    3    1       778  -14  -10  -15   -3  -15    3  -11  -15   -2  -10   13   -1   -3   14    7   -6    6    5
    1    4   10    1    2   30    1    2    1       678   -3  -11   -5   -8    7    4   -3   12   -9   -3    4    4    0   -4   -3   -7    1   12
    1    4   11    1    1   35    1    1    1       580   12   15   -5    5   -9   -7   15  -14   11   -4  -11   10   -4    8   -3   16   -9    7
    1    4   12    1    2   29    1    2    1       521   -4  -12   -6   -9    8    7   -1   14   -8   -3    3    3   -8    3   -3   -6    2   11
    1    4   13    1    1   34    1    1    1       559   13   15   -5    5   -9   -8   15  -14   16   -8  -13   10   -8   12   -4   15   -8    7
    1    4   14    1    3   34    1    3    1       913  -15  -11  -14   -3  -13    1   -6  -10    0  -10   13   -1   -3   14    7   -6    6    5
    1    4   15    1    1   32    1    1    1       617   14   14   -4    4  -10   -8   14  -13   11   -4  -14   10   -2    8   -2   17   -9    6
    1    4   16    1    3   32    1    3    1      1451   -7   -5  -14   -3  -14    4  -17  -15   -1  -10   12   -1   -3   24    7   -6   14   -3
    1    4   17    1    1   29    1    1    1       634   13   15   -5    4  -10   -7   13  -14   12   -5  -13   10   -1    7   -2   23   -9    7
    1    4   18    1    1   36    1    3    0      1242   14   14   -5    5  -10   -7   14   -8   12   -5  -12   10   -2    8   -3   16   -9    7
    1    4   19    1    2   28    1    2    1       739   -3  -12   -4   -9   11    5   -1   15   -9   -2    3    3   -9    4   -9   -8    1   10
    1    4   20    1    2   32    1    2    1      1200   -4  -11   -4  -16   12    4   -1   14   -9   -2    4    4   -8    3   -5   -5    1   11
    1    4   21    1    2   35    1    2    1       762   -5  -11   -5   -8    9    6   -1   14   -9   -3    4    4   -8    3   -4   -6   -1   10
    1    4   22    1    2   34    1    2    1       582   -4  -11   -5   -8   14    3   -2   14  -10   -2    4    4   -8    3   -4   -6    0   17
    1    4   23    1    2   33    1    2    1       633   -4  -11   -5   -8   11    5   -2   14   -9   -2    4    4   -8    3   -3   -7    1   14
    1    4   24    1    1   30    1    1    1       843   12   15   -5    5  -10   -9   13  -13   11   -4  -14   10   -2    8   -3   17   -9    7
    1    4   25    1    1   28    1    1    1       469   13   15   -4    6   -9   -8   14  -14   11   -4  -13   10   -2    9   -3   15   -9    7
    1    4   26    1    3   31    1    3    1      1117  -18   -1  -13   -4  -14    3   -7  -11   -1   -9   13   -1   -3   14    5   -4    6    5
    1    4   27    1    1   33    1    1    1       684   12   16   -6    5   -8   -8   13  -14   15   -4  -14    9   -2    8   -3   16   -9    6
    1    5    1    1    3   42    1    3    1      2156  -15  -10  -15   -3  -15    4   -7  -11    1  -16   14   -2   -4   16    7   -6    6    6
    1    5    2    1    3   44    1    3    1      1072  -14  -11  -20   -7  -14    3   -6  -12   -1  -10   14   -2    1   18    7   -6    6    5
    1    5    3    1    2   37    1    2    1      1506  -14  -15   -5   -8   11    5   -1   15   -7   -1    4    4   -6    1   -4   -6    0   11
    1    5    4    1    1   37    1    1    1       767    3   11   -4    4  -11  -13   12  -14   11   -5  -18    9   -2    7   -1   18   -9    7
    1    5    5    1    1   38    1    1    1       619   12   15   -6    6   -9   -8   14  -13   11   -4  -13    9   -2    8   -3   16   -3    2
    1    5    6    1    2   42    1    2    1       653   -3   -3   -5   -8   12    5   -1   14   -9   -1    5    6   -9    3   -4   -5    1   11
    1    5    7    1    3   45    1    3    1       733  -14  -12  -13   -3  -13    4   -8  -11   -1   -9   14   -2   -3   15    7   -5    2    2
    1    5    8    1    3   39    1    3    1       573  -14  -11  -14   -3  -14    4   -6  -11    0  -10   13   -2   -3   14    7   -6    5    4
    1    5    9    1    3   40    1    3    1      1024  -14  -11  -14   -4  -14    2  -16  -18    0  -11   10    4   -6   10   14   -4    6    5
    1    5   10    1    2   38    1    2    1      2290   -5  -11   -5   -8   15    1   -1   14  -11   -3    5    2   -7    3   -4   -6    9   20
    1    5   11    1    1   43    1    1    1       657   13   15   -6    5   -9   -9   14  -14   12   -3  -13    9   -2    8   -2   16   -8    7
    1    5   12    1    2   45    1    2    1       626   -3  -11    1   -7   11    5    0   13  -10   -1    4    4   -8    3   -4   -6    1   11
    1    5   13    1    2   44    1    2    1       516   -4  -12   -5   -8    9    8    0   13  -10   -5    4    3   -8    4   -3   -5    1   11
    1    5   14    1    3   37    1    3    1      1403  -13  -10  -15   -2  -13    4   -6  -11   -1   -9   12   -1   -2   19    7   -6    6    6
    1    5   15    1    1   39    1    1    1       590   13   14   -6    6   -9   -8   14  -12   12   -3  -13   10   -2    8   -4   17   -8    7
    1    5   16    1    3   41    1    3    1      1488  -15  -15  -14   -3  -14    3   -7  -10   -2   -9   22  -11   -3   14   12   -8    5    4
    1    5   17    1    3   43    1    3    1      1297  -15  -12  -14   -3  -13    3  -10   -2   -1  -10   13   -1   -3   13    7   -5    6    6
    1    5   18    1    2   40    1    2    1       759   -4  -11   -5   -8   12    5   -1   12   -9   -2    5    4   -8    2   -4   -6    1   11
    1    5   19    1    1   44    1    1    1       515   13   15   -5    5   -9   -8   15  -14   12   -4  -12    9   -7    4   -3   17  -10    8
    1    5   20    1    3   38    1    3    1       888  -16  -10  -12   -5  -14    4   -8  -11   -1  -10   13   -1   -4   15    7   -7    6    5
    1    5   21    1    1   40    1    1    1       895   13   15   -5    5  -10   -7   14  -13   11   -5  -14   10   -2    8   -2   16   -8    9
    1    5   22    1    2   43    1    2    1      1109   -4  -10    0  -15   11    5   -2   15  -10   -3   12    3   -8    3   -4   -6    2   11
    1    5   23    1    1   41    1    1    1       626   12   14   -5    4   -9   -8   15  -14    9   -6  -13   10   -2    7   -3   16   -9    7
    1    5   24    1    1   45    1    1    1       691   13   15   -6    5  -10   -7   14  -13   12   -5  -14    8   -2    8   -3   16  -10    8
    1    5   25    1    2   39    1    2    1       514   -5  -11   -3   -9   11    5   -1   15   -9   -2    3    4   -8    4   -4   -6    1   11
    1    5   26    1    1   42    1    1    1       566   14   15   -6    6   -8   -6   14  -14   11   -4  -12   10   -3    4   -4   16   -9    7
    1    5   27    1    2   41    1    2    1      1561   -4  -11   -5   -8    6   15    0   16  -14   -1    3    3   -7    2    5  -15    1   11
    1    6    1    1    1   50    1    3    0      1204   13   15   -6    6   -9   -8   12   -9   11   -4  -12    8   -2    7   -3   16   -9    7
    1    6    2    1    2   51    1    2    1       655   -2  -11   -7   -7   12    5   -2   15   -9   -2    4    4   -9    3   -4   -6    2   12
    1    6    3    1    3   54    1    3    1       719  -16  -11  -13   -4  -14    3   -7  -11   -7   -3   13   -1   -3   14    7   -6    6    5
    1    6    4    1    1   49    1    1    1       605   13   15   -4    5   -9   -7   15  -15   11   -4  -13   11   -3    9   -3   16   -9    7
    1    6    5    1    2   54    1    2    1      1393   -6  -12   -5   -8   10    6   -1   14   -9   -2    4    3   -8    2   -4   -6   11   18
    1    6    6    1    1   47    1    1    1       644   13   16   -5    5   -8  -16   14  -13   10   -5  -14   11   -3    8    1    8   -8    6
    1    6    7    1    3   46    1    3    1       725  -14  -11  -13   -3  -14    2   -6  -11   -2   -9   13   -1   -4   14    7   -7    7    4
    1    6    8    1    1   46    1    1    1       580   13   15   -5    4   -9   -8   15  -13   10   -4  -13   10   -2    8   -3   14   -7    7
    1    6    9    1    2   53    1    2    1       695   -3  -11   -5   -7   12    5  -10    8   -9   -2    4    4   -7    3   -9   -5    0   11
    1    6   10    1    2   47    1    2    1       535   -5  -11   -6   -8   11    5   -2   14   -9   -2    4    3   -8    3   -4   -6    1   11
    1    6   11    1    1   52    1    1    1       666   12   14   -6    5   -9   -8   18  -20   11   -4  -14   11   -2    9   -3   16  -10    7
    1    6   12    1    3   53    1    3    1      1644  -15   -9   -9   -5  -15    4   -7  -11    0  -10   13   -2   -4   14   16  -15    6    6
    1    6   13    1    1   48    1    1    1      1364   13   14   -4    6   -6   -7   15  -12   11   -4  -13   10    0    7   -3   16   -8    7
    1    6   14    1    2   50    1    2    1       618   -4  -10   -5   -8   11    5   -1   15   -9   -3    3    4   -8    3   -4   -6    1   10
    1    6   15    1    2   46    1    2    1       588   -4  -11   -6   -8   11    4   -1   15   -9   -2    5    4   -8    3   -2   -3    1   11
    1    6   16    1    3   49    1    3    1       703  -14  -11  -15   -3  -13    2   -7  -11   -3   -9   12    0   -3   14    9   -8    6    5
    1    6   17    1    2   49    1    2    1       653   -4  -12   -6   -7   11    4    0   15   -9   -2    4    4   -9    4   -4   -6    0   12
    1    6   18    1    2   52    1    2    1       542   -5  -10   -6   -8   11    5   -2   13   -8   -2    5    3   -8    3   -4   -7    0   12
    1    6   19    1    1   54    1    1    1       644   13   15   -5    5   -9   -8   14  -13   11   -2  -13    9   -2    8   -2   16   -9    7
    1    6   20    1    3   47    1    3    1       901  -13  -12  -16    0  -14    3   -8  -10   -1  -10   12    0   -7   14    8   -4    7    5
    1    6   21    1    3   50    1    3    1       733  -13  -12   -5    6  -15    3   -7  -11   -1  -10   14    0   -4   12    7   -6    3   12
    1    6   22    1    3   51    1    3    1       523  -14  -11  -14   -4  -14    2   -6  -12   -2  -11   14   -2   -3   13    7   -6    6    5
    1    6   23    1    1   53    1    1    1       706   14   14   -6    5   -9   -7   14  -13   11   -4  -13   11   -2    8   -4   17  -10    7
    1    6   24    1    3   52    1    3    1       625  -14  -11  -14   -3  -14    3   -7  -10   -1  -10   13   -1   -3   13    7   -7    5    6
    1    6   25    1    2   48    1    2    1       497   -4  -11   -9   -8   11    4   -1   14   -9   -2    4    4   -8    2   -5   -6    1   11
    1    6   26    1    1   51    1    1    1       648   14   14   -5    5   -9   -8   14  -13   11   -4  -13   10   -2    8   -2   17   -9    6
    1    6   27    1    3   48    1    3    1       763  -13  -11  -13   -3  -13    3   -7  -11    0  -10   13   -1   -3    9    8   -6    6    5
    1    7    1    1    2   63    1    2    1       744    5  -19   -5   -8   11    5   -1   12   -9   -2    3    4   -8    2    1   -3   -4    6
    1    7    2    1    2   62    1    2    1      1126   -4  -11  -10   -8   12    4   -1   14  -10   -2    4    4   -8    3   -4   -6    2   10
    1    7    3    1    3   60    1    3    1      1300  -14  -10  -14   -3  -15    3   -7  -11   -2   -9   14    0   -8   16    8   -6    7    5
    1    7    4    1    2   57    1    2    1       604   -4  -11   -6   -7   10    5   -1   14   -9   -3    5    4   -9    4   -6   -4    1   11
    1    7    5    1    1   57    1    1    1       608   13   15   -5    5   -9   -8   14  -12   11   -4  -14   10   -4    7   -3   16   -9    7
    1    7    6    1    1   55    1    1    1       548   13   15   -6    4   -8  -10   14  -16   11   -4  -11   10   -3    8   -3   16   -9    7
    1    7    7    1    3   56    1    3    1       713  -15  -10  -13   -3  -15    3   -7  -11   -1  -10   14   -1   -3   14    6   -4    6    5
    1    7    8    1    1   58    1    1    1       553   13   15   -7    6   -4   -6   15  -14   10   -3  -13    9   -2    8   -3   16  -11    7
    1    7    9    1    2   58    1    2    1       541   -5  -11   -6   -7   11    6   -2   15   -9   -2    1    7   -8    3   -4   -6    1   11
    1    7   10    1    3   58    1    3    1       644  -14  -11  -15   -3  -17    0   -7  -12   -2   -9   14    1   -2   14    7   -6    6    5
    1    7   11    1    2   60    1    2    1       469   -3  -11   -5   -8   11    5   -2   14   -9   -3    3    3   -8    3   -4   -6    1   12
    1    7   12    1    1   62    1    1    1       685   13   15   -4    4   -9   -8   14  -13   10   -3  -13   10   -2    8   -3   15   -9    8
    1    7   13    1    2   55    1    2    1       461   -4  -11   -1   -3   12    6   -1   14   -8   -2    4    4   -8    3   -4   -6    1   11
    1    7   14    1    2   61    1    2    1       792  -14   -9   -4   -9   11    5   -1   12   -9   -2   -6    0   -9    3   -5   -5    1   11
    1    7   15    1    2   59    1    2    1       564   -4  -11   -4   -7   10    4   -1   13   -9   -2    4    4   -7    1   -5   -5   -1   16
    1    7   16    1    3   59    1    3    1       634  -14  -11  -14   -4  -16    1  -10  -10   -1  -11   13   -1   -3   13    7   -6    6    5
    1    7   17    1    1   61    1    1    1       524   12   16   -6    6   -8   -9   14  -13   11   -4  -12    9   -3    9   -5   18  -10    8
    1    7   18    1    3   63    1    3    1       562  -14  -12  -15   -3  -15    2   -7  -12   -1  -10   13   -1   -4   15   17  -10    7    6
    1    7   19    1    1   60    1    1    1       648   12   14   -5    5   -9   -8   15  -13   11   -4  -13    9   -2    7   -4   17   -9    7
    1    7   20    1    3   57    1    3    1       776  -15  -11  -14   -2  -14    3   -6  -10   -1  -10   12   -2   -2   15    6   -6    4    3
    1    7   21    1    1   59    1    1    1       484   14   16   -5    5  -12  -13   14  -13   12   -5  -13   10   -3    7   -2   16   -9    7
    1    7   22    1    1   56    1    1    1       890    6    5   -5    5   -9   -8   15  -13   11   -4  -13   11   -1    8   -3   16   -8    7
    1    7   23    1    3   62    1    2    0      1025  -15  -12  -13   -2  -13    2   -3  -21   -1  -10   14   -2   -2   12    7   -6    9   -1
    1    7   24    1    3   55    1    3    1       675  -14  -11  -13   -2  -14    4   -7  -11   -1  -11   13    0   -3   14    6   -5    6    5
    1    7   25    1    3   61    1    3    1       547  -14  -10  -15   -4  -13    3   -7  -11   -2   -9   12   -1   -3   13    7   -6    6    4
    1    7   26    1    1   63    1    1    1       697   12   14   -6    6   -9   -8   15  -15   12   -4  -13   10   -2    8   -1   15   -9    7
    1    7   27    1    2   56    1    2    1       489   -4  -11    0   -7    9    7   -1   14   -8   -3    3    5   -7    3   -5   -6    1   12
    1    8    1    1    2   69    1    2    1       576   -4  -10   -6   -8   11    4   -1   14   -9   -2    4    4   -8    3   -4   -6    0   11
    1    8    2    1    2   71    1    2    1       451   -4  -10   -1  -13    9    3   -1   14  -10   -1    4    2   -8    3   -4   -6    2   10
    1    8    3    1    2   70    1    2    1       653   -4  -10   -5   -8   10    6   -1   13   -9   -2    8   -1   -8    3   -4   -6    1   11
    1    8    4    1    3   68    1    3    1       732  -14  -11  -10   -4  -15    3   -8  -10  -10    0   14   -1   -3   14    7   -6    7    5
    1    8    5    1    3   69    1    3    1       523  -15  -11  -15   -3  -15    3   -6  -12    0  -10   14   -1   -3   14    7   -6    6    5
    1    8    6    1    2   72    1    1    0      2017   -2  -11   -6   -8   17   -5   -1   14   -9   -1    3    4   -9    3   -4   -7    1   10
    1    8    7    1    3   66    1    3    1       748  -14  -11  -14   -4  -14    3   -6  -12    0  -11   14   -1   -3   14    7   -6    7    4
    1    8    8    1    1   67    1    1    1       617   13   19   -4    5   -9   -8   15  -14   11   -4  -13   10   -3    8   -4   17   -7    8
    1    8    9    1    3   71    1    3    1       860  -13  -11  -10   -2  -15    3   -7  -11   -1  -10   13   -1   -4   14    7   -6    6    5
    1    8   10    1    2   66    1    2    1       676   -4  -11   -9  -13   11    5    1   17  -10   -3    3    3   -7    1   -4   -5    1   11
    1    8   11    1    2   67    1    2    1       755   -4  -12   -5   -9   10    6   -6   17   -8   -2    4    4   -8    3   -5   -6    1   11
    1    8   12    1    2   65    1    2    1       464   -5  -13   -6   -8   10    5   -1   14   -9   -2    0    8   -8    2   -4   -6    1   10
    1    8   13    1    1   70    1    1    1       585   10    8   -5    5   -8   -6   15  -12   12   -5  -12   10   -5   13   -3   15   -9    8
    1    8   14    1    1   65    1    1    1       622   13   15   -5    6   -9   -7   14  -13   10   -3  -12    9   -3    8   -3   16   -9    6
    1    8   15    1    3   65    1    3    1       530  -14  -12  -14   -2  -13    2   -6  -10   -1  -11   15   -1   -3   14    7   -6    6    4
    1    8   16    1    2   64    1    2    1       505   -4  -12   -4   -9   11    5    3    8   -9   -3    4    5   -8    3   -3   -7    2   10
    1    8   17    1    1   72    1    1    1       609   13   15    0    5   -9   -8   14  -13   11   -4  -12   10   -2    8   -4   15   -9    7
    1    8   18    1    3   67    1    3    1       614  -14  -11  -14   -3  -14    3   -7  -11    0  -10   17   -1   -3   14    6   -7    6    5
    1    8   19    1    3   64    1    3    1       619  -14  -10  -15   -4  -14    3   -7  -11   -1  -10   12   -2   -3   14    8   -7    6    5
    1    8   20    1    3   72    1    3    1       541  -15  -11  -13   -3  -14    3   -7  -11    0  -11   13   -1   -3   14    8   -6    6    6
    1    8   21    1    3   70    1    3    1       484  -14  -11  -14   -2  -16    4   -7  -11   -1  -10   14   -1   -4   12    7   -5    5    5
    1    8   22    1    1   68    1    1    1       556   15   16   -5    5   -9  -10   16  -15    6    0  -18   18   -2    8   -3   17   -9    7
    1    8   23    1    1   64    1    1    1       513   13   15   -4    6   -9   -8   12  -11   10   -5  -12   11   -2    8   -4   16   -9    7
    1    8   24    1    1   69    1    1    1       505   13   15   -6    6   -9   -8   13  -13    1    5  -12   10   -2    8   -3   17   -9    8
    1    8   25    1    1   71    1    1    1       528   13   15   -6    6   -9   -8   13  -13   13   -1  -13   11   -2    8    5   11   -9    7
    1    8   26    1    1   66    1    1    1       585   13   15   -5    5   -9   -8   14  -13   11   -4  -12    9   -2    8   -2   15   -9    6
    1    8   27    1    2   68    1    2    1       541   -4  -11   -5   -9   12    5   -1   14   -8   -3    2    3   -9    3   -4   -6    0   12
    1    9    1    1    3   76    1    3    1       627  -14  -11  -14   -3  -13    2   -7  -10   -1  -10   13    0   -3   14    8   -8    7    1
    1    9    2    1    3   75    1    3    1       677  -14  -10  -13   -4  -13    3   -7  -11   -1  -10   13   -1   -3   14    6   -6   10   -3
    1    9    3    1    1   73    1    1    1       741   22   21   -4    5   -9   -7   14  -13   10   -3  -13   10   -2    8   -2   15   -9    8
    1    9    4    1    2   75    1    2    1       642   -4  -12   -5   -8   11    5   -1   14   -8   -2    4    4  -14    9   -5   -5    0   11
    1    9    5    1    3   77    1    3    1       580  -14  -11  -18   -4  -14    3   -7  -11   -2  -11   13   -2   -7   15    7   -6    7    4
    1    9    6    1    2   79    1    2    1       521   -4  -11   -6   -7   11    6   -2   14   -9   -1    4    4   -8    3   -1   -3    1   11
    1    9    7    1    1   75    1    1    1       591   13   16   -6    6  -11   -8   14  -13   11   -3  -14    9   -2    8   -3   16  -10    7
    1    9    8    1    1   77    1    1    1       484   12   16   -4    4   -9   -7   14  -13   11   -4  -12    9   -1    8   -4   17  -10    7
    1    9    9    1    3   74    1    3    1       588  -14  -12  -14   -3  -14    8   -7  -10   -1  -10   14    0   -3   14    8   -5    6    5
    1    9   10    1    3   81    1    3    1       546  -13  -12  -14   -3  -13    4   -7  -11   -1  -11   14    0   -2   13    7   -6    6    5
    1    9   11    1    3   73    1    3    1       456  -15  -13  -14   -3  -15    4   -7  -12   -1  -10   14   -2   -3   14    6   -5    7    5
    1    9   12    1    2   78    1    2    1       544   -3  -11   -5   -8   11    5   -1   14  -10   -2    3    5   -7    3   -4   -5    6   13
    1    9   13    1    2   76    1    2    1       597   -9  -16  -10   -9   11    5   -3   15   -8   -2    4    4   -8    3   -4   -6    2   11
    1    9   14    1    2   80    1    2    1       346   -3  -11    3   -4   11    5   -1   14   -9   -3    3    3   -8    3   -4   -7    2   13
    1    9   15    1    2   81    1    2    1       377   -3  -10   -6   -8   10    6   -1   14   -9   -2    3    3   -8    3   -4   -7    2   10
    1    9   16    1    2   77    1    2    1       391   -4  -11   -7   -9   11    5   -2   13   -8   -2    4    4   -8    3   -5   -6    2    8
    1    9   17    1    1   78    1    1    1       419   13   15   -7    6   -9   -7   14  -14   10   -4  -13   11   -2    8   -3   16  -10    7
    1    9   18    1    1   79    1    1    1       462   12   15   -5    5  -10   -8   15  -13   11   -4  -13   10   -1    8   -3   16   -8    6
    1    9   19    1    1   80    1    1    1       520   15   16   -6    5  -10   -8   15  -13   11   -4  -14   11   -1    7   -3   15   -9    7
    1    9   20    1    1   74    1    1    1      1024   13   15   -6    5   -9   -8    7   -7   10   -3  -13   10   -2    8   -3   15   -8    6
    1    9   21    1    3   78    1    3    1       820  -14  -11  -14   -4  -14    3   -8  -11    0  -10   13   -2   -3   14    7   -6    6    6
    1    9   22    1    3   79    1    3    1       784  -14  -11  -15   -3  -14    2   -7  -11   -1  -11    8    7   -4   15    8   -6    7    5
    1    9   23    1    2   73    1    2    1       570   -3  -12   -5   -8   11    6   -1   14   -9   -2    0    5   -8    3   -4   -6    1   12
    1    9   24    1    2   74    1    2    1       415   -1  -12   -5   -8   11    4   -1   14  -11    0    4    4   -8    3   -4   -6    3   12
    1    9   25    1    1   76    1    1    1       538   14   14   -6    5   -8   -9   13  -12   13   -6  -13   10   -2    9    4   14   -5    8
    1    9   26    1    3   80    1    3    1       705  -15  -10  -14   -3  -14    4   -8  -10   -1  -10   13   -1   -3   14    8   -6    5    5
    1    9   27    1    1   81    1    1    1       607   13   15   -6    4   -9   -8   14  -13   11   -3  -14   11   -2    8   -3   16   -9    7
    1   10    1    1    1   83    1    1    1      1153   13   15   -6    6   -9   -8   14  -13   15   -2  -13   10   -2    9   -3   15   -5    3
    1   10    2    1    2   83    1    2    1      1374   -4  -11    5  -13   10    6   -1   13   -8   -3    4    4   -8    2   -6   -7    1   10
    1   10    3    1    2   82    1    2    1       530   -3  -11    1  -10   12    5   -1   15   -9   -1    5    4   -8    3   -4   -6    1   11
    1   10    4    1    2   89    1    2    1       439   -1  -16   -5   -8   11    5   -1   14  -11    0    4    5   -8    3   -5   -5    1   11
    1   10    5    1    2   87    1    2    1       464   -3  -11   -5   -8    4   -4   -4   18   -8   -2    5    5   -8    2   -3   -6    2   10
    1   10    6    1    3   86    1    3    1       631  -13  -11  -14   -2  -14    3   -7  -11    3   -1   14   -1   -3   14    6   -6    6    5
    1   10    7    1    1   87    1    1    1       537   12   16   -5    5   -9   -8   14  -13   11   -3  -13   10   -2    8   -4   15  -10    7
    1   10    8    1    3   85    1    3    1       607  -15  -12  -15   -2  -14    4   -7  -10   -1   -9   13   -1   -4   13    7   -6    5    5
    1   10    9    1    3   88    1    1    0      1555  -14  -11  -14   -3  -14    3   -6  -12    2  -15   12   -2   -3   14    7   -7    5    4
    1   10   10    1    3   83    1    3    1       879  -15  -11  -14   -4  -15    3   -8  -11   -1  -10   13   -1   -3   14    6   -6    6    5
    1   10   11    1    3   82    1    3    1       616  -14  -11  -14   -3  -14    4   -7  -11   -1  -11    6  -11   -4   15    8   -6    6    5
    1   10   12    1    2   88    1    2    1       971   -3  -12   -5   -8   11    5    0   14   -9   -2    9    7   -8    3    1   -9    2   10
    1   10   13    1    3   84    1    3    1       658  -14  -12  -15   -3  -14    3   -6  -11   -1  -10   13   -1   -3   13    9   -6    6    5
    1   10   14    1    2   90    1    2    1       690   -4  -12   -5   -9   10    4    0   14  -14   -5    4    4   -7    2   -5   -5    1   11
    1   10   15    1    1   89    1    1    1       577   12   15   -5    5   -9   -7   15  -11   11   -4  -14   10   -2    8   -2   15   -9    7
    1   10   16    1    1   82    1    1    1       662   13   15   -7   10   -8   -9   14  -13   13   -5  -12   10   -2    9   -3   16  -10    8
    1   10   17    1    3   89    1    3    1       647  -13  -10  -14   -2  -15    4   -6  -11    0  -11   18    0   -3   14    9   -6    5    5
    1   10   18    1    1   90    1    1    1       618   13   15    3    0   -9   -8   14  -13   10   -4  -14   10    3    4   -1   16  -10    7
    1   10   19    1    3   90    1    3    1      1740  -14  -10  -14   -4  -15    4   -2  -18   -2   -9   13    0   -3   14    7   -6    5    6
    1   10   20    1    3   87    1    3    1       516  -14  -10  -15   -2  -14    4   -7  -11   -1  -10   13   -2   -4   15    7   -6    6    5
    1   10   21    1    2   84    1    2    1       987   -9  -14   -5   -9   11    5   -2   13   -9   -2    2    4   -5    5   -4   -6    1   11
    1   10   22    1    2   86    1    2    1       496   -5  -12   -6   -8   11    5   -2   14   -9   -1    6    5   -8    4   -4   -6    2   10
    1   10   23    1    1   84    1    1    1       727   14   14   -5    6  -10   -8   13  -14   10   -4  -13   11   -2    7   -3   16   -9    7
    1   10   24    1    1   88    1    1    1       455   22   18   -6    6  -10   -8   14  -12   11   -5  -13   10   -2    8   -4   16   -9    7
    1   10   25    1    1   85    1    1    1       433   14   14   -4    5   -9   -8   14  -13   10   -3  -13   10   -2    9   -3   16   -9    6
    1   10   26    1    2   85    1    2    1       540   -3  -11   -5   -9    8    7   -1   14   -9   -1    4    4   -8    3   -4   -7    1   12
    1   10   27    1    1   86    1    1    1      1250    4   21   -6    5   -8   -8   15  -13   11   -3  -13   10   -2    8   -2   16   -9    7
    2    1    1    5    1    7    3    1    1      1292   17   13   -5    6   -8    0   13  -12   10   -5  -11   11   -7   10    3   15   -9    6
    2    1    2    5    3    8    3    3    1      1396  -18  -14  -24   -6  -20    4   -9   -8    0   -9   14    0   -4   14    7   -8    4    5
    2    1    3    4    3    4    2    2    0      5303  -13  -10  -16    5  -13    3   -8   -8   -1   -8    7   -2   -2   13    8   -6    5    5
    2    1    4    3    1    1    1    2    0       893   13   15   -5    6   -7   -3   13  -13    6    0  -12   10   -2    9   -3   16   -9    7
    2    1    5    1    3   30    1    3    1      1747  -14  -10  -15   -3  -15    3  -11  -15   -2  -10   13   -1   -3   14    7   -6    6    5
    2    1    6    3    2    3    1    2    1       761   -3  -12   -6   -8   11    5   -1   15   -9   -2    4    4   -8    4   -6  -11    2   12
    2    1    7    5    1    4    3    1    1      1271    7   18    3   13   -8   -9    5  -11   18   -6  -13   11   -2    7    7    6   -6    7
    2    1    8    5    2    5    3    2    1       786   -7   -9  -14   -7    2    6    1   11  -10   -5    3    4   -6    5   -4   -7   -1   12
    2    1    9    5    3    7    3    3    1      1501  -17  -12  -17    2  -17   -7   -9   -9   -2   -7   14    0   -2   15    8  -12    7    6
    2    1   10    1    3   85    1    3    1       509  -15  -12  -15   -2  -14    4   -7  -10   -1   -9   13   -1   -4   13    7   -6    5    5
    2    1   11    5    2    1    3    2    1       771   -5  -11   -9   -7    9    9    2   21   -6    3    5    5    1    8    5   -3    2   12
    2    1   12    1    2   66    1    2    1       542   -4  -11   -9  -13   11    5    1   17  -10   -3    3    3   -7    1   -4   -5    1   11
    2    1   13    4    3    1    2    3    1      2068  -15  -11  -14   -4  -13    5   -7   -9   -2  -17   11    1   -9   17    6   -5    2    0
    2    1   14    4    1    3    2    1    1       732   15   13   -4    5  -10   -9   15  -13   13   -3  -12    9   -3    7   -1   15   -4   10
    2    1   15    1    1   38    1    1    1       459   12   15   -6    6   -9   -8   14  -13   11   -4  -13    9   -2    8   -3   16   -3    2
    2    1   16    1    2   65    1    2    1       597   -5  -13   -6   -8   10    5   -1   14   -9   -2    0    8   -8    2   -4   -6    1   10
    2    1   17    5    3    2    3    3    1      1881  -18  -14  -20    6  -16    0    2   -3   -5   -7   10    1    0    5    9   -8    6    4
    2    1   18    1    1   40    1    1    1       600   13   15   -5    5  -10   -7   14  -13   11   -5  -14   10   -2    8   -2   16   -8    9
    2    1   19    4    1    2    2    1    1       539   12   14   -3   -4   -8   -7   13  -15   11   -3  -10   11   -3    7   -1   16  -11    9
    2    1   20    2    1    0    0    1    1       497   13   15   -5    5   -9   -8   14  -13   11   -4  -13   10   -2    8   -3   16   -9    7
    2    1   21    4    2    6    2    2    1      1194   -5  -10   -6   -7   10    7    1   13  -13   -5    5    4  -10    4    1   -8    3   11
    2    1   22    4    3    6    2    3    1      1031   -9   -8  -16   -3   -7    2   -8  -11    1   -9   11    4   -1   12    7   -5    7    7
    2    1   23    4    3    2    2    3    1      1802  -12  -12  -15   -2  -19   -1   -5   -9    1  -11   13    0    6   21    9   -5    5    7
    2    1   24    5    2    9    3    2    1      3085  -14  -17  -14   -7   16    6   -1   13   -8    6    3    3   -7    4   -4   -2   -3   15
    2    1   25    1    1    3    1    1    1       700   13   15   -5    5   -8   -8   14  -13   11   -4  -12   11   -2    8   -3   16   -9    7
    2    1   26    5    3    9    3    1    0      2524  -15  -13  -19  -13  -14    5   -9  -13    8  -17   11   -5    2    8    6   -6    5    6
    2    1   27    1    2   18    1    2    1      1364    3  -14   -5   -8   14   10    0   14   -9   -2    4    4   -9    4   -4   -6   -1   18
    2    1   28    1    1   72    1    1    1       809   13   15    0    5   -9   -8   14  -13   11   -4  -12   10   -2    8   -4   15   -9    7
    2    1   29    3    1    2    1    1    1       517    8   15   -5    5  -10   -7   13  -13   11   -5  -13   10   -2    8   -2   16   -9    2
    2    1   30    5    3    1    3    1    0      1643  -11  -10  -15    2   -8   13   -7   -2    2   -5   19   -3   -2   14   12  -11    0   15
    2    1   31    5    2    2    3    2    1      1000   -1  -13   -6  -10   19   12    5   22  -13    6   -4   12   -4    3    2  -10    7   17
    2    1   32    1    1   37    1    1    1       604    3   11   -4    4  -11  -13   12  -14   11   -5  -18    9   -2    7   -1   18   -9    7
    2    1   33    1    3   55    1    3    1       785  -14  -11  -13   -2  -14    4   -7  -11   -1  -11   13    0   -3   14    6   -5    6    5
    2    1   34    4    2    4    2    2    1       557   -3  -12   -4  -10   12    4    3   18   -8   -3    5    4   -8   10   -5   -7    1   10
    2    1   35    5    1    8    3    2    0      2369   15   19   -7    7   -3  -14    8  -12    6   -1  -14   11    0    9    6   12   -3   -2
    2    1   36    5    1    3    3    2    0       940   17   12  -12    5   -4  -12    7   -6    8    0  -15   11    6   13    6    9   -9    5
    2    1   37    1    1   33    1    1    1       642   12   16   -6    5   -8   -8   13  -14   15   -4  -14    9   -2    8   -3   16   -9    6
    2    1   38    5    3    4    3    3    1      1159  -20  -16  -23   -2  -13    6   -8  -12    4   -4   12   -1   -4   13    8   -7    2    0
    2    1   39    3    3    3    1    3    1       659  -15  -10  -14   -3  -13    2   -7  -11   -1  -11   15    1   -4   14    8   -5    6    6
    2    1   40    4    2    1    2    2    1       485   -5  -10   -2  -13   12    4    1   20  -10    0    3    4   -6    2   -3   -7    2   11
    2    1   41    5    2    3    3    2    1       414   -5  -11   -4   -9   14    7    4    4   -9   -3   -5   -2   -7    4   -4   -5    0   11
    2    1   42    4    1    4    2    1    1       618   15   13   -6    5  -10   -7   16  -12    9   -2  -14   12   -3    9    1   12  -18   12
    2    1   43    1    1   89    1    1    1       412   12   15   -5    5   -9   -7   15  -11   11   -4  -14   10   -2    8   -2   15   -9    7
    2    1   44    4    2    3    2    2    1      1304   -5  -10   -4  -18   11    4    1   15   -9   -4    5    3   -4   10   -2   -3    5   15
    2    1   45    1    2   61    1    2    1       959  -14   -9   -4   -9   11    5   -1   12   -9   -2   -6    0   -9    3   -5   -5    1   11
    2    1   46    1    3   34    1    3    1       692  -15  -11  -14   -3  -13    1   -6  -10    0  -10   13   -1   -3   14    7   -6    6    5
    2    1   47    5    3    3    3    3    1      2422  -17  -12  -15   -3  -12    3   -2  -16    2  -16   13   -2   -1   18    6   -6    1   -3
    2    1   48    5    1    2    3    1    1      1138    8   16   -6    7   -2  -16   15  -13    5  -13  -10    8   -3    9  -10   11  -13    5
    2    1   49    3    2    2    1    2    1       737   -3  -11   -6   -7   18    1   -1   14   -9   -2    5    5   -8    3   -4   -6    1   11
    2    1   50    2    3    0    0    3    1       671  -14  -11  -14   -3  -14    3   -7  -11   -1  -10   13   -1   -3   14    7   -6    6    5
    2    1   51    4    2    2    2    2    1       640   -6  -12   -3   -7   13    4    0   15   -1    3    6    6   -9    8   -6   -6    1   10
    2    1   52    5    2    6    3    2    1      1089   -2  -12  -10   -3    5   14   -6   10   -6    0   -1   13   -7    4    2  -14   -8   18
    2    1   53    1    2   80    1    2    1       464   -3  -11    3   -4   11    5   -1   14   -9   -3    3    3   -8    3   -4   -7    2   13
    2    1   54    5    1    9    3    1    1       602    5   19   -5    4   -8   -9   18  -13   10   -3  -20    2   -3    3    0   13    0   -1
    2    1   55    1    3   44    1    3    1       558  -14  -11  -20   -7  -14    3   -6  -12   -1  -10   14   -2    1   18    7   -6    6    5
    2    1   56    1    3   47    1    3    1       660  -13  -12  -16    0  -14    3   -8  -10   -1  -10   12    0   -7   14    8   -4    7    5
    2    1   57    3    3    1    1    3    1       614  -14  -11  -14   -3  -14    3   -6  -12    0   -9   14   -1   -3   13    8   -5    5    4
    2    1   58    5    1    5    3    2    0       697   13   13   -5    6    1   -6    4  -19    2   -4  -12   10   -3   18  -10   13  -11    4
    2    1   59    3    3    2    1    3    1       616  -14  -11  -14   -3  -14    2   -8  -11   -1  -10   12   -2   -3   10    7    0    6    4
    2    1   60    1    1   43    1    1    1       955   13   15   -6    5   -9   -9   14  -14   12   -3  -13    9   -2    8   -2   16   -8    7
    2    1   61    3    2    1    1    2    1       994   -5  -12   -8   -6   12    5   -4    9  -10   -2    6    4   -8    3   -4   -7    0   12
    2    1   62    5    1    1    3    1    1       599   12   14    0    4   -9   -7   13  -12    8    1  -15   11    0    7   -6   15   -8    5
    2    1   63    1    1   59    1    1    1       537   14   16   -5    5  -12  -13   14  -13   12   -5  -13   10   -3    7   -2   16   -9    7
    2    1   64    1    2   73    1    2    1       543   -3  -12   -5   -8   11    6   -1   14   -9   -2    0    5   -8    3   -4   -6    1   12
    2    1   65    5    2    4    3    2    1       565    1  -16    3  -14    9    3    9   14   -8   -4    8    7   -3   -2   -3   -6    0   11
    2    1   66    4    3    3    2    3    1       970  -11  -16  -15    2  -12    4   -6  -12   -9  -14   12    1   -2   13   12  -11    8    5
    2    1   67    4    1    6    2    1    1       704   13   14   -3    3   -5  -12   16  -14    3   -6  -12    9   -2    6   -3   18   -4    5
    2    1   68    5    2    8    3    3    0      1088   -2  -10   -7   -8   14    0    0   13  -17   -9    6    4   -2   -5    4    1   -3    6
    2    1   69    4    3    5    2    3    1      1248  -15  -10  -14   -4  -24   -1   -8  -12    0  -11   20    8   -5   14    7   -7    7    7
    2    1   70    1    3   32    1    3    1      2921   -7   -5  -14   -3  -14    4  -17  -15   -1  -10   12   -1   -3   24    7   -6   14   -3
    2    1   71    1    2   68    1    2    1       479   -4  -11   -5   -9   12    5   -1   14   -8   -3    2    3   -9    3   -4   -6    0   12
    2    1   72    3    1    3    1    1    1       567   12   14   -5    6  -10   -9   14  -13   11   -4  -13   11   -3    9   -4   16   -7    9
    2    1   73    1    3   69    1    3    1       620  -15  -11  -15   -3  -15    3   -6  -12    0  -10   14   -1   -3   14    7   -6    6    5
    2    1   74    5    3    5    3    3    1      1229  -20  -16  -13   -4  -17    2   -2   -8   -1  -12   23   -6   -5   12   15   -8    5    6
    2    1   75    1    3   54    1    3    1       647  -16  -11  -13   -4  -14    3   -7  -11   -7   -3   13   -1   -3   14    7   -6    6    5
    2    1   76    4    1    5    2    1    1       680   15   19   -4    3   -5  -12   15  -12   12   -6   -9   15   -8    0   -2   15  -10    6
    2    1   77    4    2    5    2    2    1       551   -5  -11   -6   -7   12    7    1   16   -8   -3    6    3   -8    2   -3   -6    6   12
    2    1   78    4    1    1    2    1    1       685   12   14   -4    4  -10  -10    8  -14   12   -9  -21    7   -3    9   -3   21  -10    5
    2    1   79    1    2   42    1    2    1       590   -3   -3   -5   -8   12    5   -1   14   -9   -1    5    6   -9    3   -4   -5    1   11
    2    1   80    5    3    6    3    1    0      1411  -10  -14  -10    2  -15    4   -6  -10    7  -20   22   -2   -4   12   15  -14    7    3
    2    1   81    5    2    7    3    1    0      1783    5  -14   -3   -7   19   13   -4   14   -8   -6    7    3  -12    1    0   -8    9   11
    2    1   82    2    2    0    0    2    1       395   -4  -11   -5   -8   11    5   -1   14   -9   -2    4    4   -8    3   -4   -6    1   11
    2    1   83    5    1    6    3    1    1       566   23    6  -10   10  -13  -11   12  -12    2    4  -11    8   -5    3   -2   15   -8    6
    2    1   84    1    2   76    1    2    1       668   -9  -16  -10   -9   11    5   -3   15   -8   -2    4    4   -8    3   -4   -6    2   11
