    1    1    1    1    1    1    3    1    1     14059   -8   14    0   -5   14   13   11   -6   10  -12    9    1  -10    9   11    8    0    8
    1    1    2    1    1    3    3    2    0      1984  -10   11  -12   -9   13   20   11  -13    4  -18   15    9  -12    3    9   -1   -7    8
    1    1    3    1    2    8    3    3    0      3134    9   -5    7   -9  -12  -13   -5   13  -16  -12   -1   15   13    1  -22    6   18    9
    1    1    4    1    3    2    3    1    0      2479    0    7   -1  -15   -7  -15   -6   17   -1   -9   -8    7    6  -10    4    0  -14    0
    1    1    5    1    3    3    3    1    0      3115   10   15   -4  -12    1  -25  -12   17    5   -9   -2   -4   13    1    3  -10   -6   -4
    1    1    6    1    2    6    3    1    0      1742    0   -6    1    2   -5  -13   -8   11  -18   -4  -14   16   15  -12  -10    1   11   12
    1    1    7    1    3    5    3    2    0      6855    7   15   -3  -13   -6  -21   -2   19   -6   -4   -3   10   21    6    3  -14  -22    6
    1    1    8    1    2    4    3    3    0      1940    8  -10    4   -3   -8  -14   -1   10  -14   -7   -8   11   13   -1  -11   13    3   16
    1    1    9    1    2    5    3    1    0      4805    0   -8    0  -12  -13  -16   -3   22  -13  -12  -10   11   15  -11  -19   14   10    8
    1    1   10    1    3    9    3    2    0      1524   11   14   -5  -12   -8  -17  -13    5   -3  -10   -9   -2   18   -1    5  -11   -8   -4
    1    1   11    1    1    8    3    2    0      1300   -5   15  -12  -10   11   15   17   -7    1  -13   10    3  -15    5   13    5    6    4
    1    1   12    1    2    1    3    1    0      1102   -2  -16    5   -5  -14  -21  -12    9   -9    0    1   17   15  -17  -22    6   14   10
    1    1   13    1    1    4    3    2    0       783  -10    6   -9  -12   12   12    9  -10    0  -24   12    3   -9    9   14    4    2    7
    1    1   14    1    2    9    3    2    1       399    4   -8    4   -1  -13  -12   -2    5  -15   -7   -9   10   14   -5   -8   12    8   12
    1    1   15    1    3    8    3    3    1      1038    8   13   -3   -9  -11  -20  -13    7    3   -8   -2    5   11   -8   13  -19  -16   -5
    1    1   16    1    2    3    3    1    0       612    9   -7    9   -3  -23   -7   -8   13  -19   -3  -15    8    4  -13   -9    6    7    1
    1    1   17    1    1    6    3    2    0       842   -6   21   -1  -17   23    5   12  -17    7  -18   10   -6  -10    9   11    2   -4    4
    1    1   18    1    2    7    3    3    0       629    2  -11    5   -2  -21  -19   -7   17   -9  -12   -6    1   11   -7  -15    4   15    7
    1    1   19    1    3    4    3    2    0      2140    8   10   -4  -15  -12  -19  -20   19   -6  -18   -6    1    7    7    0   -6  -15    0
    1    1   20    1    1    7    3    1    1       532   -7   11   -9  -12   10   15    9  -10    2  -14    1    7  -11    9    7    3    0   12
    1    1   21    1    1    9    3    2    0       765   -5   15  -16   -8   14   12   14   -4    0  -13   14    9  -14   13   13   -2   -4    5
    1    1   22    1    1    5    3    2    0       940   -7   15  -15   -6    4   21   11  -11    3  -19    5    4   -8    9    9    2    1    9
    1    1   23    1    3    1    3    1    0       740    8   15    6  -21   -8  -14  -11    9   -9   -6   -9    5   11   -6    9   -5  -12   -1
    1    1   24    1    1    2    3    2    0       629  -12   15  -11  -10    6   16    2  -15   -3  -13    6    0   -6   11    1   -8    4    9
    1    1   25    1    3    7    3    2    0       473   12   13  -13   -4   -6  -15   -7   11   -5  -12   -9    4    6    0    5   -8  -22    8
    1    1   26    1    3    6    3    3    1       611    7   12   -4  -14   -7  -16   -6   19   -1   -7   -9    5    7   -9   12  -12  -16    2
    1    1   27    1    2    2    3    2    1       680   11   -5    2   -2  -15  -11   -4   13  -17    1   -8    5   12   -8  -14    5   16    5
    1    2    1    1    1   17    3    1    1      2633   -9   11  -12  -12   15   10    5  -14   10  -23   11   -4    0    1   10    9    3   13
    1    2    2    1    3   11    3    2    0       590   10   13   -8   -5  -10  -10  -21   12    3   -9   -5    6   16  -12    7   -7  -19   -6
    1    2    3    1    2   18    3    1    0       563    4   -8    4    0  -13  -14   -8   14  -21    0   -4    9   16  -14  -16   12   15    4
    1    2    4    1    1   16    3    2    0       410  -12   24  -12   -9    8   14    7   -7    1  -13   21   10  -12   16   14    2    2    9
    1    2    5    1    1   11    3    2    0       917   -5   15   -5  -11    9   15    7  -13    1  -12    9    6  -11    9    2    4    3    9
    1    2    6    1    3   15    3    1    0       926    5    5   -5  -18    2  -16  -16   12    1   -9   -9    4   19   -6    3  -10   -5   -1
    1    2    7    1    1   10    3    2    0      1477  -10   19  -14   -8   18   11    9  -10    0  -15   12    1   -4    4    5   11    2   10
    1    2    8    1    2   14    3    3    0      1256    9   -8    9   -5  -13  -12    1   13  -16   -6  -16   19    4   -4  -23   -2   16   13
    1    2    9    1    2   11    3    3    0      1043    4   -3   -4    2  -14  -13   -8   13  -13   -6   -9   19    9   -8  -13    6   13   10
    1    2   10    1    3   12    3    3    1       612    8    9   -5  -14   -8  -16  -12    8  -11  -12   -8    6   12   -1    3   -4   -4    1
    1    2   11    1    2   15    3    3    0       470    3  -10   10   -8  -14  -12  -10    8  -14   -7   -8   10   19   -7  -13    4   14   12
    1    2   12    1    3   13    3    1    0       778    8   10  -14  -11  -12  -10  -18    0   -1  -10   -9    4   17   -5    3  -11   -4   -8
    1    2   13    1    2   12    3    3    0       456   -5  -11   -4   -2  -12  -12   -6   15  -16   -8  -11   11    7   -4  -16    9   13   10
    1    2   14    1    1   14    3    3    0       461   -9   13   -9  -15   10   18   10  -10   11  -20    7    0  -10    7   15   -9    0    6
    1    2   15    1    3   16    3    1    0       501   10   14   -6   -8   -7  -15  -14    6   -2  -10   -7    1   23   -9   13   -7  -13   -3
    1    2   16    1    2   16    3    2    1         0    2  -14   13   -6   -3  -17  -15   23  -18   -5   -8   11    4   -6  -13    2   12   10
    1    2   17    1    1   15    3    2    0       505   -2   19   -9   -6   16   19   12   -7    5  -16    3    9   -9    7    0   -6    0    7
    1    2   18    1    2   17    3    3    0       669    3   -9   -1   -7  -21  -17   -8   16   -9   -9   -8   10   12   -9  -15    4   21   18
    1    2   19    1    1   13    3    3    0       861    0   12  -11  -12   12   13   12  -11   -2  -21    9    3   -5   11    8   -6   -6    5
    1    2   20    1    2   10    3    2    1       691    4   -4   -5   -3  -12  -12   -6   16  -15  -15  -12    8    8  -13   -8   -6   13   12
    1    2   21    1    1   18    3    2    0       597   -7   14   -2   -1    7    4    7  -12   -7   -8    9    9  -16    4   10    1    3   14
    1    2   22    1    3   10    3    2    0       628    8   12   -3   -8   -7  -16  -11    8   -1  -13   -8    8   17    0    8   -6   -9    1
    1    2   23    1    1   12    3    2    0       760   -4   11  -15  -21   12    6   10   -1   -2  -15   13    4   -1    7    0    9    3    7
    1    2   24    1    3   17    3    1    0       876    9   14   -4  -14   -7  -15  -17    8    4   -4  -14    1   15    2    4  -12  -14   -4
    1    2   25    1    2   13    3    1    0       731   -1   -8    3   -3  -14  -15   -9   13  -16   -6   -8    4   10   -8  -18    4    7   16
    1    2   26    1    3   18    3    3    1       641    4   19   -6  -11   -1  -17   -8    2   -6   -3   -9    8   22    3   13  -14  -10   -9
    1    2   27    1    3   14    3    3    1       669    2   17  -10  -19  -13  -23  -12    8   -7   -8    2   12   13   -2    6  -12  -17    9
    1    3    1    1    2   26    3    1    0      1351    6   -6    0  -10  -14  -16   -1   15  -14   -7   -9    9   11  -17  -10    2   21    7
    1    3    2    1    1   27    3    3    0         0   -5   16   -9   -9   15    3    4   -7    1  -16   12   -1  -11   10   11    3    3    9
    1    3    3    1    1   23    3    1    1       347   -9   11   -9   -9    3    5   10  -10    5  -23   13    3   -8    3    9    0   -1    0
    1    3    4    1    2   22    3    1    0       711    3  -11    2   -5  -16  -12   -7   14  -15   -9   -5   16   16   -4   -5   11   11   11
    1    3    5    1    1   25    3    3    0       435   -8   16   -9  -10   18   18   12   -6   -4  -17   11    7   -9    7    7    4    5   17
    1    3    6    1    3   21    3    1    0       327    8   13   -5  -12   -9  -14   -9   10   -1   -9  -10    3   16    1   -3   -5   -5    6
    1    3    7    1    1   20    3    1    1       270    4   15  -11  -21   11   14   20   -5   11  -10   10    3  -11    8    9    0    1   11
    1    3    8    1    1   21    3    1    1        38   -8   14  -10  -10   14   14   13   -7   -1  -23   21   -1  -10    5    5   -3   -2   18
    1    3    9    1    1   19    3    1    1       323   -6   14  -11  -10   13   14   12  -17    0  -14    7   10   -9    8    8    1    1    5
    1    3   10    1    3   22    3    1    0       271    8   13    4  -11   -2   -7  -20   14  -12   -9    1   12   13   -4    7   -6  -21    7
    1    3   11    1    2   27    3    3    0       267    2   -8   10   -5  -15  -13   -8   15  -18   -7   -6    7   10   -8  -19    1   10   12
    1    3   12    1    3   24    3    2    0       469    9   14   -2  -20  -16  -24  -12   10  -12  -11  -15    9    4    6   11  -18  -15    0
    1    3   13    1    2   21    3    3    0       247    4   -7   11   -9  -15   -9   -2   16  -13   -4  -18   11    6   -9   -9    4    7   17
    1    3   14    1    3   23    3    2    0       150    1   19   -5  -13   -9  -14  -14    6   -5   -5   -7    8   20   -5    8  -15  -13    2
    1    3   15    1    3   26    3    3    1       296    5   17   -2  -12  -12  -13  -13    8   -3   -3  -12    4   12   -3    4   -9  -15    1
    1    3   16    1    2   25    3    3    0       358    5  -13    2   -2  -12  -14   -7   16  -17   -3   -9    9   10  -10  -11    2   15    5
    1    3   17    1    1   24    3    3    0       347   -5   10   -9   -3   12   12   17   -4   -1  -13    7    3  -10    7    4    6    7   14
    1    3   18    1    3   20    3    3    1       102   11   13   -8  -13  -10  -15  -11    8   -2   -7   -5   11   10   -3    3  -10   -5   -4
    1    3   19    1    1   22    3    3    0       170   -5   15  -11   -9    9   17   12   -7    7  -16   12    2   -9    6    7    9   10   12
    1    3   20    1    2   19    3    2    1       300    2  -10    4   -8   -9  -22   -8   17  -18   -1  -10   10   12   -8  -15    4    9   12
    1    3   21    1    3   25    3    1    0       294    8   13   -4  -15   -6  -21  -11    9    0  -13   -8    6    9   -3    3   -9  -11    3
    1    3   22    1    1   26    3    1    1       304   -4   14  -12  -11   14   12   16  -15    4  -21    2    6  -10    6   11   -4   -5    4
    1    3   23    1    2   23    3    1    0       332    5   -4   12   -1  -22   -6   -8   17  -15   -9  -19    3   12   -9   -4    7   11   12
    1    3   24    1    2   20    3    1    0       424   10   -8    1    3  -11  -13   -9   16  -13   -9   -8   10    1  -10  -23   -4   13    1
    1    3   25    1    2   24    3    2    1        63    6  -11    7    5  -13  -14   -2   18  -13   -8  -16    4   13   -7  -13    2   11    8
    1    3   26    1    3   27    3    2    0       326    8   12  -11   -6  -17   -7  -12   10    1   -7   -9    4   16   -8    5  -12   -8    2
    1    3   27    1    3   19    3    1    0       258   18   14    1  -13   -6   -6  -21   11   -4  -10   -7   15   23  -11    5   -9  -13    1
    1    4    1    1    1   30    3    1    1      1120  -11   12   -5   -9   13   14   10  -12   -4  -11    4   -5   -3   14   15   11    2    9
    1    4    2    1    2   33    3    1    0         0    3  -10   -5   -4  -22  -21   -2   14  -15   -9  -11   20    8   -8  -10    2   10   10
    1    4    3    1    3   32    3    2    0         0    7   14  -12  -23   -6  -14   -7   10   -1  -10   -8    8   16   -2    0   -1  -12    2
    1    4    4    1    2   34    3    2    1       257   -5  -18    2   -4  -19  -10   -6   13  -14   -7   -2    7    4   -3  -16    6   10   12
    1    4    5    1    1   31    3    3    0        49   -4   19   -4  -17   15   18   16   -8   -1  -12    1    6  -11   10   10   -9    2    0
    1    4    6    1    1   32    3    2    0       311   -6   20  -10  -10   16    9   10  -12    0  -14   12    2  -11   17    4    2    5    5
    1    4    7    1    3   31    3    2    0      1046    8   15   -3  -11   -8  -14  -11    4    4   -5   -9    6   14   -1    5   -9  -14    0
    1    4    8    1    1   28    3    2    0      2043   -5   11   -7  -10    8   13   11  -12    0  -16   14   -4   -1   14    8    2   -6    2
    1    4    9    1    3   29    3    2    0      2596   18    8   -3  -13   -7  -14  -11    8   -1   -9  -17   -1    7    4    9  -10  -14    0
    1    4   10    1    2   30    3    3    0       392    4  -11   -7    3  -12  -13   -6   16  -11  -15   -4   20   10   -8  -16    9   13   12
    1    4   11    1    3   34    3    2    0       357   -2   18  -14  -20   -3  -12  -17    5    1   -7   -5    8   10  -11    7  -18  -15    6
    1    4   12    1    3   33    3    2    0       931   10    4    1   -7   -2   -5  -17    9   -3   -7   -6    8   15   -8    3   -9  -14   -9
    1    4   13    1    1   33    3    2    0      1305   -5   14   -7   -6   17   23    3   -2    0  -14   10    5   -8    9    8    1   -9   12
    1    4   14    1    1   36    3    1    1       240   -7   19  -15  -10   15    3   15   -9    1  -15    4    8  -10    9    8   -1   -5   11
    1    4   15    1    3   30    3    1    0       322    8   12   -6  -15  -11   -8  -21    4   -2  -10   -5    7   22    4    6  -12  -15    2
    1    4   16    1    2   32    3    1    0       258    3  -11    3    0   -9  -15   -5   15  -18   -7   -9   21   11   -9   -9    1   18   21
    1    4   17    1    2   36    3    1    0       243    4   -7    3   -5  -18  -16  -16   11  -12    1   -8   11    9  -12  -15    9   12   13
    1    4   18    1    2   35    3    1    0       293    2   -9    4   -2  -12  -13   -7   14  -15   -8  -10   12    6   -9  -15   -5   14   12
    1    4   19    1    1   29    3    1    1         0  -10   19  -16  -11   12   12   11  -12    1  -13    2    0   -1   -2    8    2   -1   18
    1    4   20    1    3   35    3    1    0       162    7   14   -4  -14  -11   -5   -3    4    7  -18   -4    9   16   -5    5  -12   -7   10
    1    4   21    1    3   36    3    1    0        23    7   14   -9   -7   -7  -17  -13    9   -1  -10   -6    9   13   -3    5  -13   -8   11
    1    4   22    1    2   29    3    1    0       528   -2  -10   -1    0  -18  -16   -3   16  -23    1   -8   13   13   -9  -12    7   14    9
    1    4   23    1    1   34    3    2    0         8   -7    5  -13  -12    7    4   13  -18   -3  -10    1    6  -12    3   10    6    3   14
    1    4   24    1    2   31    3    2    1       274   10  -15    3   -8  -14  -16   -7   17  -14   -5  -10   12   15   -5  -18    7    8   20
    1    4   25    1    3   28    3    2    0       131    6   13   -1  -17   -9  -15  -13   12   -3   -9  -17    4    6    1   12   -7  -15    2
    1    4   26    1    2   28    3    2    1       235    1   -6   -2    4  -12  -13   -6   15  -24  -17   -9   13   19  -13  -13    5    5   18
    1    4   27    1    1   35    3    2    0       573   -6   18   -6   -6   20   15   10  -12   -5   -9   13   -3   -7   13    9    3    1    7
    1    5    1    1    3   38    3    2    0       579   10   17    0  -11  -13   -7  -14   14   -3  -10  -11    9   16   -4    9  -16  -13    0
    1    5    2    1    3   37    3    1    0       132    9   16   -1  -16  -16  -12  -13   10    1   -9   -8    6   19    4    2  -11  -10    4
    1    5    3    1    3   43    3    2    0       265    8   10  -14   -8  -10  -13  -13   10    0  -11   -6    7   14   -4    5  -16  -15    2
    1    5    4    1    3   42    3    1    0       265    4   18  -10  -10   -4  -25   -9   14  -12   -8  -14   12    7    0    5   -5  -14    0
    1    5    5    1    1   37    3    2    0       533  -16   21  -11  -10   15   16   10  -10    3  -15   10    1   -7    3   17    6    0    7
    1    5    6    1    2   44    3    2    1      1900    3    1    0   -9  -18   -8   -5   14  -14  -13   -8   16   12   -8   -8   -2   13   10
    1    5    7    1    3   45    3    1    0       668   10   20   -4  -14  -13  -13  -12    7   -1   -4   -8    7    6   -3    4   -8  -14   -9
    1    5    8    1    1   39    3    1    1       285   -3   18  -13  -13   15   11   14  -11    2  -14   11   -3   -8    8    8    1   -4    7
    1    5    9    1    1   38    3    1    1       283   -1    9    0  -14   13   12   11  -16   -5  -24   14   -1   -9   11    4    2   -6   -2
    1    5   10    1    1   44    3    1    1       234   -4   13  -20  -21    6   10    8  -11    6   -9   14    5   -6   12    4   -1    2    2
    1    5   11    1    2   39    3    1    0       237    3   -8    3   -5  -13  -12   -4   15  -14   -9  -10   10    8   -7   -9    6   12   14
    1    5   12    1    2   38    3    2    1       400    0   -9    3   -3  -13  -11  -11   17  -20    0  -16   20    9   -6  -21   14    7    7
    1    5   13    1    3   44    3    2    0       252   13    6   -4  -15   -7  -15   -6   11   -2   -8   -2    8   14   -2    8  -13  -15    3
    1    5   14    1    3   39    3    3    1       267    9   18   -3  -14   -7  -15  -14    3    2  -10    0   -2   10   -2    1  -12  -12   10
    1    5   15    1    2   40    3    3    0      1416   -2   -9    0    5  -11  -13   -6    6  -23   -5  -16   11    9   -7   -5   -1   10   11
    1    5   16    1    1   45    3    2    0      1769  -10   14  -13  -11   14   14    9  -19   -3   -5   15    5  -13    6   13   -2    2    9
    1    5   17    1    3   40    3    1    0       848    7   14    3   -8   -6  -20   -9   11   -5  -10    3   -2   10    2   10   -9  -16   -8
    1    5   18    1    2   41    3    1    0      2881    4  -10    2   -6  -14  -16   -5   14  -15   -9   -6    8    7   -7  -16    8   13    9
    1    5   19    1    2   42    3    1    0       445   11   -5    4   -5   -3   -7  -14    5  -14  -13   -3    1   17   -4   -9   -1   12   20
    1    5   20    1    3   41    3    2    0       308    7   14   -4  -18   -9  -11  -17    5    1  -10   -7    5    9   -2    8   -8  -19    1
    1    5   21    1    2   37    3    3    0       287    7   -2    2   -4  -15  -14   -6   15  -15   -4   -7    9   17  -18  -10    4   21   21
    1    5   22    1    1   41    3    3    0       333  -14   17  -13   -9   14   13    8   -9   -1  -14   19   -3   -1    0    4   -6    3   15
    1    5   23    1    1   40    3    3    0       393    1    8  -12   -7   10   12    8  -15    3   -7   12    2  -12    6    7    3   -2    3
    1    5   24    1    1   43    3    1    1       385   -7   17  -11  -11   12   13    9  -12    0  -19   12    1  -13   -1    9    2    8   15
    1    5   25    1    1   42    3    1    1       475    4   13  -11  -10   12   12   16   -6   -9  -19    6   -2  -10    3    9   -5   -8   17
    1    5   26    1    2   43    3    1    0       290   -1  -14    9  -14  -13  -11  -14   12   -8   -8   -2    7   11   -7  -14    2   10   18
    1    5   27    1    2   45    3    2    1       274    4   -8    1    0  -13  -17   -6   15  -21    0  -17    5   12   -9   -5    2   18    5
    1    6    1    1    1   47    3    2    0      2097   -2   20   -5  -13    7   22    9   -7   10  -19    9    3  -19    5    5    1    5    8
    1    6    2    1    3   50    3    1    0       314    7   15    1  -10  -10  -12  -18   16   -4   -9   -7    5    7   -7    6  -12   -6    3
    1    6    3    1    3   48    3    1    0       105    7   12  -12  -14   -9  -16  -22    2    7   -7   -6    5   24  -11   -3   -1  -12    0
    1    6    4    1    1   46    3    3    0       350   -5   15  -14  -10    9   11    9  -13    0  -13   18   -1  -10    5   11   -2    2    6
    1    6    5    1    2   54    3    1    0       297    0  -17    2   -5  -12   -9   -4   11   -4   -3  -17    6    9   -8  -13    4    3   20
    1    6    6    1    3   47    3    1    0       233    7   19   -9  -15   -5  -12  -21    6    4  -14   -6    9   16   -3    6  -18  -10   -8
    1    6    7    1    3   46    3    1    0       219    6   14   -4  -12   -7  -20  -14    8   -1   -8  -10   14   16   -2    4   -9   -6   -9
    1    6    8    1    1   54    3    1    1       237   -4   15  -10  -12    9   18   10  -12    8   -4   12    4   -7    5    9    4    1    7
    1    6    9    1    1   53    3    2    0       238   -7   16  -11   -9    9   11   10   -7    6   -4   10    6  -11   10   11   -1    6    6
    1    6   10    1    1   50    3    1    1       271   -4   24   -6  -21    5   12    7  -18    3  -16   12   12   -8   13    8    2   10    3
    1    6   11    1    2   48    3    1    0       240    3   -9   -3    1   -9  -11   -7   17  -19   -6   -1   15    8   -2  -13    3   12   13
    1    6   12    1    2   52    3    1    0       241   -4   -3    2   -3  -14  -17   -7   17  -12   -7  -13   16   21   -5  -13    4    8    7
    1    6   13    1    2   51    3    2    1       227    9   -2    2   -4  -21  -10   -8   13  -17   -3  -15   20    2  -10  -13    3    9    6
    1    6   14    1    3   52    3    2    0       434    6   11   -3  -14   -9  -14  -13   11    0   -9   -7    9   12  -12    3  -16   -8   -1
    1    6   15    1    2   49    3    2    1       330    7  -12    4   -3  -18  -18   -9   15  -14  -12  -14    2    6   -7  -15    5   16   20
    1    6   16    1    2   53    3    2    1       264    3   -9   -6   -7  -14  -13  -12   20  -17    0  -19   11    5  -18  -19    4   11   11
    1    6   17    1    3   54    3    1    0       169   16   16   -8  -12   -9  -14   -9    8    2  -15   -3   11   16   -4    5  -10  -22   -7
    1    6   18    1    3   49    3    1    0       254   10    4   -8  -12   -7  -17  -11   11   -3  -13   -8    1   17   -4    3   -9  -13   -7
    1    6   19    1    2   46    3    2    1         0    6   -8    2   -5   -7  -13   -9   15  -15   -8  -14   10   10   -9   -9    3   12    8
    1    6   20    1    1   48    3    2    0        44   -6   16  -15  -13   14   14    5  -13   -5  -11   10   -1  -15   11   16   -5    1    9
    1    6   21    1    3   51    3    2    0       150    0    7   -7   -9  -10  -13  -13    4   -2  -10   -9    8   11  -12   12  -14  -18    6
    1    6   22    1    2   50    3    2    1         0    5    0    3   -3   -9  -10   -8   15  -13   -7  -10   11   16   -9   -7   -3   13   11
    1    6   23    1    3   53    3    1    0        10    6   12  -12   -4  -11  -25  -11    9   -3  -12   -2    6   12   -2    1   -4   -9    7
    1    6   24    1    2   47    3    2    1       375   13   -3    5   -3  -17   -8   -6   14  -10  -12  -19   13   11  -10  -23    6   10    4
    1    6   25    1    1   52    3    1    1       306   -3    9  -10  -14   15   18    9  -10    4  -22    9   -3    0    0    9    6   -2   11
    1    6   26    1    1   49    3    1    1         0  -14   23   -8  -12   14   10   11  -15    0  -15   11    0  -12    5   13    5    1    4
    1    6   27    1    1   51    3    2    0       142   -7   24    0  -14    3    7    7  -18    4  -17   10    3  -11    4    7    0   -2    0
    1    7    1    1    3   61    3    1    0       481   10   13    2   -6   -5  -19  -11    8   -3   -7   -6    5   16   -7    5   -8  -16    3
    1    7    2    1    2   63    3    1    0       153    5  -17    4   -4   -9  -22   -9   17  -19   -8  -10   11   11   -9   -5    8   11   12
    1    7    3    1    2   61    3    2    1         0   -6  -13    0   -3  -22   -9  -17   21  -16   -8   -8   13   19  -14  -24   -5   15   14
    1    7    4    1    1   58    3    2    0        45  -11   12  -12  -11   23    9    0   -3    3  -17   14   -3  -17    2    5   -1    3    6
    1    7    5    1    2   62    3    2    1         8    7  -12   11    5  -13  -17   -6   15  -15   -6   -8   11   11   -5  -13   -1   17   19
    1    7    6    1    2   58    3    2    1         0    3   -8    8    0  -14   -8   -8   14  -13  -10  -11   10   11   -7   -9   -2   21    1
    1    7    7    1    2   60    3    1    0         0    0   -6   -1   -4  -14  -13   -6   16  -13   -7  -11   10   15  -17  -15    2    6   13
    1    7    8    1    2   57    3    2    1         0    6   -6    4   -3  -16  -15  -11   14  -14   -4    1   14   17  -15  -13    5   10   12
    1    7    9    1    3   62    3    1    0         0    4    9   -2  -18  -11  -22   -9    3   -3   -7  -12    9   14   -4    3  -10  -12    2
    1    7   10    1    1   62    3    1    1         0   -3   11  -11   -7   15    7   12  -13    3  -15    1    3  -11   10    2   10   -9    3
    1    7   11    1    1   60    3    1    1         0  -16   23   -6  -11   11   14   13   -7   -2  -11    6    5  -18   -1    8    1    3    6
    1    7   12    1    1   63    3    2    0         0  -11   11  -13  -13   13   17    4   -1   -7   -4    9    6   -7    9    0   -7    2    7
    1    7   13    1    3   59    3    2    0         0   15    9   -3  -12   -5  -16   -7   10  -11  -10   -6    5   15   -4    4   -9  -18    2
    1    7   14    1    2   59    3    1    0         0    9  -11    3   -1  -14  -11  -11   20  -13   -9  -10   12   10   -6  -12    6   16    8
    1    7   15    1    1   56    3    1    1         0   -4   24  -11  -10   14   12    8  -15    5   -5   21   10  -10    9    7    4    0    9
    1    7   16    1    2   56    3    1    0         0    4  -11    7   -2  -10  -19    3   17   -8   -9  -10   12    9   -7  -16    3   13    4
    1    7   17    1    3   60    3    2    0        24    0    8   -3  -14   -9  -16  -13   11   -1   -8   -6    8   13   -3    6   -7  -15    1
    1    7   18    1    1   57    3    1    1         0   -6   18   -8  -21   19    4   11   -9   -3  -13    3   -7   -7   10   12   -6    0    9
    1    7   19    1    1   55    3    1    1        97   -5   17  -18   -2   12   22   10  -10    2  -14    6    3  -10   13    2   -1   -1   13
    1    7   20    1    1   61    3    1    1        42   -7   14  -13  -14   13   12   10  -21   -5   -6   12    1  -14   10    8   -1    3   14
    1    7   21    1    3   58    3    1    0         0   18   23   -3  -14   -3  -11  -11    9   -1   -9   -6    5   19   -2    3   -9  -17    6
    1    7   22    1    1   59    3    2    0        22   -5   14  -14   -8    5   16    8  -10    0   -8   10   -5   -9    9    7   -3   -1    6
    1    7   23    1    3   55    3    2    0       352    8   16   -4  -14  -10  -13  -14   10   -1   -9   -7   10   15   -3    5  -14  -22   10
    1    7   24    1    3   56    3    2    0         0   15   22   -7  -13  -12  -25  -10    4   -1   -9   -5   -2   15   -4    2   -5  -15    0
    1    7   25    1    3   57    3    2    0        71    8   13   -4  -14  -11  -25  -13   10   -4  -18   -7    5   16   -2    6  -16  -15    1
    1    7   26    1    2   55    3    1    0       368   -2    1    3   -7   -4  -10  -12   11  -17   -3   -3   15   14   -3  -14    5    7    8
    1    7   27    1    3   63    3    2    0       176    6   17   -5  -12    0   -6  -11    9   -3   -9   -2    9   11    2   -3  -15  -10   -3
    1    8    1    1    3   72    3    2    0       596    6   16   -5  -13   -7  -16  -16   11   -1   -9   -9   14   13   -2    3  -10  -12   -1
    1    8    2    1    2   72    3    1    0        41    7    1   -1    0  -13  -22    3   19  -13   -9   -2   21    3  -14  -16    3   11   12
    1    8    3    1    1   72    3    2    0         0   -2    9  -13  -15   15   19   15  -11    2  -17   13    2   -8    9    9   -4    1    9
    1    8    4    1    3   68    3    2    0        22    7   14   -4  -14  -12  -18  -15   10   -4   -9  -12    8   23   -9    4  -12  -24   -6
    1    8    5    1    2   68    3    2    1         0    9   -3    5   -6  -12  -13    3    9  -21   -2   -8   13   11   -7  -24    5    7   13
    1    8    6    1    2   65    3    2    1         0    4  -10   -2   -6  -11  -12    1   14   -6   -5   -7   12   11   -9  -11    3    5    4
    1    8    7    1    3   71    3    2    0         0    3   10   -5  -12   -9  -10   -8   10   -4   -7   -6    6   11   -4    3  -11  -24   -3
    1    8    8    1    2   64    3    2    1         0    4  -10    0  -10  -13  -15   -8   17  -10  -17   -8   10   10   -9  -11    9   10   13
    1    8    9    1    1   68    3    2    0         0   -1   18  -20   -2   19    7    1  -11    2  -13    6    3  -10   12   17    4   -1    8
    1    8   10    1    3   66    3    2    0        12    7   13    2   -7  -13  -13  -12   10   -3   -9   -6    6   14   -2    5  -19   -6   -4
    1    8   11    1    2   67    3    2    1        89    3   -9    1   -1  -19  -18  -15   12  -23   -2   -7    7   13   -8  -14    3   12   10
    1    8   12    1    3   65    3    2    0         0    7   15  -13   -5   -9  -14   -6    0   -4   -8    3   15   14   -2    0  -11  -15    2
    1    8   13    1    2   71    3    3    0      6227    3   -9   12  -12  -11  -15  -11    9  -15   -7   -7   15   13   -1  -11   12    8   14
    1    8   14    1    3   69    3    2    0       661    5    9   -1  -15   -7  -16  -16   14   -1   -4  -14    6   12   -6   12   -2   -8    6
    1    8   15    1    2   70    3    1    0        38    0   -6    3   -7  -14  -14   -6   14  -16   -9  -11    8   13   -6  -15    5   21   14
    1    8   16    1    1   70    3    1    1        16   -6   17   -5  -10   12   14    8   -7    6  -17   12    2  -16    8   -1   -4   -6    6
    1    8   17    1    1   71    3    1    1         0  -11    9  -13   -9    9   12    9   -9    4  -19    3    3   -8   -1   12   -3    3   13
    1    8   18    1    3   64    3    1    0        92    8   15   -1  -18   -7  -14  -20   18   -4  -13  -10    5   14   -1   13  -15  -16   -1
    1    8   19    1    1   67    3    1    1        84    2   23  -19   -4    6   23    7   -2    8  -11   10    3  -11    9   19   -2    0    7
    1    8   20    1    1   69    3    1    1         0   -3   18  -11  -11   14    4   10  -12    2  -15   13    1   -9    8    7   -8    0   14
    1    8   21    1    2   69    3    1    0       126    0   -6    2   -9  -21  -14  -12   17  -11  -13   -8   12   17   -3  -18    8    9   15
    1    8   22    1    1   66    3    1    1         0   -7   15   -9  -12   16   18   19  -10   -8  -23   10    2  -11    5    5    9   -9    6
    1    8   23    1    3   67    3    2    0        22    6   16   -2  -14   -8  -14  -11    9  -10  -18   -9   14   11    0    1   -9  -16    3
    1    8   24    1    3   70    3    1    0        38    5   19    0   -9    0  -22  -15   -1   -3  -11  -10   -2   23    7    6  -10  -19    5
    1    8   25    1    1   65    3    1    1         0   -9   23   -9  -10   13   15   19   -1    0  -14   12    4   -8    8   10    0    5    6
    1    8   26    1    2   66    3    2    1       191    1   -9    8   -1  -12  -12   -6   15  -14   -7   -8   11    6   -7  -11    5   10    9
    1    8   27    1    1   64    3    1    1         0    4    7   -8  -15    4   16   20  -19   -1  -13   10    3   -1   16    9   -7    6    3
    1    9    1    1    2   79    3    1    0       182   -3   -6    2   -6  -11  -14   -8   16  -14   -3  -10   11    9    1  -15    5   11   10
    1    9    2    1    3   78    3    1    0       123   12   10   -8  -13   -9  -15  -16   16   -2  -10   -5    4   18   -3    9  -10  -18   -3
    1    9    3    1    1   80    3    2    0         4  -11   11  -11  -11    4    4   12  -11   -6   -4   19    2  -11    7    7    5   -2   13
    1    9    4    1    1   77    3    1    1         0  -13   10  -11  -11   13   11    6   -1    1  -15   20   -7   -9    8    6    3   -2    8
    1    9    5    1    2   76    3    1    0       124   10   -4   -2    2   -8  -10   -5   14  -13   -6  -10   11   14   -8  -13    3   16    8
    1    9    6    1    2   78    3    1    0         0    5   -8   -2    0  -12  -16   -8   17  -15   -9   -3   13    9  -16  -19    5   16   16
    1    9    7    1    3   73    3    1    0       130    6   15  -13  -21  -18  -23  -12    8   -6   -9   -8    8   10   -1    8  -11   -7   -6
    1    9    8    1    3   79    3    1    0         0    9   15   -3   -9  -18  -12  -19   16  -11   -5    1   -1   13   -2    7   -9  -17    5
    1    9    9    1    3   76    3    1    0         0   16   12   -3  -18   -8  -18  -12    8   -6   -6   -6    7   24   -5    5  -11  -15   -7
    1    9   10    1    2   75    3    1    0       118    2   -8    7   -2  -13  -17   -8   15  -23   -7  -10   16   13  -10  -15    5   13   10
    1    9   11    1    3   74    3    1    0       155    9   14   -8   -8   -6  -15  -16   14   -5  -11   -2    7    4   -5    3   -8  -12   -2
    1    9   12    1    2   73    3    1    0       208    0  -11    8   -9   -5   -8  -10   23  -21   -7  -12   19   10   -7  -23    7   10   14
    1    9   13    1    1   78    3    1    1         0   -2   18  -10   -7   17   11    9  -13    6  -22    9    1   -8    8    7    0    2    8
    1    9   14    1    3   81    3    1    0        63    9   15   -2   -9   -5   -8  -13    9   -1  -13   -9   -4   13   -1   11  -18  -15    1
    1    9   15    1    1   81    3    1    1         0  -10   12   -9  -12    3    8    9   -3    3  -17    3   11  -18   16   14   -3    0    7
    1    9   16    1    1   76    3    1    1        40   -2   12   -9  -19   14    7   19  -10    2  -16   17   11  -12   10   12    2    0    5
    1    9   17    1    2   77    3    1    0         0    5  -10    2   -5  -11   -8   -8   18   -9    2   -9   12    8   -6  -15    4   13   13
    1    9   18    1    2   81    3    1    0       400   -2  -18    4   -5  -18  -22  -14    6  -15   -6   -9    4    8  -11  -12    8   13   10
    1    9   19    1    3   75    3    1    0       140   13   13   -5  -14  -13  -14  -13   10  -10    0  -17   -3   24    6    2   -9  -14    3
    1    9   20    1    3   80    3    1    0       195    9   13   -7  -12    1  -13   -9   13   -3  -10    0    1   14   -7   -6   -2  -13    3
    1    9   21    1    1   75    3    1    1       167   -6   16  -18  -16   10   10   19   -2   -4  -15    3    8  -10    9    0    8    2   13
    1    9   22    1    2   80    3    1    0         0   -5  -17    5   -8  -12   -8   -8   15  -14   -7    0   21   12   -8   -5   -4    2   10
    1    9   23    1    1   74    3    1    1        28   -3   23   -8   -7   14   15   11  -16    0  -13   11    3  -11    9   13   -3    7    3
    1    9   24    1    1   79    3    1    1        88   -3    9  -10  -10    9   17    9  -10    1  -13   15    0   -1   16    7    1   -1    3
    1    9   25    1    3   77    3    1    0         0    7   15   -5   -9   -5  -14   -7    9    6  -15   -6    6    7    2    2  -12  -22    5
    1    9   26    1    2   74    3    1    0        65    3    0    1   -3  -22  -13   -8   16  -23  -16  -10   11   18    1  -10    3   19    6
    1    9   27    1    1   73    3    1    1       139   -8   14   -8   -8   11   15    2  -18   -4  -13   10    4  -10    4   18   -3   -8   18
    1   10    1    1    3   89    3    1    0         0    8   13   -4  -12   -9  -16   -8   11   -7  -19   -8    6   10   -2    5    0  -16   -4
    1   10    2    1    2   86    3    2    1        75   -4   -6    2   -5   -6  -10   -1   20  -16   -8  -10   13   15  -11  -11    4   11   11
    1   10    3    1    1   90    3    2    0         6   -9   11  -10  -12   13   12   10  -14    8  -23   16    2  -10    3    4   -2    7   14
    1   10    4    1    3   84    3    1    0         0    9   14   -3  -14  -14  -20  -11   11   -7   -9   -8   13   18   -4    3   -8  -11   -4
    1   10    5    1    1   83    3    2    0        95   -7   14    0  -20   17    9    7   -3   -3  -13    6    3   -4   16    5    0    6   11
    1   10    6    1    3   90    3    2    0      1513   13   16   -6  -12   -9  -14  -12   11   -1   -4   -2   12   14   -2    1   -6  -18   -3
    1   10    7    1    2   88    3    2    1       453    5  -11    3   -2  -17  -13   -8   16  -14   -9  -11   13    2  -17  -15    2   22   14
    1   10    8    1    3   87    3    2    0        62    4   17   -9  -11   -8  -13  -11    9   -3   -9   -8    7   23   -4   13  -11  -23    2
    1   10    9    1    3   86    3    2    0       267   10   14   -1  -21   -9  -14  -13    8    0   -9   -7    5   13   -9    6  -11  -14   -2
    1   10   10    1    1   85    3    2    0       236   -2   14  -19  -13   15   14    5  -10    1  -12   14    4   -6    5   17   -1    1    7
    1   10   11    1    2   89    3    2    1         0    5  -13    3    3  -14  -13   -6   15  -14   -7  -10   12    2   -7  -13    9   11   12
    1   10   12    1    2   83    3    2    1         0    3   -4    7   -8  -12  -12   -4   11  -14   -9  -11   15    7  -13   -5    4    2   11
    1   10   13    1    1   88    3    2    0       667   -5   16  -17  -16    9   11   17   -1   -3  -20    8   -3  -11   10    4    4    8   13
    1   10   14    1    1   86    3    1    1         0   -6   14  -12   -9   18    7   19  -15   -5  -16    6    0  -14    9    5   -6    0    9
    1   10   15    1    2   85    3    1    0        89    3   -9    4   -5  -12  -13   -5   15  -17   -3    0    4    6  -16  -14    5   12   12
    1   10   16    1    3   88    3    1    0         0    8   13   -6  -12   -9  -23   -9    4   -4   -7   -6    5   22   -9    6  -11  -15   -7
    1   10   17    1    2   87    3    1    0         0    9  -13    4   -3  -12   -6  -12   19  -14   -7   -9   16   12  -10  -11    8   14   12
    1   10   18    1    3   85    3    2    0         0    4   19   -4  -12   -9  -16  -10   13   -4   -7   -3   14   13   -3    4   -8  -16   -3
    1   10   19    1    1   84    3    1    1       218  -10   15  -17   -6    9   17   20   -7    5  -14   12    1  -11    9    7    3   -3   12
    1   10   20    1    2   90    3    1    0         0    3  -10    3   -3  -13  -12  -12   13  -24   -4   -8   10    9   -9  -12    4   13   16
    1   10   21    1    1   89    3    1    1         0   -8   13  -11   -8   14   14    8  -16    4  -15   12    2   -9    6    5   -5    0    9
    1   10   22    1    2   84    3    1    0        29    5   -9    8   -9  -14  -12   -3   23  -18  -16   -5    1   17    0  -10   -1   17   16
    1   10   23    1    3   83    3    1    0       102   10   12   -5  -18   -3   -7   -8    2    7  -15   -7    5   15   -4    5  -11   -9   -1
    1   10   24    1    1   82    3    1    1        43   -6   14   -2   -2   13   12    8  -10    0  -16   11    3  -18    1    8    2    2    7
    1   10   25    1    2   82    3    1    0         0    3   -9    1   -2  -12  -13   -3   22  -22  -17   -9   10   11   -9   -9   -3   12   10
    1   10   26    1    1   87    3    2    0         0   -3   22   -9  -12   12   14    9  -16    3  -15   10    2  -13    7    8    3    9   -1
    1   10   27    1    3   82    3    1    0        16    2    8   -7  -13  -14   -6  -12    8   -6   -2  -11    2   17   -8    5  -14  -15    0
    2    1    1    5    3    3    3    2    0      2029    8   13   -7  -12   -8  -16  -15    3   -7   -4   -8    6   13   -1    2  -11  -19    2
    2    1    2    5    2    6    3    2    1      1464    2   -8    3   -5  -13  -12   -9   17  -10  -18  -10   10    5  -14  -19    0   11   13
    2    1    3    3    3    2    1    1    0       394    8   14   -4  -13   -7  -15  -12    8   -2   -9   -8    6   15   -4    5  -11  -15    0
    2    1    4    5    1    7    3    1    1       535   -5   15   -8   -1   16   18   10  -10    0  -15    9    1  -13    6    6    2    7   16
    2    1    5    1    3    4    3    1    0       605    8   10   -4  -15  -12  -19  -20   19   -6  -18   -6    1    7    7    0   -6  -15    0
    2    1    6    1    3   16    3    1    0       434   10   14   -6   -8   -7  -15  -14    6   -2  -10   -7    1   23   -9   13   -7  -13   -3
    2    1    7    1    2   26    3    2    1       557    6   -6    0  -10  -14  -16   -1   15  -14   -7   -9    9   11  -17  -10    2   21    7
    2    1    8    5    2    4    3    3    0       370    6  -11   10  -10  -17  -16   -6   15  -11  -12  -15    9   16  -18  -15    5   18    3
    2    1    9    5    1    1    3    3    0       335   -7   13  -15  -11   14   12   12  -14    2  -15   19    3  -11    8    9    2    1    6
    2    1   10    2    2    0    0    3    0       315    4   -9    3   -4  -13  -13   -7   15  -14   -8   -9   11   11   -8  -14    4   12   11
    2    1   11    5    3    4    3    3    1       297   13   13   -5  -13   -2  -21   -8    4  -12   -4   -9   10   13   -2    2  -10  -18    0
    2    1   12    4    3    4    2    3    1       648   13   16   -5  -10  -16  -15  -11    8   -1   -5   -5    4   15   -1    8  -13  -20   -2
    2    1   13    4    1    2    2    1    1       602  -13   11   -9  -12   19   11   11   -9    2  -18   10    3   -9   10    9    0    2    9
    2    1   14    5    2    8    3    1    0       350    4   -8    2   -6  -19  -18   -9   17  -12  -10  -10   14   20   -7  -14    5   17    5
    2    1   15    5    1    3    3    1    1       284   -7   20   -2  -12   14   12   17  -14    2  -15   13    0   -9    8   13    3   -1    9
    2    1   16    1    1   33    3    2    0       298   -5   14   -7   -6   17   23    3   -2    0  -14   10    5   -8    9    8    1   -9   12
    2    1   17    2    3    0    0    1    0       346    8   14   -4  -13   -8  -15  -12    9   -2   -9   -7    6   14   -3    4  -10  -14    1
    2    1   18    1    2   40    3    1    0       568   -2   -9    0    5  -11  -13   -6    6  -23   -5  -16   11    9   -7   -5   -1   10   11
    2    1   19    5    1    5    3    1    1       253   -5   17   -5  -15   14   14    5  -11   -1  -14   14   -1  -14   -2    9    2    6   16
    2    1   20    1    3   48    3    1    0       303    7   12  -12  -14   -9  -16  -22    2    7   -7   -6    5   24  -11   -3   -1  -12    0
    2    1   21    4    1    4    2    1    1       319   -6   16   -9  -10   11   13    5  -18   11  -24   12    4   -9    9    3    6   -2   10
    2    1   22    1    2   56    3    1    0       288    4  -11    7   -2  -10  -19    3   17   -8   -9  -10   12    9   -7  -16    3   13    4
    2    1   23    3    3    3    1    2    0         0   18   10   -3  -14  -13   -8  -13   10   -1  -10   -6    6   14   -3    4  -10  -14    1
    2    1   24    1    2   69    3    1    0       106    0   -6    2   -9  -21  -14  -12   17  -11  -13   -8   12   17   -3  -18    8    9   15
    2    1   25    1    2   81    3    1    0         0   -2  -18    4   -5  -18  -22  -14    6  -15   -6   -9    4    8  -11  -12    8   13   10
    2    1   26    4    2    1    2    1    0         0    5  -12    5   -3  -12  -13   -5   15  -18   -7   -7    9   11   -9  -16    7   13    9
    2    1   27    5    1    4    3    1    1       106  -13    5  -14   -6   15   12   17   -8    0  -14   15   -3   -5   18    7    2    0   10
    2    1   28    1    1   83    3    2    0         0   -7   14    0  -20   17    9    7   -3   -3  -13    6    3   -4   16    5    0    6   11
    2    1   29    1    3    1    3    2    0         0    8   15    6  -21   -8  -14  -11    9   -9   -6   -9    5   11   -6    9   -5  -12   -1
    2    1   30    1    2   10    3    1    0       385    4   -4   -5   -3  -12  -12   -6   16  -15  -15  -12    8    8  -13   -8   -6   13   12
    2    1   31    5    3    1    3    1    0        77    8   11   -4  -17  -16  -22  -15    6    0   -9   -5   11   15   -2   14  -12   -5   -1
    2    1   32    1    1   23    3    2    0         0   -9   11   -9   -9    3    5   10  -10    5  -23   13    3   -8    3    9    0   -1    0
    2    1   33    1    1   30    3    1    1         0  -11   12   -5   -9   13   14   10  -12   -4  -11    4   -5   -3   14   15   11    2    9
    2    1   34    4    2    3    2    1    0       123    4  -10    5   -6  -15  -11   -5   16  -10   -5   -9   12    3    1  -13    3   12   12
    2    1   35    4    2    2    2    2    1       302    7   -3    2   -6   -8  -11   -5   15  -13   -8   -8    9   11   -6  -12   -4   21    5
    2    1   36    5    2    5    3    1    0       141    2   -7    1  -11  -11  -13    1    5  -16  -10   -8   13   18  -16  -10   -4   11   12
    2    1   37    3    2    3    1    2    1       209    6  -10    4   -5  -14  -12   -9   20  -15   -9  -10   12   11   -8  -14    4   20    1
    2    1   38    1    2   43    3    1    0         0   -1  -14    9  -14  -13  -11  -14   12   -8   -8   -2    7   11   -7  -14    2   10   18
    2    1   39    5    1    9    3    1    1        80   -4   13   -1   -5    4   20    1   -3    0  -14    9   -2  -16   17    7   -3    4   13
    2    1   40    1    1   53    3    1    1         0   -7   16  -11   -9    9   11   10   -7    6   -4   10    6  -11   10   11   -1    6    6
    2    1   41    4    3    3    2    1    0         0    2   18   -3  -15   -7  -16  -13    9    0  -10   -8    5   14   -4    2   -9  -13    3
    2    1   42    3    1    3    1    1    1       111   -5   16  -11  -10   13   13    9  -10    2  -14   11    2  -10    9    9    1    2    7
    2    1   43    4    3    1    2    1    0         0   10   12   -3  -14   -8  -16  -10    7   -3  -10   -7    7   13   -3    3  -10  -15    2
    2    1   44    5    2    7    3    1    0         0    3   -9    9  -10  -13  -12   -8   14  -15   -4   -7    4    4    2  -22   11    8    8
    2    1   45    1    1   58    3    1    1         0  -11   12  -12  -11   23    9    0   -3    3  -17   14   -3  -17    2    5   -1    3    6
    2    1   46    4    3    5    2    1    0         0    6   12   -8   -7  -10  -11  -12   10    2  -11   -6    7   14   -4    4  -12  -14    3
    2    1   47    5    2    1    3    1    0         0   14  -10   -1   -5  -13  -12   -8   15  -21   -3  -14   12   13   -8   -9    1   21    6
    2    1   48    4    1    1    2    1    1       185   -7   13   -8  -13   13   12    9  -13    2  -14   10    2  -10    9    9    0    1    9
    2    1   49    4    1    6    2    2    0         0   -6   17  -14  -12   14    8    6  -10    2  -15    8    9  -12    5    1    2    2    7
    2    1   50    5    3    9    3    2    0       115    6   20   -3  -15   -8  -14  -19   19    2   -7    2   11   15   -3    6   -9  -12    2
    2    1   51    4    2    6    2    1    0       136    4  -10    1   -4  -12  -13   -6   13  -15   -7   -9   12    3   -7  -15    3   13   11
    2    1   52    5    1    6    3    1    1         0   -3   12  -11  -10    8    3    5   -9   -6   -9    1   -5  -14   18   18   -8   -9   15
    2    1   53    4    1    5    2    1    1         9   -4   17  -14  -11    9    6   15  -11    1  -16   14    6  -15    9   10    1   -1   -1
    2    1   54    1    3   69    3    1    0         0    5    9   -1  -15   -7  -16  -16   14   -1   -4  -14    6   12   -6   12   -2   -8    6
    2    1   55    1    2   77    3    1    0         0    5  -10    2   -5  -11   -8   -8   18   -9    2   -9   12    8   -6  -15    4   13   13
    2    1   56    4    3    2    2    1    0       148    9   14   -5  -13   -9  -14  -10    7    0   -9   -7    4   12   -3    6  -10  -16    2
    2    1   57    1    1   90    3    1    1        89   -9   11  -10  -12   13   12   10  -14    8  -23   16    2  -10    3    4   -2    7   14
    2    1   58    4    3    6    2    1    0        48   10   18   -5  -12   -9  -15   -7   10   -3   -9   -7    4   13   -1    3  -12  -16    3
    2    1   59    5    1    2    3    1    1        89   -5   16  -10   -9   11   17    6  -15   -3  -10   13   -2   -4   -1    9    2   -3    1
    2    1   60    1    1   52    3    1    1        65   -3    9  -10  -14   15   18    9  -10    4  -22    9   -3    0    0    9    6   -2   11
    2    1   61    5    3    2    3    1    0         0    7   15    0  -12   -9  -10   -7   18  -12  -13    2    5   19    2    7  -10  -14    2
    2    1   62    4    2    5    2    1    0       487    2   -2    4   -4  -14   -7   -2   13  -10   -7   -5    8   10  -10  -15    4   12   13
    2    1   63    3    1    1    1    1    1        63   -7   16  -10  -11   12   12   10  -12    1  -14   12    1  -10    8    9    1    2    7
    2    1   64    2    1    0    0    1    1       120   -6   15  -10  -11   13   13   10  -11    1  -14   11    2  -10    8    9    1    1    8
    2    1   65    1    3   27    3    1    0      1821    8   12  -11   -6  -17   -7  -12   10    1   -7   -9    4   16   -8    5  -12   -8    2
    2    1   66    1    3   59    3    2    0        32   15    9   -3  -12   -5  -16   -7   10  -11  -10   -6    5   15   -4    4   -9  -18    2
    2    1   67    5    2    3    3    2    1        61   13    0    4   -4  -14  -16   -7   14   -8  -11   -8   11   11   -7  -23   -3   11   15
    2    1   68    5    2    9    3    2    1         0    5   -9    9    6  -12  -14   -5   14  -11   -6    0   13    7   -4  -19    5   12    9
    2    1   69    3    2    1    1    2    1         0    3   -7    4    5  -13  -13   -6   15  -13   -7   -9   12   11   -8  -13    4   12   11
    2    1   70    3    2    2    1    2    1         0    3  -10    3   -3  -13  -14   -7   15  -14   -9  -10   11   11   -9  -14    4   21    2
    2    1   71    3    3    1    1    2    0        23    8   14   -3  -13   -8  -14  -12   10   -2   -9   -7    6   16   -4    4  -10  -15    1
    2    1   72    1    3   17    3    2    0        34    9   14   -4  -14   -7  -15  -17    8    4   -4  -14    1   15    2    4  -12  -14   -4
    2    1   73    5    3    8    3    2    0        57   14   12    0  -18    2  -21  -10    9    1  -14   -5    4   14   -2    9  -12  -15    2
    2    1   74    3    1    2    1    1    1       286   -6   16   -8  -10   12   14   10  -11    1  -14   11    1  -10    8    9    2    0    8
    2    1   75    5    3    5    3    2    0       539    7   16   -2  -15   -6  -21  -18   19   -2   -8   -6    8   10   -3    4  -14  -17    4
    2    1   76    1    3   38    3    2    0       174   10   17    0  -11  -13   -7  -14   14   -3  -10  -11    9   16   -4    9  -16  -13    0
    2    1   77    5    2    2    3    2    1        82   -4   -7    3   -2  -15  -12  -10    9  -13   -9  -11   13    2  -14  -12    0    9    6
    2    1   78    5    3    6    3    2    0         0    6   15   -6   -6   -5  -24  -16   14   -1  -10   -5    5   12   -2    5   -9  -17    7
    2    1   79    5    1    8    3    1    1       151   -5   15   -9  -13   13   14   14   -9    2  -12   19    8   -9    8   10    1    3   11
    2    1   80    4    2    4    2    1    0        44    4  -10    3   -3  -12  -13   -5   15  -13   -9   -9    9   10   -8  -15    3   12   12
    2    1   81    1    2   84    3    1    0       165    5   -9    8   -9  -14  -12   -3   23  -18  -16   -5    1   17    0  -10   -1   17   16
    2    1   82    1    1   64    3    1    1       186    4    7   -8  -15    4   16   20  -19   -1  -13   10    3   -1   16    9   -7    6    3
    2    1   83    4    1    3    2    2    0         0   -9   17  -11  -10   14   13   15   -8    2  -13   11   -2  -11   12    9    0    1    9
    2    1   84    5    3    7    3    2    0         0   13    9   -7  -13  -10  -15  -20    1    1  -11  -11    5   10   -6    9  -18  -12    0
