    1    1    1    1    3    2    1    3    1     18663  -12  -12   11  -14    1  -11   10  -12  -14   -6   -5  -11   -5   15    5  -12    3  -14
    1    1    2    1    2    8    1    2    1      1759  -15   -4    2   -4  -11    7    4  -11    2    2   15  -13  -10  -13   -6   -4    0    4
    1    1    3    1    3    6    1    3    1      1374  -13  -11   12  -14    2  -10    9  -11  -15   -6   -6  -11  -10   13    4  -12    2  -15
    1    1    4    1    3    9    1    3    1       923  -12  -13   11  -14    2  -11    9  -13  -14   -7   -4  -11   -5   15    5  -12    4  -14
    1    1    5    1    1    7    1    1    1      2363   13   -4    2  -14  -15   -3    1   10   12  -11    4    8  -14   -8   -5   12   -4    1
    1    1    6    1    3    8    1    3    1      1745  -12  -10   13  -12    2  -11   10  -12  -14   -6   -4  -13   -5   16    6  -11    2  -14
    1    1    7    1    3    1    1    3    1       741  -12  -11   12  -13    1  -11   11   -8  -15   -7   -5  -11   -5   15    5  -12    3  -14
    1    1    8    1    2    4    1    2    1      2467  -17   -3   -4   -9  -11    6    3  -12    2    2   11  -13  -11  -13   -7   -2   -5   12
    1    1    9    1    3    3    1    3    1       589  -13  -11   11  -14    2  -10    9  -12  -14   -6   -5  -12   -5   15    5  -12    3  -15
    1    1   10    1    1    4    1    1    1       865   11    5    6  -14  -13   -4    4    9   10  -12    0   12  -11   -7   -7   13   -3    1
    1    1   11    1    2    5    1    2    1      1556  -14   -3   -9    5  -11   16   12   -9    2    0    1   -5  -11  -13   -7   -2    0    4
    1    1   12    1    2    1    1    2    1       819  -15   -4    1   -3  -11    6    6  -11    1    3   11  -13  -10  -13   -6   -3   -1    5
    1    1   13    1    2    7    1    2    1      1720  -12   -8    1   -3  -11    6    5  -11    1    2    9  -12  -11  -12   -7   -3   -1    5
    1    1   14    1    3    5    1    3    1       784  -11  -11   11  -14    0  -10    9  -12  -14   -6   -5  -12   -8   18    6  -13    4  -15
    1    1   15    1    3    4    1    3    1       775  -12  -11   11  -14    0  -12    3  -20  -14   -6   -5  -12   -5   15    5  -11    2  -14
    1    1   16    1    1    6    1    1    1      1190   11    4    7  -13  -14   -3    2   11   12  -11    3    8  -13   -7   -7   13   -4    0
    1    1   17    1    2    3    1    2    1      1347  -16   -4    0   -3  -12    7    5  -11    3    2   11  -13   -9  -12   -5   -2   -2    4
    1    1   18    1    2    6    1    3    0         0  -15   -5    3   -3  -11    5    6  -11    2    2   10  -14  -10  -13   -6   -4   -2   11
    1    1   19    1    3    7    1    1    0        30  -11  -13   11  -14    0  -13    9  -13  -15   -8   -4  -12   -5   15    5  -12    4  -14
    1    1   20    1    2    2    1    3    0       218  -15   -4    1   -3  -16   14    5  -11    2    3   11  -13   -9  -13   -7   -2  -10    8
    1    1   21    1    1    3    1    2    0         3   11    4    7  -14  -14   -4    2   10   11  -11    4    8  -13   -7   -4    8   -5    5
    1    1   22    1    1    2    1    3    0         0   11    4   13  -22  -14   -4   -3   11   11  -10    4    8  -13   -6   -6   13   -3    1
    1    1   23    1    1    5    1    3    0         0   11    4    9  -13  -14   -4   -3   18   12  -11    3    8  -13   -9   -8   13   -4    1
    1    1   24    1    1    9    1    3    0       120   12    5    7  -13  -19    6    2    9   12  -12    5    8  -13   -6   -6   12   -4    2
    1    1   25    1    1    1    1    1    1         0   10    4    8  -14  -15   -4    1   11   12  -11    3    9  -13   -7   -7   14   -4    1
    1    1   26    1    2    9    1    2    1       930  -15   -4   -1   -5  -11    6    6  -12    3    2    9  -11  -11  -12   -6   -3   -2    6
    1    1   27    1    1    8    1    1    1       538   10    5    8  -14  -13   -3    2   11   12  -12    4    9  -11   -9   -4   22   -4    1
    1    2    1    1    3   10    1    3    1      1665  -12  -12   12  -14    1  -11   10  -12  -14   -5   -5  -12   -5   16    5  -13    3  -14
    1    2    2    1    1   17    1    1    1      3147   10    4    7  -13  -16   -6    2   11   12  -11    4    8  -17  -15   -7   14   -9    3
    1    2    3    1    2   17    1    2    1       632  -15   -3    1   -4  -10    5    4  -13    2    1   10  -13   -9  -13   -3   -8    6    5
    1    2    4    1    2   16    1    2    1       554  -15   -5    1   -3   -3    2    6  -11    3    1   10  -13  -10  -13   -6   -2   -1    5
    1    2    5    1    1   18    1    2    0       544   11    4    7  -13  -15   -5    4   16   12  -11    3    7  -13   -7   -5   13   -4    1
    1    2    6    1    3   11    1    3    1       898  -13  -10   11  -14    2  -12    8  -12  -14   -6   -5  -12   -7   16    5  -12   -2  -11
    1    2    7    1    1   12    1    1    1       978   11    3    7  -13  -15   -5    2   11   13  -10    6    7  -14   -7   -6   13   -5    2
    1    2    8    1    2   13    1    2    1      1503  -15   -4    4   -6  -11    6    5  -11    3    1   12  -13  -11  -13   -5   -3   -1    5
    1    2    9    1    2   15    1    2    1       633  -15   -4    1   -3  -10    6    4  -10    2    2   11  -13  -10  -13   -5   -4   -1    5
    1    2   10    1    2   14    1    2    1       598  -15   -4    1   -2  -11    6    5  -11    2    2   11  -13  -10  -13   -5   -4    0    6
    1    2   11    1    3   18    1    3    1       956  -13  -10   11  -15    0  -10   10  -12  -15   -6   -6  -13   -5   15    5  -12    4  -15
    1    2   12    1    1   13    1    1    1      1171   11    5    7  -14  -14   -4    2   11   12  -12    0    9  -13   -8  -16   15   -4    1
    1    2   13    1    3   15    1    3    1      2649  -12  -11   11  -14    1  -12   10  -12  -14   -5  -10   -6   -5   15    8   -7    3  -13
    1    2   14    1    1   14    1    1    1      1115   10    4    7  -13  -15   -5    2   11   10  -13    4    8  -13   -7   -6   13   -4    2
    1    2   15    1    2   18    1    2    1      1474  -14   -6    0   -2  -12    7    5  -11   -6    4   10  -14   -9  -13   -6   -2   -1    5
    1    2   16    1    3   17    1    3    1       852  -12  -11   11  -14    0  -10    9  -11  -14   -6   -5  -13   -5   15    5  -12    2  -15
    1    2   17    1    1   10    1    1    1       945   11    4    7  -13  -14   -4    3   11   12  -11    3    8  -13   -7   -2   14   -3    2
    1    2   18    1    3   12    1    3    1       774  -12   -9   11  -14    0  -10    9  -11  -13   -5   -5  -12   -5   15    6  -11    3  -14
    1    2   19    1    3   16    1    3    1      7644  -12  -11   11  -14    1  -11   10  -12  -14   -6   -4  -13   -4   14    6  -11    3  -14
    1    2   20    1    3   14    1    1    0     14928  -11  -12   10  -15    1  -12   11  -13  -22    4   -4  -13   -4   15    5  -11    2  -14
    1    2   21    1    1   11    1    2    0      5835   10    5    6  -11  -14   -4    3   12   11   -9    4    8  -12   -7   -5   13   -4    1
    1    2   22    1    2   12    1    2    1      3319  -15   -4    1   -3  -11    6   10  -11   -3    2   12  -14  -10  -13   -5   -3   -1    4
    1    2   23    1    3   13    1    1    0      3103  -12  -11   11  -14    1  -12   10  -12  -15   -7   -5  -11   -5   15    5  -12    3  -14
    1    2   24    1    2   10    1    2    1      2834  -15   -4    2   -3  -12    6    4  -10    3    1   12  -14   -9  -14   -7   -3   -2    4
    1    2   25    1    1   15    1    1    1      1909   11    4    7  -14  -12   -3    1   12   13  -12    4    8  -12   -7   -7   14   -4    1
    1    2   26    1    1   16    1    2    0      4606   10    5    7  -13  -15   -4    2   11   12  -11    4    9  -12   -7   -6   13    6    1
    1    2   27    1    2   11    1    2    1      3284  -15   -3   -1   -2  -10    5    5  -11    1    3   12  -12  -10  -12   -6   -3   -2    5
    1    3    1    1    3   21    1    3    1      3327  -10  -14   12  -14    2  -11   10  -12  -15   -5    4  -10   -5   16    5  -12    3  -14
    1    3    2    1    1   27    1    2    0      1936   10    4   10   -4  -14   -3    2   12   12  -11    4    9  -13   -7   -7   14   -4    1
    1    3    3    1    2   27    1    2    1      1705  -15   -4    1   -4  -11    7    5  -11    1    2    9  -14  -11  -13   -6   -3   -1    5
    1    3    4    1    2   23    1    1    0      2778  -19   -9    2   -4  -12    5    7   -9    2    2   10  -13  -11  -12   -1  -13   -1    5
    1    3    5    1    3   20    1    3    1      1631  -12  -11    9  -15    0  -12   10  -12  -15   -6   -6  -12   -5   16    4  -11    3  -13
    1    3    6    1    2   24    1    2    1      2427  -13   -3    2   -3   -9    7    5  -12    2    2   12  -11  -10  -14   -6   -3   -2    4
    1    3    7    1    3   19    1    1    0      2591  -13  -10   11  -14    1  -10   10  -12  -11    3   -5  -12   -4   14    5  -12    4  -15
    1    3    8    1    2   20    1    1    0      4221  -15   -4    0   -2  -16   10    5  -10    3    2   11  -13  -10  -14   -6   -3   -1    4
    1    3    9    1    3   23    1    3    1      2505  -12  -11   11  -15    1  -11    9  -11  -13   -7   -4  -12   -5   15    5  -12    4  -14
    1    3   10    1    2   19    1    2    1       939  -15   -4    2   -1   -7    2    5  -11    1    2   12  -21  -10  -13   -6   -3   -2    5
    1    3   11    1    1   21    1    1    1       596   12    3    8  -14  -12   -6    2   11   12  -11    4    9  -14   -7   -7   14   -4    1
    1    3   12    1    3   25    1    3    1       650  -12  -10   13  -15    1  -11   10  -12  -15   -6   -6  -11   -5   15   14   -8    3  -13
    1    3   13    1    2   26    1    2    1       557  -15   -4    1   -3  -11    6    5  -11    3    1   10  -13  -10  -13   -4   -3   -1    5
    1    3   14    1    1   20    1    1    1       566   10    5    7  -12  -14   -4    2   11   12  -11    5    9  -13   -7   -6   13   -4    2
    1    3   15    1    2   25    1    2    1       846  -18   -4    1   -4  -11    6    5  -11    2    3   12  -13  -10  -13    3   -3    0    6
    1    3   16    1    2   21    1    2    1      2403   -8    2    2   -2   -1   14    5  -11    1    3   11  -13  -11  -13   -3    1   -2    6
    1    3   17    1    1   24    1    1    1      1906   10    5    7  -13  -14   -3    1   10   11  -11    3    9  -13   -7   -5   13   -4    2
    1    3   18    1    2   22    1    2    1      1700  -10  -10    0   -3  -10    6   10   -8    2    2   11  -13  -10  -13   -6   -2   -1    5
    1    3   19    1    1   25    1    1    1      1902   10    2    8  -14  -14   -4    2   11   13  -11    3    7  -14   -7   -7   12   -4    1
    1    3   20    1    3   22    1    3    1      3632  -12  -11   12  -15    1  -11   20  -12   -7   -6   -5  -12   -6   15    5  -12   10   -5
    1    3   21    1    3   26    1    3    1       421  -13  -11   10  -16    1  -12    9  -11  -13   -6   -5  -13   -5   16    4  -13    3  -16
    1    3   22    1    1   23    1    2    0       571   11    4    8  -14  -14   -4    2   11   13  -12    4    8  -13   -7   -5   12   -5    1
    1    3   23    1    1   19    1    1    1       857   12    3    7  -12  -14   -3    1   12   13  -10    4    7  -12   -8   -6   13   -4    1
    1    3   24    1    1   22    1    1    1      1637   11    4    7  -13  -14   -4    2   11   12  -11    5    8  -13   -7   -6   13   -4    0
    1    3   25    1    3   27    1    3    1       568  -13  -12   12  -15    2  -10   10  -12  -14   -6   -6  -11   -5   16    5  -12    3  -14
    1    3   26    1    1   26    1    2    0        51   12    4    6  -12  -14   -4    2   10   13  -12    4    8  -13   -7   -5   13   -4    0
    1    3   27    1    3   24    1    2    0         2  -12  -13   11  -14    6   -2   10  -12  -14   -6   -4  -12   -6   16    6  -12    3  -13
    1    4    1    1    1   33    1    3    0      1547   12    3    7  -13  -14   -4    2   11   11  -10    4    8  -13   -7   -6   13   -5    1
    1    4    2    1    3   35    1    3    1         0  -12  -11   11  -14    1  -11   10  -12  -13   -7   -5  -13   -3   14    7  -13    3  -13
    1    4    3    1    2   33    1    2    1        45  -13   -3    1   -3  -12    7    5   -2    3    3   12  -13  -11  -14   -5   -2    0    6
    1    4    4    1    1   32    1    1    1         0   12    4    8  -14  -14   -4    4   11   12  -11    4    7  -20  -16   -6   13   -4    1
    1    4    5    1    2   32    1    3    0         0  -15   -4    1   -3  -12    6    6  -11    0   12   10  -14  -10  -13   -5   -5   -1    5
    1    4    6    1    2   30    1    1    0        43  -15   -3    0   -2  -12    7    5  -11    2    3   12  -13  -10  -13   -7   -4   -1    5
    1    4    7    1    2   29    1    3    0       103  -14   -5    1   -4  -12    5    5  -11    3    2   11  -13  -13  -14   -6   -3   -1    5
    1    4    8    1    3   34    1    3    1        33  -12  -11   11  -14    1  -11   10  -16  -14   -6   -4  -11   -6   15    5  -11    4  -13
    1    4    9    1    3   30    1    2    0         4  -13  -12   12  -15    1  -11   10  -13  -14   -7   -6  -13   -6   15    4  -11    3  -13
    1    4   10    1    3   28    1    2    0         0  -14   -2   19  -18    1  -11   12  -11  -13   -4   -5  -12   -5   15    5  -13    2  -14
    1    4   11    1    1   28    1    3    0         0    9    4    7  -14  -13   -5    2   11   11  -12    4    8  -12   -8   -6   13   -4    1
    1    4   12    1    1   35    1    1    1        61   11    3    7  -12  -14   -4    1   11   12  -10    4   11  -16   -8   -6   13   -5    1
    1    4   13    1    2   36    1    1    0         0  -14   -5    9    6  -10    6    3  -10    3    1   10  -12  -10  -13   -7   -3   -1    4
    1    4   14    1    1   29    1    3    0        75   10    4    7  -12  -14   -4    2   11   12  -11    3    8  -13   -6   -6   12   -3    2
    1    4   15    1    2   35    1    3    0         7  -14   -4    1   -3  -16    9    5  -11   -3    7   11  -14  -12  -11   -5   -3   -1    5
    1    4   16    1    3   36    1    3    1        75  -11  -12   11  -14    1  -11   10  -12  -14   -5   -5  -13   -4   15    6  -13    3  -15
    1    4   17    1    1   30    1    3    0        69   12    3    7  -13  -19   -5    0    4   12  -10    5    8  -13   -7   -6   13   -4    1
    1    4   18    1    2   28    1    3    0         0  -15   -5    1   -3  -11    6    5  -10    2    3   11  -13  -10  -14   -4   -3    0    5
    1    4   19    1    3   32    1    2    0        68  -12  -12   11  -14    1  -11   10  -12  -14   -6   -6  -12   -7   17    4  -11    3  -13
    1    4   20    1    3   33    1    3    1        49  -10   -9   10  -14    1  -11   10  -11  -15   -7   -5  -12   -4   16    5  -13   -4  -15
    1    4   21    1    3   29    1    1    0         0  -12   -7   12  -15    1  -11   10  -12  -14   -6   -5  -12   -5   16    7  -14    3  -14
    1    4   22    1    1   36    1    3    0         0   12    4    7  -13  -13   -3    1   13   12  -11    4    7  -12   -8   -7   13   -4    1
    1    4   23    1    3   31    1    2    0         0  -10  -10   10  -15    0  -10    9  -12  -13   -6   -7  -12   -5   15   14   -5    3  -14
    1    4   24    1    2   31    1    3    0        85  -15   -3    1   -3  -11    7    5  -11    1    3   11  -13  -10  -13   -6   -3   -2    4
    1    4   25    1    1   31    1    3    0        59   11   12    6  -13   -4   -5    2   11   13   -6    4    8  -13   -7   -1   12   -3    5
    1    4   26    1    1   34    1    3    0        90   13    5    8  -12  -15   -4    1   12   12  -11    4    7  -13   -6   -5   14   -5    1
    1    4   27    1    2   34    1    3    0        39  -13   -4   11   -1  -10    5   10  -21    2    2    9   -8  -10  -13   -6   -5   -1    4
    1    5    1    1    1   45    1    3    0       540   11    4    7  -13  -14   -4    3   10   12  -10    5    7  -13   -7   -7   14   -2    2
    1    5    2    1    3   45    1    3    1         0  -11   -9   12  -13    1  -11    9  -11  -14   -6   -5  -12   -5   14    4  -12   -3   -9
    1    5    3    1    1   41    1    2    0       119   11    4    7  -13  -19    0    1   12   13  -12    4    8  -12   -8   -6   13   -5    1
    1    5    4    1    2   37    1    2    1         0  -14   -5    1   -3  -12    6    5  -11    2    2   11  -14   -9  -13   -5   -3   -1    5
    1    5    5    1    2   40    1    2    1       103  -15   -4    2   -4  -10    6   10  -11    2    2   11  -13  -10  -13   -6   -4   -1    4
    1    5    6    1    2   43    1    2    1        37  -15   -4    1   -4  -10    6    5  -11    2    1   10  -13  -10  -12   -6   -3   -2    6
    1    5    7    1    2   41    1    3    0         0  -15   -4    1   -3  -11    6    5  -11    2    2   10  -14  -10  -12   -8   -3   -1    4
    1    5    8    1    1   37    1    2    0        39   10    5    8  -14  -15   -3    4   11    7   -8    8    3  -17  -11   -6   14   -3    1
    1    5    9    1    3   41    1    3    1        60  -14  -11   11  -15    1  -11   10  -13  -13   -6   -5  -12   -5   15    5  -12    3  -14
    1    5   10    1    2   42    1    3    0         0  -15   -4    1   -2  -11    6    4  -11    9    6   11  -15   -9  -12   -5   -3   -2    6
    1    5   11    1    1   43    1    2    0        54   12    3    6  -14  -14   -3    2   11   12   -9    4    8  -14   -7   -8   13   -2   -3
    1    5   12    1    3   44    1    2    0       748  -12  -11   11  -14    1  -11   10  -12  -14   -6   -4  -13   -5   14    4  -11    4  -16
    1    5   13    1    3   43    1    2    0        42  -12  -11   11  -14    0  -11    6  -14  -15   -5   -6  -11   -4   16    5  -12    3  -14
    1    5   14    1    1   39    1    3    0         0   12    3    7  -14  -13   -4    2   11   12  -11    3    9  -14   -7   -7   14   -3    0
    1    5   15    1    3   39    1    1    0        26  -12  -11   10  -13    1  -11    0   -3  -13   -6   -4  -13   -6   14    4  -11    3  -14
    1    5   16    1    1   38    1    2    0         0   10    4    7  -12  -12   -5    3   11   13  -11    5    8  -13   -7   -6   14   -3    1
    1    5   17    1    1   44    1    3    0        14   10    0    9   -4  -14   -4    2   12   12  -11    9    3  -12   -7   -5   12   -4    2
    1    5   18    1    2   39    1    3    0       116  -15   -4    2   -3  -11    5    6  -12    3    1   12  -14   -9  -12   -6   -3   -2    5
    1    5   19    1    2   38    1    2    1       265  -15   -3    1   -3   -4   13    4  -11    1    2    6  -13  -10  -13   -5   -2   -1    5
    1    5   20    1    2   45    1    3    0       121  -14   -4    4    5  -11    6    5  -12    3    3   10  -12  -10  -13   -6   -4   -1    5
    1    5   21    1    3   37    1    1    0         0  -11  -12   12  -14    1  -11    9  -11  -14   -6   -6  -10   -5   15    6  -12    3  -15
    1    5   22    1    2   44    1    3    0        19  -15   -4    1   -3  -17   -3    4  -12    2    2    4  -17  -20  -23   -7   -3    0    4
    1    5   23    1    3   38    1    3    1        86  -12  -11   11  -14    0  -11   10  -12  -13   -6   -4  -12   -5   16    6  -13    2  -13
    1    5   24    1    3   40    1    1    0         0  -11  -12   12  -15    1  -11   10  -12  -15   -6   -5  -12    2    5    5  -11    2  -14
    1    5   25    1    3   42    1    1    0        63  -12  -11   10  -13    1  -12    7  -17  -14   -6   -4  -12   -4   14    5  -12    3  -15
    1    5   26    1    1   42    1    3    0        77   12    5    7  -14  -15   -6    2   11   13  -12    3    7  -12   -8   -6   11   -4    0
    1    5   27    1    1   40    1    3    0         0   12    3    7  -13  -14   -5    1   12   11  -11    3    7  -11   -7   -7   13   -4    1
    1    6    1    1    3   50    1    3    1      1081  -11  -11   11  -14    2  -10    9  -12  -15   -5   -6  -12   -5   15    5  -12    2  -14
    1    6    2    1    3   52    1    3    1       108  -12  -15   21   -8    0  -11   10  -12  -16   -4   -6  -12   -6   16    5  -12    3  -13
    1    6    3    1    1   53    1    3    0        75   11    4    7  -13  -14   -4    1   11   12  -11    3    9  -13   -7   -6   18   -4    1
    1    6    4    1    1   52    1    1    1        89   16    2    7  -13  -14   -4    2   11    7   -6    5    8  -13   -8   -7   14   -4    1
    1    6    5    1    2   47    1    3    0        56  -14   -3    1   -3  -11    7    5  -12    1    3   10  -12   -8   -6   -7   -3   -1    4
    1    6    6    1    3   53    1    2    0         0  -11  -12   11  -14    2  -12   10  -12  -15   -5   -6  -13   -1   10    5  -12    3  -14
    1    6    7    1    2   52    1    1    0       132  -15   -4    1   -4  -10    5    6  -11    7   -5   11  -13  -15  -17   -7   -2   -1    5
    1    6    8    1    1   50    1    1    1         0   12    4    7   -4  -13   -3    3   10   12  -11    4    8  -13   -6   -6   14   -4    1
    1    6    9    1    3   48    1    1    0         0  -11  -11   10   -6    1  -11   11  -13  -14   -6   -5  -12   -4   14    6  -12    3  -14
    1    6   10    1    3   54    1    3    1         1  -12  -11   21  -16    1  -10   11  -13  -14   -6   -6  -12   -5   15    6  -12    3  -14
    1    6   11    1    2   53    1    2    1      3837  -14   -3    1   -2  -10    6    6  -11    2    2   11  -13  -12  -13   -7   -3   -1    5
    1    6   12    1    1   49    1    2    0      2227   11    4    7  -13  -14   -3    0   12   12  -10    4    8  -13   -6   -5   13   -4    1
    1    6   13    1    2   54    1    3    0      4918  -15   -5    0   -3  -11    5    6  -12    3    0   19  -10  -11  -14   -7   -4    0    6
    1    6   14    1    1   48    1    2    0       454    9    2    6  -14  -14    0    1   11    2   -9    5    7  -14   -8   -7   14   -3    1
    1    6   15    1    2   48    1    2    1        78  -15   -4    1   -4  -11    6    5  -11    3    1   11  -13  -10  -13   -6   -2   -3    5
    1    6   16    1    1   47    1    2    0       122   11    4    7  -13  -14   -4    1   11   12  -11    4    8  -12   -8   -5   12   -4    1
    1    6   17    1    3   51    1    2    0        84  -13  -11   10  -14    1  -11    9  -11  -14   -5   -5  -12   -5   15    5  -12    3  -14
    1    6   18    1    3   46    1    2    0        56   -7  -10   16  -15   -4  -15   10  -13  -14   -6   -6  -20   -5   15    9  -10    3  -14
    1    6   19    1    2   50    1    2    1         0  -14   -3    1   -3  -11    7    5  -11    2    2   11  -13   -7  -10   -6   -3   -1    5
    1    6   20    1    1   54    1    2    0        84   11    3    5  -11  -14   -4    2   11   12  -11    4   13  -12   -7   -7   13   -5    2
    1    6   21    1    1   51    1    2    0       126   11    4    6  -12  -16   -5   -3   15   12  -11    5    5  -14   -7   -6   15   -2    0
    1    6   22    1    1   46    1    2    0       118   12    5    7  -13  -14   -5    1   12   12  -10    4    8  -13   -8   -6   13   -4    2
    1    6   23    1    2   51    1    2    1        62  -16   -4    1   -3  -13    3    5  -10    2    2   11  -13  -10  -13   -7   -3    0    4
    1    6   24    1    2   46    1    2    1         0  -16   -3    1   -3  -13    6    5  -11    3    1   11  -13  -10  -13   -6   -4   -1    6
    1    6   25    1    3   47    1    2    0         0  -12  -12   10  -15    1  -11   10  -12  -13   -5   -4  -13   -5   15    6  -11    3  -14
    1    6   26    1    3   49    1    2    0       309  -14  -11   11  -14    2  -12   10  -12  -15   -5   -5  -11   -4   16    5  -11    0  -17
    1    6   27    1    2   49    1    2    1       951  -15   -4    1   -3   -6    1    5  -11    2    2   11  -13   -9  -13   -7   -3   -1    5
    1    7    1    1    1   62    1    2    0       502   14   -5    6  -13  -13   -2   -8    6   11  -10    3    6  -14   -6   -6   13   -9    1
    1    7    2    1    1   57    1    2    0      5273   11    4    6  -13  -13   -4    3   11   12  -11    4    8  -13   -8   -2   11   -1   -5
    1    7    3    1    1   63    1    2    0      1364   11    3    8  -15  -14   -4    2   11   13  -12    3    9  -12   -8   -6   13   -4    1
    1    7    4    1    2   63    1    2    1         0  -15   -4    0   -4  -10    5    3  -13    3    2   11  -13  -11  -12   -6   -2   -1    5
    1    7    5    1    3   55    1    3    1         0  -11   -9   15  -14    1  -11   11  -13  -14   -7   -4  -13   -5   15    5  -11    2  -13
    1    7    6    1    1   58    1    3    0         0    6   12    7  -12  -14   -3    3   12   13  -10    4    8  -13   -7   -1   21   -2    1
    1    7    7    1    1   59    1    3    0        47   11    4    7  -12  -15   -4    3   11   12  -11    4    8  -13   -7   -6   14   -5    1
    1    7    8    1    3   56    1    1    0         0  -12  -11   11  -14    3  -10   10  -12  -14   -6   -5  -13   -6   13    5  -11    3  -15
    1    7    9    1    3   62    1    2    0         3  -12  -10   11  -14    1  -10   10  -12  -14   -6   -5  -12   -4   15    5  -13    3  -14
    1    7   10    1    3   63    1    2    0        27  -11  -10   15  -12    1  -12    0  -16  -14   -6   -6  -11   -6   14    5  -12    3  -15
    1    7   11    1    1   55    1    2    0         0   11    4    7  -13  -14   -4    2   11   17  -11    3    9  -13   -7   -6   13   -4    1
    1    7   12    1    1   56    1    3    0        20   10   -1    8  -15  -14   -4    1   10   13  -12    4    7  -12   -8   -5   13   -4    0
    1    7   13    1    2   58    1    2    1         0  -11   -4    2   -2  -11    6    4  -11    1    3   11  -12  -10  -13   -8   -8   -1    5
    1    7   14    1    2   61    1    3    0       137  -13   -5    1   -3  -11    6    5  -11    2    2   11  -13  -11  -14  -10  -11   -1    5
    1    7   15    1    2   55    1    1    0       383  -14   -5    2   -4  -12    5    5  -11    1    3   10  -14   -9  -13   -6   -3   -1    5
    1    7   16    1    2   62    1    2    1        81  -16   -4    0   -2  -10    5    3   -9    2    2   11  -13  -10  -13   -6   -3   -1    5
    1    7   17    1    2   57    1    3    0         0  -14   -4    1   -3  -11    6    7  -12    1    2   12  -13  -10  -12   -5   -4   -1    5
    1    7   18    1    3   59    1    3    1         0  -12  -11   21   -6    8  -13   10  -11  -15   -5   -5  -12   -5   15    5  -12    3  -14
    1    7   19    1    3   58    1    3    1         0  -12  -12   12  -14    1  -11    9  -13  -15   -7   -4  -13   -3   15    5  -12    3  -13
    1    7   20    1    3   57    1    3    1       128  -12  -10   12  -14    1  -11   10  -12  -14   -5   -5  -12   -5   15    5  -12   11   -9
    1    7   21    1    1   61    1    3    0       109   12    3    8  -13  -14   -4    1   11   11  -12    5    7  -12   -7   -6   12   -5    2
    1    7   22    1    2   60    1    2    1       148  -15  -10    1   -2  -12    7    5  -11    2    2    1  -15  -10  -15   -6   -3   -1    6
    1    7   23    1    2   56    1    2    1        88  -15   -5    1   -4  -12    7    5  -12    2    2   18  -14  -11  -14   -5   -4   -2    4
    1    7   24    1    1   60    1    3    0         6   11    3    7  -13  -13   -5    2   11   12  -11    4    8  -15   -9   -4   12   -3    1
    1    7   25    1    3   61    1    3    1         0  -13  -12   17  -23    1  -11   10  -10  -13   -7   -5  -12   -2   11    7   -2    2  -15
    1    7   26    1    2   59    1    3    0         0  -14   -5    0   -3  -12    7    6  -11    2    2   20  -11   -9  -13   -1    1   -1    4
    1    7   27    1    3   60    1    3    1      1179  -13  -11   11  -14    2  -12   10   -5  -15   -5   -6  -12   -6   16    6  -12    3  -14
    1    8    1    1    2   65    1    1    0       729  -15   -4    1   -3  -10    6    4  -10    2    2   12  -13  -11  -13   -6   -3   -1    5
    1    8    2    1    1   69    1    2    0      1815   10    4    7  -13  -15   -3    2   11   12  -11    5   17  -13   -7   -6   13   -4    1
    1    8    3    1    1   70    1    2    0      4012   12    3    5  -13  -14   -3    2   11   12  -11    5    8  -14   -6   -5   12    1   -2
    1    8    4    1    2   67    1    2    1       882  -16   -3    2   -4  -11    6    6  -11    2    2   10  -14  -10  -13   -8    4   -1    5
    1    8    5    1    1   65    1    1    1       588   11    4    6  -12  -14   -4    2   11   12  -11    5    7  -13   -7   -6   13   -4    1
    1    8    6    1    3   69    1    3    1       912  -12  -11   11  -14    1  -12   10  -12  -14   -6   -7  -10   -4   16   15   -4    3  -14
    1    8    7    1    2   71    1    3    0        24  -16   -5    6   -6  -12    5    5  -11    2    4   14  -13   -4  -10   -6   -2   -1    5
    1    8    8    1    2   66    1    3    0         0  -14   -5    1   -2  -11    6    4  -12    0    1   11  -14  -10  -13   -6   -3   -2    4
    1    8    9    1    3   70    1    1    0         0  -13  -10   11  -14    0  -10   10  -12  -14   -6   -5  -11   -5   14    8  -16    3  -14
    1    8   10    1    3   66    1    2    0        46  -11  -10   11  -15    0  -10    9  -10  -13   -7   -4  -12   -7   17    5  -12    3  -14
    1    8   11    1    1   71    1    3    0        22    4   -4    7  -13  -14   -4    2   16   11  -11    4    8  -14   -7   -5   13   -4    1
    1    8   12    1    2   72    1    1    0        25  -16   -3    1   -3  -12    6    7  -10    3    1   10  -13  -10  -13   -6   -2   -1    5
    1    8   13    1    2   70    1    3    0         8  -14   -5    0   -3  -11    6    4  -10    3    2   11  -12  -10  -13   -6   -3   -2    6
    1    8   14    1    1   68    1    2    0        53   12    3    7  -13  -15   -3    3   10   12  -11    5    7  -12   -7   -6   13   -5    1
    1    8   15    1    1   64    1    2    0       119   12    3    6  -11  -14   -4    2   11   17  -16    3    8  -11   -8   -7   14   -3    1
    1    8   16    1    3   71    1    2    0       372  -13  -11   12  -15    0  -10   11  -11  -13   -7   -6  -12   -9   12    5  -12    2  -13
    1    8   17    1    3   68    1    2    0        39  -11  -12   11  -14    1  -11    9  -11  -15   -7   -5  -13   -5   14    5  -12    3  -14
    1    8   18    1    3   72    1    2    0        40  -12  -11   12  -14   -1   -9   11  -11  -14   -5   -5  -12   -6   15    4  -12    3  -14
    1    8   19    1    3   65    1    2    0       799  -11  -10   11  -14    1  -11    6  -14  -13   -6   -5  -12   -5   15    4  -13    2  -14
    1    8   20    1    2   64    1    3    0       417  -15   -4    1   -3  -12    7    4  -10    2    1   11  -12   -9  -14   -7   -2    4    3
    1    8   21    1    2   68    1    1    0         0  -16   -2    1   -3  -11    7    3  -14    1    3   11  -13   -8  -14   -7   -2   -2    6
    1    8   22    1    3   67    1    2    0       173  -11  -11   11  -14    1  -11    9  -11  -14   -6   -6  -12   -6   16    3  -12   11  -22
    1    8   23    1    1   67    1    3    0         0   15   -2    6  -13  -14   -3    0   10   12  -11   -3    4  -14   -7   -6   13   -5    2
    1    8   24    1    1   66    1    2    0         0   11    4    6  -13  -22    1    1   11    8  -11    3    6  -12   -8   -5   14   -3    2
    1    8   25    1    1   72    1    3    0         0   11    4    7  -14  -13   -3    2   11   12  -11    3    9  -13   -7   -4   22   -3    2
    1    8   26    1    3   64    1    2    0        38  -12  -11   11  -14    1  -11   11  -11  -14   -7   -5  -12   -4   14    5  -12    3  -15
    1    8   27    1    2   69    1    3    0       108  -15   -4    1   -3  -12    6    4  -10    1    1   10  -14  -10  -12   -6   -4   -1    4
    1    9    1    1    1   75    1    2    0       560   11    5    7  -12  -20   -1    2   10   10   -9    4    8  -13   -7   -6   15   -4    1
    1    9    2    1    2   76    1    2    1        13  -14   -2    1   -2  -11    6    5  -11    2    2   16   -8  -11  -12   -6   -3    0    5
    1    9    3    1    2   77    1    3    0        25  -15   -4    1   -3  -11    5    6  -10    1    3   12   -8  -11  -12   -6   -3   -2    4
    1    9    4    1    3   79    1    3    1         0  -12  -11   11  -14    1  -11    9  -13  -14   -7   -5  -12   -6   15    5  -12    3  -14
    1    9    5    1    2   75    1    2    1       134  -14   -5    1   -3  -12    6    5  -11    1    2   11  -13  -11  -18   -3   -7   -2    5
    1    9    6    1    1   81    1    3    0         0   12    3    6  -12  -12   -4    2   11   11  -10    4    8  -14   -6   -8    9   -3    2
    1    9    7    1    1   78    1    3    0         0   11    4    7  -13  -15   -3    3   12   12  -11    5    8  -14   -7   -6   12   -4    1
    1    9    8    1    1   77    1    3    0         0   12    4    7  -11  -14   -4    1   10   12  -11    4    9  -13   -7   -3   15   -8    0
    1    9    9    1    2   81    1    3    0         0  -13   -6    1   -3  -11    6    4   -9    1    3   20  -14  -11  -14   -6   -3   -1    5
    1    9   10    1    3   80    1    3    1         0  -13  -12   12  -14    0  -11   10  -12  -15   -7   -6  -12   -4   14    5  -13    2  -13
    1    9   11    1    2   78    1    2    1        63  -14   -3    1   -3   -6    1    5  -10    3    1   11  -13  -10  -14   -6   -3   -1    5
    1    9   12    1    3   78    1    2    0       157  -12  -11   11  -14    2  -11   11  -11  -13   -5   -5  -12   -6   16    6  -17    2  -14
    1    9   13    1    3   77    1    1    0       144   -3   -3   11  -14    2  -11    9  -11  -14   -7   -5  -12   -5   14    5  -12    2  -15
    1    9   14    1    1   73    1    3    0       115   10    5    8  -14  -15   -3    6   13   13  -11   12   16  -13   -6   -6   12   -4    1
    1    9   15    1    3   75    1    1    0         4  -12  -11   11  -14    2  -12   16  -20  -15   -6   -4  -11   -5   15    5  -13   -6  -16
    1    9   16    1    1   80    1    2    0        90   15    8    7  -13  -13   -3    2   11   11  -10    3    7  -13   -6   -7   14   -3    1
    1    9   17    1    2   79    1    2    1       206  -14   -4    2   -2  -11    5    5  -11    2    2   11  -13   -9  -14   -7   -2   -1    5
    1    9   18    1    2   74    1    3    0        30  -14   -5    1   -3  -11    5    5  -11    2    2   11  -13  -11  -12   -6   -3   -1    5
    1    9   19    1    2   80    1    2    1        49  -15   -4    1   -2  -11    5    5  -11    2    2   12  -14   -5   -9   -5   -3    0    5
    1    9   20    1    3   76    1    3    1         0  -13  -12   12  -15    1  -11    9  -12  -18   -2   -6  -12   -5   15    5  -12    3  -14
    1    9   21    1    1   79    1    3    0        28    1    7    6  -13  -14   -4    2   11   12  -11    4    8  -13   -7   -7   13   -4    1
    1    9   22    1    3   74    1    1    0        73  -11  -10   11  -14    2  -11    2  -22  -14   -6   -5  -12   -4   14    6  -12    3  -14
    1    9   23    1    2   73    1    3    0       382  -14   -5    2   -4  -21   16    4  -10    3    1   12  -13   -9  -14    0  -13   -9   12
    1    9   24    1    3   81    1    3    1         0  -12  -11   10  -13    0  -11    9  -11  -14   -6   -7  -10   -6   14    5  -12    3  -14
    1    9   25    1    1   74    1    2    0        25   11    3    7  -13  -14   -4    2   10   13  -12    5   10  -13   -8   -7   13   -4    1
    1    9   26    1    1   76    1    3    0         0   11    4    7  -12  -11    1    0   12   12  -11    4    8  -14   -6   -7   12   -2    1
    1    9   27    1    3   73    1    1    0         0  -11  -12   12  -14    1  -11   10  -12  -14   -6   -5  -12   -4   16    4  -12    5  -15
    1   10    1    1    2   84    1    2    1         0  -16   -5    3   -1  -11    6    6  -11    2    2   10  -14   -9  -14   -6   -3    0    4
    1   10    2    1    3   83    1    3    1         0  -13  -10   11  -14    1  -11    9  -12   -6   -9   -4  -13   -5   15    6  -10    3  -14
    1   10    3    1    1   86    1    3    0         1   12    3    8  -13  -16   -5    2   11   13  -10    3    8  -12   -8   -7   13   -5    2
    1   10    4    1    3   87    1    2    0         0  -12  -11   12  -14    0  -10   10  -12  -15   -5   -6  -12   -1   23    4  -11    4   -5
    1   10    5    1    1   89    1    2    0         0   10   -5   -2   -3  -12   -3    1   11   11  -10    4    8  -14   -6   -1   18   -4    1
    1   10    6    1    1   90    1    1    1         0   11    6    7  -13  -14   -4   -4    6   12  -11    4    8  -12   -7   -6   13   -9    3
    1   10    7    1    3   84    1    2    0        17   -2  -14   20   -5    1  -11   10  -11  -13   -7   -7  -14   -5   15    6  -13    3  -13
    1   10    8    1    3   86    1    3    1         0  -12  -11   11  -14    1  -12   10  -12  -15   -7   -5  -13   -6   16    4  -11   -6  -24
    1   10    9    1    2   85    1    1    0       321  -16   -4   -6    7  -12    7    5  -11    1    1   11  -13  -10  -13   -7   -1    6   -1
    1   10   10    1    1   87    1    2    0      1143    7   -3    8  -13  -15   -3    2   11   10  -10    4    8  -14   -6   -6   13   -4    1
    1   10   11    1    2   82    1    2    1        97  -15   -4    1   -3  -11    6    5  -11    7   -5   11  -13   -9  -14   -6   -1    1    2
    1   10   12    1    2   83    1    1    0         0   -9   -2    1   -3  -11    7    6  -12    3    2   11  -13   -9  -13   -6   -3   -3    5
    1   10   13    1    2   88    1    1    0       372  -14   -5    0   -3  -11    6    5  -10    1    3   11  -13  -10  -13   -7   -4    0    6
    1   10   14    1    3   85    1    1    0         2  -12  -11   13  -12    1  -11   17  -12  -13   -5   -5  -12   -6   16    4  -11    2  -15
    1   10   15    1    1   84    1    1    1         0   11    5    8  -14  -15   -3    2   12   12  -11    4    8  -13   -8   -7   14   -5    2
    1   10   16    1    3   82    1    1    0         0  -12  -11   11  -18    1  -11   10  -12  -13   -6    0  -13   -5   15    7  -10    3  -14
    1   10   17    1    2   89    1    1    0        72  -15   -4    2   -3  -11    6    4  -12    2    2   12  -12  -10  -13   -6   -3    0    5
    1   10   18    1    1   88    1    1    1        60   11    3    6  -12  -13   -5    2   11   13  -12    4    9  -12   -7   -6   12   -4    2
    1   10   19    1    2   86    1    1    0        94  -11    1    1   -3  -11    5    5  -11    1    2   11  -13  -11  -12   -6   -3   -1    4
    1   10   20    1    3   88    1    1    0      3149   -6  -14   11  -14    2  -11   10  -12  -14   -6   -4  -12   -6   14    5  -12    2  -14
    1   10   21    1    1   85    1    1    1       115   12    4    7  -13  -13   -5    1   12   15  -13    5    7  -12   -7   -5   13    0   -1
    1   10   22    1    3   90    1    1    0       977  -11  -12   10  -14    2  -12   10  -11  -12   -4   -6  -11   -7   13    5  -12    4  -15
    1   10   23    1    2   90    1    1    0         0  -23   -5    3   -5  -14   10    5  -11    3    2   11  -13  -10  -12   -5   -4   -1    6
    1   10   24    1    1   82    1    1    1       188   20    6    6  -12  -11    0    2   10   11  -11    5    8  -13   -7   -7   13   -3    2
    1   10   25    1    1   83    1    1    1       146   11    4    7  -13  -13   -4    2   12   12  -11    5    7  -13   -7   -6   13   -4    1
    1   10   26    1    3   89    1    1    0         0  -16  -17   11  -14   -1  -12   10  -12  -15   -6   -4  -13   -3   15    5  -12   -4   -8
    1   10   27    1    2   87    1    1    0         0  -16   -3    1   -4  -10    7    5  -11    3    1   10  -14  -11  -14   -5   -4    0    8
    2    1    1    1    2    9    1    2    1      1640  -15   -4   -1   -5  -11    6    6  -12    3    2    9  -11  -11  -12   -6   -3   -2    6
    2    1    2    4    2    4    2    1    0      3436  -12  -14   -4    7  -13    7    7  -13    1    2   10  -14  -10  -12   -6   -4   -6    9
    2    1    3    5    1    2    3    1    1       905    9    5    5  -12  -24  -11    0    9   20  -18    5   15  -20   -3   -7   15    0   -1
    2    1    4    1    2   13    1    2    1      1003  -15   -4    4   -6  -11    6    5  -11    3    1   12  -13  -11  -13   -5   -3   -1    5
    2    1    5    1    3   25    1    3    1       137  -12  -10   13  -15    1  -11   10  -12  -15   -6   -6  -11   -5   15   14   -8    3  -13
    2    1    6    5    2    8    3    2    1         2  -14   -4   -5    4  -19    8    5  -10    1    4   11  -15   -5  -14  -10    1   -5   10
    2    1    7    5    1    5    3    3    0       115   15    0    4  -11  -20    6    2    4   13  -11    3    8  -13   -6   -5   15    3   -9
    2    1    8    5    3    2    3    3    1        36  -15  -16   15  -10    2  -11   20  -19  -12  -15   -1  -14   -4   14    6  -16   -5   -5
    2    1    9    4    2    5    2    3    0         0  -11   -7    2   -3  -12    6    6  -13   -2   -3   15  -18   -9  -15   -2   -7    0    6
    2    1   10    4    1    6    2    3    0       113   11    2    5  -14  -11   -9    2   10   11  -10    6    8   -8  -11  -16   17   -2    0
    2    1   11    5    3    3    3    3    1         0  -12  -12    9  -13    4   -5   12  -11  -21    3   -9  -13   -6   15   13   -6    5  -15
    2    1   12    5    1    9    3    3    0         0    4   14    9  -16  -12   -4    0   11   13   -1   10   17   -6    3    2    7  -11    6
    2    1   13    1    2   29    1    3    0         0  -14   -5    1   -4  -12    5    5  -11    3    2   11  -13  -13  -14   -6   -3   -1    5
    2    1   14    3    3    2    1    3    1       361  -12  -12   11  -14    1  -11   10  -12  -13   -7   -5  -11  -11    5    5  -12    2  -15
    2    1   15    5    3    6    3    3    1       163  -12  -13    5  -12   -4   -8   10  -11  -13   -7   -6  -14   -7   16    1  -19    0  -10
    2    1   16    1    3   42    1    3    1         0  -12  -11   10  -13    1  -12    7  -17  -14   -6   -4  -12   -4   14    5  -12    3  -15
    2    1   17    1    2   46    1    3    0       423  -16   -3    1   -3  -13    6    5  -11    3    1   11  -13  -10  -13   -6   -4   -1    6
    2    1   18    5    1    7    3    3    0       531   12    4    2  -11  -16   -4    1   12   12  -10    4    6  -14   -3   -6   14   -9    0
    2    1   19    5    2    1    3    3    0        36  -18   -7    8    7   -2    1    4  -10   -1   -4    8  -18  -12   -8   -4   -5   -1    6
    2    1   20    5    3    9    3    3    1         0  -12  -10   13  -14    5  -10   11  -16  -23  -15   -3  -10   -4   16    8  -15   11  -11
    2    1   21    1    2   60    1    3    0       326  -15  -10    1   -2  -12    7    5  -11    2    2    1  -15  -10  -15   -6   -3   -1    6
    2    1   22    1    2   68    1    3    0       461  -16   -2    1   -3  -11    7    3  -14    1    3   11  -13   -8  -14   -7   -2   -2    6
    2    1   23    3    1    2    1    3    0         0   12    4    7  -14  -13   -4    2   12   12  -11    3    7  -13   -8   -6   13   -5    2
    2    1   24    3    1    3    1    3    0         0    4    5    6  -13  -14   -4    0   17   13  -11    3    8  -11   -2   -5   13   -4    1
    2    1   25    4    3    6    2    3    1         0  -10   -9   12  -16   -5   -4   11  -13   -5  -14   -1  -13   -9   20    7  -12    2  -13
    2    1   26    1    1   78    1    3    0       205   11    4    7  -13  -15   -3    3   12   12  -11    5    8  -14   -7   -6   12   -4    1
    2    1   27    5    2    5    3    3    0        51  -18    4   -3    1   -1   -2    4  -11    2   -1    7  -12  -11  -18   -9   -1   -3    6
    2    1   28    5    3    8    3    3    1        47   -4   -8    6   -7    9   -6    0  -13  -15   -4    3   -6   -3   16    3  -12    6  -23
    2    1   29    1    1   85    1    3    0         0   12    4    7  -13  -13   -5    1   12   15  -13    5    7  -12   -7   -5   13    0   -1
    2    1   30    3    2    2    1    3    0         0  -14   -3    0   -4  -12    4    5  -11    1    2   11  -13  -10  -14   -6   -3   -2    5
    2    1   31    3    3    3    1    1    0         0  -13  -10   16  -23    0  -11   11  -12  -15   -5   -5  -12   -3   13    4  -11    3  -14
    2    1   32    5    2    3    3    1    0        81  -16   -3   -1  -13  -14    9    6  -14    1    2   13  -12   -9  -15   -7   -2   -2    6
    2    1   33    2    2    0    0    3    0         0  -15   -4    1   -3  -11    6    5  -11    2    2   11  -13  -10  -13   -6   -3   -1    5
    2    1   34    4    2    1    2    3    0         0  -13   -5    0   -5  -12    8    6  -11    1    1   12  -13  -13  -18   -7   -3   -3    9
    2    1   35    4    3    3    2    2    0        25  -13  -10   13  -19   -3   -8    5   -9  -14   -5   -5  -14   -9   20    6  -13    3  -12
    2    1   36    2    1    0    0    1    1       294   11    4    7  -13  -14   -4    2   11   12  -11    4    8  -13   -7   -6   13   -4    1
    2    1   37    1    1    7    1    3    0         0   13   -4    2  -14  -15   -3    1   10   12  -11    4    8  -14   -8   -5   12   -4    1
    2    1   38    4    3    4    2    3    1         0   -9   -6   14  -12    0  -13    9  -13  -10    0   -7  -12   -5   13    6  -13    4  -15
    2    1   39    4    3    2    2    3    1        50  -10  -13   13  -16    0  -10   14  -12  -15   -5   -5  -11   -4   15    5  -11   -6  -22
    2    1   40    4    1    2    2    2    0        40   10    6    6  -13   -6  -12    3   12    6  -21    4    9  -12   -7   -4   13   -4    0
    2    1   41    5    1    1    3    3    0         0   10    4    4  -18  -17   -7   -6    5   10  -10    9    7  -21  -17  -12   22   -7    9
    2    1   42    5    3    4    3    1    0       186  -10  -11   18  -12    7   -2   10   -9  -16   -7   -9  -17   -6   15   13  -15    2  -15
    2    1   43    1    2   16    1    3    0       110  -15   -5    1   -3   -3    2    6  -11    3    1   10  -13  -10  -13   -6   -2   -1    5
    2    1   44    4    3    5    2    3    1        14  -12  -12   19  -20   -1   -9   11  -13  -14   -8   -7  -12   -6   13    7  -13    3  -12
    2    1   45    1    1   26    1    3    0         0   12    4    6  -12  -14   -4    2   10   13  -12    4    8  -13   -7   -5   13   -4    0
    2    1   46    1    2   35    1    3    0         0  -14   -4    1   -3  -16    9    5  -11   -3    7   11  -14  -12  -11   -5   -3   -1    5
    2    1   47    1    3   39    1    3    1        41  -12  -11   10  -13    1  -11    0   -3  -13   -6   -4  -13   -6   14    4  -11    3  -14
    2    1   48    5    1    6    3    3    0         0    9    3    9  -18  -12   -3    2    2   12  -12    3    9   -6   -9    0    5   -5   -2
    2    1   49    4    2    3    2    3    0        51  -17   -3    2   -1   -6    7    6   -9    2    3   11  -14   -9  -11  -13  -10   -1    3
    2    1   50    4    3    1    2    3    1         0  -10  -11   11  -12   -9  -14    2   -4  -15   -6   -7  -13   -5   13    5  -13    4  -16
    2    1   51    5    3    5    3    3    1       534   -7   -2   13  -14    1  -15   12  -12  -10   -5   -1   -7   -2   19   10  -16    4  -13
    2    1   52    1    3   54    1    3    1         0  -12  -11   21  -16    1  -10   11  -13  -14   -6   -6  -12   -5   15    6  -12    3  -14
    2    1   53    4    1    5    2    3    0        68   10    2    7  -11   -8   -2    1   11   14   -9   12   13  -13   -6   -6   14   -5   -2
    2    1   54    3    3    1    1    3    1         0  -13  -12   12  -14    2  -11   11  -12  -14   -6   -6  -12   -5   15    5  -11    3  -14
    2    1   55    1    3   55    1    3    1       317  -11   -9   15  -14    1  -11   11  -13  -14   -7   -4  -13   -5   15    5  -11    2  -13
    2    1   56    5    1    4    3    3    0       357    4    3    9  -22  -10    2    1    9   14  -12    7   10   -8  -13  -14    8   -2   -1
    2    1   57    1    3   68    1    3    1         0  -11  -12   11  -14    1  -11    9  -11  -15   -7   -5  -13   -5   14    5  -12    3  -14
    2    1   58    2    3    0    0    3    1         0  -12  -11   11  -14    1  -11   10  -12  -14   -6   -5  -12   -5   15    5  -12    3  -14
    2    1   59    3    1    1    1    3    0         0   10    4    5  -17  -13   -3    2   10   12  -11    5    7  -13   -7   -3    9   -5    3
    2    1   60    4    2    6    2    3    0         0  -16   -3   -6  -11   -9    7    4   -9    7    2   11  -15   -9  -13    3  -11    6   -2
    2    1   61    5    3    7    3    3    1       403  -16  -17    3  -20    4   -3   14  -13  -11   -7   -7  -13  -10   12   13   -4    3  -15
    2    1   62    1    3   74    1    3    1       406  -11  -10   11  -14    2  -11    2  -22  -14   -6   -5  -12   -4   14    6  -12    3  -14
    2    1   63    4    2    2    2    3    0       156  -16    2   -2    1  -11    5    4  -12    3    0   10  -15   -9  -13   -5   -3   -2    5
    2    1   64    1    3   85    1    3    1       731  -12  -11   13  -12    1  -11   17  -12  -13   -5   -5  -12   -6   16    4  -11    2  -15
    2    1   65    3    2    3    1    3    0      2002  -10   -9    2   -3   -9    4    5  -11    3    2   13  -12   -9  -12   -6   -2    0    4
    2    1   66    1    1   48    1    3    0       208    9    2    6  -14  -14    0    1   11    2   -9    5    7  -14   -8   -7   14   -3    1
    2    1   67    1    2    3    1    3    0         0  -16   -4    0   -3  -12    7    5  -11    3    2   11  -13   -9  -12   -5   -2   -2    4
    2    1   68    4    1    3    2    3    0       441   20    2    6  -12  -14   -3    1   10   13  -12    6    4  -12   -8   -8   13   -6    8
    2    1   69    1    3   17    1    3    1         0  -12  -11   11  -14    0  -10    9  -11  -14   -6   -5  -13   -5   15    5  -12    2  -15
    2    1   70    4    1    4    2    3    0        74   10    6   11  -18  -13   -5    2   12   12  -12    6    8  -12   -7   -5   14   -5    2
    2    1   71    5    2    7    3    3    0       233  -17   -1   -5    4  -11    7    4  -12    5    3   13  -14   -8  -14   -7   -4   -3    7
    2    1   72    1    1   27    1    3    0        66   10    4   10   -4  -14   -3    2   12   12  -11    4    9  -13   -7   -7   14   -4    1
    2    1   73    3    2    1    1    3    0         0  -15   -4    2   -2  -10    6    5  -11    3    1   11  -13   -9  -14   -1   -3   -1    5
    2    1   74    5    1    8    3    2    0         0    9   11    8  -15  -22   -5    8   15   12  -13    6    6  -17  -11   -4   12  -11   -3
    2    1   75    1    1   59    1    2    0        22   11    4    7  -12  -15   -4    3   11   12  -11    4    8  -13   -7   -6   14   -5    1
    2    1   76    5    2    2    3    2    1       217  -15   -9    0   -2  -14   10    4  -11    0    4   11  -12  -10  -14  -12   -1    3   11
    2    1   77    5    1    3    3    2    0       171    6    6    2  -10  -20   -6    0   13   13  -11    4    9  -15   -9   -2   17   -3   -9
    2    1   78    5    2    4    3    2    1         0   -8   -8    2   -3   -8    0   14  -15    3    1   13  -13  -11  -13   -5   -2    0    4
    2    1   79    5    3    1    3    2    0        78  -22   -8    8  -23    7  -15   13  -15   -9   -6   -6  -14   -3   13    6   -9    6  -12
    2    1   80    1    1   28    1    2    0      1799    9    4    7  -14  -13   -5    2   11   11  -12    4    8  -12   -8   -6   13   -4    1
    2    1   81    5    2    9    3    2    1         0  -12  -11   -2   -5  -10   -1    7  -10    1    4    7   -4   -9  -13  -15    3   -1    7
    2    1   82    1    1   38    1    2    0        27   10    4    7  -12  -12   -5    3   11   13  -11    5    8  -13   -7   -6   14   -3    1
    2    1   83    5    2    6    3    2    1       334  -15   -6    8    4  -20    9   15  -15    6    7   14   -7   -7  -12   -2    3   -1   10
    2    1   84    4    1    1    2    2    0      1703    9    5    6  -12  -14   -9   11    1   12  -13   -3    2  -22   -2    0    6   -1    0
