    1    1    1    1    2    3    3    1    0     37512    1    3   -8   -8   -5   -3   -9    5   15    4    9    3  -14  -13    2   -2   17    3
    1    1    2    1    2    8    3    3    0      5515   -8   -8   -8  -13   -3   -9   -9   16    5    9   18   -4  -14  -17   -2    3   17   12
    1    1    3    1    3    1    3    2    0      2157   -6    9   17   -2   -3    1  -11    2   12   11    9   -5    7  -11    1   -8    3    2
    1    1    4    1    1    9    3    1    1      2452    1    7    2  -12   -1   -5   10   10   22   -6   11   -2   -2    4   -5  -21   13   -8
    1    1    5    1    1    1    3    3    0      4286    1    5   12  -20   -6    5   13    6    7    9    9   -2    2    7   -2  -18   13  -13
    1    1    6    1    3    3    3    2    0      1263    1    4   13   16    1   -1  -10    4   13    8    5   -7    7   -9    5  -17    7    5
    1    1    7    1    3    2    3    2    0      1081    9    0    8    7   -9   -2   -7   -3   11   10    8    4   10  -11    2  -14    5    6
    1    1    8    1    1    7    3    2    0      1051   -5   11    5  -14    0   -1   13   15   16    3   21  -13  -11    0    1  -13   13   -8
    1    1    9    1    3    5    3    1    0      2991   -4    4   16   -2   -2    3  -11    2   12    7    4   -9    8  -11   -1  -16    7    5
    1    1   10    1    1    8    3    3    0      2356   -2   11    2  -13   -8    2   10   11   20    7   11   -5    0   -1   -5  -15   12   -9
    1    1   11    1    2    4    3    2    1       771  -12  -11    1  -15   -3  -11  -12    6    8    8   23    2   -6  -12   -1    1   17    9
    1    1   12    1    1    3    3    3    0      1697    3    7    1  -14    1    8   15   18    8   -2    7  -15    0    0    1  -11   15   -5
    1    1   13    1    3    4    3    2    0      1306   -3    8    5   16  -16   10  -12    0   11   11   14    3   -2  -16   -9   -7    6    4
    1    1   14    1    2    7    3    2    1      1249  -12   -3   -7  -11   -9   -5  -14    5    7   10   13   -2   -5   -7    9    7   11   15
    1    1   15    1    1    6    3    3    0      1357    2    1    2  -13    1   -6   13    0    7   -2   12   -6   -6    7   -1  -12   22  -12
    1    1   16    1    3    6    3    3    1       947    6    5   10    5  -14    5  -12    0   14    6   12   -3    8  -11   -4   -9    1    2
    1    1   17    1    1    4    3    2    0      1307   -5    7    3  -11   -1   -1   21   16   22    5   18   -6   -7    6   -5  -12    9   -2
    1    1   18    1    2    9    3    1    0      1011   -5   -5  -16   -8   -7   -9   -8    8    8    8   17   -3  -15  -14   -2    0   22   16
    1    1   19    1    1    5    3    2    0      3319   -4    9    3  -11   -1    1   12   18   11    0   14   -6    4   10    0  -13   11   -8
    1    1   20    1    1    2    3    2    0       767    9   10    4  -13   -6   -5    6    7   13   -1   17  -10   -1    2   -4   -9   19   -8
    1    1   21    1    3    9    3    2    0       814    0    1    9    5  -10    0  -20    2   18    4    9   -5    5  -11   10  -23    2   -2
    1    1   22    1    2    5    3    2    1       428   -7   -7  -12  -16   -3  -10   -8    8    8    9   10   -5  -18  -17   -5    4    6    2
    1    1   23    1    2    6    3    2    1       809  -17   -3  -14  -18   -9   -5   -7   11   -2    2   23   -8  -14  -13    1    0   17   10
    1    1   24    1    3    8    3    3    1       742    6    2    8    7   -1   -5  -11    2    9   12   16   -8   11  -13    2  -13    2    0
    1    1   25    1    2    2    3    1    0       532  -13  -11  -10  -12   -5   -9   -3    4    4   15   20  -11  -11  -22   -1    2   18   10
    1    1   26    1    2    1    3    1    0      1050  -12  -12   -8  -19   -2   -5   -5   10   18   15   20    7  -10  -13    7   10   19   19
    1    1   27    1    3    7    3    3    1      3516   -5    6    1   -4   -8   -1   -1    0    8   -1    2   -6   10   -7   10  -16   15   10
    1    2    1    1    1   10    3    2    0      3437    3    5   -4   -2   -9   10   13    7    9    8   17  -14   -6    3   10  -15   11  -13
    1    2    2    1    1   13    3    2    0       818    1    5    5  -13   -5    3   10   10   11   -3   16   -7    2   10    1  -13   16   -4
    1    2    3    1    2   14    3    2    1       655   -7  -12   -3  -11   -1  -10  -12   15   11    0   12   -4  -12  -15  -10   -5   17   12
    1    2    4    1    1   17    3    3    0      1011    1    7    3  -11   -2    5   12    9   11   -2   17  -11   -7   -4    0  -15   19  -10
    1    2    5    1    3   16    3    2    0      1481   -1    5    5    6   -6   -1   -2    0    4   17    9   -7    7  -11    9  -21    7    4
    1    2    6    1    2   15    3    1    0       938  -13   -8  -16   -3   -6  -10  -11    7   10   10    9   -5  -17  -18    0   -1   17   13
    1    2    7    1    2   12    3    2    1       882   -9   -6  -15  -13  -12   -9  -11    7    8   15   14   -8  -10  -14    2   -3   22    2
    1    2    8    1    1   12    3    1    1      1834   -3   16    3  -14    0   -1   19    7   10    4   15   -8    1    7   -1  -13    9  -11
    1    2    9    1    1   16    3    2    0      1406   -3   12    6  -15    7   10   20   16    2    2    8  -14   -3    0   10   -6   12  -19
    1    2   10    1    1   18    3    2    0      1010    4    8    1  -12   -1   -1   10   11   14    4   15  -10   -1    3   -5  -23   19  -11
    1    2   11    1    3   11    3    2    0       872    1    6   17    8  -15   10   -6   -2    7    4   11  -10    3  -11   -6  -20    8   15
    1    2   12    1    1   14    3    3    0       818    6    5    5  -13   -3   -2   12   10   14   -1   21    2    0    6   -1  -22   14  -10
    1    2   13    1    3   10    3    2    0      2925   -1    5    8    7   -4    5  -13    5   12    8    5  -10   11   -9    2  -14    4    7
    1    2   14    1    2   13    3    1    0       421   -5   -2  -13  -11    0   -6   -3    0   -1   11   14   -3  -15  -17   -3   -5   13    4
    1    2   15    1    1   15    3    2    0       288   -6   -3   -3   -6    6   -8   10    9   16    2   15   -8   -2    1   -6  -23   18   -8
    1    2   16    1    1   11    3    3    0       514    1    4    2  -13   -1    1   11   12    2    0   21   -6    0   11   -2  -19   11   -5
    1    2   17    1    2   18    3    1    0       538  -13  -14  -16   -7   -3  -12  -13    0   11   14   10   -6  -15  -15   -9    4   14    3
    1    2   18    1    3   12    3    2    0       339   -2    4   -1   10   -2   -2  -12    1    3    1   10   -6   11  -17   -2  -14    7    3
    1    2   19    1    3   13    3    2    0      1024    5   13    7    6   -7    0  -14   -3    9   10    6   -3    9  -10    1  -12   13   12
    1    2   20    1    3   18    3    2    0       660   -8   -4    7    6   -8    1  -17   -5   13    6   11   -5    7  -12   10  -12    8    3
    1    2   21    1    2   17    3    2    1       966  -10   -7   -6  -13    0  -12  -10    7    7   11   18   -7  -11  -19    1   -1   12    8
    1    2   22    1    2   10    3    2    1       863  -18   -3   -6  -11   -8  -12  -11    4   -1   10   16   -1  -19   -9   -6    9   15   11
    1    2   23    1    2   16    3    1    0       842   -9   -5   -2  -21   -5   -8   -4    3    7   14   24  -10  -12  -16    6    7   17   21
    1    2   24    1    3   15    3    2    0      2085    5    5    9    5    1   -1  -11    3   17    3   15   -3   13  -21    6  -16    4    7
    1    2   25    1    3   17    3    2    0       703    2    4   16   15   -3    3  -14   -9   11   10    6   -5   11  -13   -5  -17   11    6
    1    2   26    1    2   11    3    1    0       448  -10   -6   -8   -3   -4   -9   -6    6    6   10   21    2  -16  -13  -10    9   16   14
    1    2   27    1    3   14    3    2    0       523    3    9    5    6  -10   -4  -10    3   13    6    1    4    9  -13    4  -15   11   12
    1    3    1    1    2   26    3    1    0      1553   -8   -7   -5  -11    6   -2   -9    5    9    8   16    0  -17  -12    4    3   16    8
    1    3    2    1    1   20    3    2    0       320   -6   12   -2   -3   -2    1   10    9    3   -8   16   -9   -8    4   -2  -17   13   -8
    1    3    3    1    3   21    3    3    1         1   -3    6    7    6  -11    0  -16    5   22    8   11   -5   10   -8    0  -12    5    3
    1    3    4    1    2   19    3    1    0       685   -5   -8   -8   -7   -6   -5   -5    3   17   11   18    2  -10   -9   -1    1   21    1
    1    3    5    1    2   25    3    2    1       431   -5   -3  -16  -22   -2  -12  -16   10    9   10   10   -7  -17  -16  -10   10   20   10
    1    3    6    1    2   20    3    3    0        78  -12   -5   -7  -12   -6   -6   -6    8    6    9   19   -3   -9  -15   -1    0   20   13
    1    3    7    1    1   19    3    2    0       792   -3    9   11  -12   -1    4   11    9    2    9   14  -10   -6   10   -5   -7   12   -4
    1    3    8    1    3   23    3    2    0       791   -5    3   13   -4   -9    2  -20   -5    6   -3   12  -10    9  -10   -1  -15   -3   -4
    1    3    9    1    1   23    3    1    1       823    1    5    3  -11   -4    1   12    9   13    6   22  -11  -10   -5   -4  -16   14   -8
    1    3   10    1    3   26    3    1    0      2212    1    4   10    3   -5    3  -10    0   15    4    9   -4    4  -21    0  -12    5    9
    1    3   11    1    3   19    3    1    0       775    1    3   12    8  -13    5  -11    2   21    4   10   -4   12  -17    6  -16    6    6
    1    3   12    1    2   24    3    3    0       998   -8   -6   -6  -13   -6  -20   -8    6   12    9   17   -2  -11  -12   -9   -3   16   10
    1    3   13    1    3   20    3    2    0      1081    7    3    9    5  -14   -2   -7   -2   13   11    4   -5    9  -10    2  -17    5    7
    1    3   14    1    3   22    3    2    0      3274   -2    8    7   10   -9    0  -12    5    8   16    3   -4    8  -14   -2  -12    4    4
    1    3   15    1    2   21    3    3    0        84  -17   -8   -8  -12   -3  -10   -5    5    6   17   19   -4  -18  -12   -1   -2   10   20
    1    3   16    1    1   27    3    1    1         0    1    5    1  -12    6   -2   13   15   14    1    8   -4    0    2    2  -14   11   -6
    1    3   17    1    1   21    3    1    1       813    8    7   -2  -15   -1   -1   19    9   18    4   16   -9   -7    5    0  -16   14   -8
    1    3   18    1    3   27    3    3    1      1591   -7    0    5   12  -10    1  -11    9   12    7   12    0    8  -11    2  -23    6   -4
    1    3   19    1    3   25    3    2    0      1157    8   -1    7    7   -5   -5  -13   11   12    9    5   -9    2  -11    3   -5    8    3
    1    3   20    1    2   22    3    3    0       597   -8   -7    4  -17    0  -11  -12    5   16    4   15   -7   -5  -24    1   -4   16   10
    1    3   21    1    1   22    3    3    0       745    1    8   -5   -9   -5   -2   16   10    9   -1   14    0    5   -2   -1  -14    5   -8
    1    3   22    1    3   24    3    2    0      1031    2    3    3    1  -10    0  -16    2   15    5    8   -5   14  -16    1  -11    5    6
    1    3   23    1    2   27    3    3    0       715  -10   -6   -8  -11   -4   -8   -9    4   10   10   16    6  -15  -17   -2   -1   17   12
    1    3   24    1    1   25    3    1    1      1513    2    4    4  -12   -2    1   11   14   13    0   18   -3    7    0   -1  -14    9  -13
    1    3   25    1    1   26    3    3    0      1804    7   -1   -3  -18   -6    4   14   14   13   -3   17   -9   -2    1   -2  -11   13   -8
    1    3   26    1    2   23    3    2    1       960  -10   -1   -5  -12  -10  -10  -13    7   15   14   14   -2  -12  -15    2    1   14    4
    1    3   27    1    1   24    3    1    1       790    2    7    1  -10    4   -1   10    9   22   -1   20   -8    2    1   -8  -15    9   -9
    1    4    1    1    1   33    3    2    0      2034   11    7    8  -16    0    1    5   17    8    0    7  -13   -4    0   -1  -13    5   -1
    1    4    2    1    2   34    3    3    0      1087   -9   -8   -5  -12   -7   -6   -5    4    6   10   16   -6  -11   -4    0   -2   13   17
    1    4    3    1    3   29    3    1    0      1984    1    4   16   15  -10   -3  -21    5   18   12    8   -6   12  -11   -3   -6   10    3
    1    4    4    1    1   31    3    3    0      1022    0    4   -2   -8    0    0   10   13   11    1   19   -8   -4    0    9   -9   23  -11
    1    4    5    1    3   35    3    3    1      2162    2   14   11    6   -9   -1   -8    7   16   13   16  -12   13  -14    3  -16   11    2
    1    4    6    1    3   36    3    2    0      1336    5   -6   14   11   -7    1  -15    6   11    9    6   -9    3  -10   -8  -12    0   -4
    1    4    7    1    3   33    3    1    0      1104   -2    0    9    6   -8    1  -12    1   14    6   11   -5    3   -4    0   -4    1   13
    1    4    8    1    2   30    3    2    1       912  -14   -7   -5  -11    5  -17  -19   11   13    7   16   -3  -17  -13   -5    3   16    9
    1    4    9    1    2   32    3    1    0      1065  -16  -13  -15  -20   -9  -13   -7    3    4   18   16    3   -4  -24   -6   -2   11    7
    1    4   10    1    1   34    3    2    0       236    2    6   11  -11   -2    0   17   19   12    3   15   -8   -5    5   -8  -14    8   -9
    1    4   11    1    1   35    3    3    0       303   -1   -3   -5   -4   -4    6   14   14    3   -6   12  -13    0    3    2  -16   11   -2
    1    4   12    1    1   30    3    1    1       624    3    4    1   -9   -2    4   10   11   13    1   14   -9   -3    7    3  -17   19  -13
    1    4   13    1    3   32    3    3    1      1635  -10   12    8    7  -10   -1  -16    8   12    9    2  -15   11   -9    2  -18   11    6
    1    4   14    1    2   33    3    2    1      1711  -11   -9    2   -5   -3  -10   -3    7    7    3   17   -3  -15  -14    9   -1   18    7
    1    4   15    1    3   30    3    2    0       969    2    2   11    1   -8    1  -19   -5   14    7   11   -5    9  -11   -3   -7    7    6
    1    4   16    1    1   36    3    3    0      1040   -6    1   -7  -19    1   -2    9   11   12    1   15   -9    2    2    1  -14   18  -14
    1    4   17    1    3   31    3    1    0       948   -2    6   -1    0   -8    2  -10    0   16    2   14   -8    2  -15   11  -11    8    3
    1    4   18    1    2   28    3    2    1      1530   -8   -6   -5  -12   -2   -6   -3    7    3   14   17   -2  -15  -12    1   -1   14   10
    1    4   19    1    1   32    3    3    0      1034    3    7    1  -13    0   -1   12   12   15   -1   13   -8    4    1   10   -7   16   -9
    1    4   20    1    1   28    3    2    0      1196   -8    0    4  -10    8   -1    5    6   21    8   18  -12   -3    2    2  -13   12   -7
    1    4   21    1    2   35    3    1    0       842  -12  -11  -15   -7  -11   -5   -9    8   17   16   23   -6  -21  -11   -7    5    7   16
    1    4   22    1    1   29    3    1    1       356    8    0    3  -13    6    9    7   11   13   -1    6  -10   -3    1   -5   -4   13  -11
    1    4   23    1    3   34    3    1    0       256    1    3   14   -3  -14  -10  -16    5   14    8   10   -6   10   -9   -1  -17    7    4
    1    4   24    1    2   31    3    1    0      1009  -10   -7   -5  -13   -2   -7  -11    7    7   11   17   -5  -16  -14   -4    2   24   18
    1    4   25    1    2   36    3    2    1       548   -5   -5   -5  -14   -4   -9   -5    7    8    7   11   -7  -10  -15   -2   -1    6    1
    1    4   26    1    3   28    3    3    1      1143   -2    4   18    5  -10   -2  -12    0   15    5   11   -3    6  -10    0  -14   11    9
    1    4   27    1    2   29    3    1    0      1219    0  -12   -7   -7   -2   -9   -9    6   11   12   14   -1  -16  -19    0    1   23    8
    1    5    1    1    1   40    3    2    0      1055   -2    8    7  -13   -2    2   10   14   13   -1   13   -8   -6   -8   -2  -12    6   -5
    1    5    2    1    2   38    3    1    0        98  -11   -5   -5   -2   -5  -12  -10    6    7   13   14   -4  -19  -17    1   -1   23   20
    1    5    3    1    3   43    3    3    1        60   -5    3    1    1   -8    2  -11    0   11    8    9   -5   13  -11    7   -8   10   10
    1    5    4    1    2   45    3    1    0      1144   -8   -6   -5  -11   -1  -18   -4   10    1    9   20  -10  -14  -16   10   -6   22   14
    1    5    5    1    3   40    3    2    0       472   -4    8   12    1  -14    5  -10    2   16   15   12   -6    7  -14    0  -20    4    0
    1    5    6    1    1   44    3    3    0       628    6   11    3  -13    7    6    3   20    9   -5   12   -9  -11   -1   -1  -15   15  -10
    1    5    7    1    2   40    3    1    0       679   -8   -8   -6  -11    5  -14   -9    6   -2   13   23    0  -15  -14    0    2   16   12
    1    5    8    1    2   37    3    2    1       329  -14   -7   -4  -16  -13  -13    0    6    7   10   15   -4  -11  -14    0    1   17   13
    1    5    9    1    1   41    3    3    0      1513    1    5    3  -19   -6   -1    2   15   14   -2   14  -14   -7    4    4   -9    5   -1
    1    5   10    1    1   45    3    1    1       778    0    6    9   -4   -2    1   16    6   12    1   17   -7   -2    4   -1  -15   14  -10
    1    5   11    1    3   41    3    2    0       938    3    8    3    2  -18    8   -7   -3   12    7    5   -4   14  -21   -2   -5    6    3
    1    5   12    1    1   43    3    3    0       338    8   -3    2  -11   -4   -3   20    5   17   -5   13  -15   -1    8   -1  -11    5   -7
    1    5   13    1    2   44    3    1    0        81   -8   -7   -6  -11   -1  -12   -8    6    6   10   17   -2   -4  -12    0    4   12    5
    1    5   14    1    3   37    3    2    0         0    5   -2    1   11   -7    2   -9    0   17    9    7    3    7  -11   -9   -6   -3   -4
    1    5   15    1    2   39    3    3    0       395   -8   -9    0  -10   -5  -11  -11    4   11    7   20   -6  -23  -14    5   -1   14   11
    1    5   16    1    1   37    3    1    1       330   -6   16    9  -10   -1   -2   12    9   17    2   17   -8   -8   11    0  -15   12   -9
    1    5   17    1    1   39    3    1    1       362   -9    5    2  -12   -2    3    9    7    7    1   18   -1  -10   12    8  -14   18  -11
    1    5   18    1    1   42    3    1    1       379    0    8   -4  -13   -3    5   15    6   13   -1   14   -6   -4   12   -5  -11    6  -11
    1    5   19    1    1   38    3    3    0       441    6    6    7   -5   -3    3   10   11   14   -1   10  -18   -1   -1    0   -9   13   -8
    1    5   20    1    3   38    3    2    0       260    2    3    7    6   -4    3  -10    1   12    8   16  -14   13   -9   -3   -8    4   -2
    1    5   21    1    3   44    3    1    0       281    2    4   15   12   -8    1  -14   -1    3   16    7  -15   18   -5   -1  -11    6    4
    1    5   22    1    2   42    3    3    0       299  -12   -1   -4   -8   -7    0   -8    7   -1   17   10  -11  -17  -11   -2    0   14   10
    1    5   23    1    2   41    3    1    0       188   -4   -6   -3   -9    1  -16   -8    5    5   17   14    0  -16  -12   -1    0   21   21
    1    5   24    1    3   45    3    2    0       531    3   -5   10   16  -13   -2  -16   -1   10    5   11   -3   13  -12    6  -15    7    1
    1    5   25    1    2   43    3    3    0       221   -9   -6   -8  -22   -5  -11   -2    5    7    9   22   -3   -9  -13   -1   -4   17   12
    1    5   26    1    3   42    3    3    1       114    3   -1   17    8  -14   -4  -10    1   17    3   10   -4   13  -22   11  -18    7    4
    1    5   27    1    3   39    3    1    0       649    7   -3    5    1  -12    4  -11   -1   20   -1    9   -7    7  -14    2  -12   10    1
    1    6    1    1    3   49    3    1    0       508   -7   -4    9    5   -6    0  -12    4   18    6   20    4    8  -13   11   -6    6    9
    1    6    2    1    2   51    3    2    1       422  -14  -17   -5  -13    1   -8   -6    9    8    8   12   -5  -13  -11    1   -1    7    2
    1    6    3    1    2   47    3    2    1        68  -10   -7   -5  -12   -7  -20   -9   10   12   10   16  -10  -17  -18    2  -10   20   16
    1    6    4    1    1   51    3    2    0       350    6    2    4  -13   -1    1    8    6   11   -3   14  -10   -7    6   -4  -20   15  -13
    1    6    5    1    2   49    3    1    0        48  -10   -7   -7  -12   -2   -9   -9    9    7   12   17   -2  -10  -11    1    4   15    6
    1    6    6    1    3   47    3    3    1       444   10    6    3   -3   -8   -2  -12    3    4    4   10    2    7  -13   -9  -14    5    6
    1    6    7    1    2   54    3    1    0         0  -12    3   -8  -11   -7  -14   -1   11   11   12    6    6  -15  -12    2   -9   14   13
    1    6    8    1    1   49    3    2    0       712    2    5    3  -11   -2    0    2   15   15   -1   17   -9    8   -7    0  -15   14   -7
    1    6    9    1    2   46    3    1    0       315  -13   -7   -8  -12   -5  -10  -10    0    9    9   21   -5  -15  -13    7    2   13   16
    1    6   10    1    1   46    3    2    0       189   -3    8    2  -14   -1   -4   11    9    7   -1   15   -9   -3    3    5   -7    9  -11
    1    6   11    1    3   51    3    1    0       243    7    8    8    5   -8   -1  -13   -2   19    0    8   -4    7  -13    3  -15   -2   -3
    1    6   12    1    2   50    3    3    0        42   -8   -8   -6  -10   -4   -7   -6   10    8    9   16    0  -16  -13    1    1   14   16
    1    6   13    1    1   54    3    2    0       309    3    2    9   -7    1    0   20    4   11    5   11   -5  -11   12   -1  -13    7  -15
    1    6   14    1    3   50    3    1    0        86    1    5   13    1   -6  -10  -14   -2   21    9    8  -10    6  -11    1  -18    0    2
    1    6   15    1    3   48    3    3    1       497    1    0   16   16  -12    0  -11    2   14    6    2  -14    9  -13    2   -8    7   12
    1    6   16    1    1   52    3    3    0       841    2   10    1  -10   -2   -1    6   15   21    0   16   -9   -1   -3    0  -24   16  -15
    1    6   17    1    1   47    3    2    0       438   -1   14   -4  -11   -2   -1   19    9   12    0   16  -16   -8    2   -1  -14   12  -18
    1    6   18    1    1   48    3    1    1       322    4    4   11  -11   -3   -9   16   13   13   -2   11    0   -1    2   -5  -17   14  -13
    1    6   19    1    1   53    3    2    0       866    1   10    5   -4    1    0   12    9   14    0    7   -9   -7    0    3  -17    8    0
    1    6   20    1    3   54    3    1    0       158    1    3    6    8   -8    1   -7   -2   14    8    3    2    3  -11   -5  -16   -3   15
    1    6   21    1    3   53    3    3    1       198   -5    0    4   -2   -5    4  -12    0   12    4   10   -6   -1  -18    4  -22    0   -3
    1    6   22    1    2   52    3    3    0       380   -4  -17   -4  -12    0  -15   -7   -2    9    8    8   -5  -14  -16    5    3   14   12
    1    6   23    1    1   50    3    2    0         0    0    4    3  -14    0    0   11    8   11    4   14    1    3    2    2  -17   14  -10
    1    6   24    1    3   52    3    3    1       122   -5    5   18   14  -13    2   -9    6   14    9   17  -14    3  -18   -4  -15    5    4
    1    6   25    1    2   48    3    3    0       324   -3    1   -6  -13   -9   -5   -5    3   15    4   16   -3  -15  -15   -9    7   16   12
    1    6   26    1    2   53    3    1    0       356    1    0  -13  -15   -3  -10  -17    6    7    6   15   -2  -12  -13   -1    1   15   11
    1    6   27    1    3   46    3    2    0       245    1    6    5   11   -9    0   -4    4   14   17   10    3    6  -14   -4  -12    4    6
    1    7    1    1    2   57    3    2    1      3207   -2  -14   -4  -10   -3   -3   -8    7   11    0   14   -3  -10  -15   -2    0   23    4
    1    7    2    1    2   61    3    3    0       662  -12  -10    0   -4    1  -16  -10    3    3    8   15   -7  -11  -19    2   -2   21   10
    1    7    3    1    1   58    3    2    0       233   -7    4   -2  -12   -2    0   13   15   13   -2   18   -9    8    6   -1  -14   16  -11
    1    7    4    1    1   57    3    3    0       110   -2   10    8   -7    1    4    1   16   14   -3   22  -15  -12    5    4  -14   11  -19
    1    7    5    1    3   61    3    2    0       183   -1   -3   11    8  -11   -4   -7    0   15   -2    8   -6   10  -11    2  -11    6    6
    1    7    6    1    3   58    3    3    1       333    0    5    7    6   -3    1  -11    2    6   13   11   -5    7  -13   11  -19    9   12
    1    7    7    1    2   58    3    2    1       143  -11   -6   -9  -20  -14  -15  -12    4    7   10   19   -6  -12  -17    1    1   14    8
    1    7    8    1    2   59    3    1    0       328  -18    0   -7   -7   -1   -6   -6    2   11    6   17   -5  -12  -13   -4    5    9    3
    1    7    9    1    1   63    3    3    0      1033    1    7   -1  -15    8   -7    2   18   13   -2   23   -2   -2    1    2   -9   12  -10
    1    7   10    1    2   55    3    1    0       365   -7   -8   -5  -12   -1   -6  -11    7    6    9   24   -8  -12  -17    1   -1   19   14
    1    7   11    1    3   55    3    3    1        93    0    6    8    7   -8   -1  -14   -1   14    2   11    0   14  -14    3  -12    7    5
    1    7   12    1    3   59    3    3    1       327   -1    4    8    7   -6   -2  -15   -4   13    5    8   -4   12  -10   -2  -18    1    5
    1    7   13    1    3   63    3    2    0        72    6    9    6    1   -7   -1  -16    4    9    8   12   -3   17   -9    1  -12    5    5
    1    7   14    1    3   57    3    2    0       147   -5    7   18    7   -6    0  -12    1    9    2   10   -9    5  -10    2  -14   -4   -2
    1    7   15    1    2   56    3    3    0        42  -10   -6   -6  -15   -2  -11  -19    5   15   13    8   -4  -13  -14    3   -8   24   18
    1    7   16    1    3   56    3    1    0         0   -1    4   13    3    1   -2   -8    4   18    7    0  -14    5  -11    3  -14    8   -1
    1    7   17    1    3   60    3    2    0       342    1    4    9    8  -10    0  -19   10    3   14    8   -9   18  -14    2  -14    2    7
    1    7   18    1    3   62    3    3    1       118    5    9    6    1   -7    5   -8   -6   14    7   11   -6    7  -12    0  -15    7    3
    1    7   19    1    1   59    3    3    0       607    0    6    7  -13   -3    3   14    9   13    0   12   -8    7    0    7  -24   15  -10
    1    7   20    1    2   63    3    2    1       756  -12   -6  -16   -5   -4  -13   -8   10    0    6   18   -2  -15  -16   -1   -1    9    4
    1    7   21    1    2   60    3    3    0      1684   -9   -6   -5  -17   -3  -11   -9    9    4   15   24  -11  -12  -16    2   -1    8   18
    1    7   22    1    1   56    3    1    1      1374    0   10   12   -8    9    3   11   15   16   -6   24  -17  -10    7    0  -16    8  -12
    1    7   23    1    2   62    3    3    0      1077   -8   -9   -7  -11    1   -7  -10    9   10    5   16   -3  -15  -14    1    0   16   16
    1    7   24    1    1   60    3    2    0       967    0    7    3  -22   -5   -5    4   14   10    0   21  -10   -4   -1    0  -13   19   -8
    1    7   25    1    1   55    3    3    0      1247    3    5    2  -15   -2   -1    7   11    9   -2   12  -18    0   -4    4  -17   13   -4
    1    7   26    1    1   62    3    3    0       586    3    1    3  -13   -1    1   11   15    4  -11   14   -9   -3    3    9  -18   15  -11
    1    7   27    1    1   61    3    1    1       863   -7    4   -3  -14   -1    1   12   11   11   -1   22  -12    4   -1   -4  -17   10  -12
    1    8    1    1    3   72    3    1    0      2090    0    9   14   13   -7    0  -13    3   12    6   10   -6    7  -15   11   -9    2    3
    1    8    2    1    2   67    3    3    0       756   -7   -9  -11   -6   -4   -9   -8   10   10    9   11   -5  -18   -9    1    0   17   10
    1    8    3    1    1   72    3    2    0       915    1   16    4  -12    2   -3    9   13    3    6   16   -9    8   11   -7   -5   15   -5
    1    8    4    1    3   68    3    1    0       653   -9    8    9    2   -9   -6  -17    7   18   12    7    1    6  -12    3  -14   14    3
    1    8    5    1    2   71    3    3    0       415  -15  -13   -6   -4   -4  -17  -11    9   10   10   17   -1  -22   -8    4   -4   14   21
    1    8    6    1    2   72    3    2    1       348   -8   -8   -1  -19   -6   -5  -14    5    9   10   15   -2  -16  -15   -4   -6   23    1
    1    8    7    1    1   70    3    2    0       698    3   11    2  -12    0   -5    5   15    7   -1   17   -7   -7    4    1  -18   15   -9
    1    8    8    1    1   67    3    1    1       251   -2    1    5  -17   -5   -2   10   10   15   -3   19  -12    0    4   -4  -14   11   -4
    1    8    9    1    2   68    3    1    0       653   -8    2  -16  -11   -8  -11   -8    7    4    6   11    0  -13  -13   -2    0    9   17
    1    8   10    1    2   69    3    2    1       239  -14  -10   -8  -16    6  -10   -2   14    4    6   15   -3  -15  -13    0   -1   15   13
    1    8   11    1    3   69    3    3    1        84   -9    5    7    8  -11   -4  -11    2   22   -1    1   -4   11  -17    1  -12   10    3
    1    8   12    1    2   64    3    2    1       219  -12   -2  -11  -16  -13   -5   -6    7   13    9   14    2   -7  -22    1    0   18   10
    1    8   13    1    1   66    3    1    1      1456    1    3    2  -12  -10    0   11    9   11    0   17  -13   -2   -5    3  -10   15  -14
    1    8   14    1    3   65    3    1    0      1012   -1    3    8    7   -8    4   -9   -1   14    7    4  -12    7  -12    6  -18    1    5
    1    8   15    1    3   64    3    2    0      1160   -3   -2    4    8  -14   -6   -8    3   12    9    6   -4   14  -19    9  -15    6    3
    1    8   16    1    1   71    3    3    0       343   -1   -3    4  -10   -5   -3   14    8   12    0   23   -3   -3    7    0  -15   16   -9
    1    8   17    1    3   67    3    1    0       278   -7   11    0    9  -11    2  -14   -3    8   12    8   -2    6  -13    2  -21    7    5
    1    8   18    1    1   69    3    1    1      1065   -1    8   11   -3    3    1   15   14   13    0   11  -11   -4    5   -1  -14   10  -14
    1    8   19    1    3   70    3    1    0       589   -1    0    7    6   -9   -1   -8   -4    9    5   15   -9    1   -7    8   -3    5    5
    1    8   20    1    1   64    3    1    1       691    4    5   -1  -17    2    3    9    8   12   -2   14  -13    7   -6   -5  -20   13   -8
    1    8   21    1    2   66    3    3    0      1429   -1   -3   -5  -12   -9   -6  -19    6   11   11    8   -7  -14  -18   -2    4   15   12
    1    8   22    1    2   65    3    2    1       857   -4  -17   -1  -12   -3   -1   -8    6    7   10   21   -6  -18  -15    0    1   18   11
    1    8   23    1    2   70    3    2    1       788   -8   -2   -6  -16   -5   -9   -9    5    0    0   20    3   -5   -6   -9   -8   17   17
    1    8   24    1    1   65    3    1    1       754   -1    7    6   -5   -9  -10   12   11    9   -4   17  -11   -5   -6   -1  -19   14   -8
    1    8   25    1    1   68    3    1    1       851    3    0    3  -13    1    2   16   14   12   -2   19  -13   -5    2  -10   -7   20  -11
    1    8   26    1    3   66    3    1    0       639   -1   14   13    8   -8   -1  -13   -6   15   10    8   -5    4  -16    1  -14    5    4
    1    8   27    1    3   71    3    3    1       706   -1    4   10    2   -6   -1  -16    0    9    9   11   -8   10  -20    3  -10    5    3
    1    9    1    1    3   78    3    3    1       866   -6   12    6    2  -10    7  -11    0   15    6   10   -9    8  -10    0  -11    7    7
    1    9    2    1    1   76    3    2    0       428   -9   14    1  -13    0   -1   10   14   21   -4   15   -6   -4    2    3  -10   12  -11
    1    9    3    1    1   74    3    1    1       425    1    7    4  -12   -8  -10   12   12   13   -1    9  -15   -3    3    0  -13   18   -5
    1    9    4    1    1   78    3    1    1       806    2    9    3  -13   -2   -1   10   10    7   -9   16   -9   -5    9    4  -11    9  -15
    1    9    5    1    2   73    3    1    0       724   -9   -8    3  -10   -7   -6   -9    6   12   15   19   -4  -13  -15   -5   -5   18    3
    1    9    6    1    2   80    3    1    0       980  -16   -4   -4  -12   -4   -8   -9    8    5    4   12   -6  -19   -7   -2    1   22   12
    1    9    7    1    3   81    3    2    0       714   -7    4   12    8   -8    1  -20   10   14    9   15   -5   14   -2   -5   -7   10    1
    1    9    8    1    3   79    3    3    1       124  -10    6    5    8   -9    0   -8   -4   12    5   11   -5    8  -13    2  -14    8    4
    1    9    9    1    1   80    3    3    0       277    1    4    2  -17    0   -5   11    9   10   -9   14  -12   -2    3    0  -16   13   -8
    1    9   10    1    3   80    3    3    1        56   -4    3    8    5   -9   -3  -11    0   23   17   12    1   11  -11    1  -14    4    2
    1    9   11    1    2   78    3    1    0         0  -19    2   -4  -11    1   -5   -7    2    0   18   11   -5  -13  -13    4    4   18   15
    1    9   12    1    1   81    3    1    1         0    2    8    2  -11    0   -1    1   10   19    8   15  -10   -3    2   -5  -17   15   -6
    1    9   13    1    2   76    3    1    0       279  -11  -11   -7  -22   -5   -6   -5   12   -1    4   16   -5  -10  -15    0    1   16   12
    1    9   14    1    3   75    3    2    0       586    1    4    9    6   -7    3  -19   -4   13    6   13  -10   -1  -16    5  -11   12   12
    1    9   15    1    3   73    3    3    1       352    1    3    6   11   -3    1  -10    1    3    9    1   -2    7  -10    3  -12   -4    8
    1    9   16    1    1   77    3    3    0       527   -3   15    8  -17    0   -1   15    8    3    9   19  -15   -2    3   -2  -23   14   -8
    1    9   17    1    2   75    3    1    0       567   -9   -6   -7  -12   -3   -8   -8    7   -2    4   15    8  -13  -15    2    8   16   13
    1    9   18    1    3   77    3    2    0       158   -1    4   12    3   -8   -1  -14    4    9    9   10    1    9  -13    0  -18    4    5
    1    9   19    1    2   74    3    3    0        52  -15  -15  -15  -20   -5   -8   -8   10    2   16   16   -1   -7  -17   -2    1   12   10
    1    9   20    1    2   77    3    1    0         0  -11   -5   -7  -12    0  -16  -12   -3    3   19   15    0  -19  -16   -1    0   12   16
    1    9   21    1    1   73    3    2    0      1326    2    7    1  -16    8   -7    7   11   11   -3   16   -7    4    5    5  -14   18   -8
    1    9   22    1    2   79    3    1    0       440  -10   -8    1  -12   -4   -5   -8    6   13   10   12    5  -23  -14    1    1   18   20
    1    9   23    1    2   81    3    3    0       501  -19   -6   -7  -11  -12  -10   -4   -2   -1   13    8  -11  -18  -18   -5    1   13   12
    1    9   24    1    3   74    3    2    0       287    3    8    4   10   -9    3   -4   -5   20    9    9   -3    2  -21    0  -12   12    8
    1    9   25    1    1   79    3    1    1       849   -1    4   -3  -20  -11    0   14   12    7   -7   17  -10   -3    6   -3  -15   10   -7
    1    9   26    1    1   75    3    1    1       510    1    5   -5  -14    4    1   10    5   14   -3    9   -3   -3    1  -10  -19   16   -8
    1    9   27    1    3   76    3    1    0       598   -1    4   11   16   -6    3   -8    4   13    1   11    0    5  -16    1  -12    7    4
    1   10    1    1    2   89    3    1    0      1228   -7   -6   -4   -7   -4  -12  -17   14   15    6   19    0   -9   -8    1   -1   19   16
    1   10    2    1    2   87    3    3    0        57   -9   -8   -9  -12   -4  -11   -3   -3    9   13   16   -5  -12  -16    1   -8    6   19
    1   10    3    1    1   90    3    2    0       145   11    5    2  -12  -11    4   15   19    4    8   16   -6    1    4    4  -10   17  -13
    1   10    4    1    2   84    3    1    0        57  -10   -5   -2  -11    3  -18  -10   17   10    5   16   -1  -13  -15    3    0   11   15
    1   10    5    1    3   83    3    2    0         0   -3    1    6   -1   -2   -9  -11    0   13    6   15   -5   13   -3    3   -8    8    0
    1   10    6    1    2   83    3    3    0       417   -9   -8   -5   -9   -3   -8   -8    8    3    9   23    7  -20  -20    0    1    9   19
    1   10    7    1    1   85    3    2    0       701   10   12    2  -11   -6   -4   11    9   11   -1    8   -8    0    3    1  -16   16  -13
    1   10    8    1    3   82    3    1    0       462    0    3    7    8   -8    1  -15   -1   15    7   20  -13    2  -22    2  -10    1    6
    1   10    9    1    3   84    3    1    0      2297    6    1   18   16  -10    9   -9    2   14    7    0    2    9  -12   -4  -13    8    5
    1   10   10    1    2   90    3    2    1       970  -10   -6   -5   -7   -8  -13  -11   12    5   11   13    0  -18   -9    0   -1   19    7
    1   10   11    1    2   85    3    3    0      1217   -3    3   -1  -15   -2   -9   -8    7    3    8   17   -2  -10  -12   -1   -3   12   11
    1   10   12    1    1   86    3    3    0       813    0    7    1   -6   -2   -2    2   20    4    1   18  -10   -7   -1    1  -14   14  -14
    1   10   13    1    1   83    3    2    0       361    4    9    5  -13   -6   -3    8   18    8   -2   24   -2   -1    5    1  -14   13  -11
    1   10   14    1    1   84    3    1    1       617   -7    0    1  -10   -2    1    7   19    7    0   23  -18   -9   -8   -5  -16   17  -11
    1   10   15    1    3   88    3    2    0         0   -5   -4    7   12  -10   -3   -7    3   12    8    1    4    4   -3   -3  -22   15    7
    1   10   16    1    3   89    3    1    0       506   -4    2    3   10   -9    0  -14   -6   23    7   10   -4    0   -9    3  -19    8    1
    1   10   17    1    2   88    3    3    0        35  -10   -7   -7  -14   -4   -8  -14   17    0    5   15   -1  -21  -22   -1   -4   15   12
    1   10   18    1    1   89    3    1    1        40    2   11    0   -7   -5   -3   12   10   13   -1   20  -10    1    3   -1  -14   11   -7
    1   10   19    1    2   86    3    3    0        84   -6   -9   -7  -13   -3  -10   -6    6    9   15   19    5  -15  -13   -2    8   16   12
    1   10   20    1    1   88    3    3    0        53    6    7    0  -10   -7   -1    8   10    9    8   18   -7   -7    8   -1  -13   13   -4
    1   10   21    1    3   85    3    2    0       473   -2    5    9   -4    2    2  -11    2   14    7   11  -12   13  -16    6  -10    1   11
    1   10   22    1    3   87    3    1    0       468   -1   12    8    5   -9    0  -11   -1   13    9    4  -11    9  -11    0   -5   14   -3
    1   10   23    1    3   86    3    3    1       317    3   -1    5   14   -7   -4  -12    4   12    6    9   -4   -2   -4    1  -14    3    2
    1   10   24    1    3   90    3    3    1       365   -3    4    0   10   -9    9  -12    3   17   11   11   -7    5  -11    2  -14   10    9
    1   10   25    1    2   82    3    3    0       283  -14    2   -4  -13   -5   -9   -9    8    2    9   17   -1  -16  -15    4    4   13   12
    1   10   26    1    1   87    3    2    0       220    0    7   -5  -18    0   -2   11   11   11   -3   21   -6   -7    2    0  -13   19  -10
    1   10   27    1    1   82    3    1    1       400    0    4    5   -9   -2    1    8    6   14    0   18  -16    1    0    5   -4   13   -8
    2    1    1    5    3    3    3    1    0      2366    8    1    7    7  -10   -4   -7    3   11    9   15   -7    2  -16   -2  -12    9    6
    2    1    2    5    2    7    3    2    1      1388   -9   -6  -10  -11   -5  -10   -9    8   10   16   17   -3  -14  -15    4   -4   11   12
    2    1    3    1    1    8    3    3    0       961   -2   11    2  -13   -8    2   10   11   20    7   11   -5    0   -1   -5  -15   12   -9
    2    1    4    2    2    0    0    2    1      1096   -9   -7   -6  -12   -4  -10   -9    7    8   10   16   -2  -14  -14    0    0   16   11
    2    1    5    5    3    1    3    3    1      1098    1    4    8   12  -10   -3  -11    2   12    8    8   -6    6   -8   10   -5    3    1
    2    1    6    3    3    1    1    3    1       813   -7   10   11    4   -7    0  -12    2   13    7   10   -5    9  -11   11   -9    6    5
    2    1    7    4    2    6    2    1    0      2234   -9   -6   -7  -13   -4  -12  -10    7   13    1   20  -10  -24  -11   -1    7   16   13
    2    1    8    4    3    2    2    2    0      4222    0    3   18   -1   -8    2  -12    2   10   14    9   -7   14   -3   -6  -15    6    6
    2    1    9    4    2    1    2    3    0       788   -6   -4  -10  -17   -6   -9   -9    6    3   15   11    1  -13  -14   -1    1   14   10
    2    1   10    4    3    4    2    3    1       642    0    5   10    6   -8    1  -21   -8   14    5    3   -2   10  -14    1  -15    4    7
    2    1   11    5    2    4    3    3    0       823  -10   -6   -6   -4  -13   -2  -10    6    8    5   19   -6  -14  -23    1    8   18   11
    2    1   12    5    3    2    3    1    0       370   -2   -6    8    5   -6   -4   -2    9   14    7    8    0    7  -14   -9  -12   -1   -3
    2    1   13    5    3    6    3    1    0       623   -2    6    9    7   -8    1  -12   -8   11    9   19  -14   10  -18    3  -16    9    3
    2    1   14    5    3    5    3    2    0       596    1    1    3   12   -8   -3  -20    2   14    8   18    1   10  -13    2  -14    7    6
    2    1   15    4    1    4    2    3    0       730   -3    3    4  -12   -2   -2   12   10   13   -2   24    2    4    2    3  -10   16  -11
    2    1   16    5    1    7    3    3    0       441   11    8    2  -11   -1   -1    7    7    2    8   15   -8   -1    2   -2  -10    6    0
    2    1   17    1    2   18    3    3    0       677  -13  -14  -16   -7   -3  -12  -13    0   11   14   10   -6  -15  -15   -9    4   14    3
    2    1   18    1    2   21    3    1    0       359  -17   -8   -8  -12   -3  -10   -5    5    6   17   19   -4  -18  -12   -1   -2   10   20
    2    1   19    5    3    4    3    3    1       343    2    9    1   -4  -13    0  -15   -2   11    8    9  -15    8   -2    3   -5    2    2
    2    1   20    1    1   34    3    2    0       311    2    6   11  -11   -2    0   17   19   12    3   15   -8   -5    5   -8  -14    8   -9
    2    1   21    5    1    2    3    2    0      1928   -8   11    7   -7   -8   -3   10   16    9   -6   11   -4    0    3    0  -13   16   -8
    2    1   22    3    2    1    1    3    0      1082   -9   -7   -6  -12   -4  -10   -9    6    9    9   14   -1  -13  -15    0    0   15   10
    2    1   23    1    1   40    3    3    0      1021   -2    8    7  -13   -2    2   10   14   13   -1   13   -8   -6   -8   -2  -12    6   -5
    2    1   24    1    1   47    3    2    0       308   -1   14   -4  -11   -2   -1   19    9   12    0   16  -16   -8    2   -1  -14   12  -18
    2    1   25    1    1   57    3    1    1       423   -2   10    8   -7    1    4    1   16   14   -3   22  -15  -12    5    4  -14   11  -19
    2    1   26    5    2    1    3    2    1       948  -10   -6   -6  -22   -4   -9  -10   16   12    8   13    5  -19  -15   -2    1   17   10
    2    1   27    5    1    3    3    1    1       909   -4    2   -2   -9  -10  -10   15   11    3    3   23  -16   -5   -1    5  -19   18   -8
    2    1   28    5    2    3    3    3    0       341  -18   -3   -5  -12   -3   -9  -14   -2    6   11   14   -1  -18  -18   -8    4   15   12
    2    1   29    4    1    1    2    3    0       406    3    6    1  -12   -2    0   18   18   11    0   17  -10   -7    1   -2  -16   12  -11
    2    1   30    1    3   64    3    1    0       130   -3   -2    4    8  -14   -6   -8    3   12    9    6   -4   14  -19    9  -15    6    3
    2    1   31    3    3    2    1    2    0       364    0    4    7    5   -8    0  -11    1   13    7   10   -4    8  -12    0  -13   15   -1
    2    1   32    1    1   73    3    3    0       411    2    7    1  -16    8   -7    7   11   11   -3   16   -7    4    5    5  -14   18   -8
    2    1   33    1    3   85    3    2    0       553   -2    5    9   -4    2    2  -11    2   14    7   11  -12   13  -16    6  -10    1   11
    2    1   34    1    3    2    3    1    0      1072    9    0    8    7   -9   -2   -7   -3   11   10    8    4   10  -11    2  -14    5    6
    2    1   35    4    2    5    2    3    0       964   -8   -7   -2  -11   -2  -14  -10    7    7    9   16   -3  -17  -19   -1    1   15   10
    2    1   36    5    2    5    3    3    0       891    1    1   -9  -14   -4   -7  -14   12    7   10   15   -4  -19  -17    1   -2    7   13
    2    1   37    3    2    3    1    1    0       707  -10   -7   -6  -13   -4   -9  -10    8    9    9   16   -2  -15  -15   -1    0   15   12
    2    1   38    5    2    8    3    3    0       610   -9   -8   -4  -14   -6  -11   -7    2    4    9   23    6   -5  -20   -2   -5   18   14
    2    1   39    1    2   10    3    2    1       487  -18   -3   -6  -11   -8  -12  -11    4   -1   10   16   -1  -19   -9   -6    9   15   11
    2    1   40    5    2    2    3    1    0       400   -9   -2   -7  -13   -5  -11    1   15    5    5   17   -2  -15  -13   -3    3   11    6
    2    1   41    5    3    9    3    3    1       158    1    4   16   -2  -10    5   -8   -4   18    3    0   -9    9  -14    2  -14    9   -1
    2    1   42    4    1    6    2    1    1        37   -2   -4    5   -8   -1    1    9   11   13   -1   16   -7   -4    4    1  -13   18   -4
    2    1   43    4    1    3    2    2    0       465    1    7    1  -11   -8    6   13   11    3    0   14   -8   -1    4    1  -14   16  -10
    2    1   44    4    2    3    2    2    1       285   -8   -7  -13  -16   -2   -8   -9    6    7   10   20    3  -19  -17    1   -1   17   14
    2    1   45    1    3   26    3    2    0       496    1    4   10    3   -5    3  -10    0   15    4    9   -4    4  -21    0  -12    5    9
    2    1   46    1    1   33    3    1    1       473   11    7    8  -16    0    1    5   17    8    0    7  -13   -4    0   -1  -13    5   -1
    2    1   47    3    3    3    1    1    0      1124    1    3    7    7   -8    1  -11    1   13    8    9   -5    7  -12    1  -13    3    8
    2    1   48    1    1   45    3    1    1      1366    0    6    9   -4   -2    1   16    6   12    1   17   -7   -2    4   -1  -15   14  -10
    2    1   49    1    2   51    3    3    0      1004  -14  -17   -5  -13    1   -8   -6    9    8    8   12   -5  -13  -11    1   -1    7    2
    2    1   50    5    3    7    3    2    0       466   -1    5    6    8   -6    2  -10    0    9    9    9   -5   11  -11    2  -17    5    6
    2    1   51    5    1    4    3    3    0      1374   -1   -2    4  -13   -8   -1   11    7   14   -2   16   -9   -1    1   -1  -16   20  -14
    2    1   52    3    2    2    1    2    1       707   -9   -7   -6  -12   -4  -10   -9    8    8   11   16   -2  -14  -14    0    0   17   11
    2    1   53    4    3    1    2    2    0      1219   -1    5    7    5   -7   -2  -10    3   12    7   12   -3    8  -14   -1  -13    5    6
    2    1   54    1    3   59    3    2    0      6720   -1    4    8    7   -6   -2  -15   -4   13    5    8   -4   12  -10   -2  -18    1    5
    2    1   55    4    1    5    2    1    1       562    1    7    1  -13    1    0   10   11   11    1   16   -7   -3    3   -2  -13   20   -1
    2    1   56    5    2    9    3    1    0       630  -12   -4  -16   -6  -10  -19  -16    1   -1   17   15   -1  -12  -11    1    0   18    9
    2    1   57    4    3    6    2    3    1       346   -2    4    8    7   -7    0  -10    1   14    9   11   -3    8   -7    2  -17    5    4
    2    1   58    5    1    8    3    3    0       411    5    1   13  -18   -1   -3   13    4   11    0   17   -9   -3    2   -6  -19    6   -3
    2    1   59    5    2    6    3    1    0       569  -15   -8    0   -2    5   -9   -2   17    8   15   17   -1  -11  -20    2    0   15   12
    2    1   60    1    2   71    3    2    1       447  -15  -13   -6   -4   -4  -17  -11    9   10   10   17   -1  -22   -8    4   -4   14   21
    2    1   61    1    1   77    3    2    0       444   -3   15    8  -17    0   -1   15    8    3    9   19  -15   -2    3   -2  -23   14   -8
    2    1   62    4    2    2    2    2    1      1000   -8   -8   -8  -12   -4  -11   -9    6    9    8   17   -2  -15  -12   -1   -1   15    9
    2    1   63    1    3   88    3    3    1       315   -5   -4    7   12  -10   -3   -7    3   12    8    1    4    4   -3   -3  -22   15    7
    2    1   64    1    2   74    3    1    0       426  -15  -15  -15  -20   -5   -8   -8   10    2   16   16   -1   -7  -17   -2    1   12   10
    2    1   65    2    3    0    0    1    0       919    0    4    8    6   -8    0  -11    1   13    7   10   -5    8  -12    1  -13    6    5
    2    1   66    1    3   30    3    3    1      2146    2    2   11    1   -8    1  -19   -5   14    7   11   -5    9  -11   -3   -7    7    6
    2    1   67    5    1    6    3    2    0      1658    3    3    2  -12   -2    0    6   10   18    7   15   -9    5   -7   -2  -12   14  -12
    2    1   68    4    2    4    2    3    0       662  -10   -7   -4  -13   -3  -10  -18   10    7   12   15   -2  -13  -14    1    0   15   11
    2    1   69    4    1    2    2    3    0      1481    3    8    2  -11   -2   -1   10    9   21    1   12   -7   -2    3   -2  -16    5  -10
    2    1   70    1    2   40    3    3    0       569   -8   -8   -6  -11    5  -14   -9    6   -2   13   23    0  -15  -14    0    2   16   12
    2    1   71    2    1    0    0    1    1      1281    1    6    3  -12   -1    0   11   10   12   -1   16   -8   -2    2    0  -14   14   -9
    2    1   72    1    2   88    3    2    1       987  -10   -7   -7  -14   -4   -8  -14   17    0    5   15   -1  -21  -22   -1   -4   15   12
    2    1   73    1    2   50    3    2    1       689   -8   -8   -6  -10   -4   -7   -6   10    8    9   16    0  -16  -13    1    1   14   16
    2    1   74    1    3   63    3    2    0      1489    6    9    6    1   -7   -1  -16    4    9    8   12   -3   17   -9    1  -12    5    5
    2    1   75    5    1    5    3    3    0       882    5    7    2  -12    4    0   10   10   16    7   16   -7    0   -1   -6  -20   13  -10
    2    1   76    5    1    9    3    3    0       619    2    5    5  -17   -5    0   11    9   21   -7   15   -8   -1   -2    1  -12   19   -5
    2    1   77    4    3    5    2    1    0       622    0    9    6    6   -7   -1   -9    1   12    8    4   -6    7  -11   -1  -11    4    5
    2    1   78    1    3   15    3    1    0       657    5    5    9    5    1   -1  -11    3   17    3   15   -3   13  -21    6  -16    4    7
    2    1   79    3    1    2    1    1    1       963    1    6    3  -12   -1    0   11   10   13   -2   19  -16   -2    3    1  -14   13   -8
    2    1   80    3    1    1    1    3    0       472    3    4    3  -12   -1   -1   11   10   12    0   16   -8   -2    2    0  -14   15  -10
    2    1   81    5    3    8    3    3    1       591    2    4   12    7  -11    4  -12    1   17   15   10   -7    9  -13   -3  -21    4   12
    2    1   82    4    3    3    2    1    0       978    1   -1    7    8  -10    2  -12    1   14    7   10   -6   11  -14    2  -15    2    8
    2    1   83    3    1    3    1    2    0       569    0    7   12   -6   -1    0   10   11   12   -1   17   -9   -2    2    0  -15   14   -9
    2    1   84    5    1    1    3    3    0       637    0    6   -2  -11   -3   -6    4    3   13   -1    8  -17  -11   11    5  -13   15   -8
