    1    1    1    1    2    4    1    0      1948    5   14    8   16  -13   10    8  -14    7    4   -3    1   11   -3    3   -5    2   -2
    1    1    2    1    2    1    2    1      1029    7   14    8   12  -14   12    9  -12   12    6   -2    0    9   -3    1   -4    2    5
    1    1    3    1    3    3    1    0      1053    4   -2  -13   -3    3    7   -2   -4   -2   -8    1  -20   19   21    2   16   -6    6
    1    1    4    1    3    4    1    0       947   12   -1  -10   -6    5    7   -3   -6   -3    2   -8  -11    9   21    4   15   -4    5
    1    1    5    1    2    2    2    1      1023    7   14   13   22  -13   14    7  -12   16    3   -4    0   13   -4    2   -3    1    5
    1    1    6    1    3    1    1    0       999   15   -4   -9   -6    5    7   -6   -1  -12    5   -8  -13   12   14    4   16   -5    3
    1    1    7    1    3    2    3    1      2257   11   -2  -12   -3    2    9   -2   -5   -6   -1   -7  -10   10   16    4   16  -15    1
    1    1    8    1    3    5    1    0      1122   14    2   -7   -7    8    9   -1   -3   -5    9   -4  -11   12   16    2   16   -8    0
    1    1    9    1    1    3    3    0      2108  -14   12    2  -13  -11   17   17    7    0   11    9    7  -13    6  -11   -1   18   -8
    1    1   10    1    1    5    1    1      1817  -15    3    3  -13   -7   15   16   10    8   20    6   -1   -2   -1  -11   -5   16   -5
    1    1   11    1    1    1    3    0      2241  -14   11    3  -15  -10   16   15   10   -3   11    8   -3  -13    6  -11    3   12   -4
    1    1   12    1    1    4    3    0      2329  -13   12   -6   -5  -10   16   13   11   11   10    8    1   -7    0   -1    7   13   -6
    1    1   13    1    2    3    2    1      1581    7   16   15   13  -13   12    8  -11    6   -3   -4    1   11   -3    3   -4    3    5
    1    1   14    1    2    5    1    0      4447    4   16    8   15  -15   11    1    0    7    2   -3   -1   10   -4    1   -3    7   -2
    1    1   15    1    1    2    1    1      1886  -13   12    4  -10  -15   15   17   21    2   15    3    5  -12    8  -13    4   12   -4
    1    2    1    1    2   10    3    0      1268    5   14   13   13  -19    9    9  -14    8    1   -4    2    6   -3    1   -7   -1    7
    1    2    2    1    3    8    1    0      2419   15   -4  -14   -5    2   11   -4   -4   -3   -1  -13  -12   11   14    2   17   -6    6
    1    2    3    1    1    6    1    1      2739   -4   19    2  -15  -11   18   15    8    2   21    8   -3  -12    6  -12   -1   13   -4
    1    2    4    1    2    8    2    1      1831    4   13    8   13  -16   18    6  -10    9    3   -2    2   11   -3    5   -5   -1    6
    1    2    5    1    3   10    3    1       719   14    0   -9   -3    4    7    5  -13   -7    0   -5  -11    9   15    3   17  -12    0
    1    2    6    1    1   10    1    1      2916  -14   12    4  -16   -9   18   24    9    1   14    8   -3  -13    9  -12    0   12   -5
    1    2    7    1    1    7    1    1       976   -8   19    1  -13  -19   12   23    5    1   13   10   -4  -18    4  -13    1   15   -4
    1    2    8    1    1    8    1    1       554  -15   10    3  -14   -8   16   13    5    4   14    9   -2  -13    8   -9   -1   14   -4
    1    2    9    1    3    6    3    1      1446   12   -3  -11   -5    0    7   -2   -6   -3    1   -7  -12    0   13    4   15   -4    4
    1    2   10    1    3    7    3    1      1165   15   -4  -10   -5    6    8   -5    5   -8    0  -12  -20    9   18    2   17    0    1
    1    2   11    1    2    9    1    0      2623    7   18    6   12  -14   11    7   -9   10    0  -12   -9   12   -3    4   -2    2    7
    1    2   12    1    2    6    2    1       712    4   16    3   12  -14   12    9  -10   18    3   -4    0   10    5    2   -6   -1    7
    1    2   13    1    3    9    1    0      1532   13   -1  -21  -10    2    8   -2   -5   -5    2   -7  -10    8   17    1   17   -8    4
    1    2   14    1    1    9    1    1      1024   -5    4   -2  -19   -8   17   14   12    3   14    8   -2  -10    7  -12    1   14    2
    1    2   15    1    2    7    2    1      1705    7   21    6   16  -15   12   10  -14   10    1   -4   -2   13   -5   -3    1    0    5
    1    3    1    1    1   14    1    1      1206  -11   13    4  -16   -8   17   15    9    3   14    7   -5  -13    7  -11   -1   14   -4
    1    3    2    1    1   11    1    1       904  -13   12    3  -13   -8   16   15   11    5   21    8   -9  -14    9  -13    2   16   -4
    1    3    3    1    3   14    2    0      1461   11   -1  -11   -5    1    7   -5   -8   -5    0   -8   -9   10   13   -1   19   -3    3
    1    3    4    1    3   13    3    1      1980   11   -3   -6   -3    4    7    3  -12   -4    1   -7  -10    9   15    1   17   -8    5
    1    3    5    1    2   12    2    1       781    7   16   10   16  -14   11    7   -9    9    1   -3    2   13   -6    2   -4   -2    4
    1    3    6    1    2   13    2    1      2927    6   14   13   19  -14   12    8   -9    9    1   -2    0   10   -3    0   -8   -1    4
    1    3    7    1    3   11    3    1      3819   14   -3   -4  -13    3   12   -4   -3   -4    0   -8  -10   11   13    2   17   -3    2
    1    3    8    1    1   13    1    1       932  -13   12    1  -14  -11   17   16   11    4   15   11   -2  -13    7  -12    1   13   -6
    1    3    9    1    2   14    3    0      1568    8   13    8   16  -14   12    8  -12   12    2    5    6    6    3   -5    4   -3    6
    1    3   10    1    3   15    3    1      1010   14   -1  -13   -3    2    9    5    0   -9   -3   -6  -12   11   14    7   14   -4    3
    1    3   11    1    2   11    2    1       971    4   15   10   17  -12   10    8  -11    9    1   -5    1   11   -2    1   -4   -1    7
    1    3   12    1    1   12    1    1       789  -14   12    1  -13  -15   23   15   11    1   14    3   -3  -11    7   -8    6   15   -6
    1    3   13    1    3   12    3    1      2311   14   -4  -10   -6    6    9   -7   -5   -1   -9   -5  -10   11   14    5   17   -1    2
    1    3   14    1    2   15    2    1       828    7   20    7   15  -15   13    8  -11    8    4   -2    2   12   -4   -3   -8    1    8
    1    3   15    1    1   15    1    1       732  -12   11    3  -15   -7   18   13   13    2   17    4   -2  -13    6  -10   -1   16    0
    1    4    1    1    2   18    2    1      1104    7   20    8   13  -15   13    6  -10    7    3   -2    0   10   -4    0   -4   -3    4
    1    4    2    1    3   18    3    1      1861   11   -3  -11   -3    7   12   -2   -4   -7    2   -7  -10   11   14    5   15    2   11
    1    4    3    1    2   17    2    1      1164    1   15    8   15   -9    4    0   -8    8    0   -4    0   10   -5    0   -5    0    8
    1    4    4    1    1   19    1    1      1006  -12   12    2  -13   -7   11   16   11    2   14    8   -2  -11    3   -4   -9   15   -4
    1    4    5    1    3   19    3    1      3815   12   -4  -11    0    6    6   -6   -4   -7    2   -5   -9   12   15    2   17   -4    3
    1    4    6    1    2   19    2    1       800    4   15    7   15  -14   14    7   -9    7    0    4   10   11   -3    1   -7    3   -3
    1    4    7    1    1   18    1    1       625  -16   11    6  -15   -9   23   16   14    3   16    8   -3  -15    8  -10   -1   14   -6
    1    4    8    1    2   20    2    1      1098    3   13    7   12  -15   15    8  -11    7    1   -3   -1    9   -2    3   -5   10    5
    1    4    9    1    3   16    3    1      1519   14   -3  -10   -4    4    7   -2   -5   -3    0   -9   -9   14   13    2   15   -3    4
    1    4   10    1    3   20    3    1      1684   12    0  -11    3    3    7   -1   -5   -5    0   -4   -6   17   14    3   17   -6    3
    1    4   11    1    3   17    3    1      2322    7  -10  -12    0    5    8  -13    5   -7    1   -6  -11    4   21    1   15   -3    3
    1    4   12    1    1   20    1    1       742  -12   10    3  -18  -11   15   15   13    3   16   11   -3  -11    8  -12    1   13   -6
    1    4   13    1    1   16    1    1      1114  -14   11   -8  -12   -9   17   16   11    3   16    3   -2   -5   -2   -9   -2   15   -6
    1    4   14    1    1   17    1    1      1055  -13   10    1  -13   -7   15   16   13    1   11   10   -5  -11    8  -10    0   14   -6
    1    4   15    1    2   16    2    1      3334    4   14    9   14  -21   23    7   -9    0    9   -2    2   12   -5   -6    5    0    4
    1    5    1    1    3   25    3    1      1634    8    0  -10   -5    4   13   -2   -4   -7   -4   -8  -11    9   16   13   10   -5    2
    1    5    2    1    1   21    1    1       818  -13   12    5  -11  -17   13   16   10    2   13    8   -3   -8    9  -10   -1   11   -5
    1    5    3    1    2   23    2    1       850    5   16   10   12  -13   13   12  -15    6    4   -4    1   10   -5   -1  -10    8   14
    1    5    4    1    1   22    1    1       642  -17   14    1  -16   -7   16   13   10    2   17    8   -3  -12    9  -12    1   19    5
    1    5    5    1    2   21    2    1      1161    4   16    0   12  -15   14    4   -8    9   -2   -2    0   10   -4    7   -9    4    7
    1    5    6    1    3   24    3    1      3004   15   -5  -10   -4    5    8   -7    0    0   -4   -5   -6    9   15    5   16   -2   -2
    1    5    7    1    2   25    2    1      1221    4   14    6   13  -23   11    9  -10   10    1   -5    3   12   -5    2    1   -2    0
    1    5    8    1    3   22    3    1      1910   21    6  -12   -3    1   11  -11   -9   -6    0  -17   -7   10   14    6   12   -5    5
    1    5    9    1    1   25    1    1       683  -12   11    2  -13  -19    9   17   13   -3    9   14  -13  -11    8  -11    1   16   -4
    1    5   10    1    1   24    1    1       608  -11    9    0  -14   -7    9   13   14    1   14    9   -2  -12    6  -10   -1    6    1
    1    5   11    1    2   22    2    1       666    6   14    7   12  -14   11   10   -9    7    1   -3    1   10   -3    1   -7    1    8
    1    5   12    1    3   21    3    1       672   14    0  -10   -3    5    7   -4   -4   -7    2   -8  -10   11   15    2   16   -7    6
    1    5   13    1    3   23    3    1      3991   14   -1  -11   -3    5    9   -2   -5   -5    0   -8  -12    9   15    1   17   -2    7
    1    5   14    1    2   24    2    1       857    5   14    8   13  -16   11   10  -12    9    2   -3    2   10   -6    3   -7   -1    7
    1    5   15    1    1   23    1    1       600  -14   11    0  -14   -8   15   15   13    4   16   10   -2  -13    0  -13   -9   12   -4
    1    6    1    1    2   27    2    1       609    5   14    8   13  -16   13    5  -11    7    4   -3    5   12   -5    3   -7    1    5
    1    6    2    1    3   30    3    1       810   13    0  -13   -3    0    9   -4   -6   -6    1   -7  -10   20   23    3   15   -6    4
    1    6    3    1    3   29    3    1      4843   14   -3  -17  -11    1   15    5    5   -7    1  -14  -19   11   16    3   17   -5    5
    1    6    4    1    1   29    1    1       746  -15   13   -1  -21  -14   19   14   11    1   17    7   -4  -13    9  -11    1   13   -4
    1    6    5    1    2   26    2    1       893    3   16    6   13  -13   15    8   -9    6    1   -2    1    9   -5    4   -7   10    4
    1    6    6    1    1   26    1    1       810  -11   11    1  -15  -10   17   16   12   -2   17    9   -2  -12    8  -12    1   16   -2
    1    6    7    1    2   30    2    1      2427    5   14    7   15  -13   11    6   -9    7   -1   -3    5   11   -5    0   -3    0    5
    1    6    8    1    3   27    3    1      1307   14   -1   -9   -5    3    8   -4   -3   -4    0   -8  -10   12   13   -1   19   -6    5
    1    6    9    1    1   28    1    1       664  -15   11   -6  -18   -2   24   14   13    1   15    7   -2  -10   -3  -13   -2   15   -7
    1    6   10    1    3   26    3    1      1167   14    2  -10   -4    4    9   -2   -5   -7   -1   -8  -10   11   19    2   17   -4    3
    1    6   11    1    2   28    2    1      1537    4   10    9   13  -15   14   10   -6    9    2    0   -4   12   -3   -2   -7  -10    7
    1    6   12    1    1   30    1    1       741  -11    9    1  -13  -10   16   16   11    3   16    8   -2  -13    8  -16   -2   16   -6
    1    6   13    1    2   29    2    1      1129    5   14    8   12  -13   16    2  -10    6    3   -2   -1    8   -9    1   -7    2    6
    1    6   14    1    1   27    1    1      1133  -15   10    6  -16   -2    9   18   19    2   16   18   -8  -12    6  -12    0   12   -9
    1    6   15    1    3   28    3    1       945    8    1  -14   -5   -1    7   -2   -4  -14   11   -6  -13   10   14    7   14   -4    5
    1    7    1    1    3   31    3    1      1180   14   -3  -13   -4    3    9   -4   -4   -4   -1   -8  -11    8   16   -4   17   -6    4
    1    7    2    1    3   33    3    1      2814   11   -1  -13   -6   14   14   -2   -3   -4    1   -7  -10   11   17   -2   11   -3    3
    1    7    3    1    1   34    1    1       815  -12   11    0  -16   -9   17   13   12    8   10    7   -4  -11    6  -12   -2   13   -5
    1    7    4    1    1   35    1    1       975  -12   11    1   -8   -9   15   16   13    2   16   11   -1  -11    8  -16   -9   12   -7
    1    7    5    1    2   34    2    1      1034    4   14    9   14  -13   11    7  -11    8   -1    2   -4    8   -8    0   -5    1    5
    1    7    6    1    2   33    2    1       786    5   16    7   13  -13   13    5  -10    8    1   -4    1   12   -7    1   -4    0    7
    1    7    7    1    1   31    3    0      3156  -14   11    6  -18  -10   17   15   11    3   13    2   -3  -21    1  -13   -1   13   -8
    1    7    8    1    3   32    3    1      2071   13   -1   -9    1   -1    5   -1   -6   -9   -3   -8  -10   11   15    5   20   -4    4
    1    7    9    1    2   35    2    1      1557    5   16    8   15  -15   13    5   -8    7    1   -8   -3   12   -2   -1    2    1    8
    1    7   10    1    3   35    3    1      1753   12   -1  -10   -5    4    7   -3   -5   -4    0   -9   -9    8   14    2   15   -4    3
    1    7   11    1    1   33    3    0      3124  -14   11    2  -16  -11    6   16   12    1   21   10   -1   -9    1  -12    1   13   -7
    1    7   12    1    1   32    1    1       889  -12   13    1  -13  -10   17   16   13    2   13    9   -7  -11    7   -9   -1   18   -5
    1    7   13    1    3   34    3    1      1398   13   -1  -11   -5    4    7    2   -3   -4    2   -8  -13    9   17    1   15   -5    5
    1    7   14    1    2   32    2    1       800    3   13    4   16  -13   13    3  -10    8    1   -4    0   11   -5    3   -5    0    5
    1    7   15    1    2   31    1    0      2081    7   13    4   14  -23   23    7  -11    4   -8   -2    1   15   -7    2   -4   -1    5
    1    8    1    1    2   37    2    1       623    4   17    9   13  -14   17    6   -9    7    2   -4    0   12   -6    3   -5   -2   11
    1    8    2    1    3   38    3    1      1928   13   -1  -11   -5    5    7    0   -7   -5    3   -8  -13    9   13    7   18  -12    7
    1    8    3    1    1   40    1    1       715  -14   12    4  -15  -10   14   16   12   -2   10    9   -4  -11    7  -11   -2   23   -1
    1    8    4    1    3   37    3    1      1376   15   -1   -4  -10    5    7   -1   -4   -3    2   -9  -13    9   13   13   19   -5    3
    1    8    5    1    1   36    3    0      2938  -14   11   10  -16   -7   17   16   12    2   16    8   -4  -13    9  -10    0   13   -5
    1    8    6    1    3   36    3    1      1302   15   -1  -13   -4    5    7    4   -3   -6    2   -9  -14    9   15    3   17   -6    5
    1    8    7    1    1   37    1    1       995  -13   21    2  -13   -8   14   17   12    3   13   10   -1  -12    6  -10   -1   16   -5
    1    8    8    1    3   39    3    1      1148   14   -1  -12   -3    2   10   -3   -5   -6    3   -7   -9   10   14    4   17   -4    5
    1    8    9    1    2   38    2    1      2255    6   17    8   11  -12   14   14  -18   10    1    0   -1    3    4    4   -6    1    6
    1    8   10    1    2   36    2    1      4679    4   15    9   11  -14   14    5  -10    7    0   -1   -2   16   -2    3   -6   -4   10
    1    8   11    1    1   39    1    1      2140  -22    1    0  -12    1   14   14   10    4   11    0    0  -11    7  -12    1   10  -12
    1    8   12    1    3   40    3    1      1816   15   -3  -13   -4    5    8   -1    0  -12    5   -5  -12    9   17    4   16   -3    5
    1    8   13    1    2   40    2    1       993    5   13    8    9  -16   14   15  -13    6    2   -1   -1   11   -2    3   -4    1    5
    1    8   14    1    1   38    1    1      1130  -12   10    0  -10   -8   21   17   12    4   16   19    1  -13    8  -12    0   14   -4
    1    8   15    1    2   39    2    1      5246    5   16    0   13  -13   13    2  -11    7    2   -4    2   11   -5    0   -4    0    5
    1    9    1    1    2   44    2    1      1197    3   15    9   12  -13   14   10  -12   11    4   -3    1   10   -4   -1   -1    1    5
    1    9    2    1    3   43    3    1      1855   21   -4  -10   -5    3    9   -4   -4   -4    0  -12  -14    9   15    4   15   -7    6
    1    9    3    1    2   43    2    1      1430    6   10    1   13  -15   14    9  -11   10    0   -7   -8   12   -5    4   -6    2    4
    1    9    4    1    3   42    1    0       910   13   -3  -13   -5    3    8   -3   -3   -4    0   -9  -11    9   16    2   17   -7   -4
    1    9    5    1    1   44    1    1       826  -21   21    2  -13   -7   15   17   13    3   16    9   -2  -14    6  -10    2   16   -4
    1    9    6    1    3   44    3    1      1450    4    5   -9   -2    3    8   -2   -3   -5   -2   -6  -13   10   14    3   17   -7    4
    1    9    7    1    3   41    3    1       770   14   -2  -11   -2    6    6   -4   -6   -4   -1   -8  -13   11   14    2   17   -6    3
    1    9    8    1    1   41    1    1       788  -15   11    4  -15   -8   14   15   11    4   15    9   -4  -14    9  -11   -2   15   -3
    1    9    9    1    2   45    2    1       534    5   16    8   17  -15   11    8  -10    8    4   -2   -1   12   -6    2   -6  -10   13
    1    9   10    1    1   45    1    1       706  -12   15    3  -13   -7   16   14   13    4   16   10   -5  -12    8  -12   -1   16   -6
    1    9   11    1    1   42    1    1       807   -6    4    3  -13   -4   18   20    6    0   17    4   -2  -14    6   -9    0   10  -15
    1    9   12    1    2   42    2    1      4569    6   15    7   13  -15   14    5  -11    8    1   -3   -1   11   -3    3   -7   -2    7
    1    9   13    1    2   41    2    1      1155   11   13    6   14   -6   19    6  -10    6    2   -3    1    9   -3    3   -6    0    7
    1    9   14    1    1   43    1    1       598   -4   12    3  -15   -8    7   14   12    3   16   11   -4  -11    7  -13    6   12   -6
    1    9   15    1    3   45    3    1       928   12    0  -12   -2    2    8   -4   -3   -2    2   -3   -8   13   20    4   16    4   11
    1   10    1    1    1   47    1    1       588  -15   11    0  -13   -9   15   14   10    3   16   10   -4  -20    4  -10   -1    6    2
    1   10    2    1    1   50    1    1       982  -11   10    2  -15   -6   15   16   12    5    6    3   -2  -13    7  -21   -5   12   -7
    1   10    3    1    3   47    3    1      1167   15   -4  -10   -5    3   10   -8   -7   -5    2   -1   -5   15    8    3   15   -6    4
    1   10    4    1    2   46    2    1       770    6   17    9   12  -15   13    7   -2    9    1   -2   -4   10   -5    2   -3    4    9
    1   10    5    1    3   48    3    1      1509   14   -2  -12   -4   -3   14   -3   -5   -6    2   -6  -16   12   16    3   17   -1   11
    1   10    6    1    1   49    3    0      2410   -8   19    1  -13  -10   16   11   19    5   13    7    1  -10    7  -12    2   15   -7
    1   10    7    1    1   46    1    1       730  -14   12    3  -15  -10   16   13   12   -1   19   13   -1  -13    8  -10    1   16   -6
    1   10    8    1    2   49    2    1       495    5   16   13    9   -9    8    5  -10    7    2   -5    1    7   -3   -2   -1    2    7
    1   10    9    1    2   48    3    0      2060    5   17   10   15  -12   13    8   -9   -1   12   -5   -1   12   -4    0  -15    0    7
    1   10   10    1    3   46    3    1      1002   11   -1  -16    0    4   10   -2   -5   -4    0   -7  -13   20   13    2   16   -1    3
    1   10   11    1    3   49    3    1      1443   15   -1  -11   -2    6    6   -2   -4   -6    2   -9  -13   20    6    3   15   -5    6
    1   10   12    1    2   47    2    1       971    6   15   11   13  -13   12    9  -12    7    2   -4   -1   11   -2    3   -3    1    8
    1   10   13    1    2   50    2    1      1685    7   15    9   13  -16    8    6  -11    8    3    4   -2    2    0    1   -4    2    6
    1   10   14    1    3   50    3    1      2579   12   -4  -12  -10    5    7    2   -6   -3    2   -8  -18   10   16    3   18   -7    4
    1   10   15    1    1   48    1    1       429  -12    9    4  -12  -15   15   18   11    2   13    9   -5  -10    8   -6   -6   14   -3
    1   11    1    1    3   54    3    1      1357   12   -1   -9   -6    2    6   -2   -6   -6    0   -6  -10   11   13    2   20   -5    6
    1   11    2    1    2   54    2    1      2200    5   16    7   14  -16   11    9   -8    7    2   -8   -6   10   -4    0   -4    2    5
    1   11    3    1    2   53    2    1       786    7   13    6   16  -15   12    4   -5    7    2   -1   -1    9   -6    6   -7   -1    5
    1   11    4    1    1   53    1    1       915  -14    9    1  -14  -11   17   15   13    7   10    8   -2  -10    7  -11    2   15   -5
    1   11    5    1    3   51    3    1      1792   15   -4  -12  -10    4    9   -7   -9   -4    0   -8  -12    9   16   -2   15   -7    5
    1   11    6    1    2   51    2    1       650    4   16    7   12  -16   11    7   -9   10    1   -1    1   12   -6   11   -4    2    3
    1   11    7    1    3   55    3    1      1073   14   -4   -9   -5    4    7  -10   -2    1    5   -3  -10   12   13    3   15   -1   13
    1   11    8    1    1   55    1    1       808  -13   13    5  -18   -8   16   11   19    6   24   11   -5  -13   10  -11    1   12   -3
    1   11    9    1    2   52    2    1      2105    6   17    6   13  -13   12    7   -8    8    3   -2    0    9   -5    1   -3   -5   13
    1   11   10    1    1   54    1    1       566  -13   12    0   -7   -1   18   18   14    2   15    9   -4  -10    8  -10    0   16   -7
    1   11   11    1    3   52    3    1      4737   22  -11  -12   -6    9    9   -3  -10   -7    2   -6  -13   10   14   -1   17   -5    5
    1   11   12    1    3   53    3    1       981   14   -3   -7    0    6   11   -3   -5   -4    1   -7  -13    6   18    1   18   -7    5
    1   11   13    1    2   55    2    1       383    6   20    8   13  -12   13    9   -8    5    5   -2   -1   12   -5    4   -2    2    8
    1   11   14    1    1   51    1    1       529  -13   12    0  -15   -8   18   18   16    2   15    8   -2  -11    6  -10   -2   13   -7
    1   11   15    1    1   52    1    1       573  -12   11    2  -16  -10   16   17   11    5   17    7   -4  -10    5  -12    2   12   -3
    1   12    1    1    3   58    3    1      1191   19    4  -20  -11    2    7   -3   -3   -3    1   -7   -9    9   15    4   15   -5    3
    1   12    2    1    2   59    2    1      1417    5   17    8   12  -11   12    8  -11   10    0    1    8   10   -4    4   -7    0    5
    1   12    3    1    3   59    3    1      1554   12   -1   -7   -3    4    9   -2   -4   -2    8   -9  -13   10   14    3   18    1   12
    1   12    4    1    2   57    2    1       981   -1   23    9   12  -18   10    7  -12    9    3   -3    1   10   -6    0   -4    7   -2
    1   12    5    1    1   59    1    1       607  -15   13    4  -12   -8   17   14   12   -1   10    7   -1   -8   10  -10   -2   15   -2
    1   12    6    1    1   57    1    1      1160  -11   10    1  -14   -5    9   14   14   -1   11   11   -2  -16    5   -9   -1   12   -7
    1   12    7    1    2   60    2    1      1499    3   13   10   12  -23    5    6   -9    5    1   -8   -5   14   -8    2   -3    0    3
    1   12    8    1    3   57    3    1      1072   14   -3   -2  -14    3    9   -4   -4   -7   -1   -8  -20   11   13    4   16   -5    9
    1   12    9    1    1   58    1    1       695  -15   13    2  -15   -6   16   15   14    5   17   10   -4  -17    6  -11    1   22    2
    1   12   10    1    3   60    3    1      1132    3   -1   -1   -9    5    6   -1   -3  -12    3   -1  -17    8   17    1   16   -6    6
    1   12   11    1    2   58    2    1      2912    4   16   18   10  -13   12    8   -8    6    1   -4    1   12   -4   10    5    1    6
    1   12   12    1    1   56    1    1      1116  -14   11    7   -8   -8   14   15   14   13   24   10   -5  -10    8   -1   -7    9   -7
    1   12   13    1    3   56    3    1      1297   13    0  -10   -5    4    7   -2   -3   -4    1   -7  -12    8   15    2   15   -6    2
    1   12   14    1    2   56    2    1       446    5   16   10   15  -13   13    6  -10    6    0    1   -1   12   -4    0   -6   -1    7
    1   12   15    1    1   60    1    1       734  -19   11    2  -13   -8   16   12   14    3   16   11   -8   -2   10   -9    1   13   -4
    1   13    1    1    3   64    3    1      1074   14   -3   -9   -4    5    8   -2   -5  -13    8   -5  -11   15   10    3   15   -5    3
    1   13    2    1    2   62    2    1       568    5   17    7   15  -17    8    7   -9   10    1   -4    0   10   -3    3   -7   -2    3
    1   13    3    1    3   63    3    1      1619   12   -1  -10   -9    4    7    5   -4   -4    1   -8  -10   11   20    5   16   -8   12
    1   13    4    1    1   65    1    1       787  -15   11    6  -14  -10   14   18   18    2   16   17   -8  -12    6  -13    2   13   -4
    1   13    5    1    2   63    2    1       757    2   14   -1   12  -17   18    5  -12   18   -5   -4    0    4   -8    4   -5    9   12
    1   13    6    1    3   65    3    1      4601   15   -4   -9   -6    6   10    0   -7   -4    1  -11  -10   10   20   -1   14   -4    5
    1   13    7    1    1   62    1    1       530  -15   12    3  -16   -8   18   14   12    4   24    8   -3  -11    9  -11   -1   14   -6
    1   13    8    1    1   64    1    1       910   -3    5    7   -7  -10   14   14   14    5   14   11   -2  -10    6  -12   -1   16   -3
    1   13    9    1    2   65    2    1       634    5   14    7   12  -16   14    3  -20    8    3   -3    1   10   -5    2   -6    2    4
    1   13   10    1    3   62    3    1       946   13   -1  -10   -4    6    9   -5   -2    0    3   -7  -12   11   15    4   16   -6    3
    1   13   11    1    2   64    2    1       973    2   12    9   14  -19   14   16   -6    9    2   -2    2    9   -5    0   -3   -1    7
    1   13   12    1    2   61    2    1      2024    6   14   13   11  -24   19    8  -12    6   -1   -2   -2    6   -4   -1  -12   -5    5
    1   13   13    1    1   61    1    1       585  -12   13   -6  -19   -8   14   13   13    4   17    7   -5  -12    6  -12    0   16   -4
    1   13   14    1    3   61    3    1       835    6    5  -11   -5    3   15   -5   -4   -4    0   -7  -10    9   17    2   17   -6    4
    1   13   15    1    1   63    1    1      1171  -12   12   -2  -13   -9   17   17   13    1   16   10   -3  -11    7  -12   -1   18   -6
    1   14    1    1    3   68    3    1      4901   16   -1  -11   -2    3   10    4   -7   -4    1  -12   -4   11   17    5   16   -6    5
    1   14    2    1    1   67    1    1       642  -14   11    0  -13  -10   16   15    7    5   13   10   -5  -12    8  -12    1   14   -6
    1   14    3    1    2   68    2    1       970    5   16    6   13  -15   14    8  -11   10    2   -5    0   10   -3    9   -9    1    6
    1   14    4    1    2   67    2    1       613   10    9    4   18  -15   11    6  -12    7    1   -5   -1   13   -3    1   -4   -2    6
    1   14    5    1    3   70    3    1      1117   13   -3  -11   -1    6   -1   -4   -3   -4    0   -7  -21    8   14    4   15   -4    5
    1   14    6    1    1   70    1    1       850  -12   13    3  -11  -11   17   16   11    1   17   10   -5  -12    8   -3    8   15   -6
    1   14    7    1    3   69    3    1       817   16   -4   -8   -6   -1    5   -4   -3   -7    1   -8  -10   11   13   11    8   -4    6
    1   14    8    1    3   67    3    1      2546   14    0  -20    6    4    9    4   -9   -6    2   -7   -9    7   11    1   16   -3    2
    1   14    9    1    1   68    1    1       541  -12   12    1  -12   -7   17   13   11    3   17   11   -3  -13    6  -14    3   15   -5
    1   14   10    1    1   66    1    1       601  -12   11    2  -15   -9   21   15   11    5   13   11   -3  -11    6   -9    0   15   -4
    1   14   11    1    2   69    2    1       626    3   14    8   13  -14   11    8  -11    9    0   -2   -2   13   -4   -3   -5    1    6
    1   14   12    1    1   69    1    1      3338  -13    9    1  -17   -8   15   15   13   -1   22    9   -2  -16   16  -11   -1   14   -3
    1   14   13    1    2   70    2    1       694    4   17    8   12  -16   15    6   -9    8    1   -6   -4    9   -4   11  -11    1    6
    1   14   14    1    3   66    3    1       731   17    5  -11   -3    4    7   -3   -3   -5    3   -8  -11   19    9    6   17   -3    6
    1   14   15    1    2   66    2    1      2207    5   16    5   12   -6   20   11  -20    9    0   -4    2   11   -8    1   -5   -2   10
    1   15    1    1    3   74    3    1      1464   12   -1  -12   -3    3    0   -5   -5   -4    0   -8  -11   10   14    2   17   -6    3
    1   15    2    1    1   75    1    1       543  -12   10    0  -12   -8   16   15   11    1   14    8   -5  -13    8  -11   -1   14   -4
    1   15    3    1    1   73    1    1       874  -13   10    1  -16  -10   16   14   12    3   17   10   -3  -12    6  -16    4   13   -3
    1   15    4    1    2   74    2    1      1737    5   13    9   13  -12   11    6   -9   13   -1   -2    0   10   -4    6   -3   -9   -4
    1   15    5    1    2   72    2    1       645    7   14    6   12  -14   19    5   -8    6    3   -5    1   11   -2    3   -6   -1   15
    1   15    6    1    3   73    3    1       828   12    0  -13   -3    6    7   -4   -5   -6    0   -9  -10   11   13    1   18   -5    3
    1   15    7    1    2   73    2    1       540    3   15    7   15  -12   14    8  -11    3    5   -4   -1   13   -9    3   -6   -1    7
    1   15    8    1    3   72    3    1      3704   12   -2  -10   -2    0    7   -1   -2   -5    2   -8  -11    8   14   13   10   -5   11
    1   15    9    1    3   75    3    1      2821   14    5  -15    1    2    8   -6   -1   -2   -3   -7  -12   17    7    4   15   -6    3
    1   15   10    1    1   72    1    1      1286  -18   17    3  -14   -8    6   22    5    3   14    9   -2  -11    9  -11    1   16   -6
    1   15   11    1    3   71    3    1      1828   14   -3  -10   -4    6   10   -4   -3   -2    6   -6  -11   12   15    0   14   -4    3
    1   15   12    1    2   75    2    1       747    6   17    7   15  -15   15    6  -10    8    1   -4   -1   11   -5    3   -7    0    4
    1   15   13    1    2   71    2    1       799    8   20    3   10  -15   14    9   -9    7    3   -4   -2   12   -5    1   -3    0    7
    1   15   14    1    1   74    1    1       608  -12   10    2  -13   -7   16    9   12    4   14    9   -4  -21    5  -12    1   10    3
    1   15   15    1    1   71    1    1       601  -16    9   12  -10  -11   18   16   11    4   15   11   -5  -13    5  -14   -4    8  -11
    2    1    1    1    3    4    1    1      1277   12   -1  -10   -6    5    7   -3   -6   -3    2   -8  -11    9   21    4   15   -4    5
    2    1    2    4    3    2    2    1      2027   13   -1  -12   -3    3    7   -4   -5   -4    1   -8  -11    3   10    2   16   -6    4
    2    1    3    1    1   11    1    1      2235  -13   12    3  -13   -8   16   15   11    5   21    8   -9  -14    9  -13    2   16   -4
    2    1    4    4    3    4    2    1      1827   14   -2  -12   -4    6    5   -3   -3   -4    1   -7  -12   10   14    3   18   -4    5
    2    1    5    1    3   28    2    0      1835    8    1  -14   -5   -1    7   -2   -4  -14   11   -6  -13   10   14    7   14   -4    5
    2    1    6    4    3    1    1    0      1795   14   -2   -9   -6   10    6   -3   -3   -8    0   -6  -11   11   16    2   16   -6    3
    2    1    7    4    1    1    1    0       828  -15   12    3  -15   -8   15   15   14    2   15    9   -4  -19    6  -12   -1   13   -5
    2    1    8    1    3   55    2    0      3708   14   -4   -9   -5    4    7  -10   -2    1    5   -3  -10   12   13    3   15   -1   13
    2    1    9    1    3   21    1    1      1017   14    0  -10   -3    5    7   -4   -4   -7    2   -8  -10   11   15    2   16   -7    6
    2    1   10    1    2   50    1    1      1010    7   15    9   13  -16    8    6  -11    8    3    4   -2    2    0    1   -4    2    6
    2    1   11    1    2    9    1    1      2506    7   18    6   12  -14   11    7   -9   10    0  -12   -9   12   -3    4   -2    2    7
    2    1   12    4    2    1    1    0       824    6   14   17    7  -15   14    7  -11    9    1   -3   -1   10   -4    3   -1    2   -3
    2    1   13    4    1    5    1    0      1016  -13   12    0  -15   -8   16   14   12    4   16    9   -2  -14    6  -11    1   13   -5
    2    1   14    6    0    0    2    1      1057   12   17   -8    2    7    9   -7    7    5   -2    0    5    4  -15   -2   12   -2  -10
    2    1   15    1    1   59    1    1       952  -15   13    4  -12   -8   17   14   12   -1   10    7   -1   -8   10  -10   -2   15   -2
    2    1   16    4    1    3    2    1      1843  -14   20    1  -14   -8   18   16   11    3   16    9   -4   -4    3  -10    2   19    0
    2    1   17    6    0    0    1    0      1803   15   15  -11    5    6   10   -8    3    2   -2   -3    4   -4   -7   -5   15  -13   -3
    2    1   18    1    1   37    2    0      2276  -13   21    2  -13   -8   14   17   12    3   13   10   -1  -12    6  -10   -1   16   -5
    2    1   19    2    2    0    1    0      1130    5   15    8   14  -14   13    7  -10    8    2   -3    0   11   -4    2   -5    0    6
    2    1   20    4    3    3    1    0       590    3    3  -11   -2    5    6   -1   -9   -6    1   -9  -12   10   13    1   14   -3    5
    2    1   21    4    3    5    2    1      1031   14    0  -12   -4    9    3   -1   -6   -6    2   -7  -16   10   20    2   23  -13    8
    2    1   22    2    1    0    1    0      1119  -13   11    2  -14   -9   16   15   12    3   15    9   -3  -12    7  -11    0   14   -5
    2    1   23    1    2   18    1    1      1252    7   20    8   13  -15   13    6  -10    7    3   -2    0   10   -4    0   -4   -3    4
    2    1   24    1    2   32    1    1       659    3   13    4   16  -13   13    3  -10    8    1   -4    0   11   -5    3   -5    0    5
    2    1   25    1    2   66    1    1      1962    5   16    5   12   -6   20   11  -20    9    0   -4    2   11   -8    1   -5   -2   10
    2    1   26    4    1    2    1    0      1372  -18   14    9  -19   -8   17   15   13    4   16    9   -1  -12    6  -11   -2   15   -5
    2    1   27    4    2    2    1    0      1591    5   16    6   14  -14   14    7   -9    6    1   -2   -1   13   -6    1   -4    1    5
    2    1   28    1    3   62    2    0       937   13   -1  -10   -4    6    9   -5   -2    0    3   -7  -12   11   15    4   16   -6    3
    2    1   29    4    1    4    1    0      2053  -17   21    1  -13  -10   15   14   12    2   15    9   -1  -11    6  -12    2   13   -8
    2    1   30    1    1   75    1    1      1108  -12   10    0  -12   -8   16   15   11    1   14    8   -5  -13    8  -11   -1   14   -4
    2    1   31    4    2    5    2    1      2793    5   14   10   22  -13   12    8   -4    7    3   -5    1   12   -5    0   -5    2    4
    2    1   32    6    0    0    2    1      2187  -18    9   -3  -12    5   12   -9    2    0    1   -7   10   15    3    5   -3    7    4
    2    1   33    6    0    0    2    1      2244   -3  -12   -7   23    3  -22    6    4   -6  -15   12    4    2    4  -14    5    9  -14
    2    1   34    4    2    3    1    0      1004    6   16    9   14  -13   15    7  -11    9    1    1    0   10   -2    1   -4   -2    7
    2    1   35    6    0    0    2    1      1653  -12    2   -2   -6    5   12   -9    1    1    2   -8   -1   13    0    2    7   15   12
    2    1   36    4    2    4    1    0       852    7   12    7   16   -6   22    6  -10    9    2   -4    1   10   -2    3   -6    1    7
    2    1   37    2    3    0    1    0      1428   13   -2  -11   -4    4    8   -3   -4   -5    1   -7  -11   10   15    3   16   -5    4
    2    1   38    1    1   43    1    1      1227   -4   12    3  -15   -8    7   14   12    3   16   11   -4  -11    7  -13    6   12   -6
    2    1   39    6    0    0    2    1       891  -12   -6   -5   17   14  -14    7    3   -7  -13    6   -4    8    1  -12    5    9  -14
