    1    1    1    1    2    5    1    0      6533   -1    8    9    9    1   14   -3  -12   16   -9   -5    3   -2   10   13   13    6   -7
    1    1    2    1    3    3    1    0      3335    3   -3    8  -12   -2  -16   14   -5   10   -1  -13  -13    5  -12    8   -3   16   -1
    1    1    3    1    3    4    1    0      1619    5   -3    5  -12   -3  -14   14   -5   14    1  -13  -12   10   -7    7   -4   16    0
    1    1    4    1    2    2    1    0      2051    3    4   10   10   -4   20   -4  -14   14  -11   -4    5   -9    9   12   11   11   -8
    1    1    5    1    1    1    1    1      1571  -16    4   12  -13    0  -16    7    0   12   21   -5   18  -12   -5    1   13   -1   15
    1    1    6    1    3    2    3    1      1429    5   -1    8   -8   -1  -11   13   -7   12    2  -22  -16   11  -11   15    0   20   -3
    1    1    7    1    3    5    3    1       782    3   -4   12   -5    0  -15   14   -6   13    0  -16  -13    5  -10    7    2   16    0
    1    1    8    1    1    4    1    1       736   -4   14   13  -10    3  -15   13   15    5   18   -6   17   -7   -4    1   10   -2   16
    1    1    9    1    3    1    2    0       628    2    0   11   -8    4  -16   23   -4   13    1  -12  -13    3  -12    7   -6   15   -3
    1    1   10    1    1    2    2    0      1164   -7   13   16  -14    3  -14    3    9    4   16  -11   17  -12   -5    4   12   -3   12
    1    1   11    1    2    4    2    1      1295    2    8    9   12    0   15   -5  -14   13   -8   -5    3    2   13   12   11    6   -6
    1    1   12    1    2    1    1    0       797    4    6   10   11   -1   17   -6   -8   10   -9   -7    2   -1   11   13   12    6   -7
    1    1   13    1    1    5    1    1       830   -7   12   13  -12    1  -14    5    6    3   15  -11   15  -11   -7    4   10    0   13
    1    1   14    1    1    3    1    1       814   -4   11   13  -12    2  -13    4    4    3   20  -12    7  -10   -4   10    8  -10    5
    1    1   15    1    2    3    2    1      2030   -1    8   11    9    0   14   -6  -11   16  -11   -4    5    2   13   10   12    7   -6
    1    2    1    1    3    9    3    1       559    5    3    9  -10   -1  -14   14   -5   10    0  -13  -13    8  -14    7   -1   17   -3
    1    2    2    1    2    8    2    1       890    4    8   12   11    1   16   -3  -11   16  -10   -5    5    0   12    7    8    7   -5
    1    2    3    1    1    9    1    1       616   -6   11   15  -11    2  -15    5    5    4   15   -9   14  -10   -4    0   11    1   16
    1    2    4    1    3    8    3    1      1040   -2   -3    9   -8    7   -9   11   -5   14    2  -14  -11    7  -14    3    1   14   -2
    1    2    5    1    1    7    1    1      1176   -1    8   15  -12    3  -15    4    4    3   14  -10   17   -1   -9    3   11   -1   13
    1    2    6    1    3    6    1    0      1963    0    7    9  -11   -4  -19   12   -5   13    0  -13  -12    2   -7    7   -3   15    4
    1    2    7    1    3   10    3    1      1470    2   -4    4   -5    0  -20    6    5   11    1  -13  -13    5  -12    7    0   16  -11
    1    2    8    1    1    6    1    1      1604   -7   11   14   -5    3  -12    3    6    2   16  -11   17   -4  -12    3   10    0   13
    1    2    9    1    2    7    2    1       758    3    5    9    8   -3   12   -5  -12   16  -11   -5    3    2   10    8   19   -4   -9
    1    2   10    1    2    6    1    0      2105    1    6   17   16    1   23   -5  -12   13   -8   -1    0    7    7   10   13    7   -6
    1    2   11    1    3    7    3    1       838    2   -1    6  -10   -2  -15   17   -6   10    1  -14  -13    6  -13    8   -3   17  -11
    1    2   12    1    1   10    1    1      3478   -7   12   17   -5    3  -14    4   13   -2   23  -10   17  -10  -12    1   13   -1   16
    1    2   13    1    2    9    2    1       652    1    6   10    8   -1   18   -2  -13   17  -12   -7    3    0   12   12   11    6   -6
    1    2   14    1    1    8    1    1       804   -5   10   16  -14    3  -12    4    3    3   19  -10   18  -10   -8    1   12    0   14
    1    2   15    1    2   10    2    1       901    4    7   10    4   -9   24   -4  -13   16  -10   -4    5   -1   13   12   10    7   -5
    1    3    1    1    3   13    3    1      1042    2   -1   14   -6    0  -15   12   -8   13    2  -12  -14   -2  -14    7   -1   15   -4
    1    3    2    1    2   11    2    1      1162    2    7   12    9   -1   16   -3  -12   16   -8   -5    6   -1   10    8   14    5   -5
    1    3    3    1    2   15    2    1       718    3    5   12   10   -2   13   -4  -11   13  -10   -7   13    0    9    4   14    5   -5
    1    3    4    1    3   15    3    1      1778    3    0    7   -9   -2  -14   13   -6   14    1  -15  -10    8  -13    7   -1   13   -2
    1    3    5    1    1   14    1    1      1005   -6   11   15   -4    2  -15    5    4    3   15  -10   18  -12   -6    5    7   -1   15
    1    3    6    1    2   12    1    0      1766    2    7   11    9   -3   16   -2  -14    7  -11   -6    5    0   10   17    9    5   -6
    1    3    7    1    1   15    1    1      1249   -5   14   13  -10    1  -14    3    7    4   13   -9   17  -13   -7    7   16   -2   15
    1    3    8    1    3   11    3    1      1024    1   -3    8   -8   -3  -25   14   -3   10    0  -14  -13    1  -12    6   -1   20   -5
    1    3    9    1    1   11    2    0      1353   -5   12   14  -14    0  -22    5    5    3   15  -11   18  -12   -4    4   11   -2   15
    1    3   10    1    1   12    1    1       724   -4   10   15  -10    4  -14    4    6    3   15  -12   15   -8   -2    4   10    0   12
    1    3   11    1    3   14    3    1      1049    5   -1   10   -9   -1  -14   11   -6   12    2  -13  -14   -3  -12    9   -1   15   -3
    1    3   12    1    1   13    1    1       736   -4   14   15  -12    3  -15    4    6   -3   16  -11   17  -10   -7    4   13   -1   15
    1    3   13    1    3   12    3    1       708    3    0    8   -8  -10  -17   13   -6   16    3  -15  -13    9  -11    7   -3   14   -1
    1    3   14    1    2   14    2    1       761    4    5   11   11   -3   16   -5  -11   15   -9   -6    3    0   10    8   10    5   -6
    1    3   15    1    2   13    2    1       893    3    5   12    8   -1   19   -4  -11   19  -11   -6    5   -1   11   13   14    6   -6
    1    4    1    1    2   20    1    0       651    9    0   11   11   -1   16   -3  -13   13  -10   -6    5   -4   11   21    7   11   -1
    1    4    2    1    3   20    1    0       562   -7    0   -1  -13   -1  -16   16    0   10   -1  -15  -11    7  -14    2  -12    7   -4
    1    4    3    1    1   19    1    1       749   -5   12   13  -14    2  -12    3    5    0   14   -8   15  -13  -11    0   10   -3   14
    1    4    4    1    2   19    2    1      5504    4    5    8   14    8   23   -5  -12   15  -11   -6    2    1   13   12   13    2  -10
    1    4    5    1    2   17    1    0      1446    4    6   12    9   -2   17   -5  -11   17   -9   -7    2   -1   11   22   12    8   -3
    1    4    6    1    2   18    1    0      1166    4    8   12    9    1   20   -4  -11   15   -8   -7    4   -3    9   11   15    6   -3
    1    4    7    1    1   18    1    1       800   -6   13   12   -9    1  -17    3    7    2   14  -12   13  -12   -5    2   11   -2   14
    1    4    8    1    3   17    3    1       769    4   -3   10  -11    1  -17   14   -6   12    0  -14  -11    5  -11    7   -3   11    5
    1    4    9    1    1   17    1    1      1044   -6   14   19  -15    4  -14    1    9    1    5  -10   14  -12   -6    5   16    1   13
    1    4   10    1    3   19    2    0       860    1   -3    9   -9   -2  -13   12   -3   13    0   -5   -3    7  -13    7    1   16   -3
    1    4   11    1    3   16    2    0       635    4   -3    7   -8   -2  -15   13   -3   12    0  -16  -14    5  -12    6   -2   16   -1
    1    4   12    1    1   16    2    0      1267   -5   12   13  -10    3  -19    4    3    3   14   -8   13   -6  -11    3   11   -5   15
    1    4   13    1    1   20    2    0       706   -1   10    7  -19    1  -13    4    6    1   19   -5   15  -17  -11   -8    6   -8   16
    1    4   14    1    2   16    2    1       791    2    7    9   10   -2   16   -5  -14   16   -8   -6    3    0   12   12   11    6   -6
    1    4   15    1    3   18    3    1       745    3   -3    7  -11    0  -16   17   -7   17    2  -16  -16    6  -13    6    3   19    0
    1    5    1    1    3   23    3    1       957   -5   -1   11   -1   -1  -13   11   -5   17    4  -15  -11   13  -21    8   -3   17   -2
    1    5    2    1    1   25    1    1      1464  -15   19   15  -13    2  -13    3    6    1   15   -1   14   -9   -8    3   12    0   12
    1    5    3    1    2   24    1    0      1055    1    6   12    9    0   13   -2  -12   16  -12   -7    2    1   11   20   17    5   -4
    1    5    4    1    1   21    1    1      6166   -7   12   16  -12    1  -14   -6    6    1   15   -9   16  -19   -8    2   11    9   23
    1    5    5    1    1   24    1    1       977   -8   10   13   -8    0  -23    4    3    9   16  -19   12  -10   -7    6   11   -9   20
    1    5    6    1    1   23    1    1       651   -6   13   20   -6    4  -16    5    5    3   15   -6   18   -9   -6    3    7    1   14
    1    5    7    1    3   25    3    1       691    2   -2   10   -5    0  -14   13   -6   12   -1  -13   -2    7  -12    9   -1   16    0
    1    5    8    1    1   22    1    1       633   -5   12   15  -12   -1  -13    5    3    3   15  -10   15  -17   -3    1   13   -2    6
    1    5    9    1    3   24    3    1      1169    8    0    8   -8   -1  -14   22   -1   14   -7   -4  -16    6  -14    8   -4   12   -1
    1    5   10    1    2   25    2    1       483    4    5   12    9   -3   15   -4  -13   13   -8   -5    3    2   12   11   13    4   -4
    1    5   11    1    3   22    3    1      1009    5   -6    3  -14  -11  -14    9  -13    9   -3  -15  -12    7  -11   -3  -10   15   -1
    1    5   12    1    2   21    2    1      1819    1    5   10    9    0   15   -5  -11   16  -10   -8    5    1   11    9   12    2    0
    1    5   13    1    3   21    3    1       979    3   -3    7  -13  -10  -23   13   -3   12    2  -15  -12    5  -12    6   -2   16   -6
    1    5   14    1    2   22    2    1      1102    4    7   17    5    6   14   -3  -10    9  -13   -4    3    1    9   11   11   16   -3
    1    5   15    1    2   23    2    1      1791    2    7   11    9   -1   14    0   -7   16  -10   -6    5   -1   10   10   12    5   -5
    1    6    1    1    2   30    2    1       797    2    6   17   13    1   17   -7  -12   14   -8   -4    3    0   10   12   13    9    2
    1    6    2    1    3   29    3    1       814    1   -4    9   -9   -1  -14   14   -5   10    2  -15  -14    7  -13    8   -1   18   -1
    1    6    3    1    1   30    1    1       479   -8   12   14  -18    2  -15    6    3    3   16   -9   15  -12  -11   -7   21   -5   18
    1    6    4    1    1   26    1    1       798   -8   17   16  -12    1   -7    6    7    6   11  -11   15   -9   -5    0   11   -2   14
    1    6    5    1    2   26    2    1      1775    2    7    9    9   -1   13  -14  -18   20   -5   -6    3   -1   20   14   10    5   -4
    1    6    6    1    3   30    3    1       857    2    0    5  -13   -2  -14   12   -5   13    3  -15  -14    4  -11    8   -3   14   -4
    1    6    7    1    2   28    2    1      2089    4    6   10   10   -3   24   -2  -14   12   -6   -4    7   -2    9   19    3    7   -5
    1    6    8    1    2   29    1    0       982    2    7   12    9    1   14   -6  -13    9   -8   -7    4   -1   12   13   12   14   -3
    1    6    9    1    3   27    3    1       753   -1    3   10   -9   -1  -14   14   -6   12    3  -14  -14    7  -11    6   -2   15   -3
    1    6   10    1    1   29    1    1       804   -5    7   14  -11    1  -15    4    4    3   13  -10   15   -9   -4   -3   15  -11    8
    1    6   11    1    3   28    3    1       789    2   -8    8   -5    4  -17   11   -4   12    0  -15  -11    5  -10   -3   -4   16   -5
    1    6   12    1    1   27    1    1       935   -4   11   18  -14   12  -12    5    4    4   16   -9   12  -10   -5    1   12   -2   14
    1    6   13    1    2   27    3    0      1299    1    5   12    0   -3   12   -5   -2   24  -11   -2    1    1   11   12   11    7   -3
    1    6   14    1    3   26    3    1       608    4   -2   10  -10   -3  -13   12   -4   11    2  -12  -12    8  -12    8    0   14   -3
    1    6   15    1    1   28    1    1      1146   -5   12   15  -10    4  -16    3    4   -3   14   -9   17  -11   -4    2   13   -2   12
    1    7    1    1    3   31    3    1      2478   -1   -7    9   -1   -1  -17   11   -4   14    0  -15  -10    0  -11    9   -6   17   -1
    1    7    2    1    2   32    2    1       508    4    8   13    8   -5   20   -3  -10   17   -9   -7    3   -2    7    8    7    4  -10
    1    7    3    1    1   32    1    1      1161   -6   13   21  -22    2  -15    4    4    3   17   -7   18  -13   -2    3   11   -3   13
    1    7    4    1    2   34    2    1      1613    2    8   19    1   -1   10   -5  -16   16  -10   -5    6  -10    6   11   12    5   -4
    1    7    5    1    2   31    2    1      1693    4    2   10   12    9   24   -3  -11   16  -11   -7   14    5    5   12   13    5   -4
    1    7    6    1    3   33    3    1       843    2   -1    3  -10   -2  -15   16   -8   13    0  -12  -14    6  -11    6   -2   14   -4
    1    7    7    1    1   33    1    1       860   -7   12   16  -14    2  -12    4    4    3   15   -8   17   -9   -6    9   16   -2   10
    1    7    8    1    1   35    1    1       779   -6   11   13  -11    1  -14    3    5    4   15  -11   16  -11   -1    0   14   -1   12
    1    7    9    1    1   31    1    1      1005   -5   11   13  -10    2  -13    4    6   -3   19  -11   14  -11   -5   -1   12    3   17
    1    7   10    1    2   33    2    1       567    8    8   11    9   -2   16   -6  -12   15  -11   -6    5    1   12    8   12    4   -6
    1    7   11    1    3   32    3    1       961   -5    4    6   -8   -2  -15   13   -6   11    2  -13  -11    6  -14    7   -1   13    0
    1    7   12    1    3   34    1    0      1325    9    8   11  -19   -2  -14   14   -6   14    1  -14  -11    1  -14    7    2   17    0
    1    7   13    1    2   35    1    0       937    1    5   10   10   -2   16   -2  -11   15  -11   -5    5    1   12   13   13    5   -6
    1    7   14    1    1   34    1    1       597   -5   11   17  -15    1  -14    2    7    4   15  -10   15   -9   -5    2   13   -1   13
    1    7   15    1    3   35    3    1       670    1   -1    9   -7   -3  -18   14   -6   13   -1  -12  -13    4  -13    7   -3   14   -3
    1    8    1    1    3   37    3    1      1029    2   -3    9   -9   -4  -12   14   -7   12   -1  -15  -12    7  -13    6   -8   15   -4
    1    8    2    1    1   39    1    1      1342   -8   11   15  -16    0  -14    1    9    2   16   -6   19  -10  -11    2   11    1   14
    1    8    3    1    3   36    3    1      1114    1    0    7   -9   -3  -16   13   -4   15    4  -10  -11    3  -11    7   -3   14   -1
    1    8    4    1    2   37    2    1      1566    4    6    6   16    0   16   -4  -11   17   -8   -7    4   -1   12   13   14    6   -6
    1    8    5    1    3   40    3    1       817    2    0    9   -7    1  -15   11   -4    7    3  -16  -10    6  -13    6   -2   16   -4
    1    8    6    1    3   38    1    0      1281    2   -4   10  -10   -3  -19   16    2   10    1  -15  -11    5   -7    0    1   14   -1
    1    8    7    1    2   39    2    1      1167    3    7   10   11   -3   15   -3  -10   13  -20  -10   12   -1   12   11   13    6  -12
    1    8    8    1    1   36    1    1       770   -6   11   14  -11    1  -13    3    4    0   17   -9   15  -11   -4    1    5   -1   15
    1    8    9    1    2   36    2    1       724   11    0   10   11   -1   14   -5  -11   14  -10   -6    5   -4    7   17   10    6   -4
    1    8   10    1    3   39    3    1       937    3    0    4   -7   -2  -17   12   -4   13    3  -13  -12    5  -10    7   -4   14    0
    1    8   11    1    1   37    1    1       661   -8   12   16  -14    1  -16    5    5    1   16   -9   22  -10   -6    4   11    4   19
    1    8   12    1    2   38    1    0      3740    2    5    7   11    9   24   -7  -11   17  -12   -8    3   -3    7   13   11    3   -3
    1    8   13    1    1   40    1    1       632  -11   12   14  -11    1  -12    2    7    7   18   -5   15  -13   -4   -4    7   -7   13
    1    8   14    1    1   38    1    1       736   -7   12   16  -12    8  -10    4    6    1   16   -8   15  -10   -6    3   11    5    4
    1    8   15    1    2   40    2    1       820    3    7   10    8   -2   15   -4  -11   14  -10   -5    5   -2   11   13   12    9    0
    1    9    1    1    3   42    3    1       820    5   -2    2   -2   -2  -15    8    1   12    2  -13  -12    5  -14    1   -8   14   -1
    1    9    2    1    2   45    2    1       885   -7   -2   10   11   -2   15    1   -8   17   -9   -8    4   -1   13   12    3    5   -4
    1    9    3    1    1   44    1    1       595   -4   12   14  -16    0  -14    6    4    4   13   -8   21  -12   -6   11    8    0   13
    1    9    4    1    3   45    3    1       653   -1    7   10   -8   -2  -14   14   -4   12    0  -16  -12    8  -14    8   -3   16   -3
    1    9    5    1    2   42    2    1       980   -4    5    4   20   -2   16   -3  -11   11  -12   -5    3    1   10   14   10    1   -9
    1    9    6    1    2   43    2    1      1198    3    5   12   12   -1   14   -4  -11   14  -10   -6    5   -1   11   14   11    5   -3
    1    9    7    1    3   44    1    0       863   -1   -2    7   -9   -1  -14   12   -7   10    3  -16  -10    7  -15    6   -2   17   -2
    1    9    8    1    1   42    1    1       686   -5   12   17   -9    0  -12   11   13    1   17  -11   16  -14   -3   -1   13    0   11
    1    9    9    1    1   43    1    1       772  -11    8   14  -13    2  -13    9    5    2   16  -10   13  -12   -6    1   12    8   11
    1    9   10    1    2   41    2    1      1191    5    6   13    9    9   23   -5  -14   16   -9   -7    5    0   16   13   13   11  -13
    1    9   11    1    1   45    1    1       712   -5   10   12  -10    3  -12    2    5    1   15  -11   15  -11   -4   -3    8   -3   16
    1    9   12    1    1   41    1    1       750   -5   10   15  -13    3  -14    3    7    3   15  -11   17   -9   -7    2   11   -6   15
    1    9   13    1    3   43    3    1      1921    4    0    7   -8    1  -11   22    2    7    4  -10   -3    5  -14    8   -2   13   -7
    1    9   14    1    2   44    2    1       726   10    5   10   11    1   17    0  -17   16  -12   -5    2    1   12   14   12    8  -11
    1    9   15    1    3   41    3    1       890    5   -3   10   -8   -1  -14   12   -2   11    1  -13  -11    6  -13    2   -2   20   -1
    1   10    1    1    3   47    3    1       808    2   -2   14    0   -2  -15   18    0   13    3  -14  -13    6  -15    6   -2   17   -2
    1   10    2    1    3   48    3    1       666    3   -1    7   -9    0  -14   11   -7   10    3  -16  -10    8  -14    7    0   17   -2
    1   10    3    1    2   46    2    1       976    3    5   13   12    1   10   -5  -11   15   -9    4    9   -2   10   10   14   -1  -15
    1   10    4    1    3   49    3    1       939    3   -3   -1    0   -2  -17   14   -5   13    2  -13  -13    7  -10    6   -3   15   -1
    1   10    5    1    2   48    1    0      2039   -2    6    4   12    8   18   -4  -17   14  -12   -6   -4    2   11   10   14    5   -5
    1   10    6    1    1   47    1    1       871   -4    2    9   -3    1  -15    4    3    6   11   -2   22  -12   -7    0   17    0   12
    1   10    7    1    2   47    3    0      2309    8    9   12    8    1   17    5   -3   15  -11   -3    2    2    9   10   11   13   -4
    1   10    8    1    1   46    1    1      1243   -8   12   13  -13    4  -14    3    5    4   14   -1   14  -12   -5    1   13   -3   16
    1   10    9    1    3   46    3    1       571    6   -8   13   -9    0  -15   11   -3   10   -1  -14  -11    5  -13    7   -1   18   -4
    1   10   10    1    1   48    1    1       805    0    9   13  -16    1  -12   -5    7    3   16  -11   16   -9   -7   -8   11   -3   13
    1   10   11    1    3   50    2    0      1078    9    8   12   -7   -2  -15   12   -4   12    0  -14  -16    5  -13    6   -4   11    6
    1   10   12    1    1   49    1    1       733   -8   13   11  -17   -7  -18    2    5    7   19  -11   16   -8   -6    0   13   -3   16
    1   10   13    1    2   50    2    1      1073    5    5   11   11    0   14   -5  -12   16  -10   -7    4   -2   11   13    9    6   -7
    1   10   14    1    2   49    2    1       728   -1    9   12    8    0   14   -4  -13   16  -12   -5    3    5   16   13   11    7   -6
    1   10   15    1    1   50    1    1       716   -5   12    9  -17    0  -15    3    5   -5    7  -11   15  -14   -2    1   10   -2   13
    1   11    1    1    2   51    2    1       881   -6   14   12    9    1   14   -3  -12   15  -11  -10    4   -1   10   12   13    7   -6
    1   11    2    1    1   51    1    1      1023   -7   12   19   -8   -6  -21    3    6    1   16  -15    7   -9   -5    1   13   -2   15
    1   11    3    1    2   54    2    1      1464    3    7   10   10   -3   13  -10   -5   15   -9   -5    3    0   10   13   11    7   -6
    1   11    4    1    3   55    3    1      1022    2   -6    8   -8   -2  -14   14   -6   10    0  -14  -13    7  -13    5    0   17   -3
    1   11    5    1    1   53    1    1       775   -6   11   12  -10    0  -18    4    4   -8   13  -12   18  -17  -15    3   14    7   10
    1   11    6    1    2   55    2    1       953    2    6   13   11    0   13    2   -6   14  -10   -3    4   -1   11    7   12    5   -3
    1   11    7    1    2   53    1    0      1797    2    6   11   11   -2   16   -5  -14   17   -9   -7    3    2   10   14   13   -3    1
    1   11    8    1    3   51    3    1       798    4   -3   10   -3    0  -15   13   -6   11   -1  -15   -6    2   -8    6   -2   15    0
    1   11    9    1    1   55    1    1      1599   -7   13   18   -9    8  -24    0    3    0   17  -11   20  -11   -5    7   11    0   14
    1   11   10    1    3   52    3    1       864   -2    1    7   -8    4  -15   12   -4   12    4  -14  -13    8  -10    6   -1   15   -3
    1   11   11    1    1   52    1    1       639   -4   11   13  -12    0  -14    4    7    0   13  -10   18  -13   -6    4   13   -2   16
    1   11   12    1    3   54    3    1       871    1   -2    8   -7   -9  -20   13   -4   22    1  -13  -12    5  -12   16    2    6   -5
    1   11   13    1    1   54    1    1       694   -5   12   19  -14    9  -21    2    7    0   10  -12   15  -10   -5    2   11   -3   16
    1   11   14    1    3   53    3    1       732    4   -3    7   -9   -2  -17   12   -4   10   -1  -12   -7    6  -11    7   -3   17   -4
    1   11   15    1    2   52    2    1      1918    3    8   10    9  -10   16   -5  -11   20   -7   -7    8    1    9   15   16    9    0
    1   12    1    1    3   57    3    1       964    3    0   10   -7    1  -14   15   -7   11    1  -12  -13    8  -14    6   -2   13   -2
    1   12    2    1    2   57    1    0      1807    2    4   12   12    8   13   -8  -10   15  -12   -6    2    1   10   13   14    5   -4
    1   12    3    1    1   56    1    1       696   -5   12   16  -13    3  -15    3    4    1   18  -11   18  -11   -7    3   22   -2   15
    1   12    4    1    1   60    1    1      2925   -3   10   16  -14    1  -13    2    7    2   17  -14   21  -11   -4    1   10    1   15
    1   12    5    1    1   58    1    1       682   -6   13   16  -10    7  -13    2    5    2   14  -12   18  -12   -5    1   12    5   11
    1   12    6    1    1   57    1    1       736    2    7   14  -10    3  -16    6    5    4   13   -1   17  -11   -5    4   10   -1   13
    1   12    7    1    3   56    3    1       724    7   -2    8  -10   -8  -14   13   -6   10    2  -15  -12    6  -11    5    0   17    1
    1   12    8    1    2   59    2    1      5288    4    6   13   11   -3   17   -5  -14   15  -11   -9    2    0   13   14   13    5   -4
    1   12    9    1    2   58    2    1       838    2    7    5   11   -1   16   -4  -13    9   -9   -4    3   -1   11   10   12    8   -5
    1   12   10    1    3   58    3    1       710    2   -2   10   -8   -7  -10   15   -6   13    0  -14  -13    5  -15    6    0   13   -3
    1   12   11    1    3   59    3    1      1084    4   -2    8   -8   -5  -12   13   -6   11    1   -7  -13    5  -13    9   -4   16    3
    1   12   12    1    1   59    1    1       738    3    5   14  -11   -8  -12    9   13    1    8  -12   15  -11   -5    0   13   -1   15
    1   12   13    1    2   56    2    1       982    4    6    9   10   -2   16   -3  -13    8  -12  -11    2   -1   11   14   12    0   -5
    1   12   14    1    3   60    3    1      2927   -1   -2   -1   -5    4  -25   12   -4   12    3  -11  -13    5  -12    9    0   14   -3
    1   12   15    1    2   60    2    1       748    8   10   13   15   -2   17   -5  -11   17   -7   -1    7   -3   19   13   12    1   -8
    1   13    1    1    1   64    1    1      2847   -6   11   12  -12   -7  -18   -3   -1   10   24   -7   13  -12   -4   -8    7    0   13
    1   13    2    1    3   63    3    1       655    3   -1    7  -14   -2  -15   11   -6   11    0  -21  -22    6  -11   17   -1   16   -3
    1   13    3    1    3   62    3    1       934   -1   -5   10   -8   -2  -15   15   -4    9    4  -14  -11    5  -10    8    0   16    0
    1   13    4    1    2   61    1    0       722    5    7   10   11   -3   15   -4  -11   15  -18  -15    4   -1   13    6   15    7   -6
    1   13    5    1    2   65    2    1       951    3    7   12    9   -2   17   -5  -13   10  -11   -5    4    0   13   11   13    5   -5
    1   13    6    1    1   65    1    1       770   -5   13   18   -6    0  -16    5    5    3   15  -10   15   -8    2    1   14    2   18
    1   13    7    1    1   63    1    1      2964   -4   11   10   -7   11   -4   10    8    1   14   -9   15  -10   -6    3   13   -2   15
    1   13    8    1    1   62    1    1       831   -5   13   16  -13    2  -13    5    4    4   18   -9   15   -7  -14    3   11    2   19
    1   13    9    1    3   61    3    1       687    0    0    6   -7   -2  -14   14   -5   11    1  -17  -13    7  -13    7   -3   18   -8
    1   13   10    1    3   64    3    1       933    4   -2   10   -8    1  -14   14   -6   14   -1  -12  -11    7  -13   -3   -2   16    0
    1   13   11    1    3   65    3    1       657    4   -1    6  -10   -1  -13   12   -7   12    4   -9  -12   10   -2    6   -2   14   -1
    1   13   12    1    2   63    1    0      1768    3    7   10    2   -1   14   -4  -13   14  -14   -9   -4    1   12    3   13    8   -7
    1   13   13    1    1   61    1    1       915   -9   11   12  -11    3  -15   -5    2    3   14   -9   15  -13   -7    4   10   -2   15
    1   13   14    1    2   64    2    1      1135   -2   -2   10   11   -1   16   -6  -11   17  -11   -5    3   -1   10   16    7    8   -1
    1   13   15    1    2   62    2    1      1140    2    7   11    8   -3   15   -9  -16   13  -13   -8    4   -2   11   10   11    7   -5
    1   14    1    1    2   68    2    1       855    2    5   19   17   -3   17   -4  -13   14  -10   -5    2    1   10   11   14    8   -5
    1   14    2    1    3   66    3    1       887    9    2   10   -8    1  -17   12   -3   13    0  -15  -11    7  -14    8   -2   13   -7
    1   14    3    1    1   69    1    1       789   -5   11    6  -22   -1  -24    5    4    7    5   -9   15  -10   -4    3    9   -3   16
    1   14    4    1    3   68    3    1      1223    4    4    8   -7    6  -11   15   -9   11    1  -15  -13    4  -12    7   -1   13   -3
    1   14    5    1    1   67    1    1      1047    2    2   13  -11    2  -15    4    4    2   17   -3    8  -11   -7    2   13    0   12
    1   14    6    1    1   70    1    1       654   -5   12   20   -6    3  -12    4   11    1   16   -1   18   -9   -4   -3   11   -3   16
    1   14    7    1    3   70    3    1       678    2   -1    7   -7    0  -15   15   -8   10    1  -15  -14    8  -14    5   -3   13   -2
    1   14    8    1    2   69    2    1      2684    5    7   13    9    0   15  -14  -14   14  -11   -7    2    0   12   12   13    7   -5
    1   14    9    1    2   70    2    1      1106    3    7   11    9    4   19   -2  -14   19  -10   -4    3   -2   10   11   13    4   -5
    1   14   10    1    1   66    1    1      1000   -7   10    8  -15    6  -17    3    5    1   24   -8   16  -10   -6    3   12   -2   15
    1   14   11    1    3   69    3    1      1617    2   -4    9   -9   -3  -17   15   -6   10    5  -13  -12    7  -12    6   -1   19    3
    1   14   12    1    3   67    1    0      1905    8   -6   13  -12    0  -16   20    5   11    1  -12  -18   -3   -3    5   -2   13   -2
    1   14   13    1    2   66    2    1       855    1    8   10   11   -2   14   -8   -6   16   -9   -5    6    0   13    8   17    7   -4
    1   14   14    1    1   68    1    1      1782   -5   17   14  -11    8  -21    9    6   -1   21   -7   10  -14   -6    0   14    2   12
    1   14   15    1    2   67    2    1       976   -4   12   12    9   -2   15   -5  -11   14   -9   -5    4    0   13   14   13   11   -8
    1   15    1    1    1   73    1    1      1563   -6   14   12  -13    2  -10    4    4    0   10   -7    9  -13   -7    5   16   -1   15
    1   15    2    1    3   73    3    1       702    5   -3    0  -13   -2  -15   17   -1   14   -3  -14  -11    7  -11    9   -1   11   -7
    1   15    3    1    2   73    2    1       979    1   10   10   11    0   14   -3  -12   15  -11   -6    5   -2   12   13   12    5   -4
    1   15    4    1    2   71    3    0      4942   -5   -1   13   10    4   20   -4  -13   14  -18   -5    4   -1   11   20    6    4   -3
    1   15    5    1    2   74    1    0      1402    2    8   19   10    1   13    4   -3   20  -13   -8    2   -1   12   10   11   13   -4
    1   15    6    1    3   72    3    1      1219   13    3   11  -13   -5  -18   12   -7   14    0  -15  -12    7  -17    7    0   17   -4
    1   15    7    1    1   71    1    1       724   -8   11    8   -6   -2  -10    0    6    2   14   -8   16   -9   -8    2   11   -2   14
    1   15    8    1    3   74    3    1      4248    4    0   10  -12    8  -19   11   -4   13    1  -14  -11    5  -14    6   -2   19  -11
    1   15    9    1    3   71    3    1       735   -1   -1    8   -7   -2  -14   15    0   10    0  -16  -11    8  -15    9   -4   12  -11
    1   15   10    1    1   74    1    1      1364   -8   11   10  -15   12  -22    5    5    1   16  -12   19  -13   -4    3   10    0   13
    1   15   11    1    3   75    2    0      1870    1   -1   11    0   -8  -20   12   -5   13    1  -14  -13    5   -8    8   -2   14   -3
    1   15   12    1    1   72    1    1      1077   -1   10   11   -9   -1  -23    6    6    1   16  -12   18  -12   -6   -2    6   -2   12
    1   15   13    1    2   72    2    1       907    5    5   12    7    8   13   -6   -9   17  -12   -6    3    1   11   17    5    7   -7
    1   15   14    1    2   75    2    1      5192    7   -2   14    8    0   15   -5  -11   17  -12    0   12   -2   10   14   12    5   -4
    1   15   15    1    1   75    1    1       778   -8   13   14  -13    0  -18    3    5    1   14   -8   16  -12   -6    2   10   -3    9
    2    1    1    4    1    5    1    0      1706   -6   11   13  -11    1  -14    6    3    6   12  -12   15  -16   -5    3   16    0   14
    2    1    2    1    3   48    1    1       983    3   -1    7   -9    0  -14   11   -7   10    3  -16  -10    8  -14    7    0   17   -2
    2    1    3    1    3   74    1    1      2369    4    0   10  -12    8  -19   11   -4   13    1  -14  -11    5  -14    6   -2   19  -11
    2    1    4    1    2   24    1    1       932    1    6   12    9    0   13   -2  -12   16  -12   -7    2    1   11   20   17    5   -4
    2    1    5    1    1   10    1    1       879   -7   12   17   -5    3  -14    4   13   -2   23  -10   17  -10  -12    1   13   -1   16
    2    1    6    1    2   52    1    1      1342    3    8   10    9  -10   16   -5  -11   20   -7   -7    8    1    9   15   16    9    0
    2    1    7    6    0    0    2    1      1481  -20   14    2    8   -2    6    3    1  -10  -15   -4   -6    7   -6   17   -9    6   11
    2    1    8    4    1    2    1    0      1135   -5   13   16  -11    0  -12    5    5   11    6  -10   18  -10   -4    1    7    0   13
    2    1    9    1    3   30    1    1       995    2    0    5  -13   -2  -14   12   -5   13    3  -15  -14    4  -11    8   -3   14   -4
    2    1   10    6    0    0    2    1      1005  -10   -8   -5  -14   -8    1   12    3   14    5    9   -8    1    2   -1   -1   13   11
    2    1   11    1    2   66    1    1       839    1    8   10   11   -2   14   -8   -6   16   -9   -5    6    0   13    8   17    7   -4
    2    1   12    1    1   37    1    1       935   -8   12   16  -14    1  -16    5    5    1   16   -9   22  -10   -6    4   11    4   19
    2    1   13    4    2    5    2    1      1682    4    5   12    8   -3   17    2  -14   15   -9   -5    3   -3    8   21    5    5   -7
    2    1   14    4    2    4    1    0      1600    1    8   10   12   -3   16   -7  -10    7   -4   -7    5   -3    8   13   14   14   -9
    2    1   15    4    3    2    1    0       754    4   -3    9  -13    2  -18   14   -5   13    3  -13  -13   11  -17    7   -3   15   -3
    2    1   16    6    0    0    2    1      1221   -6   12  -11  -15    4    0  -15   12   14    1   -5   -6  -14    7    2  -13   10   -8
    2    1   17    4    1    3    2    1      1686   -5   12   14  -13    1  -13    4    7    7   10  -10    7   -7   -1    1   14    0   10
    2    1   18    4    3    4    2    1      1204    4   -1    8  -10   -2  -14   14  -10   10    2  -20   -7    4  -11    7   -1   13   -1
    2    1   19    4    2    2    2    1      2357   -4   11   11    9    8   11   -6   -7   18  -14   -7    5   -5   14   11   12    5   -5
    2    1   20    4    2    1    1    0      1112    5    6   11    8   -2   16   -5  -12   15  -11   -4    5   -2   11   12   11    8   -4
    2    1   21    1    1   63    1    1       797   -4   11   10   -7   11   -4   10    8    1   14   -9   15  -10   -6    3   13   -2   15
    2    1   22    1    3    2    1    1      1967    5   -1    8   -8   -1  -11   13   -7   12    2  -22  -16   11  -11   15    0   20   -3
    2    1   23    6    0    0    2    1      6321   -7   12    0  -14    7   -4  -19    7   12    1   -1   -7  -13    9    7  -16   12   -9
    2    1   24    4    3    1    1    0      1510   -1   -4    8   -8   -3  -14   13   -7   11   -1  -13  -12    7  -13    6   -2   11   -6
    2    1   25    2    1    0    1    0      1163   -6   12   14  -12    2  -14    4    5    2   15  -10   16  -11   -6    2   12   -1   14
    2    1   26    4    3    3    2    1      1310    9    6   -2    1   -1  -17   13   -6   11    0  -12  -11    3  -11    6   -2   16   -2
    2    1   27    1    2   45    2    0       651   -7   -2   10   11   -2   15    1   -8   17   -9   -8    4   -1   13   12    3    5   -4
    2    1   28    1    1   11    1    1       978   -5   12   14  -14    0  -22    5    5    3   15  -11   18  -12   -4    4   11   -2   15
    2    1   29    2    2    0    1    0      5597    3    6   11   10   -1   15   -4  -12   15  -10   -6    4    0   11   12   12    6   -5
    2    1   30    2    3    0    1    0      1326    3   -2    8   -9   -1  -15   13   -5   12    1  -14  -12    6  -12    7   -2   15   -2
    2    1   31    4    1    1    1    0       875   -7   11   15  -14    3  -16    4    3    1   16  -12   15  -11   -5    4   11   -3   14
    2    1   32    4    3    5    2    1      2329    0   -5    9   -4    0  -16   13   -4   10    2  -15  -11   14  -18    8   -2   17   -4
    2    1   33    4    2    3    2    1      7373    4    5   10    9   -1   13   -5  -12   10   -5  -15   13   -1    9   22   17    8   -7
    2    1   34    1    1   34    1    1      1272   -5   11   17  -15    1  -14    2    7    4   15  -10   15   -9   -5    2   13   -1   13
    2    1   35    6    0    0    2    1       919  -10  -11   -4  -13  -13    4   13   -2   16    7    8  -14    4    4    0   -3   13    9
    2    1   36    1    3   16    1    1      1587    4   -3    7   -8   -2  -15   13   -3   12    0  -16  -14    5  -12    6   -2   16   -1
    2    1   37    4    1    4    2    1      6581   -6   11   13  -12    2  -15    2    3    1    8   -9   16  -12   -6    3   12   -4   15
    2    1   38    1    2   58    2    0      5039    2    7    5   11   -1   16   -4  -13    9   -9   -4    3   -1   11   10   12    8   -5
    2    1   39    6    0    0    2    1       999  -16   12    2    6   -4    6    0    2  -12  -12   -2   -2    4    0   15  -12    7    8
