    1    1    1    1    1    5    2    0      1832   -4   -9   -4    0    8  -12   -9    7    3  -16    6   -7  -20   20   12    5   13   -4
    1    1    2    1    3    1    1    0      1166   10   14   15   -2   -7  -11    6   -4   -6   10    6   -9   -9  -12  -11    8    5   10
    1    1    3    1    3    2    1    0      1441   14   13   14   -1   -6   -8    4   -5    3   16    5   -7  -13  -14   -5    2    8    9
    1    1    4    1    3    5    1    0      1368   11   16   14    1   -8  -11    3   -4    3   14    8   -6  -10  -15   -7    7    1   13
    1    1    5    1    1    4    1    1      1091   -4  -12   -1    2    3   -8  -10   10   -1  -16    6   -8  -13   16   13    4    9   -7
    1    1    6    1    3    4    3    1      1737   14   13   15    2  -15   -2   10   -8    1   17    4   -5  -11  -13   -8   10    2    0
    1    1    7    1    1    1    2    0      1253   -7   -7   -6    0    4  -11  -14   10   -2  -14    3   -5  -12   15   10   -4   16   -7
    1    1    8    1    1    3    3    0       884   -6  -11   -5    1    4  -11   -4   18   -1  -16    7   -1  -15   17   12    6   15    3
    1    1    9    1    2    2    2    1      1299   12  -12   -4   10  -13    1   -7   -4   10   12    2   -9    5    6  -15   17   -2   -1
    1    1   10    1    2    5    2    1      1040   13  -12   -3    9  -15    2   -9   -7   13   12    3  -13    1   10   -2    1   -3   -2
    1    1   11    1    1    2    1    1      2120   -5  -12   -3    0    8  -15  -10    8   -1  -13    4   -7  -11   14   12    4   10   -4
    1    1   12    1    2    3    3    0      1333   12   -8   -5    6  -19    5  -10   -5   14   10    4  -13    5    9  -12   10   -3   -2
    1    1   13    1    2    4    2    1       784   14  -10   -8   13  -14    3   -6   -4   17   12    3  -13    0    6  -10    7   -4   -1
    1    1   14    1    3    3    1    0      1475   12   19   13    1  -12   -9    1   -7    2   13    7   -6  -14  -10   -8    5    9   15
    1    1   15    1    2    1    1    0      1785   14  -15   -5    7  -19    4  -17   -1   13   11   -3   -7   -4   12  -13   10   -1   -1
    1    2    1    1    2    6    2    1       627   17   -5   -5    8  -15    2   -7   -4   11   10    4  -16   -2   15   -9    9   -4    4
    1    2    2    1    3    6    3    1      1644   10   12   15   -1  -12   -7    3   -4    5   12    7   -3  -14  -14   -9    8    8   11
    1    2    3    1    2    9    2    1       940   17  -14   -3    7  -13    2   -9   -4   10   17    0   -9    6    9  -11    8   -4   -3
    1    2    4    1    2   10    1    0      1416   21   -1   -5    8  -15    3   -8   -9   10    0    2  -11    4    7   -8    8   -2   -3
    1    2    5    1    1    8    1    1      2128   -6  -13   -5    4    3  -10  -11    8   -4  -14    4   -5  -10   18   10    0   11   -5
    1    2    6    1    1    9    2    0      1517   -8  -13   -4    4    3   -9    0   11   -6  -17    3   -5  -12   16   12    6   22   -6
    1    2    7    1    3    7    2    0       994   13   14   15   -1   -8  -13    5   -4    2   17    8   -8  -13  -14  -10    5    8    9
    1    2    8    1    2    7    2    1       748   12   -8   -2    8  -16    1   -8   -4   14    9   -1  -10    3    7  -12   10   -3    0
    1    2    9    1    3    8    2    0       863   10   14   15    2   -9   -9    5   -4    5   14   12  -12  -10  -14  -10    8    5    9
    1    2   10    1    1    6    3    0      1278   -6  -11   -6    1   -1   -6   -9   10   -3  -13    3   -6   -9   13   15    5   11   -1
    1    2   11    1    1    7    1    1      1084   -6  -11   -3    2    3   -7   -8    7   -3  -14    4   -4  -13   14   11    5   15    2
    1    2   12    1    3    9    3    1      1106   11   13   14    1    2   -6    8    5    4   15   10   -5  -18  -21  -10    8    7   11
    1    2   13    1    2    8    2    1      1352   13   -9   -3    8  -15    1   -4   -4   10    8   -7   -9    2    8  -13   10   -3   -2
    1    2   14    1    1   10    1    1       851   -3  -10   -2    6    6   -7   -8    6   -3  -13    4   -4  -12   15   12    5   14   -5
    1    2   15    1    3   10    3    1       690   13   16   16   -5   -8  -10    1   -7    2   14    7   -7  -13  -14   -8    7   16    1
    1    3    1    1    2   13    2    1       808   17  -12   -1   11   -9    3  -11   -5   13   10   -6  -15    2    8  -11    8   -3   -2
    1    3    2    1    1   15    1    1       633   -7  -10   -5    2    3  -10   -9    9    0  -14    4   -7  -14   16    5    0   10   -4
    1    3    3    1    1   13    2    0       609   -6  -10   -4    1    5  -10   -9    6   -2  -17    6   -8  -12   14   12    5   10   -1
    1    3    4    1    1   12    1    1       523   -4  -11    0    8    3   -9   -7    8    0  -13   12   -6  -13   16   16    0   10   -2
    1    3    5    1    3   13    2    0      1304    8   19   10   -5   -8  -10    3   -2    1   14    7   -7  -14  -12   -1   11   11    6
    1    3    6    1    2   15    3    0       549   14  -10   -2    7  -14    3    0  -12   12    9    6  -12    9    9  -12   10   -3    0
    1    3    7    1    2   11    2    1       560   13   -8   -6    9  -13    4   -4   -9   11   11    1  -12    1   12  -17   12   -7    3
    1    3    8    1    1   14    3    0      1003   -6   -3   -3    1    5   -9   -8    7   -2  -16    4   -5  -14   16   21    3   12   -4
    1    3    9    1    3   14    2    0       693   13   16   16   -1   -8  -10   14   -2    2   16    7   -9  -10  -13  -11    7    6   10
    1    3   10    1    3   12    2    0      2347    3    6   19    2  -10  -14    0   -8    1   17    7   -9  -12  -16   -9    8    6    6
    1    3   11    1    3   11    3    1       478   15   19   13   -2    3   -6    5   -5   13   22    8   -6  -10  -13   -9    6    6   11
    1    3   12    1    2   14    2    1       605   20  -15   -5    7  -13    3   -9  -10   12   12    0  -11    3    7  -10    3   -3   -1
    1    3   13    1    3   15    2    0       550   13   17   13    1   -9  -10    5   -4    4   14    8  -10  -11  -15   -8    6    8    8
    1    3   14    1    1   11    2    0       977   -7  -11   -2   -4    4  -10  -15   11   -1  -16    1    1   -9   10   11    4   11   -2
    1    3   15    1    2   12    2    1       636   11  -13   -4   10  -15    4   -9   -6   11    8   -2   -6   -4    0  -12   10   -2   -1
    1    4    1    1    3   16    3    1       692    6   20   13   -1   -5  -12    3   -9    2   15    6   -7  -10  -14  -13   15    7    9
    1    4    2    1    2   19    2    1      1146   14  -10   -3    8  -13    0   -8   -6   11   11   -1  -14    1   10  -13   11   -1   -1
    1    4    3    1    2   20    2    1       957   12   -8    4   11  -14    4   -7   -5   12    9    1  -12    5    6  -13    9    5    2
    1    4    4    1    3   18    3    1       473   13   16   16   -2   -6   -8    3   -4    4   15    7  -10  -10  -16   -8    5    4    9
    1    4    5    1    1   16    2    0      1383   -7  -11   -5    3    3   -8   -9    9   -3  -14    6   -8  -14   16   11    3   13   -3
    1    4    6    1    1   18    3    0       770   -5  -12   -4    3    3   -8   -6   18   -3  -18    5   -7  -19   17   15    6   21   -1
    1    4    7    1    3   19    2    0       836   11   13   15    2  -12   -9   -6   -7    4   15    6   -8  -11  -15  -10   10    8   10
    1    4    8    1    1   20    1    1       788   -4  -13   -4    3    3   -7   -8    9   -7  -15   13    1  -14   24   14    4   13   -2
    1    4    9    1    3   20    3    1      2006   14   13   22    6   -5  -15   10    2    3   16    6  -10  -22  -19  -14    1    9   11
    1    4   10    1    1   19    1    1      1287   -6  -12   -5    0    5  -10  -10    7   -3  -15    2   -4  -14   16   14    5   11   -3
    1    4   11    1    1   17    1    1      1077   -6  -11  -14    3    3  -10   -8    8   -4  -16    5   -8  -14   15   13    4   16   -1
    1    4   12    1    2   18    1    0      1532   14   -8    0   15  -13    1   -4   -1   11   12    1  -10    4    7   -7    0   -1   -3
    1    4   13    1    2   16    1    0      1008   12  -11   -3    6  -20   -8  -10   -3   11    9   -1  -12    5    7  -11   10   -2   -6
    1    4   14    1    3   17    3    1       569   14   12   13    1  -17   -5    5   -6    3   13    2  -14  -13  -13  -11    6    6   12
    1    4   15    1    2   17    2    1      1700   11  -10   -3    7  -12    3   -9   -4   13    9    1   -9    2    8  -11    7   -5   -2
    1    5    1    1    3   25    3    1       833   14   13    5   -4  -12  -13    2   -2    5   20    6  -10  -11  -10  -10    7    7    9
    1    5    2    1    2   24    2    1      1409   16   -9   -5    6  -23    8  -11   -7   11    9    2  -10   -6    2  -13   10   -1   -3
    1    5    3    1    2   21    2    1      1275    9   -1  -11   15  -12    2  -10   -7   15   13    2  -12    0    5  -14    8    0   -2
    1    5    4    1    3   21    3    1       729   13   15   12    2   -5  -10    5   -3    1   15    6   -8  -10  -13  -10    8   -2   20
    1    5    5    1    3   22    3    1       894   12   13   17    2   -6  -10    5   -2    1   17    8   -9   -9  -18   -8    7    2    6
    1    5    6    1    2   25    2    1      1052   10  -13   -5   10  -13    2   -9   -6   13   10    0  -11    4    9  -13    9   -6    3
    1    5    7    1    1   25    3    0       771   -5  -10  -12    0    3  -11   -8    9   -1  -14    2   -6  -15   17   13    4   13   -1
    1    5    8    1    2   23    1    0       822   13  -11   -4    6   -9    6   -8   -6   12   11    2  -11    3    7  -11   11   -4   -2
    1    5    9    1    1   22    1    1       919   -3  -12   -4    1    2   -7  -12    7   -1  -14    3   -5  -15   14   12    6   11   -1
    1    5   10    1    3   24    3    1       963   13   12    8  -10   -7  -11    6    4    3   14    6   -6  -10  -16   -8    9    7   12
    1    5   11    1    1   23    1    1      1070   -6  -12   -4    3    6   -9   -8    9   -2  -17    5   -4  -15   14   12    9    8    2
    1    5   12    1    1   21    3    0       757   -4  -12   -5    2    6  -12   -9    7   -1  -16    2   -9  -13   13   13    7   14   -1
    1    5   13    1    1   24    1    1       696    1  -16   -3    2    5   -9   -8   10   -2  -17    3   -8  -12   14   11    6   13   -3
    1    5   14    1    3   23    2    0      1006   13   13   21   -7   -5  -12   -1   -1    4   15    5   -6  -13  -14   -9    6    3    7
    1    5   15    1    2   22    1    0      1607   14  -13   -6    6  -16    3   -9   -3   13    9    4   -3    3    9  -14    8   -4   -1
    1    6    1    1    3   26    2    0      1592   10   15   13    1  -10   -8    6   -3    1   16    9   -8  -13  -12   -7    5    4    6
    1    6    2    1    1   30    1    1      1194   -6  -11   -4   -1    5   -9   -8    7   -3  -14    2   -8  -13   14    3    8   11   -4
    1    6    3    1    2   26    2    1      1004   13   -9   -6   10  -14    3  -11   -4    9   10    1  -12    3    9   -3    1   -3   -4
    1    6    4    1    1   29    3    0      1014   -4  -11   -5    1    5  -10   -3    5   -2  -16    6   -4  -14   15   12    6   12   -4
    1    6    5    1    3   28    3    1       622   14   14   13   -1   -5  -10    6    6    3   16    5   -6  -12  -16   -9    8    7   12
    1    6    6    1    3   30    3    1       919   11   14   15    0   -9   -9    9   -3    4   15    8   -9  -14  -10  -11    7   -1    0
    1    6    7    1    2   30    2    1       708    4  -10   -4    7  -13    0   -9   -6   11   11   -1  -12    3    9  -14   10   -4   -2
    1    6    8    1    3   29    3    1       601   12   13   16    1   -9   -8    6   -2    3   16    7   -7  -12  -15   -8    6   -1    8
    1    6    9    1    1   27    3    0       722   -7   -9   -4    1    6   -9  -10    8   -2  -16    3   -8  -22   24   14    7   11   -5
    1    6   10    1    1   26    1    1       759   -3  -10   -5    2    5   -9   -8    7   -2  -14    4   -4  -13   14   15    7   11   -3
    1    6   11    1    2   28    2    1      1099   12   -9   -2    7  -13    4   -8   -6   13    9    2  -13    2   10   -9    9   -3   -2
    1    6   12    1    2   27    1    0       880   17  -13  -14    5  -10    3   -7   -7   10   12    2  -11    5   10  -12   10   -3   -2
    1    6   13    1    3   27    3    1       606    2   20   13    2   -8   -9    6   -2    3   14    2  -12  -11  -13  -12    8    9   10
    1    6   14    1    2   29    2    1      1095   13   -9   -9    5  -15    4   -9   -4   10    9    3  -13    5   10  -22   13    1    2
    1    6   15    1    1   28    3    0      1293   -3  -12   -4    3    4   -7   -9   10   -3  -16   -2   -2  -14   15   10   10   16   -2
    1    7    1    1    1   32    1    1      1451   -7   -9   -2    3    3   -7   -9    7   -5  -14    6  -11  -13   17   10    9    9   -4
    1    7    2    1    1   35    1    1       674   -5  -10   -6    3    5   -9   -5   11   -1  -19    2   -5  -12   13   11    5   12   -2
    1    7    3    1    2   32    2    1       857   15  -12    1   12  -10    2  -13   -8   11    8    0  -21    1    8  -10   10   -2   -3
    1    7    4    1    2   33    1    0       760    6   -4  -12    5   -7    8  -16  -14   14   12    2  -11    5    9   -2   10    0   -4
    1    7    5    1    3   32    3    1       636    2    8   24   -4   -6  -10   -2    2    4   21    8   -7  -11  -14  -15    9   10    3
    1    7    6    1    1   31    2    0       995   -6   -9    0    4    5   -9   -5    6   -2  -16    5   -4  -17   13    9    6   15    2
    1    7    7    1    2   34    1    0       814   23  -10   -4   10  -10   -3   -2  -14   11   10    5  -10    2    7  -17    7   -1   -2
    1    7    8    1    2   31    2    1       718   12   -9   -3    8  -14    1   -8   -3    9   10    2   -9   11    7  -19   10   -3   -2
    1    7    9    1    1   34    1    1       835   -6   -1   -3    1    6   -9   -8    7   -3  -17   13   -1  -12   14   12    4   14   -3
    1    7   10    1    1   33    3    0       931   -4   -9   -3    2    4  -10  -10    8   -1  -14    2  -13  -12   14   14    4   11   -3
    1    7   11    1    3   34    3    1       751   15   12   13    2  -11  -11    4   -3    1   15    8    1  -22  -21  -11    6    6    8
    1    7   12    1    3   35    2    0       706   12   13    4   -2   -7   -9   11  -13    5   14    6   -8   -3  -24   -9    9   -3    0
    1    7   13    1    2   35    2    1       663   11   -8   -5   10  -14    3   -7   -3   12   11    1  -10    1   10  -13   10   -2   -1
    1    7   14    1    3   33    3    1       718   13   14   12    0    3  -19    3   -4    2   14    7   -9  -12  -10  -10    8    6   10
    1    7   15    1    3   31    3    1       675    9   15   16   -1   -7  -11    4   -6    2   11    3  -12  -14  -14   -9    6    7   11
    1    8    1    1    2   37    2    1      1001   12  -10   -4    7  -15    2  -10   -7   11   13    1  -10   11    9  -13    7   -2   -1
    1    8    2    1    1   38    3    0       643   -6  -12   -3    1    2   -9  -10   10   -4  -14    6   -8  -14   17   10   15   11   -3
    1    8    3    1    1   39    1    1      1419   -6   -7   -4    1   -5  -14  -11   10    0  -17    2   -6  -13   16   15    7   10   -4
    1    8    4    1    2   38    2    1       755   12  -10   -3    7   -5   -5   -3  -10    8    7    2  -12    1    8  -13   10   -8   -7
    1    8    5    1    3   36    3    1      1239   14   14   15    2   -7  -11    4   -5    3   17   10   -9  -12  -13  -10    8    9    8
    1    8    6    1    2   36    2    1      1143   12  -12   -8   13  -15   -5   -7   -6    4   12   -2   -7    4    9  -15   14   -4    0
    1    8    7    1    3   39    3    1      1851   17   21   15    0   -7   -9    5   -5    5   14    7   -9  -11  -13   -7    6    1    5
    1    8    8    1    1   37    1    1       946   -5  -17   -6    4    3  -10  -11    6   -1  -15    5   -7  -11   14   13    7   11   -2
    1    8    9    1    2   40    2    1      1069   12  -10   -6   10  -20   -2  -10   -5   11   11    7  -14    5    8  -12    8   -4   -2
    1    8   10    1    2   39    2    1       836   15   -9   -4    7  -14    1  -10   -4   13   10   -3  -20    4    7  -11    8   -1   -2
    1    8   11    1    1   36    3    0       660   -4  -11   -5    3    4  -10   -8    6    0  -14    4   -5  -11    7   11    4   10   -4
    1    8   12    1    3   38    3    1       779   16   14   15   -1   -7  -11    3   -4    4   14    5   -6  -12  -13  -10    5    7   11
    1    8   13    1    3   37    3    1       621   16   13   13    1   -6  -10    6   -2    3   16    8  -10  -13  -15   -7    6    8   10
    1    8   14    1    1   40    2    0       790   -4  -12   -6    3    6  -10    1   11   -1  -16   12  -11   -9   16   11    4   12   -7
    1    8   15    1    3   40    3    1       600   11   14   13   -1   -7  -11    4   -3    2   15    5   -9  -11  -13  -10    6    7    9
    1    9    1    1    2   44    2    1       625   13   -9   -4    7  -13    1   -9   -4   12   11    0   -9    3    9  -11   10   -1   -3
    1    9    2    1    1   43    1    1      1322   -7  -11   -4    0    4  -11   -8    8   -2  -14    5   -4  -13   16   11    6   10   -1
    1    9    3    1    1   41    1    1      1015   -7  -11   -5    1    6  -11  -10    8   -2  -16    2   -4  -15   17   14    7   13   -2
    1    9    4    1    1   42    1    1       607   -3  -11   -6    1    6  -10   -7   10   -1  -16    5   -7  -12   14   13    6   14   -5
    1    9    5    1    2   43    2    1       825   11   -8   -2    9  -15    2  -12   -7   13   11    0  -13    1    7  -14   10    0   -3
    1    9    6    1    2   41    2    1       585   11   -9    5    0  -13    1    0   -1   13   11    2  -11    2    8  -12   10   -7  -10
    1    9    7    1    3   45    3    1       467   10   16   15    0   -8   -9    2   -5    5   17   10   -7  -11  -12   -6   11    8   10
    1    9    8    1    3   42    3    1       450   10   13   15   -2   -6  -11    3   -3    5   24    6   -6   -4   -8  -10    7    5   15
    1    9    9    1    2   42    1    0       961   17  -20   -4    9  -10   12   -7   -6   11    8   -6  -18    2    9  -13    9   -4   -3
    1    9   10    1    3   41    3    1       685   10   16   14    1   -6  -10    5   -4    2   17    5  -14   -7  -15   -8    1    8   10
    1    9   11    1    1   44    1    1      1155   -6  -11   -4    3    3   -8    0    0    0  -15    4   -2  -12   14   14    4   12   -4
    1    9   12    1    2   45    2    1       790   13  -11   -5    8  -13    3  -13   -9   14   19    5   -6    4   12  -12   10    0   -4
    1    9   13    1    3   44    3    1       696   12   12   13    1   -5  -14    0   -2    3   14    7   -9  -12  -15  -10    9    7   11
    1    9   14    1    3   43    1    0      2830   13   13   18    0   -9   -8    6   -2    3   17    8   -8   -6   -5   -4   11   10    3
    1    9   15    1    1   45    1    1       622   -3  -12  -12    0    2  -10   -8   10   -3  -15    6   -6  -15   14   14    3   11   -2
    1   10    1    1    2   47    2    1       646   13  -11   -5    9  -12    2   -8  -11    8    6    1  -14    4   10  -11   10   -3   -5
    1   10    2    1    3   48    3    1       494   13   17    8   -4   -6  -11    3   -3   -4   22    8  -10  -11  -14   -8    5    6   11
    1   10    3    1    2   46    1    0       492    8  -20   -5    8  -14    0  -10   -4   13    8    1  -12    2    8  -14   12   -1   -2
    1   10    4    1    1   48    1    1      1242   -3   -9   -5    3    6   -8  -15   17   -4  -15    4   -7  -15   20   15    3   13   -2
    1   10    5    1    3   47    2    0       762   16    9   10    1   -7   -5    1    0    5   16   -3   -8  -10  -14   -7    6   12   11
    1   10    6    1    3   46    3    1      1613   13   15   14   -2   -4   -6   14   -8    0   10    2  -12  -11  -13   -9    6    8    9
    1   10    7    1    3   50    3    1      1390   11   12   21    3   -7  -11    2  -10    3   14    7  -10  -11  -15  -13   10    5   12
    1   10    8    1    1   50    3    0       984   -5   -9   -2    3    6  -11   -9    7   -2  -13   -4  -11  -15   16   11    4   12   -2
    1   10    9    1    2   50    2    1       818    6  -20   -5    6  -14    1   -4   -6   12   11    2  -12    4    6  -12    8    7   -1
    1   10   10    1    2   49    2    1       578   13  -11   -4    6  -13    4   -9   -6   14    9    3  -13    2    6  -12    8   -3   -4
    1   10   11    1    3   49    3    1       589   10   15   16    2   -8  -11    3   -4   11   12    9  -10  -11  -13  -11    9    8   11
    1   10   12    1    1   46    1    1       791   -5  -13   -4    3    6  -11   -8    9   -3  -17   -1   -6  -13   16   15    4   11   -2
    1   10   13    1    1   49    1    1       745   -4  -10   -3    1    4   -8   -7    8   -1  -15    2   -7   -4   21   12    5   15   -2
    1   10   14    1    1   47    1    1       557   -3   -5   -4    3    1  -14  -12   10   -2  -17    5   -5  -14   16   14    5   12   -7
    1   10   15    1    2   48    2    1       888   14   -9    3   13  -14    4  -10   -4   12   11    7   -5    4    9  -13   10   -5   -2
    1   11    1    1    1   52    1    1       710   -7   -9   -3    1    3  -10   -8    6   -2  -14    8   -1  -18   23   11    6   13   -3
    1   11    2    1    1   51    1    1       684   -5  -10   -4    1    3  -10   -7    9   -2  -14    5   -6  -14   14   13    6   12   -4
    1   11    3    1    1   53    1    1       546   -7  -10   -5    2    4  -10   -9    6   -3  -17    3   -7  -22   24   14    3   13   -3
    1   11    4    1    2   54    2    1       686   13  -11   -4    9  -12    2   -9   -7    9    7   -2  -19    1    8  -12   10   -1    0
    1   11    5    1    3   53    3    1       484    9   12   15   -1   -6  -11    6    4    4   16    5   -8  -12  -15   -8    7    9    8
    1   11    6    1    3   51    3    1       546   12   12   15    0   -5   -9    4   -8    6   20    2   -5   -5  -22   -8    8    8   10
    1   11    7    1    2   53    2    1       750   13  -11   -6    9  -13    1  -10   -7   13    9    2  -12    7   10  -14   10   -4   -2
    1   11    8    1    3   55    3    1       737   11   12   14    1  -12  -10    3   -3    3   17   11   -4  -12  -18   -9    8   11   18
    1   11    9    1    2   51    2    1      2117   15  -10   -1   -2  -13    1   -8   -7   14   11    2  -10    4    7  -13    8    0   -5
    1   11   10    1    3   52    3    1       658    9    9    9   -2   -8  -10    3   -3    2   15    8   -8  -13  -13   -9    5    6    9
    1   11   11    1    3   54    3    1       777   11   15   16   -5   -8  -12    4   -3    5   15    6   -8  -11  -15   -8    7    6   11
    1   11   12    1    2   55    2    1      1131   14  -10   -6   10  -14    1   -8   -5   11   10    6  -16    3    9  -12   10   -3   -7
    1   11   13    1    1   55    1    1       832    0  -14   -4    3   13  -14   -7    9   -4  -14    5   -5  -17   15   12    3   13   -3
    1   11   14    1    2   52    2    1       544   11   -9    1   11  -12    0   -9   -4   11    8   11   -5   -2    9  -12   11   -3   -1
    1   11   15    1    1   54    3    0       508   -5   -9   -2    4    7   -4   -9    7   -3  -15    5   -7  -12   13   13   10   11   -1
    1   12    1    1    1   56    1    1      1177  -13  -19   -4    1    5   -9  -11    8   -2  -16    3   -8  -14   17   11    6   13   -3
    1   12    2    1    1   60    1    1       777   -5  -13  -13    4    3   -9   -9   10    5  -21    4   -4  -14   16   13    4   14   -5
    1   12    3    1    1   58    1    1       766   -5  -10   -2    1    5   -8   -8   10   -3  -13    3   -6  -14   13   12   -5   13    2
    1   12    4    1    2   60    2    1       800   12   -9   -5    8  -13    1  -11   -3   14    8   -8   -6   -2   13  -11    7   -4   -2
    1   12    5    1    3   56    3    1       562   13   14    9   -8   -5    0    7    5    4   14    6   -6  -21  -11   -7    5    8   10
    1   12    6    1    3   58    1    0       589   12   13   12    0  -11   -3    1  -10    3   14    8   -9  -11  -16   -8    5    6   10
    1   12    7    1    2   56    2    1       775   12  -10   -2    8  -14    3   -8   -5   15    5    0  -11    4    7  -14    8   -2    0
    1   12    8    1    2   57    2    1       826   12  -10   -3    9  -15    1  -10   -4   10   11    1   -3    4    9  -13   10   -2   -1
    1   12    9    1    1   57    1    1       874   -5  -12   -2    4    5   -9  -11    7   -2  -16    3   -5  -14   17   19   -2   11   -1
    1   12   10    1    1   59    1    1       489   -5   -7   -6    3    3  -10  -10    8   -3  -15    5   -6   -4    8   13    3   12   -4
    1   12   11    1    2   58    2    1       615   15  -12   -3   12  -16    1   -8   -6   12    8    8  -14    5    7  -13    8   -3    0
    1   12   12    1    3   60    3    1       576   13   18   14   -1   -7   -9    4   -5    1   15    9   -7  -14  -13   -7    6    5   12
    1   12   13    1    2   59    2    1       602   14  -10   -5    7  -14    3  -11   -4   11   11   -1  -13   -3   13  -13    9    2    1
    1   12   14    1    3   59    3    1       660    8   16   14   -1   -8   -8    5   -3    7   19    6   -8  -11  -12   -4    2    8   10
    1   12   15    1    3   57    3    1       779   15   10   13    1   -5  -11    3   -5    2   14    5   -4  -11  -15  -10    5    5    9
    1   13    1    1    1   65    3    0      1262   -4  -11   -2    0    4   -8  -13    5   -8  -23    2   -5  -17    6   11    6   13   -4
    1   13    2    1    2   62    2    1       813   13   -9   -2    7  -15    3  -10   -3    8   19    2   -9    2    3   -5    4   -1   -3
    1   13    3    1    3   63    3    1       750   13   13   12    2  -12    0    2   -4    3   16    6   -7  -19   -7  -10    7    8    9
    1   13    4    1    1   64    1    1       705   -4  -12   -3    2    2  -11  -11    2   -3  -14   10   -7  -13   13   12    4   11   -3
    1   13    5    1    2   64    2    1       646   13  -11   -6   16  -13    2   -9   -4   13   11    0  -10    5    8  -17    5   -3   -1
    1   13    6    1    2   61    1    0       589   14  -10   -5    9  -15    0  -11   -4   13   10    2  -11    1   10  -13    8   -3    0
    1   13    7    1    3   64    3    1       584   10   10   13   -2   -6   -9    3   -4    8   18    0  -10  -11  -15  -14   10    3   10
    1   13    8    1    3   65    2    0      2529   13   13   14    2  -10   -1    5   -4    2   11    7   -7  -11  -13   -5    8   16    1
    1   13    9    1    3   61    3    1       750    9   14   18    3   -2   -4    0   -8    2   16    7   -9  -11  -13  -10    7    7    9
    1   13   10    1    2   65    2    1       641   13  -11   -1   11  -15    3   -7   -4   12   11   -2   -6   -3   15  -17   14   -3   -1
    1   13   11    1    3   62    3    1       624   11   15   13   -1   -7  -11    4   -2    2   13    7   -7  -11  -14  -17    4    7   11
    1   13   12    1    1   61    1    1      1042  -11  -16    4   -2    5  -10   -9   13   -7  -16    3   -5  -11   14   21   -1   13   -3
    1   13   13    1    1   63    1    1       665   -3  -13    3    7    4  -10  -11   -2   -1  -10    1   -3  -17   13   13    0   11   -5
    1   13   14    1    2   63    2    1       672   17  -11   -4    7  -14    1   -5   -9   14   12    1  -10    3    9  -13    8    3   -1
    1   13   15    1    1   62    1    1       631   -4  -13   -5    4    5  -10   -6   12   -1  -14    4   -5  -12   14   11    1   10   -3
    1   14    1    1    3   69    3    1       671   10   16   16   -1   -9   -8    5   -4    2   15   -2   -5  -15  -14   -7    9    8   11
    1   14    2    1    2   67    2    1       517   12  -10   -3    8  -13    2   -8   -6    9    9    2  -12   -2    4  -11    9   -1   -2
    1   14    3    1    2   70    2    1       738   16  -13   -3    6  -15    2  -10   -5   11    8    0  -11    1   10  -17    6   -3   -1
    1   14    4    1    3   68    3    1       550   12   13   19    1   -9   -9    3   -4    1   13   11  -10  -14  -13   -6    4    5   11
    1   14    5    1    2   68    2    1       705   13  -11   -5    9  -15    1  -10    1   14    9    2  -12    2   11  -12   11   -2   -3
    1   14    6    1    3   67    3    1       695   13   16   15    0   -7   -9    4   -3    3   13   10  -16  -11  -14  -11    4    8   10
    1   14    7    1    1   68    3    0      1069   -5  -10   -7    6    0   -6   -5    5   -3  -15    6   -6  -13   14   12    6    5  -11
    1   14    8    1    2   69    2    1       723   12  -10   -6    9  -13   -1  -11   -7   13   10    1  -10    2    8  -11    9   -2   -4
    1   14    9    1    2   66    2    1       616   13   -9   -3    7  -14    1  -10   -4   12    8    3  -12    1   11  -12    7    0   -6
    1   14   10    1    1   66    1    1       561   -4  -15   -5    3    8  -11   -9    9   -2  -16    5   -7  -18   24   12    6   13   -3
    1   14   11    1    3   70    3    1       652   13   13   15   -1   -6  -10    0   -1    3   16    5   -9  -12  -15  -10    8    8   10
    1   14   12    1    1   70    1    1       771   -6  -11   -5    3    6   -8  -10    8   -3  -15    3   -5  -15   16   12    3   12   -1
    1   14   13    1    3   66    3    1      1350   11   14   14   -1   -9   -9    5   -3    1   23    8   -9  -14  -15   -9    6    6    9
    1   14   14    1    1   67    1    1      1121   -7  -10    0    4   -2    1  -13   10   -3  -16    4   -5  -15   16   21   10   11   -2
    1   14   15    1    1   69    1    1       566   -7  -13   -1   -3    8  -13  -10   10   -4  -17    3   -5  -14   16   14    4   13   -3
    1   15    1    1    3   75    1    0      1040   11   15   16   -1   -8   -1    0  -13    3   14    8   -9  -10  -16  -10    7   10    5
    1   15    2    1    1   75    1    1      1097   -6  -10   -5    2    5   -7   -7    7    7  -21   13  -11  -19   21   11    0    6    3
    1   15    3    1    3   71    3    1       718   13   14   24    1   -7  -12    2   -4    2   15    6   -9  -13  -16  -10    7    3    9
    1   15    4    1    2   72    2    1       467   12   -8   -6    7  -15    3   -9   -6   14    8    2  -11    2    9  -11    7   -3   -2
    1   15    5    1    2   74    2    1      1041   14  -10   -4    6  -13    3  -14   -6    9   12    1   -7    1    7  -14   10    0    0
    1   15    6    1    1   74    1    1       729   -1  -12   -3    2    4   -8   -8   10    0  -15    2    1  -11   17   11    7   14   -2
    1   15    7    1    2   75    1    0      1214   13  -11   -3    7  -15    3  -17    2   13    8   -3  -18    4   10  -10    9    0   -4
    1   15    8    1    1   72    3    0      1007   -7  -11  -10    1   -1  -14  -16   11    3  -20    2   -6  -13   14   12    7    9  -10
    1   15    9    1    1   71    1    1       727    2  -12   -5    3    7   -5   -9    9   -1  -15    3   -6   -4   23   14    4   13   -4
    1   15   10    1    3   74    3    1       860   13   14   13    1  -17  -17   13  -10    3   14    7   -6  -10   -7   -9    9    6   11
    1   15   11    1    3   73    3    1      1739   16   15   11   -7    2  -10    2   -4    2   14    7   -9  -15   -6   -8   16    5   10
    1   15   12    1    3   72    3    1      1207   13   16   14   -2   -4   -3    1    4    5   13    8   -9   -8  -13  -11    6    8   10
    1   15   13    1    2   71    2    1       728   15   -5   -5    8  -16    1  -10   -4   11   11    0  -10    4    7  -13    8   -3    0
    1   15   14    1    1   73    1    1      1021   -1  -13  -14    1    3   -8   -2    8  -10  -23    4   -5  -12   15    4    4   11   -2
    1   15   15    1    2   73    2    1      1046   12   -8   -3    8  -13    1  -10   -5   11   11   -9  -11    2    9  -14    8  -10    5
    2    1    1    4    1    5    2    1      2751   -4  -10   -5    1    2  -11   -9    9    2  -18    4    2  -13   14   21   12   13   -1
    2    1    2    4    1    1    1    0      2626   -5  -10   -5    3    5   -9  -11   10   -3  -16    4   -7  -14   15   12    5    8    0
    2    1    3    4    2    2    1    0      1915   13  -12   -2    9  -13    0   -9   -6   13    9   -6   -5    5    8  -10    9   -3   -2
    2    1    4    1    3   64    1    1       976   10   10   13   -2   -6   -9    3   -4    8   18    0  -10  -11  -15  -14   10    3   10
    2    1    5    4    2    4    2    1      1082    8  -11   -2    7  -16    2   -7   -6   14   15    2  -12    8   16  -10   11   -1   -3
    2    1    6    4    2    1    2    1      1584   14  -12    6   16  -10    5   -7   -5   19    7   -1  -19   -1   16  -14   11    0   -3
    2    1    7    4    1    3    2    1      1906   -3   -7   -6    1    6   -8   -8    0   -1  -17    5   -6  -18    9   13    6   11   -3
    2    1    8    4    2    5    2    1      2280   12  -12   -8    5  -15    1   -8   -5   11   11    5   -9   11   14  -13    8   -1    0
    2    1    9    4    3    4    1    0      2046   11   14   12   -1    1  -10    3   -4    5   14   -1  -11   -6  -21  -11    5    8   11
    2    1   10    1    2   59    2    0      1901   14  -10   -5    7  -14    3  -11   -4   11   11   -1  -13   -3   13  -13    9    2    1
    2    1   11    4    3    5    1    0      1331   13   14   16   -1   -7  -11    6   -3   -7   19    8  -10  -11  -16  -13    2   16    8
    2    1   12    6    0    0    2    1      1119  -14  -10   13    4    1    8    6   -4  -11   -5    9  -11   -1  -13    5   -8  -11    0
    2    1   13    1    1   68    1    1      1204   -5  -10   -7    6    0   -6   -5    5   -3  -15    6   -6  -13   14   12    6    5  -11
    2    1   14    1    1   51    1    1       677   -5  -10   -4    1    3  -10   -7    9   -2  -14    5   -6  -14   14   13    6   12   -4
    2    1   15    1    2   40    1    1      1339   12  -10   -6   10  -20   -2  -10   -5   11   11    7  -14    5    8  -12    8   -4   -2
    2    1   16    4    3    3    1    0      1239   14   13   13   -4   -6   -9    3   -4    3   16    7   -9  -11  -16   -9    8    9   11
    2    1   17    1    2    7    1    1      1111   12   -8   -2    8  -16    1   -8   -4   14    9   -1  -10    3    7  -12   10   -3    0
    2    1   18    2    2    0    1    0      1261   13  -10   -4    8  -14    2   -9   -5   12   10    1  -11    3    8  -12    9   -2   -2
    2    1   19    4    3    1    2    1       956    9    9   14    1   -8   -9    5   -3    2   14    0  -16  -12  -13   -7    8    5   12
    2    1   20    4    2    3    1    0       999   13  -12   -2   10  -12    3  -11   -6   21    6    1  -10    4    8  -11   11   -1   -2
    2    1   21    4    3    2    2    1      1697   13   14   12   -2   -9  -11   -2    3    4   14    3   -8  -11  -15   -5   -2   12    1
    2    1   22    6    0    0    2    1       894  -16   -9   14    4   -1    7   10  -10  -10   -3    7  -12   -3  -11    6  -10   -4    4
    2    1   23    1    3   28    2    0      1020   14   14   13   -1   -5  -10    6    6    3   16    5   -6  -12  -16   -9    8    7   12
    2    1   24    1    3   35    1    1      1029   12   13    4   -2   -7   -9   11  -13    5   14    6   -8   -3  -24   -9    9   -3    0
    2    1   25    6    0    0    2    1      3085   -4   -5   -7   14   11    7    7    0  -17   13    0   -6   17  -20   12   11  -11    8
    2    1   26    6    0    0    2    1       947    1  -14   12   12   12  -13    3   12   10   -2   16    1   -7    3   16  -11   -4    0
    2    1   27    1    1   25    1    1       671   -5  -10  -12    0    3  -11   -8    9   -1  -14    2   -6  -15   17   13    4   13   -1
    2    1   28    2    1    0    1    0      1093   -5  -11   -4    2    4   -9   -9    8   -2  -15    4   -6  -13   15   13    5   12   -3
    2    1   29    2    3    0    1    0       987   12   14   14    0   -7  -10    4   -4    3   15    7   -8  -12  -14   -9    7    7   10
    2    1   30    1    3   71    1    1       965   13   14   24    1   -7  -12    2   -4    2   15    6   -9  -13  -16  -10    7    3    9
    2    1   31    1    1    4    1    1      1040   -4  -12   -1    2    3   -8  -10   10   -1  -16    6   -8  -13   16   13    4    9   -7
    2    1   32    6    0    0    2    1       904    5   -3   12   12    0   -4    3   10   15   -3   15    2   -7   -1    9  -10  -14   -2
    2    1   33    6    0    0    2    1       773   -5    0   -7   16   12    7   11    0  -13   17    2   -8   12  -16    8   14  -15    7
    2    1   34    1    3   47    1    1       904   16    9   10    1   -7   -5    1    0    5   16   -3   -8  -10  -14   -7    6   12   11
    2    1   35    1    2   18    2    0      1189   14   -8    0   15  -13    1   -4   -1   11   12    1  -10    4    7   -7    0   -1   -3
    2    1   36    1    1   12    1    1       951   -4  -11    0    8    3   -9   -7    8    0  -13   12   -6  -13   16   16    0   10   -2
    2    1   37    4    1    2    1    0       835   -5  -13   -1   -1    1  -12   -9    9   -2  -13    5   -4  -11   15   14    7   12   -1
    2    1   38    1    2   41    2    0       866   11   -9    5    0  -13    1    0   -1   13   11    2  -11    2    8  -12   10   -7  -10
    2    1   39    4    1    4    1    0       961   -3  -10   -4    3    3   -9   -9   12   -7  -12    5   -6  -12   14   13    7    8   -6
