    1    1    1    1    3    2    1    0      4648    2   14   10   -6  -11   21    2   -7   -6    8  -13   13    8   11   10  -14   -9    7
    1    1    2    1    2    4    2    1      4096    7   -6    2    3   11   -4    3   -5   -7    8    9   -5  -15  -13    5   13   15    7
    1    1    3    1    1    4    3    0      2827   -6   -6   -2   -2   -7   13   12   11   14   -3   -3   10   -1   -9   -7    4    8  -15
    1    1    4    1    1    1    1    1      3641  -15    3   -3   -4  -10   19   10   12   16   -4   -3    9    0   -6   -7    0   10  -16
    1    1    5    1    1    5    3    0      3045   -3   -8   -6  -10  -10   18   12   14   13   -3   -7    7    0   -7   -9   -1   11  -14
    1    1    6    1    3    1    3    1      5545    6   20    9  -10   -9   15   13   -8   -7    9  -16   11    4   10   12  -15  -15    1
    1    1    7    1    3    5    1    0      2314   10    7   19  -17  -10   11    6  -11  -13    1  -15   12    6   10   12  -13  -12   10
    1    1    8    1    2    2    1    0      5436    1  -18    1    5   13    0    2   -4   -6    6    8   -7  -16  -24    0    7   16    7
    1    1    9    1    1    2    2    0      3215    2    0   -1  -13   -3   14   17   16   15   -6    1    6    1   -9   -7    1   11  -16
    1    1   10    1    2    5    1    0      7405    5   -8    7    0   13   -8   -2   -1   -7    8   10   -8  -13  -16    1    7   14    8
    1    1   11    1    2    1    3    0     10020    5   -6    3    4   21   -1    0   -6   -8    3   12   -3  -13  -13    1    5   15   10
    1    1   12    1    2    3    2    1      7904    6   -9    0    2    7    2   -7   -5   -6    8    9   -8  -14  -15    3    7   15    7
    1    1   13    1    1    3    3    0      3570   -6   -5   -2   -4   -9   16   10   13   20   -5   -8    8   -3   -6   -6    3    9  -15
    1    1   14    1    3    3    2    0      2194    7   12   17   -3   -4    9    8  -11   -8   10  -16   12   -1   13   12  -13  -11    8
    1    1   15    1    3    4    2    0     13431    7   15   11   -8   -9   14    6  -13   -7   11  -22   20    6    7   12  -12   -9    5
    1    2    1    1    1    4    1    1      8282   -6   -6   -2   -2   -7   13   12   11   14   -3   -3   10   -1   -9   -7    4    8  -15
    1    2    2    1    3    1    1    0      4745    6   20    9  -10   -9   15   13   -8   -7    9  -16   11    4   10   12  -15  -15    1
    1    2    3    1    2    1    2    1      5173    5   -6    3    4   21   -1    0   -6   -8    3   12   -3  -13  -13    1    5   15   10
    1    2    4    1    2    4    2    1      3411    7   -6    2    3   11   -4    3   -5   -7    8    9   -5  -15  -13    5   13   15    7
    1    2    5    1    1    2    3    0      4423    2    0   -1  -13   -3   14   17   16   15   -6    1    6    1   -9   -7    1   11  -16
    1    2    6    1    1    1    1    1      4997  -15    3   -3   -4  -10   19   10   12   16   -4   -3    9    0   -6   -7    0   10  -16
    1    2    7    1    2    5    2    1      1610    5   -8    7    0   13   -8   -2   -1   -7    8   10   -8  -13  -16    1    7   14    8
    1    2    8    1    2    3    2    1      1144    6   -9    0    2    7    2   -7   -5   -6    8    9   -8  -14  -15    3    7   15    7
    1    2    9    1    3    4    3    1      2214    7   15   11   -8   -9   14    6  -13   -7   11  -22   20    6    7   12  -12   -9    5
    1    2   10    1    2    2    2    1      3242    1  -18    1    5   13    0    2   -4   -6    6    8   -7  -16  -24    0    7   16    7
    1    2   11    1    1    3    1    1      9015   -6   -5   -2   -4   -9   16   10   13   20   -5   -8    8   -3   -6   -6    3    9  -15
    1    2   12    1    3    2    3    1      1133    2   14   10   -6  -11   21    2   -7   -6    8  -13   13    8   11   10  -14   -9    7
    1    2   13    1    1    5    1    1      3181   -3   -8   -6  -10  -10   18   12   14   13   -3   -7    7    0   -7   -9   -1   11  -14
    1    2   14    1    3    5    2    0      4381   10    7   19  -17  -10   11    6  -11  -13    1  -15   12    6   10   12  -13  -12   10
    1    2   15    1    3    3    3    1       796    7   12   17   -3   -4    9    8  -11   -8   10  -16   12   -1   13   12  -13  -11    8
    1    3    1    1    1    4    3    0      3562   -6   -6   -2   -2   -7   13   12   11   14   -3   -3   10   -1   -9   -7    4    8  -15
    1    3    2    1    1    3    1    1      5625   -6   -5   -2   -4   -9   16   10   13   20   -5   -8    8   -3   -6   -6    3    9  -15
    1    3    3    1    1    5    1    1      2597   -3   -8   -6  -10  -10   18   12   14   13   -3   -7    7    0   -7   -9   -1   11  -14
    1    3    4    1    2    2    2    1     17112    1  -18    1    5   13    0    2   -4   -6    6    8   -7  -16  -24    0    7   16    7
    1    3    5    1    2    1    2    1      1783    5   -6    3    4   21   -1    0   -6   -8    3   12   -3  -13  -13    1    5   15   10
    1    3    6    1    3    5    3    1      6460   10    7   19  -17  -10   11    6  -11  -13    1  -15   12    6   10   12  -13  -12   10
    1    3    7    1    2    4    1    0      5527    7   -6    2    3   11   -4    3   -5   -7    8    9   -5  -15  -13    5   13   15    7
    1    3    8    1    1    1    1    1      7877  -15    3   -3   -4  -10   19   10   12   16   -4   -3    9    0   -6   -7    0   10  -16
    1    3    9    1    3    1    2    0      2998    6   20    9  -10   -9   15   13   -8   -7    9  -16   11    4   10   12  -15  -15    1
    1    3   10    1    3    3    3    1      1099    7   12   17   -3   -4    9    8  -11   -8   10  -16   12   -1   13   12  -13  -11    8
    1    3   11    1    3    2    3    1      1370    2   14   10   -6  -11   21    2   -7   -6    8  -13   13    8   11   10  -14   -9    7
    1    3   12    1    2    3    2    1      5918    6   -9    0    2    7    2   -7   -5   -6    8    9   -8  -14  -15    3    7   15    7
    1    3   13    1    2    5    2    1      1550    5   -8    7    0   13   -8   -2   -1   -7    8   10   -8  -13  -16    1    7   14    8
    1    3   14    1    3    4    3    1      1436    7   15   11   -8   -9   14    6  -13   -7   11  -22   20    6    7   12  -12   -9    5
    1    3   15    1    1    2    1    1      4301    2    0   -1  -13   -3   14   17   16   15   -6    1    6    1   -9   -7    1   11  -16
    1    4    1    1    2    4    2    1      2174    7   -6    2    3   11   -4    3   -5   -7    8    9   -5  -15  -13    5   13   15    7
    1    4    2    1    2    3    2    1      1107    6   -9    0    2    7    2   -7   -5   -6    8    9   -8  -14  -15    3    7   15    7
    1    4    3    1    3    2    3    1       867    2   14   10   -6  -11   21    2   -7   -6    8  -13   13    8   11   10  -14   -9    7
    1    4    4    1    1    3    1    1      1341   -6   -5   -2   -4   -9   16   10   13   20   -5   -8    8   -3   -6   -6    3    9  -15
    1    4    5    1    2    2    2    1      3667    1  -18    1    5   13    0    2   -4   -6    6    8   -7  -16  -24    0    7   16    7
    1    4    6    1    2    1    2    1      1018    5   -6    3    4   21   -1    0   -6   -8    3   12   -3  -13  -13    1    5   15   10
    1    4    7    1    3    1    3    1      4834    6   20    9  -10   -9   15   13   -8   -7    9  -16   11    4   10   12  -15  -15    1
    1    4    8    1    1    4    1    1      1900   -6   -6   -2   -2   -7   13   12   11   14   -3   -3   10   -1   -9   -7    4    8  -15
    1    4    9    1    3    5    1    0      9819   10    7   19  -17  -10   11    6  -11  -13    1  -15   12    6   10   12  -13  -12   10
    1    4   10    1    2    5    2    1       990    5   -8    7    0   13   -8   -2   -1   -7    8   10   -8  -13  -16    1    7   14    8
    1    4   11    1    1    5    1    1      1511   -3   -8   -6  -10  -10   18   12   14   13   -3   -7    7    0   -7   -9   -1   11  -14
    1    4   12    1    1    1    1    1      6936  -15    3   -3   -4  -10   19   10   12   16   -4   -3    9    0   -6   -7    0   10  -16
    1    4   13    1    3    3    3    1      9153    7   12   17   -3   -4    9    8  -11   -8   10  -16   12   -1   13   12  -13  -11    8
    1    4   14    1    1    2    1    1      2512    2    0   -1  -13   -3   14   17   16   15   -6    1    6    1   -9   -7    1   11  -16
    1    4   15    1    3    4    3    1      1208    7   15   11   -8   -9   14    6  -13   -7   11  -22   20    6    7   12  -12   -9    5
    1    5    1    1    3    4    3    1      1539    7   15   11   -8   -9   14    6  -13   -7   11  -22   20    6    7   12  -12   -9    5
    1    5    2    1    2    5    2    1       913    5   -8    7    0   13   -8   -2   -1   -7    8   10   -8  -13  -16    1    7   14    8
    1    5    3    1    2    1    2    1       640    5   -6    3    4   21   -1    0   -6   -8    3   12   -3  -13  -13    1    5   15   10
    1    5    4    1    3    1    3    1      5342    6   20    9  -10   -9   15   13   -8   -7    9  -16   11    4   10   12  -15  -15    1
    1    5    5    1    1    4    2    0      1922   -6   -6   -2   -2   -7   13   12   11   14   -3   -3   10   -1   -9   -7    4    8  -15
    1    5    6    1    3    3    3    1      3971    7   12   17   -3   -4    9    8  -11   -8   10  -16   12   -1   13   12  -13  -11    8
    1    5    7    1    3    2    3    1      5151    2   14   10   -6  -11   21    2   -7   -6    8  -13   13    8   11   10  -14   -9    7
    1    5    8    1    1    1    1    1       910  -15    3   -3   -4  -10   19   10   12   16   -4   -3    9    0   -6   -7    0   10  -16
    1    5    9    1    1    5    1    1      1029   -3   -8   -6  -10  -10   18   12   14   13   -3   -7    7    0   -7   -9   -1   11  -14
    1    5   10    1    3    5    1    0       714   10    7   19  -17  -10   11    6  -11  -13    1  -15   12    6   10   12  -13  -12   10
    1    5   11    1    1    2    1    1      1131    2    0   -1  -13   -3   14   17   16   15   -6    1    6    1   -9   -7    1   11  -16
    1    5   12    1    1    3    1    1      4493   -6   -5   -2   -4   -9   16   10   13   20   -5   -8    8   -3   -6   -6    3    9  -15
    1    5   13    1    2    3    2    1      1030    6   -9    0    2    7    2   -7   -5   -6    8    9   -8  -14  -15    3    7   15    7
    1    5   14    1    2    4    2    1      1709    7   -6    2    3   11   -4    3   -5   -7    8    9   -5  -15  -13    5   13   15    7
    1    5   15    1    2    2    3    0      6134    1  -18    1    5   13    0    2   -4   -6    6    8   -7  -16  -24    0    7   16    7
    1    6    1    1    3    4    3    1       876    7   15   11   -8   -9   14    6  -13   -7   11  -22   20    6    7   12  -12   -9    5
    1    6    2    1    3    1    3    1      6103    6   20    9  -10   -9   15   13   -8   -7    9  -16   11    4   10   12  -15  -15    1
    1    6    3    1    1    1    1    1      1471  -15    3   -3   -4  -10   19   10   12   16   -4   -3    9    0   -6   -7    0   10  -16
    1    6    4    1    1    2    2    0      2673    2    0   -1  -13   -3   14   17   16   15   -6    1    6    1   -9   -7    1   11  -16
    1    6    5    1    2    5    2    1       997    5   -8    7    0   13   -8   -2   -1   -7    8   10   -8  -13  -16    1    7   14    8
    1    6    6    1    2    2    1    0      3915    1  -18    1    5   13    0    2   -4   -6    6    8   -7  -16  -24    0    7   16    7
    1    6    7    1    3    5    3    1      6250   10    7   19  -17  -10   11    6  -11  -13    1  -15   12    6   10   12  -13  -12   10
    1    6    8    1    2    4    2    1      1356    7   -6    2    3   11   -4    3   -5   -7    8    9   -5  -15  -13    5   13   15    7
    1    6    9    1    2    1    2    1      1042    5   -6    3    4   21   -1    0   -6   -8    3   12   -3  -13  -13    1    5   15   10
    1    6   10    1    1    3    1    1      1718   -6   -5   -2   -4   -9   16   10   13   20   -5   -8    8   -3   -6   -6    3    9  -15
    1    6   11    1    1    5    1    1      1533   -3   -8   -6  -10  -10   18   12   14   13   -3   -7    7    0   -7   -9   -1   11  -14
    1    6   12    1    3    3    3    1      7790    7   12   17   -3   -4    9    8  -11   -8   10  -16   12   -1   13   12  -13  -11    8
    1    6   13    1    1    4    2    0      1873   -6   -6   -2   -2   -7   13   12   11   14   -3   -3   10   -1   -9   -7    4    8  -15
    1    6   14    1    3    2    3    1      4899    2   14   10   -6  -11   21    2   -7   -6    8  -13   13    8   11   10  -14   -9    7
    1    6   15    1    2    3    2    1       940    6   -9    0    2    7    2   -7   -5   -6    8    9   -8  -14  -15    3    7   15    7
    1    7    1    1    2    5    2    1      1542    5   -8    7    0   13   -8   -2   -1   -7    8   10   -8  -13  -16    1    7   14    8
    1    7    2    1    3    2    1    0      4357    2   14   10   -6  -11   21    2   -7   -6    8  -13   13    8   11   10  -14   -9    7
    1    7    3    1    2    2    2    1      1492    1  -18    1    5   13    0    2   -4   -6    6    8   -7  -16  -24    0    7   16    7
    1    7    4    1    3    5    1    0      2230   10    7   19  -17  -10   11    6  -11  -13    1  -15   12    6   10   12  -13  -12   10
    1    7    5    1    3    3    3    1      4636    7   12   17   -3   -4    9    8  -11   -8   10  -16   12   -1   13   12  -13  -11    8
    1    7    6    1    1    4    2    0      1886   -6   -6   -2   -2   -7   13   12   11   14   -3   -3   10   -1   -9   -7    4    8  -15
    1    7    7    1    2    3    2    1      8944    6   -9    0    2    7    2   -7   -5   -6    8    9   -8  -14  -15    3    7   15    7
    1    7    8    1    2    4    2    1      1402    7   -6    2    3   11   -4    3   -5   -7    8    9   -5  -15  -13    5   13   15    7
    1    7    9    1    2    1    2    1       767    5   -6    3    4   21   -1    0   -6   -8    3   12   -3  -13  -13    1    5   15   10
    1    7   10    1    1    1    1    1      5149  -15    3   -3   -4  -10   19   10   12   16   -4   -3    9    0   -6   -7    0   10  -16
    1    7   11    1    1    2    3    0      6107    2    0   -1  -13   -3   14   17   16   15   -6    1    6    1   -9   -7    1   11  -16
    1    7   12    1    1    5    1    1      6528   -3   -8   -6  -10  -10   18   12   14   13   -3   -7    7    0   -7   -9   -1   11  -14
    1    7   13    1    1    3    3    0      4472   -6   -5   -2   -4   -9   16   10   13   20   -5   -8    8   -3   -6   -6    3    9  -15
    1    7   14    1    3    1    3    1      2641    6   20    9  -10   -9   15   13   -8   -7    9  -16   11    4   10   12  -15  -15    1
    1    7   15    1    3    4    3    1      1331    7   15   11   -8   -9   14    6  -13   -7   11  -22   20    6    7   12  -12   -9    5
    1    8    1    1    3    4    3    1      3034    7   15   11   -8   -9   14    6  -13   -7   11  -22   20    6    7   12  -12   -9    5
    1    8    2    1    2    2    2    1      1709    1  -18    1    5   13    0    2   -4   -6    6    8   -7  -16  -24    0    7   16    7
    1    8    3    1    2    5    2    1       711    5   -8    7    0   13   -8   -2   -1   -7    8   10   -8  -13  -16    1    7   14    8
    1    8    4    1    3    2    1    0      9703    2   14   10   -6  -11   21    2   -7   -6    8  -13   13    8   11   10  -14   -9    7
    1    8    5    1    3    5    1    0      3487   10    7   19  -17  -10   11    6  -11  -13    1  -15   12    6   10   12  -13  -12   10
    1    8    6    1    1    4    2    0      4464   -6   -6   -2   -2   -7   13   12   11   14   -3   -3   10   -1   -9   -7    4    8  -15
    1    8    7    1    3    3    1    0      2619    7   12   17   -3   -4    9    8  -11   -8   10  -16   12   -1   13   12  -13  -11    8
    1    8    8    1    1    1    1    1      2383  -15    3   -3   -4  -10   19   10   12   16   -4   -3    9    0   -6   -7    0   10  -16
    1    8    9    1    3    1    3    1      2380    6   20    9  -10   -9   15   13   -8   -7    9  -16   11    4   10   12  -15  -15    1
    1    8   10    1    2    3    2    1      1158    6   -9    0    2    7    2   -7   -5   -6    8    9   -8  -14  -15    3    7   15    7
    1    8   11    1    1    3    1    1      3493   -6   -5   -2   -4   -9   16   10   13   20   -5   -8    8   -3   -6   -6    3    9  -15
    1    8   12    1    1    5    1    1      1239   -3   -8   -6  -10  -10   18   12   14   13   -3   -7    7    0   -7   -9   -1   11  -14
    1    8   13    1    2    4    2    1      1106    7   -6    2    3   11   -4    3   -5   -7    8    9   -5  -15  -13    5   13   15    7
    1    8   14    1    2    1    2    1      1060    5   -6    3    4   21   -1    0   -6   -8    3   12   -3  -13  -13    1    5   15   10
    1    8   15    1    1    2    3    0      3673    2    0   -1  -13   -3   14   17   16   15   -6    1    6    1   -9   -7    1   11  -16
    1    9    1    1    1    1    1    1      7458  -15    3   -3   -4  -10   19   10   12   16   -4   -3    9    0   -6   -7    0   10  -16
    1    9    2    1    2    5    2    1       822    5   -8    7    0   13   -8   -2   -1   -7    8   10   -8  -13  -16    1    7   14    8
    1    9    3    1    2    2    2    1      1217    1  -18    1    5   13    0    2   -4   -6    6    8   -7  -16  -24    0    7   16    7
    1    9    4    1    2    1    2    1       668    5   -6    3    4   21   -1    0   -6   -8    3   12   -3  -13  -13    1    5   15   10
    1    9    5    1    1    2    1    1      3039    2    0   -1  -13   -3   14   17   16   15   -6    1    6    1   -9   -7    1   11  -16
    1    9    6    1    3    5    1    0      6660   10    7   19  -17  -10   11    6  -11  -13    1  -15   12    6   10   12  -13  -12   10
    1    9    7    1    1    3    1    1      4392   -6   -5   -2   -4   -9   16   10   13   20   -5   -8    8   -3   -6   -6    3    9  -15
    1    9    8    1    3    3    1    0      9431    7   12   17   -3   -4    9    8  -11   -8   10  -16   12   -1   13   12  -13  -11    8
    1    9    9    1    1    4    2    0      2895   -6   -6   -2   -2   -7   13   12   11   14   -3   -3   10   -1   -9   -7    4    8  -15
    1    9   10    1    2    3    2    1      1499    6   -9    0    2    7    2   -7   -5   -6    8    9   -8  -14  -15    3    7   15    7
    1    9   11    1    3    1    1    0      6173    6   20    9  -10   -9   15   13   -8   -7    9  -16   11    4   10   12  -15  -15    1
    1    9   12    1    3    4    3    1       883    7   15   11   -8   -9   14    6  -13   -7   11  -22   20    6    7   12  -12   -9    5
    1    9   13    1    1    5    1    1      1580   -3   -8   -6  -10  -10   18   12   14   13   -3   -7    7    0   -7   -9   -1   11  -14
    1    9   14    1    2    4    2    1      1260    7   -6    2    3   11   -4    3   -5   -7    8    9   -5  -15  -13    5   13   15    7
    1    9   15    1    3    2    3    1      3201    2   14   10   -6  -11   21    2   -7   -6    8  -13   13    8   11   10  -14   -9    7
    1   10    1    1    3    3    3    1      4564    7   12   17   -3   -4    9    8  -11   -8   10  -16   12   -1   13   12  -13  -11    8
    1   10    2    1    1    1    1    1      5210  -15    3   -3   -4  -10   19   10   12   16   -4   -3    9    0   -6   -7    0   10  -16
    1   10    3    1    2    5    2    1      1033    5   -8    7    0   13   -8   -2   -1   -7    8   10   -8  -13  -16    1    7   14    8
    1   10    4    1    3    1    3    1      1822    6   20    9  -10   -9   15   13   -8   -7    9  -16   11    4   10   12  -15  -15    1
    1   10    5    1    2    1    2    1       722    5   -6    3    4   21   -1    0   -6   -8    3   12   -3  -13  -13    1    5   15   10
    1   10    6    1    3    5    1    0      2871   10    7   19  -17  -10   11    6  -11  -13    1  -15   12    6   10   12  -13  -12   10
    1   10    7    1    1    3    1    1      4556   -6   -5   -2   -4   -9   16   10   13   20   -5   -8    8   -3   -6   -6    3    9  -15
    1   10    8    1    2    3    2    1       995    6   -9    0    2    7    2   -7   -5   -6    8    9   -8  -14  -15    3    7   15    7
    1   10    9    1    3    2    3    1      1336    2   14   10   -6  -11   21    2   -7   -6    8  -13   13    8   11   10  -14   -9    7
    1   10   10    1    2    4    2    1       736    7   -6    2    3   11   -4    3   -5   -7    8    9   -5  -15  -13    5   13   15    7
    1   10   11    1    1    4    2    0      1968   -6   -6   -2   -2   -7   13   12   11   14   -3   -3   10   -1   -9   -7    4    8  -15
    1   10   12    1    1    2    1    1      2592    2    0   -1  -13   -3   14   17   16   15   -6    1    6    1   -9   -7    1   11  -16
    1   10   13    1    2    2    2    1      1415    1  -18    1    5   13    0    2   -4   -6    6    8   -7  -16  -24    0    7   16    7
    1   10   14    1    3    4    3    1       685    7   15   11   -8   -9   14    6  -13   -7   11  -22   20    6    7   12  -12   -9    5
    1   10   15    1    1    5    1    1      1357   -3   -8   -6  -10  -10   18   12   14   13   -3   -7    7    0   -7   -9   -1   11  -14
    1   11    1    1    2    3    2    1       885    6   -9    0    2    7    2   -7   -5   -6    8    9   -8  -14  -15    3    7   15    7
    1   11    2    1    2    5    2    1      1742    5   -8    7    0   13   -8   -2   -1   -7    8   10   -8  -13  -16    1    7   14    8
    1   11    3    1    3    3    3    1      1831    7   12   17   -3   -4    9    8  -11   -8   10  -16   12   -1   13   12  -13  -11    8
    1   11    4    1    3    1    3    1      1531    6   20    9  -10   -9   15   13   -8   -7    9  -16   11    4   10   12  -15  -15    1
    1   11    5    1    2    4    2    1      1401    7   -6    2    3   11   -4    3   -5   -7    8    9   -5  -15  -13    5   13   15    7
    1   11    6    1    2    1    2    1       737    5   -6    3    4   21   -1    0   -6   -8    3   12   -3  -13  -13    1    5   15   10
    1   11    7    1    2    2    2    1      1363    1  -18    1    5   13    0    2   -4   -6    6    8   -7  -16  -24    0    7   16    7
    1   11    8    1    1    2    1    1      3194    2    0   -1  -13   -3   14   17   16   15   -6    1    6    1   -9   -7    1   11  -16
    1   11    9    1    1    5    3    0      1848   -3   -8   -6  -10  -10   18   12   14   13   -3   -7    7    0   -7   -9   -1   11  -14
    1   11   10    1    1    4    2    0      1435   -6   -6   -2   -2   -7   13   12   11   14   -3   -3   10   -1   -9   -7    4    8  -15
    1   11   11    1    3    5    1    0      4176   10    7   19  -17  -10   11    6  -11  -13    1  -15   12    6   10   12  -13  -12   10
    1   11   12    1    3    2    3    1       677    2   14   10   -6  -11   21    2   -7   -6    8  -13   13    8   11   10  -14   -9    7
    1   11   13    1    1    1    3    0      1510  -15    3   -3   -4  -10   19   10   12   16   -4   -3    9    0   -6   -7    0   10  -16
    1   11   14    1    1    3    1    1      3478   -6   -5   -2   -4   -9   16   10   13   20   -5   -8    8   -3   -6   -6    3    9  -15
    1   11   15    1    3    4    3    1       584    7   15   11   -8   -9   14    6  -13   -7   11  -22   20    6    7   12  -12   -9    5
    1   12    1    1    2    2    2    1      1326    1  -18    1    5   13    0    2   -4   -6    6    8   -7  -16  -24    0    7   16    7
    1   12    2    1    1    4    2    0      1528   -6   -6   -2   -2   -7   13   12   11   14   -3   -3   10   -1   -9   -7    4    8  -15
    1   12    3    1    1    5    1    1      7753   -3   -8   -6  -10  -10   18   12   14   13   -3   -7    7    0   -7   -9   -1   11  -14
    1   12    4    1    2    5    2    1       864    5   -8    7    0   13   -8   -2   -1   -7    8   10   -8  -13  -16    1    7   14    8
    1   12    5    1    1    2    1    1      2301    2    0   -1  -13   -3   14   17   16   15   -6    1    6    1   -9   -7    1   11  -16
    1   12    6    1    1    3    3    0       926   -6   -5   -2   -4   -9   16   10   13   20   -5   -8    8   -3   -6   -6    3    9  -15
    1   12    7    1    3    2    3    1       723    2   14   10   -6  -11   21    2   -7   -6    8  -13   13    8   11   10  -14   -9    7
    1   12    8    1    2    4    2    1      2003    7   -6    2    3   11   -4    3   -5   -7    8    9   -5  -15  -13    5   13   15    7
    1   12    9    1    3    1    3    1      1118    6   20    9  -10   -9   15   13   -8   -7    9  -16   11    4   10   12  -15  -15    1
    1   12   10    1    3    4    3    1       861    7   15   11   -8   -9   14    6  -13   -7   11  -22   20    6    7   12  -12   -9    5
    1   12   11    1    2    1    2    1      1542    5   -6    3    4   21   -1    0   -6   -8    3   12   -3  -13  -13    1    5   15   10
    1   12   12    1    3    3    3    1      1590    7   12   17   -3   -4    9    8  -11   -8   10  -16   12   -1   13   12  -13  -11    8
    1   12   13    1    2    3    2    1      5252    6   -9    0    2    7    2   -7   -5   -6    8    9   -8  -14  -15    3    7   15    7
    1   12   14    1    1    1    1    1      8608  -15    3   -3   -4  -10   19   10   12   16   -4   -3    9    0   -6   -7    0   10  -16
    1   12   15    1    3    5    1    0      1446   10    7   19  -17  -10   11    6  -11  -13    1  -15   12    6   10   12  -13  -12   10
    1   13    1    1    1    4    1    1      1465   -6   -6   -2   -2   -7   13   12   11   14   -3   -3   10   -1   -9   -7    4    8  -15
    1   13    2    1    2    2    2    1      1005    1  -18    1    5   13    0    2   -4   -6    6    8   -7  -16  -24    0    7   16    7
    1   13    3    1    1    3    3    0      3604   -6   -5   -2   -4   -9   16   10   13   20   -5   -8    8   -3   -6   -6    3    9  -15
    1   13    4    1    2    4    2    1       862    7   -6    2    3   11   -4    3   -5   -7    8    9   -5  -15  -13    5   13   15    7
    1   13    5    1    2    1    2    1       714    5   -6    3    4   21   -1    0   -6   -8    3   12   -3  -13  -13    1    5   15   10
    1   13    6    1    1    5    1    1      2843   -3   -8   -6  -10  -10   18   12   14   13   -3   -7    7    0   -7   -9   -1   11  -14
    1   13    7    1    1    1    3    0      1129  -15    3   -3   -4  -10   19   10   12   16   -4   -3    9    0   -6   -7    0   10  -16
    1   13    8    1    3    1    3    1      2008    6   20    9  -10   -9   15   13   -8   -7    9  -16   11    4   10   12  -15  -15    1
    1   13    9    1    3    2    3    1      1141    2   14   10   -6  -11   21    2   -7   -6    8  -13   13    8   11   10  -14   -9    7
    1   13   10    1    3    3    3    1      1397    7   12   17   -3   -4    9    8  -11   -8   10  -16   12   -1   13   12  -13  -11    8
    1   13   11    1    1    2    3    0      2569    2    0   -1  -13   -3   14   17   16   15   -6    1    6    1   -9   -7    1   11  -16
    1   13   12    1    3    4    3    1       624    7   15   11   -8   -9   14    6  -13   -7   11  -22   20    6    7   12  -12   -9    5
    1   13   13    1    2    3    2    1       739    6   -9    0    2    7    2   -7   -5   -6    8    9   -8  -14  -15    3    7   15    7
    1   13   14    1    2    5    2    1       738    5   -8    7    0   13   -8   -2   -1   -7    8   10   -8  -13  -16    1    7   14    8
    1   13   15    1    3    5    3    1       613   10    7   19  -17  -10   11    6  -11  -13    1  -15   12    6   10   12  -13  -12   10
    1   14    1    1    2    2    2    1       954    1  -18    1    5   13    0    2   -4   -6    6    8   -7  -16  -24    0    7   16    7
    1   14    2    1    1    5    1    1       978   -3   -8   -6  -10  -10   18   12   14   13   -3   -7    7    0   -7   -9   -1   11  -14
    1   14    3    1    3    5    3    1      2234   10    7   19  -17  -10   11    6  -11  -13    1  -15   12    6   10   12  -13  -12   10
    1   14    4    1    1    4    1    1      1551   -6   -6   -2   -2   -7   13   12   11   14   -3   -3   10   -1   -9   -7    4    8  -15
    1   14    5    1    1    3    3    0      1039   -6   -5   -2   -4   -9   16   10   13   20   -5   -8    8   -3   -6   -6    3    9  -15
    1   14    6    1    2    5    2    1       740    5   -8    7    0   13   -8   -2   -1   -7    8   10   -8  -13  -16    1    7   14    8
    1   14    7    1    1    1    3    0      2262  -15    3   -3   -4  -10   19   10   12   16   -4   -3    9    0   -6   -7    0   10  -16
    1   14    8    1    3    1    3    1      1371    6   20    9  -10   -9   15   13   -8   -7    9  -16   11    4   10   12  -15  -15    1
    1   14    9    1    3    2    3    1      2674    2   14   10   -6  -11   21    2   -7   -6    8  -13   13    8   11   10  -14   -9    7
    1   14   10    1    2    1    2    1       646    5   -6    3    4   21   -1    0   -6   -8    3   12   -3  -13  -13    1    5   15   10
    1   14   11    1    3    4    3    1       619    7   15   11   -8   -9   14    6  -13   -7   11  -22   20    6    7   12  -12   -9    5
    1   14   12    1    1    2    3    0      1392    2    0   -1  -13   -3   14   17   16   15   -6    1    6    1   -9   -7    1   11  -16
    1   14   13    1    3    3    3    1       758    7   12   17   -3   -4    9    8  -11   -8   10  -16   12   -1   13   12  -13  -11    8
    1   14   14    1    2    4    2    1       821    7   -6    2    3   11   -4    3   -5   -7    8    9   -5  -15  -13    5   13   15    7
    1   14   15    1    2    3    2    1       641    6   -9    0    2    7    2   -7   -5   -6    8    9   -8  -14  -15    3    7   15    7
    1   15    1    1    3    1    3    1       485    6   20    9  -10   -9   15   13   -8   -7    9  -16   11    4   10   12  -15  -15    1
    1   15    2    1    2    4    2    1       784    7   -6    2    3   11   -4    3   -5   -7    8    9   -5  -15  -13    5   13   15    7
    1   15    3    1    3    3    3    1       814    7   12   17   -3   -4    9    8  -11   -8   10  -16   12   -1   13   12  -13  -11    8
    1   15    4    1    3    5    1    0       586   10    7   19  -17  -10   11    6  -11  -13    1  -15   12    6   10   12  -13  -12   10
    1   15    5    1    2    5    2    1       832    5   -8    7    0   13   -8   -2   -1   -7    8   10   -8  -13  -16    1    7   14    8
    1   15    6    1    1    1    1    1       877  -15    3   -3   -4  -10   19   10   12   16   -4   -3    9    0   -6   -7    0   10  -16
    1   15    7    1    2    2    2    1      1162    1  -18    1    5   13    0    2   -4   -6    6    8   -7  -16  -24    0    7   16    7
    1   15    8    1    3    2    3    1       645    2   14   10   -6  -11   21    2   -7   -6    8  -13   13    8   11   10  -14   -9    7
    1   15    9    1    2    1    2    1       606    5   -6    3    4   21   -1    0   -6   -8    3   12   -3  -13  -13    1    5   15   10
    1   15   10    1    1    3    1    1      1365   -6   -5   -2   -4   -9   16   10   13   20   -5   -8    8   -3   -6   -6    3    9  -15
    1   15   11    1    1    5    1    1      1419   -3   -8   -6  -10  -10   18   12   14   13   -3   -7    7    0   -7   -9   -1   11  -14
    1   15   12    1    2    3    2    1       881    6   -9    0    2    7    2   -7   -5   -6    8    9   -8  -14  -15    3    7   15    7
    1   15   13    1    1    2    3    0       796    2    0   -1  -13   -3   14   17   16   15   -6    1    6    1   -9   -7    1   11  -16
    1   15   14    1    1    4    2    0       746   -6   -6   -2   -2   -7   13   12   11   14   -3   -3   10   -1   -9   -7    4    8  -15
    1   15   15    1    3    4    3    1       507    7   15   11   -8   -9   14    6  -13   -7   11  -22   20    6    7   12  -12   -9    5
    2    1    1    2    2    0    2    1      2345    6   -8    2    4   12   -2    2   -5   -6    7   10   -6  -14  -14   -1    6   15    8
    2    1    2    4    3    2    3    1       740    6   11   11   -1   -7    4    8  -16   -7    9  -13   13    4    7   12  -12  -10    4
    2    1    3    3    1    1    3    0      1236   -4   -6  -10    2   -6   13   12   14   15   -5   -3    8    0   -9   -7   -3   11  -14
    2    1    4    4    1    4    1    1       561   -5   -5   -1   -2   -8   13   10   15   14   -3    5    5    0   -6   -5    3    9  -17
    2    1    5    1    1    2    1    1       552    2    0   -1  -13   -3   14   17   16   15   -6    1    6    1   -9   -7    1   11  -16
    2    1    6    4    2    2    2    1       863    6   -9    1    2   13   -1    1   -6   -6    6    8   -7  -21  -11   -1    8   16    7
    2    1    7    1    1    1    3    0       668  -15    3   -3   -4  -10   19   10   12   16   -4   -3    9    0   -6   -7    0   10  -16
    2    1    8    5    2    4    2    1       720    6   -7    4    5   13   -4    3   -7  -10    2   11   -7  -15  -16   -6   15   17    4
    2    1    9    4    3    1    3    1      1523    8   15    5  -10  -13   14    9  -14   -1   12  -12   11    6    7    9   -6  -12    5
    2    1   10    3    3    5    3    1       531    5   12   10   -9   -8   13    8  -12   -6    9  -13   12    3    9   13  -14  -11    5
    2    1   11    5    3    5    3    1       603    0    8    3   -3   -9   16   12  -15   -8    8  -13   11   -1    3    6  -16   -8    1
    2    1   12    3    1    5    1    1      1568   -5   -5   -2   -4   -7   14   12   10   15   -5   -4    9    0   -8   -7    3    9  -11
    2    1   13    5    3    4    3    1       784    2   14    7   -9   -9   13    6  -13   -2    4  -13   15    5    8    2  -22  -13    5
    2    1   14    5    3    3    3    1       557    1    8   14   -3   -7   21    4  -22  -11   14  -18    2    4   10   12  -14   -9    7
    2    1   15    1    1    5    1    1       725   -3   -8   -6  -10  -10   18   12   14   13   -3   -7    7    0   -7   -9   -1   11  -14
    2    1   16    3    2    5    3    0      1079    5   -7    2    4   11   -5    8   -6   -5    7   12    1  -13  -14   -1    4   14    9
    2    1   17    4    2    5    2    1      1211    4   -1    1    6    8   -2    4   -5   -4    3    8   -7  -13  -14   -1    5   15    9
    2    1   18    4    3    5    3    1       969    7   16   10   -7   -7   12    8  -13   -5    8  -12   11    5   10   12  -14  -18   -3
    2    1   19    5    2    2    2    1      1425   -3   -3    3    2   11   -6    2   -7   -5    7   15  -11  -18  -18    0   11   10    5
    2    1   20    3    1    4    3    0       982   -5   -6   -1   -3   -6   14   11   13   15   -5    2   16   -1   -8   -6    2   11  -16
    2    1   21    5    2    3    2    1       876    7  -12    1    3    5    8    3   -4   -7    2   15   -9  -11  -24    1   14   11   10
    2    1   22    1    3    3    3    1       471    7   12   17   -3   -4    9    8  -11   -8   10  -16   12   -1   13   12  -13  -11    8
    2    1   23    5    1    1    1    1       931   -3   -5  -11   -7  -17   12   13   17   24  -14    4   19    2  -10   -7    2    7   -6
    2    1   24    3    1    3    1    1       667   -6  -11   -1   -3   -8   14   10   14   16   -4   -4    9   -1   -8   -6    2   12  -12
    2    1   25    5    1    3    3    0       831   -7    4   -3   -2   -9   14   14    7    5  -10   -7    9   -3  -14  -12   -3    8  -13
    2    1   26    1    2    3    2    1       668    6   -9    0    2    7    2   -7   -5   -6    8    9   -8  -14  -15    3    7   15    7
    2    1   27    1    3    4    3    1       640    7   15   11   -8   -9   14    6  -13   -7   11  -22   20    6    7   12  -12   -9    5
    2    1   28    3    2    1    1    0      2181    6   -7    2    4   14   -4    1   -5  -14   15   10   -4  -14  -14    0    7   12    1
    2    1   29    1    1    3    1    1       796   -6   -5   -2   -4   -9   16   10   13   20   -5   -8    8   -3   -6   -6    3    9  -15
    2    1   30    1    3    2    3    1       540    2   14   10   -6  -11   21    2   -7   -6    8  -13   13    8   11   10  -14   -9    7
    2    1   31    4    1    5    1    1      1524   -6   -8  -10    3  -12   11   11   11   21  -12    3   13    0  -13   -6    6   17  -12
    2    1   32    4    1    3    3    0       662   -3   -5   -4   -2   -2   14    9   14   16   -5   -2    9   -1   -9   -4    5    2  -14
    2    1   33    3    3    3    3    1       539    7   12   10   -8   -8   13    8  -11   -5   10  -18   13    3   10   11  -14  -12    6
    2    1   34    5    3    2    3    1       659    7   17    8  -18  -10    8   10  -13   -7    8  -14   13    0   14   13  -15   -6    6
    2    1   35    3    1    2    1    1       696   -5   -5   -2   -2   -7   14   10   13   15   -6   -4    8   -2   -7   -6    2    9  -14
    2    1   36    4    3    4    3    1       636    7   12    9   -8   -1   14    5  -10   -5   11  -13   14    5    8   12  -14  -10    5
    2    1   37    3    2    2    3    0       881    7   -7    1    4   12   -2    2   -5   -6    7    9   -6  -20   -7   -1    6   15    8
    2    1   38    5    2    5    3    0       620   13  -12    3    3   20   -5    7   -4    2    1   18    2  -12  -16    9    7   21   14
    2    1   39    2    3    0    1    0       561    6   13   10   -8   -8   13    8  -12   -6    9  -14   12    4    9   11  -14  -11    6
    2    1   40    1    2    1    2    1       585    5   -6    3    4   21   -1    0   -6   -8    3   12   -3  -13  -13    1    5   15   10
    2    1   41    3    3    4    3    1       528    4   15   10   -8   -7   12    8  -12   -5   10  -14   12    4    9   11  -14  -11    6
    2    1   42    2    1    0    1    1       505   -5   -6   -2   -3   -7   14   11   13   15   -5   -4    9   -1   -8   -6    2   10  -15
    2    1   43    5    1    5    1    1      1284   -4   -6  -12    2   -4   16    8   10   13   -4   -5    7    4    0    1    5    5   -5
    2    1   44    4    2    4    2    1      1632    7   -6    3    6    8    4    3   -5   -4    6   10   -8  -12  -12    0    5   15   10
    2    1   45    1    2    2    2    1      1183    1  -18    1    5   13    0    2   -4   -6    6    8   -7  -16  -24    0    7   16    7
    2    1   46    4    2    3    2    1       798    5   -7    1    4   14   -2    2   -7   -7    8   16   -4  -14  -13   -1    7   18   16
    2    1   47    3    3    2    3    1      1661    6   13    9   -9   -7   12    8  -12   -6   10  -14   12    1   13   11  -14  -10    6
    2    1   48    3    2    3    2    1       922    6   -7    1    4   12   -2    1   -4   -3    3    3    0  -14  -14    0    6   14    7
    2    1   49    4    1    2    1    1       788   -4   -6    0   -5   -7   15   10   12   17  -14   -1    1   -2   -3   -6    1    9  -13
    2    1   50    4    2    1    2    1       755    5   -7    0    3   12   -4    3   -5  -10    9    8   -6  -13  -12   -6    3   14    9
    2    1   51    1    3    1    3    1       964    6   20    9  -10   -9   15   13   -8   -7    9  -16   11    4   10   12  -15  -15    1
    2    1   52    4    3    3    3    1      1325    5   13   10   -7   -8   15    9  -13   -5    9  -13   13    5    9   13  -15  -13    7
    2    1   53    3    3    1    3    1      2518    6   12   10   -8   -9   13    8  -12   -6    9  -14   12    3    9   10  -13  -11    7
    2    1   54    5    3    1    3    1       848    1   16   11  -17   -8   12    9  -13   -7   18  -23   16   10    0   13  -16   -8    1
    2    1   55    1    2    4    2    1      1261    7   -6    2    3   11   -4    3   -5   -7    8    9   -5  -15  -13    5   13   15    7
    2    1   56    5    1    4    1    1       777   -4   -5    4    5   -8   16   10   13   19  -10   -4    7   -7   -6   -4    3    9  -15
    2    1   57    5    2    1    3    0       584    7  -10    1    6    6   -8    0    0   -7    7   14    0  -11  -11   -1    7   21   13
    2    1   58    1    3    5    1    0      1008   10    7   19  -17  -10   11    6  -11  -13    1  -15   12    6   10   12  -13  -12   10
    2    1   59    4    1    1    3    0       598   -5   -7   -1   -1   -7   15   12   13   16   -3    2    4   -2   -7   -7    2    7  -11
    2    1   60    3    2    4    2    1      1852    6   -8    2    9   12   -2    2   -5   -7    7   12   -6  -15  -13   -1    6   20    7
    2    1   61    5    1    2    1    1       769    5    3   -1   -3  -13   12   16   13   15   -3   -3   10    0   -8   -6    1    8  -15
    2    1   62    1    1    4    2    0      2528   -6   -6   -2   -2   -7   13   12   11   14   -3   -3   10   -1   -9   -7    4    8  -15
    2    1   63    1    2    5    2    1       826    5   -8    7    0   13   -8   -2   -1   -7    8   10   -8  -13  -16    1    7   14    8
