    1    1    1    1    2    5    1    0      7627    6   -5    0   -5   -3   -5  -12  -12    3    6   -1  -11  -14   -9  -11   -5    7   -1
    1    1    2    1    2    1    1    0      3182    1  -11   -7   -4    0   -3  -13  -11    2    6    8   -3  -16  -12   -5   -7   -1    0
    1    1    3    1    1    5    2    0      8842   13   -2  -12    0   -9    2   11  -14  -10   -1    8    7   -4   -4    4   -7  -14   -4
    1    1    4    1    1    1    2    0      5140   14   -7  -16    2   -8   -2    7  -14   -8  -11   13    8  -11   -7   11    1  -11   -4
    1    1    5    1    2    2    1    0     10643    6   -4   -2   -3   -6   -6  -11  -14    9    2   -2  -12  -13   -7   -9   -9    0   -2
    1    1    6    1    3    4    3    1      2820    6   15   12   -9   10   15   -5    5    8    9   -1  -12   -8    8    0   -1   -9    2
    1    1    7    1    2    3    1    0      9358    5   -5   -4   -1   -8   -7   -9  -11    3    9    2  -12  -15   -7   -5   -7   -5    2
    1    1    8    1    3    2    2    0      2946   17   12    9  -10    9   14   -6   12    7   15    2  -13  -10    8    3    1   -7    1
    1    1    9    1    3    1    3    1      1944   11   10   16   -7    8   16   -3    5    7   11    1  -13  -13   13    1    2  -10    3
    1    1   10    1    2    4    1    0      3269    5   -7   -2   -3   -3   -6  -12  -13    0    3    2  -14  -14   -7   -8   -9    2    0
    1    1   11    1    1    3    2    0      1614   14   -7  -16    1  -10   -2   11  -13  -12   -4   10    7   -8  -13   16    7  -13   -6
    1    1   12    1    1    2    2    0      1482   13   -5  -15    2   -8   -2    5   -7  -11   -4    9    8  -12  -10   14    8  -11   -7
    1    1   13    1    3    5    2    0      6682   15   16   10   -8    7   16   -6    4    5   12    6   -8   -9   10    4    2   -8    2
    1    1   14    1    3    3    3    1     10347   15   13   15   -7    8   16   -5    5    7   14    2  -13   -7    9    0   -9   -8    3
    1    1   15    1    1    4    2    0      3593   13   -6  -13   -1   -7   -3   11  -17  -14    1   13   10  -14   -3    9    4  -11   -7
    1    2    1    1    3    7    2    0      1509   16   13    9   -7    9   13   -6    5    7   12    0  -10   -6    9    1    0   -6    2
    1    2    2    1    3    8    3    1       740   16   13    9  -10   12   18   -8    3    5   13    1  -11   -9    9   -1   -8   -7    1
    1    2    3    1    1    6    2    0      8067   11   -3  -12   -1   -7   -2   11  -13  -15    0    8    9  -12   -4    8   -2  -11   -7
    1    2    4    1    2    8    2    1      4349    8   -3    5  -11   -5   -3   -9  -14    2    7   -1  -14   -4  -13   -7   -6    2    0
    1    2    5    1    2    6    1    0     21852    6   -4   -2   -3    3   -8  -14  -16    3    7    1  -12  -14   -7   -5   -9   -1   -1
    1    2    6    1    2   10    2    1      7164   -3    3   -4    0   -3   -3   -9  -15    0   -2   -1  -10  -13   -8   -8   -6    0    2
    1    2    7    1    3    9    3    1      4585   17   16   10  -10    9   14   -6    5    5   11    0  -10  -10   18   -6   -4  -10    3
    1    2    8    1    3   10    3    1      8590   14   15   16  -11    9   15   -8    7    5    9   -1  -11  -14   10    2    0   -9   -3
    1    2    9    1    1    8    3    0     12609   10   -1  -15    1   -4  -10    9  -10   -6   -2    9    8  -19  -13    4    0  -11   -5
    1    2   10    1    3    6    3    1       981   14   12   13   -7    7   17   -5    5   10   15    0  -11  -13   15    1    1  -10    2
    1    2   11    1    2    9    2    1     10217    7   -3    1   -7   -6   -3   -9  -12   -2   11   -5  -15  -12  -10   -8   -6    1   -1
    1    2   12    1    2    7    1    0      6476    5   -3    8    1   -3   -7  -11  -12    6   11   -1  -13  -15   -7   -8   -7    1   -2
    1    2   13    1    1    9    2    0     10595   10   -4  -13   -1  -10    0    9  -17  -10   -4   14    0  -18    0   12   13   -3   -4
    1    2   14    1    1   10    2    0      1095   13   -7  -16   -1  -10   -1    2   -9  -12   -2    8    5  -14   -4   15    1  -13   -6
    1    2   15    1    1    7    1    1        87   12   -4  -16    1  -10    4   16  -15  -13   -3    9    8  -17   -9   11    4  -11   -6
    1    3    1    1    1   14    2    0      1653   11   -4  -15    1  -10   -3    9  -14  -12   -4    6    4  -15   -5   10    5  -10   -7
    1    3    2    1    2   13    1    0         0    8   -6   -4   -1   -4   -6  -14   -9    1    6   -1  -11  -12  -11   -9  -17    0   -2
    1    3    3    1    3   15    3    1      1085   16   16   12   -8    7   15   -7    6    5   12    0  -14  -10   11   12    7  -10    2
    1    3    4    1    2   15    2    1      2943   17   -9   -3    3   -5   -4  -10  -13    9    3   -1  -12  -15   -3  -11   -7   -1   -1
    1    3    5    1    1   12    1    1      1894   13   -5  -20    9  -10   -2    8  -15  -13   -1    7   11  -14   -4    7    1  -16   -6
    1    3    6    1    2   11    1    0      4005    7   -7   -3   -2   -5   -3  -12  -12    2    7   -1  -14  -11   -7   -6   -9    2   -1
    1    3    7    1    2   14    1    0      1136    6   -7   -1   -1   -6   -9  -10  -12    2    7    1  -13  -19   -2   -9   -5    1   -2
    1    3    8    1    3   12    1    0      1116   10    5    9  -13   10   16   -4    4    8   13   -1  -10   -6   10    3    1   -9    2
    1    3    9    1    1   13    3    0      1082    7   -2  -14    1   -8   -4   13   -7  -15    5   10    7  -13   -2    2   -6  -11   -7
    1    3   10    1    2   12    3    0       473    6   -5    0    8   -3   -4  -10  -13    1    5   -1  -12  -17   -2   -3  -10    0   -2
    1    3   11    1    3   11    3    1        60   17   12    9   -8    8   16   -1    7    8   13   -4  -16  -10   11   -1   -9   -9    0
    1    3   12    1    1   15    2    0      1945   13   -6   -9    3   -9   -3    8  -17  -10  -10    8    7  -15   -2    9    2  -12   -4
    1    3   13    1    1   11    1    1      4631   12   -4  -16    3   -9   -3   14  -16   -1  -13    9    8  -12   -5   10    4   -8    3
    1    3   14    1    3   13    3    1      1177   16   13    9   -9    8   14   -8    7    4   21    0  -12  -10   10    0    3   -6    3
    1    3   15    1    3   14    2    0      3335   16   14    9   -6    8   16   -8    5    5   14    2  -12   -9    8    1    2   -8    2
    1    4    1    1    2   18    1    0      1885    6   -2    0    2    6   -7  -10  -11    5    2   -1  -12  -12   -9   -7   -6    1   -2
    1    4    2    1    2   19    3    0      3708    6   -4    0   -2   -9   -1  -11  -14    2    8   -1  -12  -15   -7   -7   -9   -2    4
    1    4    3    1    1   18    2    0       388   13   -7  -15   -1   -7    5    9  -16   -6   -6    9    9  -13   -5    6    5  -10   -7
    1    4    4    1    1   20    3    0       271   14   -5  -12    2   -6  -10    8  -14  -12  -10    9   15  -12   -5   12    2  -11  -13
    1    4    5    1    3   17    1    0       209   10   19   10   -7   11   12   -8    5    8   11   -1  -13  -10   10    1   -1   -7    1
    1    4    6    1    3   19    2    0       196   14   14   11   -9    9   14   -6    5    7   13    1  -11   -9    5   -3    1   -6    2
    1    4    7    1    1   19    1    1      3064   13   -6  -12    1   -8   -2    7  -15  -16   -6    8    7  -15   -3   10    1  -13   -8
    1    4    8    1    2   17    1    0      1448    8   -7   -3   -3   -5   -9   -9  -13    0    7   -4  -11  -15   -1   -6   -6   -1   -2
    1    4    9    1    3   20    2    0      4827   16    6   10  -10    9   15  -11   11    5   13    5  -20   -7    8    3    3   -8    3
    1    4   10    1    2   16    2    1      1831    5   -5   -2   -3   -1   -7  -11  -12   -1    5    0  -11  -15   -9   -9   -5    2   -2
    1    4   11    1    2   20    2    1      6890   14   -8    6   -5   -5   -5  -13  -13    0   11    0  -13  -15   -9   -8   -5    5   -9
    1    4   12    1    1   17    3    0      5041    8   -5  -16   -3   -7    0   12   -9  -13   -1   10    6  -14   -4   10    1  -11   -7
    1    4   13    1    3   16    2    0      6051   14   15   10   -9   13   13   -7    6    8   16   -7   -5  -10   12    4   -1   -7   -8
    1    4   14    1    3   18    3    1      1093   15   16   10   -7    8   14   -6    5   -2    8    1  -13   -8    9    2    2   -9    0
    1    4   15    1    1   16    2    0      7541   13   -7  -17    3   -7    5    8  -14  -11   -9    7    7  -11   -6    9    0  -14    3
    1    5    1    1    2   23    1    0      2563   16    3    0   -4    3    2   -4  -13    2    8    1  -13  -13   -7  -12   -1    1   -1
    1    5    2    1    1   22    3    0      3734   11   -3  -24    1   -8   -1    9  -14  -11   -2   12    8  -15   -3   10    2  -10   -5
    1    5    3    1    2   21    3    0        11    5   -4   -1   -3  -12  -10  -13  -14    4    4   -1  -14  -14   -7   -8   -8   -2    1
    1    5    4    1    3   23    3    1        68   15   15    7   -3    1   22   -7    7    7   15    0  -12   -9   11    9   -2   -8    2
    1    5    5    1    3   21    1    0      2605   16   13   10   -7    2   23   -8    9    5   12    3  -14   -7   12    1    2   -5   -4
    1    5    6    1    2   22    3    0        50    4    3   -4   -3   -1   -7  -12  -13   -1    3    0  -11  -14   -9  -11   -6   -1    0
    1    5    7    1    3   24    3    1        95   13   14   13   -6    7   15   -8    7   10    3    3  -13  -10   12    1    0  -10    2
    1    5    8    1    3   22    3    1      3399   16   16    2  -17    8   14    1    1    5   14   -8  -17   -9    8    3   -1    1   11
    1    5    9    1    1   24    3    0      1276   12   -6  -17    2   -7    0   11  -13  -12   -2    5   14  -11   -9   12    3  -14   -7
    1    5   10    1    2   25    2    1      2150    7   -4    8    0  -11    0  -10  -15   -4    6   -2  -14  -15   -8   -8   -6   -3    2
    1    5   11    1    1   23    3    0      2012   11   -8  -13   -1   -8   -6   11  -16  -20  -12   10    5  -14   -3   10    2  -11   -5
    1    5   12    1    3   25    3    1      2568   15   12   12  -10    8   16   -6    4    5   14    2  -12   -7    9   -8    7   -7    1
    1    5   13    1    1   21    1    1      1642   12   -6  -15   -2   -5   -2    9  -17  -10   -5    6   12  -13   -3   11    5  -14   -7
    1    5   14    1    1   25    1    1      6801   12   -4  -12   -8   -7   -2   11  -17  -11   -2   11    9   -5  -13   10    4  -18  -14
    1    5   15    1    2   24    2    1      1419    5   -6   -7    0   -5   -3  -12  -12    4    5   -2  -12  -13  -10   -7   -5   10    1
    1    6    1    1    2   30    1    0      9261    8   -4   -1   -2   -3   -5  -12  -12    2    9    3  -12  -13   -9   -6   -9   -2    8
    1    6    2    1    3   29    3    1      1013   17   14   12  -10    5   11   -5    3   10   23    1   -9   -9   12    7   -2   -7    2
    1    6    3    1    2   28    3    0      4105    9   -5    1  -12   -4   -4  -12  -12   -1    6    2   -8   -4  -11   -9   -5   -1   -2
    1    6    4    1    1   29    1    1      1282   11   -5  -23   -1   -8   -2    8  -17   -1    6    7    7  -12   -5   10    4  -13   -8
    1    6    5    1    1   27    3    0       984   12   -4  -13    1  -17    3    7  -15   -3   -2    9    9  -15   -2   12    2  -13   -6
    1    6    6    1    1   26    2    0      1341   10   -6  -15   -5   -9   -3   10  -13  -18    5    8   11  -21    2   12    2  -13  -11
    1    6    7    1    2   26    3    0         0    5   -5    3  -11   -3   -6  -13  -11    3    5   10   -9  -14   -6   -8   -7    4   -2
    1    6    8    1    3   26    3    1         0   15   13   11   -9    9   14   -8    5    4   15    1  -15   -9   10    0    3   -6    6
    1    6    9    1    3   27    3    1      2038   16   14   10   -8    8   13   -5    3    6   12    5   -8   -7    9    3    2   -7    0
    1    6   10    1    3   30    3    1       800   17   12   12   -7   10   16   -5    3    6   14    9   -3   -9   11    1    3   -7    1
    1    6   11    1    2   29    2    1      2011    8   -4   -2   -3   -5   -3   -3  -12    2    7    1  -12  -12   -6   -5   -7    1    0
    1    6   12    1    1   30    1    1      1175    8   -8  -15    0   -7   -4    8  -17  -16  -13    4   16  -15   -5   12    2  -13   -8
    1    6   13    1    1   28    1    1      2610   12   -8   -9    5  -10    1   10  -15  -11   -4   12    5  -14   -2    7    7   -3  -15
    1    6   14    1    2   27    2    1      2677   11   -7   -4   -2   -2   -6   -3  -22    0    7   -4  -12  -20  -13    3    1   -1    4
    1    6   15    1    3   28    3    1       660   13   13   14  -12    8   16   -7    6    6   12    0  -12   -5   11    1    2   -7    0
    1    7    1    1    1   33    1    1      1910   11   -4  -13   -2  -10   -2   10  -14  -14    5    2   -1  -23  -11   10    1   -2  -16
    1    7    2    1    3   35    3    1       789   17   14   11  -14   10   14   -8    6    7   15   -1  -10   -9    9    3    1   -7    0
    1    7    3    1    1   35    2    0      3106   13   -6  -15    1   -9   -1   19  -24  -13   -2    8    7  -14   -5   11    7   -7  -10
    1    7    4    1    1   34    1    1       546   12   -4  -21    5   -8   -4   10  -14  -13   -7    6    5  -23   -8   11    1  -11   -6
    1    7    5    1    3   33    3    1      1032   16   17   11   -9   18   19   -7    6    4   19    3  -10   -9   11    3    0   -9   -1
    1    7    6    1    1   32    1    1       571   10  -10  -13   -1  -11   -2   10  -16   -9   -4    9    6  -14   -4   12    3  -11   -6
    1    7    7    1    2   34    1    0      4383    8   -5   -3   -3   -2   -6  -12  -12    2    9    4  -10  -16  -10   -8   -7   -1   -4
    1    7    8    1    3   32    3    1       620   17   13   12   -9    8   14   -2   10   10   12    2  -11  -10    9    7    0   -9    2
    1    7    9    1    2   35    2    1      2130    6   -7    2   -1   -5   -4   -7   -9   -2    9    1  -13  -15   -7   -8   -7    0   -3
    1    7   10    1    2   31    3    0      1465   17   -8    0   -4   -6   -4   -9  -15    5   -2   -1  -14  -13   -8   -7   -8   -4   -2
    1    7   11    1    2   32    2    1      1451    6   -3   -2   -4  -11   -8   -9  -12    2    8    4   -9  -15   -8   -6   -8    1   -1
    1    7   12    1    3   34    3    1       749   19   11   10  -10    7   16   -6    5    7   13    0  -13  -14   16    2    2   -9    0
    1    7   13    1    3   31    3    1       829   15   12   18   -7    3   17   -7    4    8   23    1  -13  -11   14    2   -1   -7    1
    1    7   14    1    2   33    1    0      1624    6   -3    0   -9   -5   -5  -10  -11   -1    9    9  -21  -14   -7   -8   -6   -4    0
    1    7   15    1    1   31    1    1      5282   10   -8  -15    1   -8   -1   10  -13  -10   -4    2   11   -8  -14    7    2   -4  -12
    1    8    1    1    2   36    2    1      2652    8   -6   -3   -1  -11    0  -14  -18    0    6    0  -11  -13   -6   -6   -6    1    1
    1    8    2    1    2   39    2    1      5917    7   -4   -3   -3  -12   -3  -11  -11    2    2    2  -13  -15  -10   -8   -9   -1   -4
    1    8    3    1    3   38    3    1       765   15   13   15   -9    7   17   -3    9   -4    5    2  -11   -7    9    2    0   -6    1
    1    8    4    1    2   40    2    1      1019    5   -4   -3    0   -3   -5  -13  -12    0    6   -1  -11  -13   -7   -5   -9   -1    1
    1    8    5    1    1   36    1    1      1295   11   -4  -13    0   -9   -1    7  -13  -14   -8    8    8  -23   -1    4   -7  -21   -6
    1    8    6    1    1   40    1    1       552   12   -7  -15    1  -11   -1    9  -14  -12   -3    9    8  -19   -2   12    2  -21   -8
    1    8    7    1    3   39    3    1       989   13   16    1   -9    6   14   -5    4   12   18    1  -13   -7   10    3    1  -13   -3
    1    8    8    1    1   37    1    1      1332   13   -5  -15    2  -11    0    7  -13  -10   -4   10    5  -14   -3   13    4  -12   -2
    1    8    9    1    3   37    3    1       761   14   15    6   -6    9   17  -11    7   -2    3    1  -14    0   17    1    5   -8    0
    1    8   10    1    1   39    1    1       999    2   -5  -13   -1   -7   -3    9  -14  -13   -4   10   10  -11   -6   11    0   -4    0
    1    8   11    1    2   38    2    1       716    7   -4   -4   -3   -5   -7  -13  -13    5    9    1  -12  -13   -7   -2   -8    3    3
    1    8   12    1    2   37    2    1      1163    8   -4   -4    0   -5   -5   -9  -12    1    5    0  -11  -16  -10   -6   -8    0    0
    1    8   13    1    3   36    3    1       681   13   13   11   -9    8   16   -7    4   11   12    3  -14  -10   10    2    0   -9   -1
    1    8   14    1    1   38    1    1       874   12   -3  -15    1  -10    0    7  -13  -11   -4   10   -1  -13   -5   16   -1  -11   -7
    1    8   15    1    3   40    3    1       708   19   16   12   -8    7   14  -11    1    6    8   -2   -8   -7   10    4    1   -8    3
    1    9    1    1    1   41    1    1      1300    4  -15  -14   -1   -8   -3   10  -17  -13   -4    9    8  -11   -3    6    2  -10   -8
    1    9    2    1    2   44    2    1       555    6   -5   -2   -3  -13   -7  -12   -4    1    9   -1  -11  -14  -10   -5   -6    1   -2
    1    9    3    1    3   42    3    1       545   18   10   10   -6    8   16   -8    4    4   14    0  -12   -7   10    2    2  -14    3
    1    9    4    1    2   43    2    1      2791    9   -6    0   -1   -4   -6  -10  -12    0    6    1  -11  -14    1   -7   -9   -9    1
    1    9    5    1    3   45    3    1       613   13   14   12   -8    8   16   -6    5    2   15    2  -12  -16    4   10   11   -7   -3
    1    9    6    1    1   44    1    1       843   17   -1  -13   -1   -8   -2    8  -15  -20   -9   15    6  -11   -9   15   10  -14   -4
    1    9    7    1    3   43    3    1       659   17   13   12   -8    4   21   -3    8    6   12    2  -14   -7   11    7    4   -5    3
    1    9    8    1    2   42    2    1      2999    6   -3   -3   -3   -6   -9  -18   -5    3    7    5  -20   -6    2   -9   -5    1    0
    1    9    9    1    3   41    3    1       554   17   15   11   -9   14   14   -8    6    6   14    0  -14   -7   10    4    2  -10   -5
    1    9   10    1    2   45    2    1      5105    8   -5    1   -7   -4   -4  -14   -9   -3   16    1  -11  -14  -12   -6   -9    1   -1
    1    9   11    1    1   43    1    1       625   13   -4  -14    1   -4   -3   10  -15   -7  -11   11    8   -3    2   10    4  -13   -5
    1    9   12    1    2   41    2    1       947   10   -1    0   -6   -1  -12  -11  -16    5   11    0  -10  -13   -7   -3   -8    0    0
    1    9   13    1    1   42    1    1      1195   12   -3  -15    0   -9   -1    8  -15  -12   -3   10    6  -13   -6   10    2   -9  -11
    1    9   14    1    1   45    1    1       678   12   -6  -16    0   -8    0    7  -13  -12   -1   10    8  -14   -4   10    1  -16   -3
    1    9   15    1    3   44    3    1       598   10   19   10  -15   10   13   -6    6    8   11    0  -11  -10    6    1    2   -3    7
    1   10    1    1    1   49    1    1      4268   10   -3  -21    8   -7   -2    8  -16   -2    1    9    8  -12   -6    6    7  -12   -3
    1   10    2    1    2   49    2    1      3018   13   -2   -1   -1   -4   -6  -12  -12   -1    7   -5   -9  -13   -8   -9   -6   -1  -10
    1   10    3    1    1   47    1    1       653   12   -3  -15    0   -9   -3   10  -17  -11   -2    8    7  -14   -8   10    3  -11   -6
    1   10    4    1    1   50    1    1      2783   11   -5  -14    1  -15    5   11  -15   -9   -5    8    8  -15   -3    9    5   -7  -14
    1   10    5    1    3   47    3    1       555   22   21   14   -2    8   16   -6    6    7   18    1  -17   -9   10    7   11   -9   -6
    1   10    6    1    3   46    3    1      2178   17   15   13  -13   10   14   -8   -4    7   12   -1  -13   -8    9    1   -1  -16   -9
    1   10    7    1    3   49    3    1       919    5   20   10   -7   12   11   -8    5   10    4    2  -14  -10    9    1    2   -8    0
    1   10    8    1    3   48    3    1       607   13   15   11   -7    7   15   -2    8    6   12    2  -13   -7   12    0    2   -8    2
    1   10    9    1    2   50    2    1      2563    6   -5    8    5   -2   -7  -12  -14   -1    9    2  -11  -23  -18   -5   -5   -1   -3
    1   10   10    1    2   47    2    1       744    5   -5   -3   -1   -4   -4  -12  -11   -4   13    2   -8  -13   -7   -5   -6    0   -3
    1   10   11    1    1   48    1    1       599   13   -3  -15   -4   -8   -3    8  -15   -1    3    7   10  -13   -5   13    3  -15  -11
    1   10   12    1    1   46    1    1       554   13   -6  -13    0   -8   -3    7  -16  -11   -2    8    6  -12   -5    9    4  -14   -6
    1   10   13    1    2   46    2    1      1343   10  -11   -2    0    4   -1  -11  -12    1    8    0  -11  -15   -8   -5   -7   -1   -2
    1   10   14    1    2   48    2    1       661    9   -6   -3   -1   -5   -7  -11  -12    2    7    0  -11  -13   -8   -9   -9    0   -2
    1   10   15    1    3   50    3    1       647   13   15   12   -7    6   17   -6    4    6   12    8  -16  -12    5    7    4   -4    5
    1   11    1    1    3   54    3    1       617   14   12   11  -10   18   18   -6    5    5   13    0  -11   -4    8   -4   11  -13   -3
    1   11    2    1    3   51    3    1       509   17   16   10   -8    9   15   -5    3    6   11   -1  -14  -12    9    2   -1  -12   -1
    1   11    3    1    3   55    3    1       340    6   24   12   -7    9   16  -15    9    4   13    1  -11   -7   12    1    1   -9   -1
    1   11    4    1    2   54    2    1      1714   12  -14   -3   -2   -4   -7  -12  -15    0    5    1  -12  -23   -2   -8   -9    2   -2
    1   11    5    1    3   52    3    1       681   16   14   13   -7    3   17   -1    6    5   13    7  -21  -10   11    1    0  -13   -5
    1   11    6    1    1   54    1    1       650   11   -3  -15   -3  -11   -6    9  -13   -5  -11    1    5  -14   -6   11    2  -13   -4
    1   11    7    1    3   53    3    1       491   16   17   12   -9    6   14   -6    5    9    7    0  -14   -3   15    0    3   -7    0
    1   11    8    1    2   53    2    1       595   10  -11   -1    0   -3   -5  -10  -14    2    6    1  -14  -13   -9  -12  -12    1   -1
    1   11    9    1    2   51    2    1       758    7   -6   -1   -2   -4   -4   -9  -13    3    8    2  -13  -16   -9   -9   -7    2   -3
    1   11   10    1    1   55    1    1       485   14   -4  -12   -1   -7    1    9  -16   -9   -2    9    8  -10  -12    9    3  -13   -7
    1   11   11    1    1   51    1    1       619   12   -4  -16    1  -11   -1    6   -8  -12   -3    8    9  -14   -6   10    2  -11   -7
    1   11   12    1    1   52    1    1       638   12   -4  -15    1   -8   -1    7  -11  -12   -7    9    6  -22   -3   12    3  -14   -5
    1   11   13    1    1   53    1    1       752   12   -6  -14    1   -7    0   11  -17  -13   -3    8    5   -9   -5   10    3  -20   -7
    1   11   14    1    2   52    2    1       590    8   -7   -3   -1   -7   -8  -10  -13    0    8    0  -11   -8  -11   -5   -5    2   -3
    1   11   15    1    2   55    2    1      1138    7   -4   -3   -1   -3   -6   -9  -14    3    7   -1  -11  -16   -7   -6   -9    1   -2
    1   12    1    1    3   58    3    1       514   19   11   13   -9   10   14   -4    3    5   14    3  -11   -9    9    4    2   -3    6
    1   12    2    1    1   58    1    1       714   12   -6  -12    1  -15   -9    4  -20  -12   -5    3    4  -14   -2   11    2   -8   -3
    1   12    3    1    2   57    2    1       553    5   -6   -1    3   -4   -4   -9  -15    0    6  -10   -6  -14   -9   -8   -7    2    0
    1   12    4    1    3   59    3    1       559   13   13    8   -7    8   14  -15   13    4   13    3  -20  -10   10    0    5   -5    6
    1   12    5    1    2   56    2    1       693    6   -5    2   -1    6  -15  -11  -14    0    6   -6   -4  -15   -9   -8   -6   -1    0
    1   12    6    1    1   59    1    1       598    5   -4  -16   -2   -9   -3    1  -18  -10   -5    6    5  -14   -3   10    3  -11   -7
    1   12    7    1    2   60    2    1      2011   10  -14   -3   -2   -4   -6   -7  -22    3    7    2  -13  -12   -1   -8   -7    1    1
    1   12    8    1    1   56    1    1       696   11   -3  -15    5  -14   -6   13  -20  -10    0    8    9  -12   -3    9    4  -12   -7
    1   12    9    1    3   56    3    1       568   14   12   10  -10   10   16   -6    4    6   12   -1  -10   -9   10    2   -3  -17    3
    1   12   10    1    1   60    1    1      3213   10   -4  -13   -1  -10   -3    8  -15  -12   -5    7    5  -14   -3   17   12  -13   -8
    1   12   11    1    1   57    1    1       824   13   -5  -22    5  -10   -1   18  -15   -9   -4    7    5  -15   -2   13    1  -13   -5
    1   12   12    1    2   58    2    1       546    7   -6   -3   -2   -3   -5  -10  -12   -1    7    1  -11  -16   -7   -9   -7    0    0
    1   12   13    1    3   57    3    1       488   14   15   16   -8    6   17   -6    3   -3    4    0  -12   -3    7    2    2  -14   -9
    1   12   14    1    3   60    3    1       721    9   23   13   -8    8   16   -5    7    5   13    1  -14   -6   11    0    2   -9    0
    1   12   15    1    2   59    2    1      2384    8   -6   -3   -1   -6   -3  -10  -12    0    7    8  -14  -16   -7   -9   -7    1   -3
    1   13    1    1    1   63    1    1       459    6  -13  -24    4  -17   -9   10  -14   -4   -8    8    7  -12   -4   11    4   -7  -15
    1   13    2    1    2   64    2    1      1013    8   -6   -4   -1   -3   -5  -13  -11   -2   11    1  -10  -22  -14  -11   -3   -1    0
    1   13    3    1    3   62    3    1       746   13   15   11   -9    9   15  -11    8    7    5    2  -12   -9   10    1    1   -6    2
    1   13    4    1    2   61    2    1      1080    9   -4   -2   -3   -4   -6   -6  -19    2    6    1  -13  -15   -8   -8   -7   -1    1
    1   13    5    1    1   64    3    0       426    6   -9  -16    0   -8   -1   10  -14  -19    2    8    7  -12   -2   10    4  -13   -6
    1   13    6    1    2   63    2    1      1750   13   -1   -1   -4   -5   -5   -8  -18    3    5   -1  -13  -15   -6   -4   -2    1   -2
    1   13    7    1    3   63    3    1       588   17   19   12   -9   12   12   -8    6   10   23    3  -12   -7   10    1    0   -7   -7
    1   13    8    1    2   65    2    1      1681    6   -4   -5   -7   -5   -4  -18  -17    4   10    0   -9  -13   -9   -3  -11    5   -1
    1   13    9    1    3   64    3    1       635   14   15    7   -1    9   16  -12    4   -3   22    1  -14  -10   11    1    0   -8    3
    1   13   10    1    3   65    3    1       878   15   15   11   -9    2    9   -7    7    6   14   -6   -3   -6   11    1    1   -3   -7
    1   13   11    1    1   61    1    1       630   11   -6  -15    1   -9   -3   14  -12   -1    0    7    5  -11   -4   16    7  -13   -6
    1   13   12    1    1   65    1    1       457   13   -4   -5    7  -10   -2   10  -15   -9   -4   18   11  -14   -6    9    3  -12   -5
    1   13   13    1    2   62    2    1       626    8   -7   -1    1   -6   -3  -10  -11   -1    5   -2  -13  -12   -9   -7   -8    2   -3
    1   13   14    1    1   62    1    1       838   12   -3  -18    7  -10    1   10  -15  -11   -4    9    6  -14   -4   12    3  -12  -10
    1   13   15    1    3   61    3    1       593   24   17   10   -8    8   13   -8    6    6   12    2  -14   -7   10    1    2   -6    3
    1   14    1    1    2   67    2    1       502    9   -3   -5    1  -10   -4  -11  -14    2    7    4  -13  -12   -7   -7   -8    1    1
    1   14    2    1    2   66    2    1      1022   12   -5   -1    3   -5    2  -15   -5   -4    9    0  -10  -21    2   -3  -11    2    0
    1   14    3    1    1   69    1    1       580   11   -6  -17    3   -9   -3    9  -13  -13   -1   10    8  -13   -8   10    2  -13   -5
    1   14    4    1    2   70    2    1      1160    5   -3   -3  -11   -2   -7  -11  -12   -5   16    0  -11  -14   -9   -6   -8    0   -3
    1   14    5    1    2   69    2    1       868    9   -4   -1   -3   -3   -6  -11  -12    0    8    1  -12   -5  -12   -7   -6    3    4
    1   14    6    1    1   70    1    1       542   13   -5  -14    1  -12   -9   19  -24  -10   -2   11    2  -18  -10   20   -6  -13   -6
    1   14    7    1    1   66    1    1       979   14   -4  -15   -2   -8   -1   10  -14   -6   -5   10    9   -9  -11   10    1  -11   -7
    1   14    8    1    1   68    1    1      1846    6    1  -17    3  -12   -4    7  -16   -4   -9    8    8   -7   -6   10    1  -11   -7
    1   14    9    1    1   67    1    1       728   14   -7   -9    0  -10   -3    9  -14   -9   -5    9    8  -12    0   12    5  -10   -8
    1   14   10    1    3   67    3    1       870   13   15   19   -9    8   17   -6    7    7    9   -1  -11   -9   11    1    1   -7    1
    1   14   11    1    3   68    3    1       623   18   20   13   -8    7   16   -6    6    5   13    2  -12  -13    0    0    3   -9    2
    1   14   12    1    3   66    3    1       547   17   12   10   -8    6   14   -6    6    1   11    2   -8   -8    8    0    0   -9    0
    1   14   13    1    3   69    3    1       793   17   12   11   -7    6   15   -6    5    6   11    3  -14  -10   20    3    0   -8    2
    1   14   14    1    3   70    3    1       727   13   13   12   -7   10   14   -2    1   -4   13   10  -17   -9   11    0    2   -7    3
    1   14   15    1    2   68    2    1      2150    1    1   -3   -3   -5   -5  -10  -14    3    8    2  -11  -14   -9   -8   -6    0   -3
    1   15    1    1    3   75    3    1       653   14   14   15   -5    9   15   -6    4    5   14    2  -13    2   13    3    1  -10    2
    1   15    2    1    1   74    1    1       462   12   -6  -15    0   -7   -1    6  -11  -11   -2    4   10  -13   -5   11    1  -11   -6
    1   15    3    1    2   72    2    1      2312    7   -4   -3   -1   -1   -5  -12  -22    1    6   -1  -12  -12   -8   -8   -6   -4    7
    1   15    4    1    2   71    2    1       791    5   -3    7    4   -4   -6  -10  -13   -3   11    4   -8  -14  -10   -9   -6   -1   -1
    1   15    5    1    1   73    1    1       564   17   -1  -13    1   -8   -1    8  -15  -11   -4    9    8  -13   -6   10    1   -4   -6
    1   15    6    1    1   71    1    1       632   11   -4  -19    0    0   -5    9  -14  -14   -8   19   -2  -15   -6   10    3  -11   -5
    1   15    7    1    3   74    3    1       650   15   13   10   -8    8   16   -9    6    5   15    2  -12   -6   10    3    0  -10    2
    1   15    8    1    2   74    2    1      1099    7   -7   -2   -1   -3  -10  -12  -13    9    3    1  -11  -13   -8    0   -9   -3    1
    1   15    9    1    1   75    1    1      1226   15  -14  -15   -1  -10    0   10  -15   -5    4    6    2  -14   -5   10    4  -10   -6
    1   15   10    1    2   73    2    1       838    8   -6   -2    0    5    0   -9  -14    2    6    0  -11  -12  -11   -6   -8    1   -1
    1   15   11    1    3   72    3    1       562   12   13   12   -7    6   16   -7    4    4   15    2  -15   -8    9    4    1   -7    1
    1   15   12    1    3   71    3    1       664   13   13   10   -8    9   21   -6    6    5   19    0  -11  -11    8    1    2   -9    1
    1   15   13    1    2   75    2    1      2120    6  -14   -3   -2   -2   -4   -9  -16    1    9    1  -13  -16   -9   -8   -6    1   -1
    1   15   14    1    3   73    3    1       864   17   15    9  -10    7   16   -6    3    8   14    3  -12   -7   10   -1   -4   -9    2
    1   15   15    1    1   72    1    1       729   13   -7   -8   -4   -2    8   10  -16  -10    2   11    7   -9   -2   15    4  -10  -13
    2    1    1    1    2   12    2    1      1254    6   -5    0    8   -3   -4  -10  -13    1    5   -1  -12  -17   -2   -3  -10    0   -2
    2    1    2    4    2    4    2    1       976    7   -6   -3   -8   -4   -6  -12  -15    0    8    1  -13  -21  -10   -8   -6    2    0
    2    1    3    1    1   73    1    1       838   17   -1  -13    1   -8   -1    8  -15  -11   -4    9    8  -13   -6   10    1   -4   -6
    2    1    4    5    1    4    1    1      1247   13   -6  -12    1  -10   -7   14  -22  -14   -6    4    6  -18   -8    2    1   -2   -8
    2    1    5    4    2    2    2    1      1849    5   -3   -3   -2   -1    0  -10  -15    0    7   -1  -12   -4    2   -6   -7    2   -1
    2    1    6    4    2    3    2    1       779    5   -3   -4   -5   -6   -4  -10  -14    3    6   -2  -12  -12  -11   -7   -8    5    0
    2    1    7    4    3    4    3    1       825   14   15   10   -7    8   17   -6    5    4   12    2  -12  -10   19    2    2   -8    0
    2    1    8    4    2    1    2    1      1701   10  -12   -1    0   -6   -5  -13  -13    0    7    7  -22  -12  -10    3   -2   -2    2
    2    1    9    4    2    5    2    1      1982    6   -4    0   -8   -3   -3  -11  -14    8   16    2  -11  -14   -9   -6   -8   -2    0
    2    1   10    5    1    1    1    1       523   13   -5  -13    0    1    6    9  -14  -19   -6   10    6  -14   -3   20    5  -14   -9
    2    1   11    1    3   48    3    1       675   13   15   11   -7    7   15   -2    8    6   12    2  -13   -7   12    0    2   -8    2
    2    1   12    3    2    2    2    1       613    7   -4   -3   -1  -10  -10  -11  -13    0    6    0  -12  -14   -8   -7   -7    0   -1
    2    1   13    5    1    5    1    1       633   10   -3  -16    3  -12    2   14  -19  -10   -3   10    7  -12   -5   10   13  -17  -12
    2    1   14    1    2   64    2    1      3309    8   -6   -4   -1   -3   -5  -13  -11   -2   11    1  -10  -22  -14  -11   -3   -1    0
    2    1   15    4    1    4    1    1       646   13   -5  -15   -2   -7   -2    9  -16  -11   -2   12   12  -11   -6   12    3  -13   -5
    2    1   16    1    1   69    1    1       614   11   -6  -17    3   -9   -3    9  -13  -13   -1   10    8  -13   -8   10    2  -13   -5
    2    1   17    2    2    0    2    1       679    7   -5   -2   -2   -4   -5  -11  -13    1    7    0  -12  -14   -8   -7   -7    0   -1
    2    1   18    5    2    2    2    1      5962    8  -14  -10   -6   -4   -4  -11  -14   -2   10   -7  -21   -9  -18   -8   -7    4   -5
    2    1   19    3    3    4    3    1       632   16   14   11   -8    9   14   -7    5    6   13    0  -11   -9   11    1    2   -9    1
    2    1   20    5    3    2    3    1       571   16   23   19    1    3   11    0    2    5   13   -2   -8  -14   17    3   -9  -10   -2
    2    1   21    4    1    5    1    1       451    9   -1  -14    1  -10    0   13  -19  -10   -4    7    6  -11   -2   10    1  -12   -5
    2    1   22    4    3    5    2    0      2637   14   13    1   -1    9   14   -2   12    0    9    5  -10   -8    8    5   -1   -9    4
    2    1   23    4    1    1    1    1       736   12   -4  -13    2   -7   -3    7  -16  -16   -5   19    2  -14   -2   10    1   -5   -4
    2    1   24    3    3    1    3    1       590   16   23   11   -8    9   15   -8    5    7   14    1  -12   -1    5    3    0   -8    2
    2    1   25    5    1    2    1    1       756    8   -1  -15    0   -3  -10   10  -15  -16   -3    6    3   -9  -13   10   -2  -13   -4
    2    1   26    3    1    3    1    1       466   11   -5  -14    0   -5   -1    9  -15  -10   -3    9    6  -13   -4   10    4  -13   -7
    2    1   27    5    3    3    3    1       763   14    4   10   -8   11   18   -1    3    7   13    0   -7    0    1    5   -1   -3    5
    2    1   28    5    1    3    1    1       842   22   -6  -15   -5   -9   -1   10  -16  -17    6    7    8  -14   -2    8    0  -12   -5
    2    1   29    1    3    2    3    1       756   17   12    9  -10    9   14   -6   12    7   15    2  -13  -10    8    3    1   -7    1
    2    1   30    2    1    0    1    1       546   12   -5  -14    0   -9   -2    9  -15  -11   -3    9    7  -13   -4   11    3  -12   -6
    2    1   31    3    2    3    2    1      2024    7   -5   -1   -2    4    5  -11  -14    1    7    0  -12  -15   -7   -7   -6   -1    1
    2    1   32    3    2    1    2    1      1139    7   -5   -3   -1   -4   -5  -12  -12    1    7    0  -11  -13   -7   -7   -7    0   -1
    2    1   33    1    2    6    2    1       883    6   -4   -2   -3    3   -8  -14  -16    3    7    1  -12  -14   -7   -5   -9   -1   -1
    2    1   34    5    3    5    3    1       684   19   14   10   -8    9   17   -2    3   -3   13    4  -16   -7    7    8   -9   -2   -3
    2    1   35    2    3    0    3    1       572   15   14   11   -8    8   15   -7    5    6   13    1  -12   -8   10    2    1   -8    1
    2    1   36    1    2   20    2    1      1810   14   -8    6   -5   -5   -5  -13  -13    0   11    0  -13  -15   -9   -8   -5    5   -9
    2    1   37    3    3    3    3    1       662   15   14   11   -8   10    5  -11    3    5   14    1  -12   -7   10    2    1   -7    1
    2    1   38    3    2    4    2    1      1096   10  -14   -3   -3   -4   -5  -12  -14    1    7    0  -13  -14   -8   -7   -7    2    1
    2    1   39    4    1    3    1    1       617   11   -5  -15    2  -11   -1   10  -15  -13    1    8    7  -15   -7   18   -4  -13   -6
    2    1   40    1    3   45    3    1       605   13   14   12   -8    8   16   -6    5    2   15    2  -12  -16    4   10   11   -7   -3
    2    1   41    5    2    1    2    1       882    7   -2   -1   -2   -3   -5  -12  -12    2    6    0  -10  -16   -6   -5   -3    3   -8
    2    1   42    4    3    3    3    1       589   15   15   12   -9    9   14   -8    6    3   14    2  -10    0   12   -3    1   -9    1
    2    1   43    3    1    1    1    1       579   13   -4  -14    0   -9   -2    9  -15  -11   -3    9    7  -13   -4    7    8  -12   -6
    2    1   44    5    3    1    3    1       697   15   18   11   -4    4   18  -11   10   10   17    6  -17   -7    9    1    2   -8    0
    2    1   45    5    2    3    2    1       714    8   -4    3    0   -9    0   -7  -16    0    4    1   -7  -11  -13   -3   -2   -4    0
    2    1   46    3    1    2    1    1       700   12   -6  -19    4   -9   -2   11  -14  -11   -3    8    6  -13   -4   11    3  -12   -7
    2    1   47    5    2    4    2    1      1483    6   -8   -3   -2   -1   -5   -7   -3   -6    9   -5  -12  -14   -9   -5   -7   -1    0
    2    1   48    4    3    2    3    1       605   17   13   11  -10    9   13   -8    5    4   13    4   -9  -10   11    4    0   -7    3
    2    1   49    1    1   56    1    1       673   11   -3  -15    5  -14   -6   13  -20  -10    0    8    9  -12   -3    9    4  -12   -7
    2    1   50    5    3    4    2    0      5153    5   13    9   -7    7   15   -2    9    9    9   -5  -14   -4    0    9    4  -14    1
    2    1   51    5    2    5    2    1       943    3   -2   -1    0   -5   -4   -6  -20    2    8    2  -14  -17  -10   -7   -6    1   -1
    2    1   52    4    1    2    1    1       758   11   -7  -14    1   -7   -1    1  -22  -16   -7   10    6  -13   -2   11    4   -6  -10
    2    1   53    1    1   35    1    1       580   13   -6  -15    1   -9   -1   19  -24  -13   -2    8    7  -14   -5   11    7   -7  -10
    2    1   54    4    3    1    3    1       616   15   10   10   -6    8   14   -5    5    3   14    0  -14   -7   11    1    2   -1    8
    2    1   55    3    2    5    2    1       605    6   -6   -2   -2   -4   -5  -11  -13    1    7    1  -12  -14   -8   -7   -7    0   -1
    2    1   56    1    2   28    2    1       595    9   -5    1  -12   -4   -4  -12  -12   -1    6    2   -8   -4  -11   -9   -5   -1   -2
    2    1   57    1    1   22    1    1       600   11   -3  -24    1   -8   -1    9  -14  -11   -2   12    8  -15   -3   10    2  -10   -5
    2    1   58    3    1    5    1    1       475   12   -6  -13   -1  -13    3    9  -15  -21   -6    9    6  -12   -3   11    3  -11   -5
    2    1   59    1    3   54    3    1       852   14   12   11  -10   18   18   -6    5    5   13    0  -11   -4    8   -4   11  -13   -3
    2    1   60    3    3    2    3    1       609   16   13   10   -8   13   20   -6    5    6   13    1  -12   -8   10    4    2   -9    0
    2    1   61    1    3   36    3    1       614   13   13   11   -9    8   16   -7    4   11   12    3  -14  -10   10    2    0   -9   -1
    2    1   62    3    3    5    3    1       554   11   23   11   -8    8   15   -8    5    6   13    1  -11  -10    4    2    1   -8    1
    2    1   63    3    1    4    1    1       561   12   -4  -18    4   -9   -2    9  -16  -11   -3    9    7  -13   -4   11    2  -11   -6
