    1    1    1    1    1    4    1    1      8371    0   19  -10    6  -13    5    0   16  -12   -7    7  -12   -1  -13    2   13   16    3
    1    1    2    1    2    1    2    1      1756   -9    4  -12  -14   -4   -5   13    2    8    1   12   10  -11   11   -7   13    8    6
    1    1    3    1    2    2    3    0      2977   -4    4   -1  -11   -6   -5   16    0   12   -2    9   10   -5    6   -6   13    3    8
    1    1    4    1    1    1    3    0      2713   -3   11   -7    2  -14   11   -1    9    2   -3    7  -14    1   -8    1   18   12   -4
    1    1    5    1    3    1    3    1      1433   11    3  -12   -4  -11    8    9   -7   10   -1    3    8    8  -10   -6  -10   -2   -6
    1    1    6    1    2    3    1    0      1902  -10    4   -4   -8   -6   -7    9   -2    5   -3   19    5   -5    6   -5   12   14    5
    1    1    7    1    3    5    2    0     13854   11    4  -11    2  -10    6   11   -5   10    0    3    4   10   -8   -9   -5   -3    0
    1    1    8    1    1    2    1    1      1027   -3   12   -8    6  -16   14    4   17   -6   -3    8  -14   -2  -19    3   14   11    0
    1    1    9    1    3    4    2    0      3688    5    7  -10   -5   -8    7    4   -9    9    0    0    9    4  -15   -5   -8   -3   -1
    1    1   10    1    3    3    3    1      1346   10    6  -13   -7   -9    7    9   -4    9   -1    0    8   10  -11   -6   -8   -4  -11
    1    1   11    1    2    4    1    0      1818  -12    5   -4  -12   -7   -6   13    3   10    3    3   -1   -5    8  -10    2   13   15
    1    1   12    1    1    5    1    1      1119   -6   13   -7    5  -13   13    2   17   -7   -3    6  -13    1  -12   -3   17   12   -1
    1    1   13    1    3    2    1    0      1073    8    5  -13   -3   -9    7    9   -4    8    2    0   10   11  -10  -11  -10   -5   -6
    1    1   14    1    2    5    1    0      1605   -9    3    0   -9   -5   -2    4    8   13    5   10    7   -4    8  -11   19   22    8
    1    1   15    1    1    3    1    1      3780   -4   12    1    8  -15   13    4   13   -5   -6    7  -13   -1  -13    0   15   13   -1
    1    2    1    1    3    2    2    0      2774    8    5  -13   -3   -9    7    9   -4    8    2    0   10   11  -10  -11  -10   -5   -6
    1    2    2    1    2    5    3    0      3219   -9    3    0   -9   -5   -2    4    8   13    5   10    7   -4    8  -11   19   22    8
    1    2    3    1    2    2    3    0      3918   -4    4   -1  -11   -6   -5   16    0   12   -2    9   10   -5    6   -6   13    3    8
    1    2    4    1    1    2    1    1      1453   -3   12   -8    6  -16   14    4   17   -6   -3    8  -14   -2  -19    3   14   11    0
    1    2    5    1    3    5    2    0      4543   11    4  -11    2  -10    6   11   -5   10    0    3    4   10   -8   -9   -5   -3    0
    1    2    6    1    1    3    1    1       742   -4   12    1    8  -15   13    4   13   -5   -6    7  -13   -1  -13    0   15   13   -1
    1    2    7    1    2    4    2    1      1270  -12    5   -4  -12   -7   -6   13    3   10    3    3   -1   -5    8  -10    2   13   15
    1    2    8    1    2    3    3    0      4527  -10    4   -4   -8   -6   -7    9   -2    5   -3   19    5   -5    6   -5   12   14    5
    1    2    9    1    3    4    3    1      2166    5    7  -10   -5   -8    7    4   -9    9    0    0    9    4  -15   -5   -8   -3   -1
    1    2   10    1    3    1    3    1      2349   11    3  -12   -4  -11    8    9   -7   10   -1    3    8    8  -10   -6  -10   -2   -6
    1    2   11    1    1    1    2    0      2490   -3   11   -7    2  -14   11   -1    9    2   -3    7  -14    1   -8    1   18   12   -4
    1    2   12    1    2    1    2    1      1075   -9    4  -12  -14   -4   -5   13    2    8    1   12   10  -11   11   -7   13    8    6
    1    2   13    1    1    5    1    1       724   -6   13   -7    5  -13   13    2   17   -7   -3    6  -13    1  -12   -3   17   12   -1
    1    2   14    1    3    3    3    1      2277   10    6  -13   -7   -9    7    9   -4    9   -1    0    8   10  -11   -6   -8   -4  -11
    1    2   15    1    1    4    1    1       698    0   19  -10    6  -13    5    0   16  -12   -7    7  -12   -1  -13    2   13   16    3
    1    3    1    1    2    4    2    1       572  -12    5   -4  -12   -7   -6   13    3   10    3    3   -1   -5    8  -10    2   13   15
    1    3    2    1    3    4    3    1      1841    5    7  -10   -5   -8    7    4   -9    9    0    0    9    4  -15   -5   -8   -3   -1
    1    3    3    1    1    2    1    1       661   -3   12   -8    6  -16   14    4   17   -6   -3    8  -14   -2  -19    3   14   11    0
    1    3    4    1    2    3    2    1      1288  -10    4   -4   -8   -6   -7    9   -2    5   -3   19    5   -5    6   -5   12   14    5
    1    3    5    1    3    3    3    1      1234   10    6  -13   -7   -9    7    9   -4    9   -1    0    8   10  -11   -6   -8   -4  -11
    1    3    6    1    1    1    1    1       590   -3   11   -7    2  -14   11   -1    9    2   -3    7  -14    1   -8    1   18   12   -4
    1    3    7    1    3    5    3    1      2884   11    4  -11    2  -10    6   11   -5   10    0    3    4   10   -8   -9   -5   -3    0
    1    3    8    1    1    5    1    1       654   -6   13   -7    5  -13   13    2   17   -7   -3    6  -13    1  -12   -3   17   12   -1
    1    3    9    1    1    4    1    1       513    0   19  -10    6  -13    5    0   16  -12   -7    7  -12   -1  -13    2   13   16    3
    1    3   10    1    2    2    2    1      2232   -4    4   -1  -11   -6   -5   16    0   12   -2    9   10   -5    6   -6   13    3    8
    1    3   11    1    2    5    2    1      1372   -9    3    0   -9   -5   -2    4    8   13    5   10    7   -4    8  -11   19   22    8
    1    3   12    1    3    2    3    1      1586    8    5  -13   -3   -9    7    9   -4    8    2    0   10   11  -10  -11  -10   -5   -6
    1    3   13    1    2    1    2    1      1392   -9    4  -12  -14   -4   -5   13    2    8    1   12   10  -11   11   -7   13    8    6
    1    3   14    1    3    1    3    1      1831   11    3  -12   -4  -11    8    9   -7   10   -1    3    8    8  -10   -6  -10   -2   -6
    1    3   15    1    1    3    1    1       683   -4   12    1    8  -15   13    4   13   -5   -6    7  -13   -1  -13    0   15   13   -1
    1    4    1    1    3    4    3    1      1627    5    7  -10   -5   -8    7    4   -9    9    0    0    9    4  -15   -5   -8   -3   -1
    1    4    2    1    1    2    1    1       742   -3   12   -8    6  -16   14    4   17   -6   -3    8  -14   -2  -19    3   14   11    0
    1    4    3    1    1    5    1    1       517   -6   13   -7    5  -13   13    2   17   -7   -3    6  -13    1  -12   -3   17   12   -1
    1    4    4    1    2    1    2    1      1390   -9    4  -12  -14   -4   -5   13    2    8    1   12   10  -11   11   -7   13    8    6
    1    4    5    1    3    3    3    1      1379   10    6  -13   -7   -9    7    9   -4    9   -1    0    8   10  -11   -6   -8   -4  -11
    1    4    6    1    3    1    2    0      1113   11    3  -12   -4  -11    8    9   -7   10   -1    3    8    8  -10   -6  -10   -2   -6
    1    4    7    1    2    4    2    1       588  -12    5   -4  -12   -7   -6   13    3   10    3    3   -1   -5    8  -10    2   13   15
    1    4    8    1    3    5    3    1      1315   11    4  -11    2  -10    6   11   -5   10    0    3    4   10   -8   -9   -5   -3    0
    1    4    9    1    1    1    1    1      1118   -3   11   -7    2  -14   11   -1    9    2   -3    7  -14    1   -8    1   18   12   -4
    1    4   10    1    2    3    2    1      2303  -10    4   -4   -8   -6   -7    9   -2    5   -3   19    5   -5    6   -5   12   14    5
    1    4   11    1    2    2    2    1      1599   -4    4   -1  -11   -6   -5   16    0   12   -2    9   10   -5    6   -6   13    3    8
    1    4   12    1    1    4    1    1       636    0   19  -10    6  -13    5    0   16  -12   -7    7  -12   -1  -13    2   13   16    3
    1    4   13    1    2    5    3    0      2336   -9    3    0   -9   -5   -2    4    8   13    5   10    7   -4    8  -11   19   22    8
    1    4   14    1    1    3    1    1       896   -4   12    1    8  -15   13    4   13   -5   -6    7  -13   -1  -13    0   15   13   -1
    1    4   15    1    3    2    3    1      1289    8    5  -13   -3   -9    7    9   -4    8    2    0   10   11  -10  -11  -10   -5   -6
    1    5    1    1    3    1    3    1      3124   11    3  -12   -4  -11    8    9   -7   10   -1    3    8    8  -10   -6  -10   -2   -6
    1    5    2    1    3    3    3    1      1493   10    6  -13   -7   -9    7    9   -4    9   -1    0    8   10  -11   -6   -8   -4  -11
    1    5    3    1    1    4    1    1      1225    0   19  -10    6  -13    5    0   16  -12   -7    7  -12   -1  -13    2   13   16    3
    1    5    4    1    1    3    1    1       660   -4   12    1    8  -15   13    4   13   -5   -6    7  -13   -1  -13    0   15   13   -1
    1    5    5    1    1    2    1    1       470   -3   12   -8    6  -16   14    4   17   -6   -3    8  -14   -2  -19    3   14   11    0
    1    5    6    1    3    4    3    1      1649    5    7  -10   -5   -8    7    4   -9    9    0    0    9    4  -15   -5   -8   -3   -1
    1    5    7    1    2    3    2    1      1165  -10    4   -4   -8   -6   -7    9   -2    5   -3   19    5   -5    6   -5   12   14    5
    1    5    8    1    3    5    3    1       926   11    4  -11    2  -10    6   11   -5   10    0    3    4   10   -8   -9   -5   -3    0
    1    5    9    1    2    5    1    0      1509   -9    3    0   -9   -5   -2    4    8   13    5   10    7   -4    8  -11   19   22    8
    1    5   10    1    2    2    2    1       612   -4    4   -1  -11   -6   -5   16    0   12   -2    9   10   -5    6   -6   13    3    8
    1    5   11    1    1    1    1    1       523   -3   11   -7    2  -14   11   -1    9    2   -3    7  -14    1   -8    1   18   12   -4
    1    5   12    1    2    4    2    1       643  -12    5   -4  -12   -7   -6   13    3   10    3    3   -1   -5    8  -10    2   13   15
    1    5   13    1    1    5    1    1      1303   -6   13   -7    5  -13   13    2   17   -7   -3    6  -13    1  -12   -3   17   12   -1
    1    5   14    1    3    2    3    1      1358    8    5  -13   -3   -9    7    9   -4    8    2    0   10   11  -10  -11  -10   -5   -6
    1    5   15    1    2    1    2    1      1111   -9    4  -12  -14   -4   -5   13    2    8    1   12   10  -11   11   -7   13    8    6
    1    6    1    1    3    1    1    0       665   11    3  -12   -4  -11    8    9   -7   10   -1    3    8    8  -10   -6  -10   -2   -6
    1    6    2    1    1    3    1    1       491   -4   12    1    8  -15   13    4   13   -5   -6    7  -13   -1  -13    0   15   13   -1
    1    6    3    1    2    1    2    1       963   -9    4  -12  -14   -4   -5   13    2    8    1   12   10  -11   11   -7   13    8    6
    1    6    4    1    1    1    1    1       603   -3   11   -7    2  -14   11   -1    9    2   -3    7  -14    1   -8    1   18   12   -4
    1    6    5    1    2    5    2    1      2991   -9    3    0   -9   -5   -2    4    8   13    5   10    7   -4    8  -11   19   22    8
    1    6    6    1    3    5    3    1      1477   11    4  -11    2  -10    6   11   -5   10    0    3    4   10   -8   -9   -5   -3    0
    1    6    7    1    1    2    1    1       871   -3   12   -8    6  -16   14    4   17   -6   -3    8  -14   -2  -19    3   14   11    0
    1    6    8    1    3    4    3    1      1166    5    7  -10   -5   -8    7    4   -9    9    0    0    9    4  -15   -5   -8   -3   -1
    1    6    9    1    2    2    2    1       829   -4    4   -1  -11   -6   -5   16    0   12   -2    9   10   -5    6   -6   13    3    8
    1    6   10    1    2    3    2    1      1259  -10    4   -4   -8   -6   -7    9   -2    5   -3   19    5   -5    6   -5   12   14    5
    1    6   11    1    2    4    2    1      1142  -12    5   -4  -12   -7   -6   13    3   10    3    3   -1   -5    8  -10    2   13   15
    1    6   12    1    3    2    3    1       645    8    5  -13   -3   -9    7    9   -4    8    2    0   10   11  -10  -11  -10   -5   -6
    1    6   13    1    1    4    1    1       632    0   19  -10    6  -13    5    0   16  -12   -7    7  -12   -1  -13    2   13   16    3
    1    6   14    1    3    3    3    1       874   10    6  -13   -7   -9    7    9   -4    9   -1    0    8   10  -11   -6   -8   -4  -11
    1    6   15    1    1    5    1    1      2227   -6   13   -7    5  -13   13    2   17   -7   -3    6  -13    1  -12   -3   17   12   -1
    1    7    1    1    1    4    1    1       581    0   19  -10    6  -13    5    0   16  -12   -7    7  -12   -1  -13    2   13   16    3
    1    7    2    1    2    5    2    1       905   -9    3    0   -9   -5   -2    4    8   13    5   10    7   -4    8  -11   19   22    8
    1    7    3    1    1    2    1    1       483   -3   12   -8    6  -16   14    4   17   -6   -3    8  -14   -2  -19    3   14   11    0
    1    7    4    1    1    5    1    1       637   -6   13   -7    5  -13   13    2   17   -7   -3    6  -13    1  -12   -3   17   12   -1
    1    7    5    1    2    1    2    1       976   -9    4  -12  -14   -4   -5   13    2    8    1   12   10  -11   11   -7   13    8    6
    1    7    6    1    1    3    1    1       517   -4   12    1    8  -15   13    4   13   -5   -6    7  -13   -1  -13    0   15   13   -1
    1    7    7    1    3    2    3    1      1003    8    5  -13   -3   -9    7    9   -4    8    2    0   10   11  -10  -11  -10   -5   -6
    1    7    8    1    2    2    2    1       528   -4    4   -1  -11   -6   -5   16    0   12   -2    9   10   -5    6   -6   13    3    8
    1    7    9    1    3    3    3    1       792   10    6  -13   -7   -9    7    9   -4    9   -1    0    8   10  -11   -6   -8   -4  -11
    1    7   10    1    3    1    3    1      1173   11    3  -12   -4  -11    8    9   -7   10   -1    3    8    8  -10   -6  -10   -2   -6
    1    7   11    1    3    5    3    1      1683   11    4  -11    2  -10    6   11   -5   10    0    3    4   10   -8   -9   -5   -3    0
    1    7   12    1    2    4    2    1       638  -12    5   -4  -12   -7   -6   13    3   10    3    3   -1   -5    8  -10    2   13   15
    1    7   13    1    2    3    2    1       753  -10    4   -4   -8   -6   -7    9   -2    5   -3   19    5   -5    6   -5   12   14    5
    1    7   14    1    3    4    3    1       768    5    7  -10   -5   -8    7    4   -9    9    0    0    9    4  -15   -5   -8   -3   -1
    1    7   15    1    1    1    1    1       703   -3   11   -7    2  -14   11   -1    9    2   -3    7  -14    1   -8    1   18   12   -4
    1    8    1    1    3    3    3    1      1133   10    6  -13   -7   -9    7    9   -4    9   -1    0    8   10  -11   -6   -8   -4  -11
    1    8    2    1    1    2    1    1       525   -3   12   -8    6  -16   14    4   17   -6   -3    8  -14   -2  -19    3   14   11    0
    1    8    3    1    3    2    3    1       867    8    5  -13   -3   -9    7    9   -4    8    2    0   10   11  -10  -11  -10   -5   -6
    1    8    4    1    2    4    2    1       478  -12    5   -4  -12   -7   -6   13    3   10    3    3   -1   -5    8  -10    2   13   15
    1    8    5    1    1    3    1    1       534   -4   12    1    8  -15   13    4   13   -5   -6    7  -13   -1  -13    0   15   13   -1
    1    8    6    1    2    3    2    1      1085  -10    4   -4   -8   -6   -7    9   -2    5   -3   19    5   -5    6   -5   12   14    5
    1    8    7    1    3    4    3    1       636    5    7  -10   -5   -8    7    4   -9    9    0    0    9    4  -15   -5   -8   -3   -1
    1    8    8    1    1    5    1    1       544   -6   13   -7    5  -13   13    2   17   -7   -3    6  -13    1  -12   -3   17   12   -1
    1    8    9    1    1    1    1    1       598   -3   11   -7    2  -14   11   -1    9    2   -3    7  -14    1   -8    1   18   12   -4
    1    8   10    1    3    1    3    1      1996   11    3  -12   -4  -11    8    9   -7   10   -1    3    8    8  -10   -6  -10   -2   -6
    1    8   11    1    1    4    1    1       487    0   19  -10    6  -13    5    0   16  -12   -7    7  -12   -1  -13    2   13   16    3
    1    8   12    1    2    2    2    1       732   -4    4   -1  -11   -6   -5   16    0   12   -2    9   10   -5    6   -6   13    3    8
    1    8   13    1    3    5    3    1      1451   11    4  -11    2  -10    6   11   -5   10    0    3    4   10   -8   -9   -5   -3    0
    1    8   14    1    2    5    2    1      1213   -9    3    0   -9   -5   -2    4    8   13    5   10    7   -4    8  -11   19   22    8
    1    8   15    1    2    1    2    1       907   -9    4  -12  -14   -4   -5   13    2    8    1   12   10  -11   11   -7   13    8    6
    1    9    1    1    2    5    2    1      1156   -9    3    0   -9   -5   -2    4    8   13    5   10    7   -4    8  -11   19   22    8
    1    9    2    1    1    1    1    1       562   -3   11   -7    2  -14   11   -1    9    2   -3    7  -14    1   -8    1   18   12   -4
    1    9    3    1    3    3    3    1       871   10    6  -13   -7   -9    7    9   -4    9   -1    0    8   10  -11   -6   -8   -4  -11
    1    9    4    1    2    2    2    1       626   -4    4   -1  -11   -6   -5   16    0   12   -2    9   10   -5    6   -6   13    3    8
    1    9    5    1    3    2    3    1      1605    8    5  -13   -3   -9    7    9   -4    8    2    0   10   11  -10  -11  -10   -5   -6
    1    9    6    1    2    4    2    1       561  -12    5   -4  -12   -7   -6   13    3   10    3    3   -1   -5    8  -10    2   13   15
    1    9    7    1    2    3    2    1       710  -10    4   -4   -8   -6   -7    9   -2    5   -3   19    5   -5    6   -5   12   14    5
    1    9    8    1    1    5    1    1       725   -6   13   -7    5  -13   13    2   17   -7   -3    6  -13    1  -12   -3   17   12   -1
    1    9    9    1    3    5    3    1       947   11    4  -11    2  -10    6   11   -5   10    0    3    4   10   -8   -9   -5   -3    0
    1    9   10    1    3    4    3    1      1004    5    7  -10   -5   -8    7    4   -9    9    0    0    9    4  -15   -5   -8   -3   -1
    1    9   11    1    3    1    3    1      1539   11    3  -12   -4  -11    8    9   -7   10   -1    3    8    8  -10   -6  -10   -2   -6
    1    9   12    1    1    3    1    1       497   -4   12    1    8  -15   13    4   13   -5   -6    7  -13   -1  -13    0   15   13   -1
    1    9   13    1    2    1    2    1       490   -9    4  -12  -14   -4   -5   13    2    8    1   12   10  -11   11   -7   13    8    6
    1    9   14    1    1    4    1    1       740    0   19  -10    6  -13    5    0   16  -12   -7    7  -12   -1  -13    2   13   16    3
    1    9   15    1    1    2    1    1       613   -3   12   -8    6  -16   14    4   17   -6   -3    8  -14   -2  -19    3   14   11    0
    1   10    1    1    1    1    1    1      1194   -3   11   -7    2  -14   11   -1    9    2   -3    7  -14    1   -8    1   18   12   -4
    1   10    2    1    3    1    3    1      1160   11    3  -12   -4  -11    8    9   -7   10   -1    3    8    8  -10   -6  -10   -2   -6
    1   10    3    1    2    1    2    1      2627   -9    4  -12  -14   -4   -5   13    2    8    1   12   10  -11   11   -7   13    8    6
    1   10    4    1    2    5    2    1      1574   -9    3    0   -9   -5   -2    4    8   13    5   10    7   -4    8  -11   19   22    8
    1   10    5    1    2    4    2    1       757  -12    5   -4  -12   -7   -6   13    3   10    3    3   -1   -5    8  -10    2   13   15
    1   10    6    1    3    3    3    1      1109   10    6  -13   -7   -9    7    9   -4    9   -1    0    8   10  -11   -6   -8   -4  -11
    1   10    7    1    1    5    1    1      1767   -6   13   -7    5  -13   13    2   17   -7   -3    6  -13    1  -12   -3   17   12   -1
    1   10    8    1    2    2    2    1       684   -4    4   -1  -11   -6   -5   16    0   12   -2    9   10   -5    6   -6   13    3    8
    1   10    9    1    3    4    3    1       717    5    7  -10   -5   -8    7    4   -9    9    0    0    9    4  -15   -5   -8   -3   -1
    1   10   10    1    1    4    1    1       476    0   19  -10    6  -13    5    0   16  -12   -7    7  -12   -1  -13    2   13   16    3
    1   10   11    1    3    2    3    1      1529    8    5  -13   -3   -9    7    9   -4    8    2    0   10   11  -10  -11  -10   -5   -6
    1   10   12    1    2    3    2    1       647  -10    4   -4   -8   -6   -7    9   -2    5   -3   19    5   -5    6   -5   12   14    5
    1   10   13    1    1    2    1    1       570   -3   12   -8    6  -16   14    4   17   -6   -3    8  -14   -2  -19    3   14   11    0
    1   10   14    1    1    3    1    1       578   -4   12    1    8  -15   13    4   13   -5   -6    7  -13   -1  -13    0   15   13   -1
    1   10   15    1    3    5    3    1      1304   11    4  -11    2  -10    6   11   -5   10    0    3    4   10   -8   -9   -5   -3    0
    1   11    1    1    2    1    1    0       478   -9    4  -12  -14   -4   -5   13    2    8    1   12   10  -11   11   -7   13    8    6
    1   11    2    1    1    5    1    1       649   -6   13   -7    5  -13   13    2   17   -7   -3    6  -13    1  -12   -3   17   12   -1
    1   11    3    1    1    1    1    1       684   -3   11   -7    2  -14   11   -1    9    2   -3    7  -14    1   -8    1   18   12   -4
    1   11    4    1    3    1    3    1       766   11    3  -12   -4  -11    8    9   -7   10   -1    3    8    8  -10   -6  -10   -2   -6
    1   11    5    1    1    2    1    1       572   -3   12   -8    6  -16   14    4   17   -6   -3    8  -14   -2  -19    3   14   11    0
    1   11    6    1    3    5    3    1       640   11    4  -11    2  -10    6   11   -5   10    0    3    4   10   -8   -9   -5   -3    0
    1   11    7    1    2    4    2    1       851  -12    5   -4  -12   -7   -6   13    3   10    3    3   -1   -5    8  -10    2   13   15
    1   11    8    1    3    4    3    1      1485    5    7  -10   -5   -8    7    4   -9    9    0    0    9    4  -15   -5   -8   -3   -1
    1   11    9    1    3    3    3    1      1150   10    6  -13   -7   -9    7    9   -4    9   -1    0    8   10  -11   -6   -8   -4  -11
    1   11   10    1    2    5    2    1      1850   -9    3    0   -9   -5   -2    4    8   13    5   10    7   -4    8  -11   19   22    8
    1   11   11    1    2    3    3    0      1325  -10    4   -4   -8   -6   -7    9   -2    5   -3   19    5   -5    6   -5   12   14    5
    1   11   12    1    1    4    1    1       447    0   19  -10    6  -13    5    0   16  -12   -7    7  -12   -1  -13    2   13   16    3
    1   11   13    1    1    3    1    1       668   -4   12    1    8  -15   13    4   13   -5   -6    7  -13   -1  -13    0   15   13   -1
    1   11   14    1    2    2    2    1      1261   -4    4   -1  -11   -6   -5   16    0   12   -2    9   10   -5    6   -6   13    3    8
    1   11   15    1    3    2    3    1      1926    8    5  -13   -3   -9    7    9   -4    8    2    0   10   11  -10  -11  -10   -5   -6
    1   12    1    1    2    2    2    1      1443   -4    4   -1  -11   -6   -5   16    0   12   -2    9   10   -5    6   -6   13    3    8
    1   12    2    1    3    3    3    1       582   10    6  -13   -7   -9    7    9   -4    9   -1    0    8   10  -11   -6   -8   -4  -11
    1   12    3    1    1    5    1    1       554   -6   13   -7    5  -13   13    2   17   -7   -3    6  -13    1  -12   -3   17   12   -1
    1   12    4    1    1    4    1    1       498    0   19  -10    6  -13    5    0   16  -12   -7    7  -12   -1  -13    2   13   16    3
    1   12    5    1    2    5    2    1       556   -9    3    0   -9   -5   -2    4    8   13    5   10    7   -4    8  -11   19   22    8
    1   12    6    1    3    1    3    1      2131   11    3  -12   -4  -11    8    9   -7   10   -1    3    8    8  -10   -6  -10   -2   -6
    1   12    7    1    1    1    1    1       650   -3   11   -7    2  -14   11   -1    9    2   -3    7  -14    1   -8    1   18   12   -4
    1   12    8    1    1    2    1    1       700   -3   12   -8    6  -16   14    4   17   -6   -3    8  -14   -2  -19    3   14   11    0
    1   12    9    1    2    4    2    1       862  -12    5   -4  -12   -7   -6   13    3   10    3    3   -1   -5    8  -10    2   13   15
    1   12   10    1    2    3    2    1       856  -10    4   -4   -8   -6   -7    9   -2    5   -3   19    5   -5    6   -5   12   14    5
    1   12   11    1    3    4    3    1       740    5    7  -10   -5   -8    7    4   -9    9    0    0    9    4  -15   -5   -8   -3   -1
    1   12   12    1    2    1    2    1       819   -9    4  -12  -14   -4   -5   13    2    8    1   12   10  -11   11   -7   13    8    6
    1   12   13    1    3    5    3    1       911   11    4  -11    2  -10    6   11   -5   10    0    3    4   10   -8   -9   -5   -3    0
    1   12   14    1    3    2    3    1      1459    8    5  -13   -3   -9    7    9   -4    8    2    0   10   11  -10  -11  -10   -5   -6
    1   12   15    1    1    3    1    1       627   -4   12    1    8  -15   13    4   13   -5   -6    7  -13   -1  -13    0   15   13   -1
    1   13    1    1    3    3    3    1       871   10    6  -13   -7   -9    7    9   -4    9   -1    0    8   10  -11   -6   -8   -4  -11
    1   13    2    1    2    4    2    1       590  -12    5   -4  -12   -7   -6   13    3   10    3    3   -1   -5    8  -10    2   13   15
    1   13    3    1    1    3    1    1       675   -4   12    1    8  -15   13    4   13   -5   -6    7  -13   -1  -13    0   15   13   -1
    1   13    4    1    3    1    3    1      1780   11    3  -12   -4  -11    8    9   -7   10   -1    3    8    8  -10   -6  -10   -2   -6
    1   13    5    1    3    4    3    1       632    5    7  -10   -5   -8    7    4   -9    9    0    0    9    4  -15   -5   -8   -3   -1
    1   13    6    1    1    2    1    1       921   -3   12   -8    6  -16   14    4   17   -6   -3    8  -14   -2  -19    3   14   11    0
    1   13    7    1    2    5    2    1      2560   -9    3    0   -9   -5   -2    4    8   13    5   10    7   -4    8  -11   19   22    8
    1   13    8    1    1    4    1    1       550    0   19  -10    6  -13    5    0   16  -12   -7    7  -12   -1  -13    2   13   16    3
    1   13    9    1    2    2    2    1       685   -4    4   -1  -11   -6   -5   16    0   12   -2    9   10   -5    6   -6   13    3    8
    1   13   10    1    2    3    2    1       637  -10    4   -4   -8   -6   -7    9   -2    5   -3   19    5   -5    6   -5   12   14    5
    1   13   11    1    1    5    1    1       607   -6   13   -7    5  -13   13    2   17   -7   -3    6  -13    1  -12   -3   17   12   -1
    1   13   12    1    2    1    2    1       593   -9    4  -12  -14   -4   -5   13    2    8    1   12   10  -11   11   -7   13    8    6
    1   13   13    1    3    5    3    1       709   11    4  -11    2  -10    6   11   -5   10    0    3    4   10   -8   -9   -5   -3    0
    1   13   14    1    3    2    3    1       387    8    5  -13   -3   -9    7    9   -4    8    2    0   10   11  -10  -11  -10   -5   -6
    1   13   15    1    1    1    1    1       558   -3   11   -7    2  -14   11   -1    9    2   -3    7  -14    1   -8    1   18   12   -4
    1   14    1    1    1    4    1    1       688    0   19  -10    6  -13    5    0   16  -12   -7    7  -12   -1  -13    2   13   16    3
    1   14    2    1    3    1    3    1       657   11    3  -12   -4  -11    8    9   -7   10   -1    3    8    8  -10   -6  -10   -2   -6
    1   14    3    1    2    5    2    1      1105   -9    3    0   -9   -5   -2    4    8   13    5   10    7   -4    8  -11   19   22    8
    1   14    4    1    2    3    2    1       528  -10    4   -4   -8   -6   -7    9   -2    5   -3   19    5   -5    6   -5   12   14    5
    1   14    5    1    1    3    1    1       614   -4   12    1    8  -15   13    4   13   -5   -6    7  -13   -1  -13    0   15   13   -1
    1   14    6    1    3    4    3    1       586    5    7  -10   -5   -8    7    4   -9    9    0    0    9    4  -15   -5   -8   -3   -1
    1   14    7    1    2    4    2    1       669  -12    5   -4  -12   -7   -6   13    3   10    3    3   -1   -5    8  -10    2   13   15
    1   14    8    1    2    2    2    1       667   -4    4   -1  -11   -6   -5   16    0   12   -2    9   10   -5    6   -6   13    3    8
    1   14    9    1    1    5    1    1       509   -6   13   -7    5  -13   13    2   17   -7   -3    6  -13    1  -12   -3   17   12   -1
    1   14   10    1    1    2    1    1       645   -3   12   -8    6  -16   14    4   17   -6   -3    8  -14   -2  -19    3   14   11    0
    1   14   11    1    2    1    2    1      1063   -9    4  -12  -14   -4   -5   13    2    8    1   12   10  -11   11   -7   13    8    6
    1   14   12    1    1    1    1    1       746   -3   11   -7    2  -14   11   -1    9    2   -3    7  -14    1   -8    1   18   12   -4
    1   14   13    1    3    5    3    1       778   11    4  -11    2  -10    6   11   -5   10    0    3    4   10   -8   -9   -5   -3    0
    1   14   14    1    3    3    1    0       553   10    6  -13   -7   -9    7    9   -4    9   -1    0    8   10  -11   -6   -8   -4  -11
    1   14   15    1    3    2    3    1       337    8    5  -13   -3   -9    7    9   -4    8    2    0   10   11  -10  -11  -10   -5   -6
    1   15    1    1    2    1    1    0       497   -9    4  -12  -14   -4   -5   13    2    8    1   12   10  -11   11   -7   13    8    6
    1   15    2    1    3    5    3    1       619   11    4  -11    2  -10    6   11   -5   10    0    3    4   10   -8   -9   -5   -3    0
    1   15    3    1    1    3    1    1      1327   -4   12    1    8  -15   13    4   13   -5   -6    7  -13   -1  -13    0   15   13   -1
    1   15    4    1    2    3    2    1       936  -10    4   -4   -8   -6   -7    9   -2    5   -3   19    5   -5    6   -5   12   14    5
    1   15    5    1    2    2    2    1      1506   -4    4   -1  -11   -6   -5   16    0   12   -2    9   10   -5    6   -6   13    3    8
    1   15    6    1    2    4    2    1       545  -12    5   -4  -12   -7   -6   13    3   10    3    3   -1   -5    8  -10    2   13   15
    1   15    7    1    1    5    1    1       567   -6   13   -7    5  -13   13    2   17   -7   -3    6  -13    1  -12   -3   17   12   -1
    1   15    8    1    3    4    3    1      1038    5    7  -10   -5   -8    7    4   -9    9    0    0    9    4  -15   -5   -8   -3   -1
    1   15    9    1    1    2    1    1       704   -3   12   -8    6  -16   14    4   17   -6   -3    8  -14   -2  -19    3   14   11    0
    1   15   10    1    3    2    3    1       848    8    5  -13   -3   -9    7    9   -4    8    2    0   10   11  -10  -11  -10   -5   -6
    1   15   11    1    1    4    1    1       665    0   19  -10    6  -13    5    0   16  -12   -7    7  -12   -1  -13    2   13   16    3
    1   15   12    1    1    1    1    1       828   -3   11   -7    2  -14   11   -1    9    2   -3    7  -14    1   -8    1   18   12   -4
    1   15   13    1    3    1    3    1       953   11    3  -12   -4  -11    8    9   -7   10   -1    3    8    8  -10   -6  -10   -2   -6
    1   15   14    1    2    5    2    1      1154   -9    3    0   -9   -5   -2    4    8   13    5   10    7   -4    8  -11   19   22    8
    1   15   15    1    3    3    3    1       672   10    6  -13   -7   -9    7    9   -4    9   -1    0    8   10  -11   -6   -8   -4  -11
    2    1    1    3    2    3    2    1      1155  -10    3   -1  -11   -6   -5   15    1    9    2   12   10   -6    6   -6   11   13    6
    2    1    2    4    3    3    2    0     16434   11    4  -14   -5   -9    6   10   -4   12   -3    3    8   10  -10   -5   -7   -3   -1
    2    1    3    1    1    5    1    1       942   -6   13   -7    5  -13   13    2   17   -7   -3    6  -13    1  -12   -3   17   12   -1
    2    1    4    4    3    2    3    1      1014   12    7  -13   -5  -11    6    8   -6    9   -3    2    8    9  -11   -7   -9   -2    1
    2    1    5    1    3    2    3    1       619    8    5  -13   -3   -9    7    9   -4    8    2    0   10   11  -10  -11  -10   -5   -6
    2    1    6    1    3    3    3    1       432   10    6  -13   -7   -9    7    9   -4    9   -1    0    8   10  -11   -6   -8   -4  -11
    2    1    7    3    3    1    3    1      1147   10    6  -11   -6  -10    7   17    3   10   -2    0    7    9   -8   -7   -8   -2    1
    2    1    8    5    2    3    2    1      1755  -13   -6    1  -11   -8   -6   22   -6    6    3   12   11  -16   11   -5   13   18   10
    2    1    9    1    1    4    1    1       467    0   19  -10    6  -13    5    0   16  -12   -7    7  -12   -1  -13    2   13   16    3
    2    1   10    3    3    4    3    1      1279   10    5  -20    4  -10    7    8   -4    9   -2    1    8   10   -9   -6   -9    7    1
    2    1   11    3    1    4    1    1      1259   -4   14   -8    5  -14   12    3   15  -12   -8    5  -13    0  -13    1   13   13   -2
    2    1   12    1    3    5    3    1       968   11    4  -11    2  -10    6   11   -5   10    0    3    4   10   -8   -9   -5   -3    0
    2    1   13    4    2    5    2    1      3504   -2    4   -2  -11    2   -5    8   -5    8    3    1   17   -8    7   -5   12   15    7
    2    1   14    4    1    1    1    1       610   -5   12   -8    4  -12   12    6   17  -10   -2    7  -14   -1  -18    0   14   10   -2
    2    1   15    3    1    2    1    1      1095   -4   14   -9    6  -14   12    2   15   -7   -4    6  -14    0  -12    0   12   13   -2
    2    1   16    5    3    4    3    1      2328    9    1  -12   -6   -8   10   10   -6   10   -1    5    6   10  -16   -6   -7   -7    6
    2    1   17    2    3    0    3    1       681   10    5  -13   -4  -10    7    9   -5   10   -2    1    8   10   -9   -6   -9   -2   -1
    2    1   18    5    2    4    2    1       653   -8    7   -1   -7   -8   -2   15    4    9    2   10    7   -1    2   -8   12   11   10
    2    1   19    1    2    1    2    1       577   -9    4  -12  -14   -4   -5   13    2    8    1   12   10  -11   11   -7   13    8    6
    2    1   20    1    2    3    2    1       662  -10    4   -4   -8   -6   -7    9   -2    5   -3   19    5   -5    6   -5   12   14    5
    2    1   21    3    3    3    3    1       649   10    4  -12   -4   -8    8   10   -6   10   -2   -1   10   10   -9   -5  -10   -1   -2
    2    1   22    3    1    3    1    1       636   -4   12   -8    5  -14   12    2   15   -7   -3    5  -14    0  -12    1   13   14   -2
    2    1   23    4    2    3    2    1      3199  -10    1   -3  -10   -6   -7   16    1    7    0   14   10   -4    4   -4   12   11    8
    2    1   24    5    1    2    1    1      2172    0   18   -5   10  -14   11    3   16  -15   -6    7  -14  -10  -20    9    7   15   -4
    2    1   25    5    1    4    1    1       690   -5   14   -5   10  -13   15   -1   19  -11   -3   11  -16    2   -9   -4   16   14   -2
    2    1   26    3    3    5    3    1       805   10    5  -13   -4  -10    6    9   -5   10   -1    1    8    9   -8   -7   -8    0   -1
    2    1   27    2    2    0    2    1       787  -10    3   -2  -10   -5   -5   14    2    8    2   11    9   -6    6   -6   12   13    6
    2    1   28    1    1    3    1    1       609   -4   12    1    8  -15   13    4   13   -5   -6    7  -13   -1  -13    0   15   13   -1
    2    1   29    3    3    2    3    1       823    9    4  -14   -7  -10    8    8   -5   10   -2    1    8   10   -9   -7  -10   -2    0
    2    1   30    3    2    4    2    1       691  -10    3   -3   -9   -5   -5   14    2    7    3   11    9   -6    5   -6   12   13    6
    2    1   31    4    2    2    2    1      1383  -11    5    0   -9   -4   -7   15    0   17   -1   12    9  -15    5   -8   11   14    5
    2    1   32    5    3    1    1    0     40413    7    5  -14   -6  -10    6    9   -6   10   -3    0    8    0  -15   -9   -3   -2  -10
    2    1   33    1    3    4    3    1      2715    5    7  -10   -5   -8    7    4   -9    9    0    0    9    4  -15   -5   -8   -3   -1
    2    1   34    5    2    5    1    0      6558   -9    1  -12  -16   -5   -6    9    9    8    4   13    7   -5    0   -7   11    8    7
    2    1   35    5    1    5    2    0      4231   -6   11   -5   -2  -15   14    1   13   -6   -5   10  -11    1  -14    9    7   11    8
    2    1   36    4    3    5    2    0      5661    9    7  -15   -6  -15    9    9    0   11   -2   11    5   20  -15  -11   -6   -1   -2
    2    1   37    1    3    1    3    1       809   11    3  -12   -4  -11    8    9   -7   10   -1    3    8    8  -10   -6  -10   -2   -6
    2    1   38    5    3    2    1    0      2438   16   13  -14   -4   -5    6   10   -5   20  -11   10    2    9  -11    1  -15    3    3
    2    1   39    3    1    1    1    1      1090   -4   13   -8    5  -14   12    2   15   -6   -5    7  -14   -1  -13    1   13   14   -3
    2    1   40    1    2    2    2    1       659   -4    4   -1  -11   -6   -5   16    0   12   -2    9   10   -5    6   -6   13    3    8
    2    1   41    5    2    1    2    1      1894  -14   -2    6  -12   -2   -5   11    2    6    7   19   11  -16   11    0    3   14    5
    2    1   42    4    1    3    1    1       968   -3   13   -8    0  -14   10    1   11  -14  -11    7  -15   -2  -11    0   13   23    3
    2    1   43    3    2    1    2    1       622  -10    4   -2  -10   -6   -4   14    2    9    7   12    9   -7    7   -6   12   13    5
    2    1   44    3    2    5    2    1       562  -10    3   -2  -10   -5   -5   14    3    8    2   12    9   -6    5   -6   12   13    6
    2    1   45    4    3    1    3    1      1064    8    7  -10   -6  -10    5   10   -6    9   -2    2    7    9   -8   -4   -9   -8   -1
    2    1   46    3    1    5    1    1      1241    1    7   -8    4  -15   11    1   15   -7   -4    6  -12    1  -13    2   12   12   -2
    2    1   47    4    1    5    1    1      2211   -3   12   -9    5  -11   16    4   15   -6   -2    7  -13    0  -14    0   14   15   -1
    2    1   48    5    1    1    2    0      2903   -6   12   -8    7   -7    5    5    9   -6   -4    9  -24    0  -15    2   11   23  -10
    2    1   49    2    1    0    1    1       817   -4   13   -8    5  -14   12    2   15   -7   -4    6  -14    0  -13    1   13   13   -2
    2    1   50    1    2    5    2    1       878   -9    3    0   -9   -5   -2    4    8   13    5   10    7   -4    8  -11   19   22    8
    2    1   51    1    2    4    2    1       792  -12    5   -4  -12   -7   -6   13    3   10    3    3   -1   -5    8  -10    2   13   15
    2    1   52    1    1    1    1    1       884   -3   11   -7    2  -14   11   -1    9    2   -3    7  -14    1   -8    1   18   12   -4
    2    1   53    3    2    2    2    1       734  -17   -3   -3  -10   -5   -5   14    2    8    1   11    8   -6    5   -5   11   13    6
    2    1   54    5    1    3    1    1      2046   -3   14   -8    3  -12    5    1   15   -4    0   10  -14   -4   -4    2   12   12   -1
    2    1   55    4    1    4    1    1      4107   -5   15   -8    4  -15   14    1   17   -8   -3    6  -12   10   -4    1   14   13   -3
    2    1   56    5    3    5    1    0      3747    5   13  -14   -3   -7    4    3   -9   10   -3    3    7   11  -10   -5  -10   -2   -2
    2    1   57    1    1    2    1    1       683   -3   12   -8    6  -16   14    4   17   -6   -3    8  -14   -2  -19    3   14   11    0
    2    1   58    4    3    4    3    1      3245   20    1  -14   -5  -10    5   10  -13   11   -1    1    7    8   -9   -4   -7   -4   -2
    2    1   59    4    2    4    2    1      1113   -9    2    8  -11   -4   -3   12    3   10    0    9    7   -8    4   -7   12   14    6
    2    1   60    5    3    3    3    1      4778    6    8  -15   -2  -11    6    3    0    6   -5    8    6   14   -5   -7   -8   -6    1
    2    1   61    4    1    2    1    1       824    5   21   -1   14  -13   11    4   15   -7   -2    1  -16    2  -14   11   10   15    3
    2    1   62    4    2    1    3    0      4644  -10    5   -1  -10   -4   -4   15    2    7    0    7    7   -4    2   -5   11   14    7
    2    1   63    5    2    2    1    0      1222  -15   12   -2   -9   -5  -10   13   -1    9    3   21   18   -4    4  -10   12   17    1
