    1    1    1    1    1    5    1    1      2885    8   -4   12   -6  -11    4   -9   -7    3    3   11  -13    3  -12    3   -5    0    3
    1    1    2    1    1    2    2    0      1253    9   -5   13   -7   -9    3  -16   -4    9    5    9  -11    3   -9   -5   -2   -1    0
    1    1    3    1    3    5    1    0       768   -7  -15    9    0   10   15    1    7    8    9  -15   17    3   15  -14    7   12    5
    1    1    4    1    3    1    2    0      1422   -4  -11    8    0    9   19    0   12   20    4  -15   13    2   14  -14    8   14   -1
    1    1    5    1    2    1    1    0       993    6   15    5    7  -16   -1   10   -9    2  -13   15   11    0    7   -5  -16  -13    9
    1    1    6    1    3    4    1    0       868   -7  -12   11   -3   10   14    0   15   10    9  -14   16   -3    6  -11    5   15    0
    1    1    7    1    1    3    1    1       766   17    0   12   -6  -11    3  -10   -8    3    2   10  -11    4   -8   -3   -3   -2    0
    1    1    8    1    1    1    1    1       654    6   -2   15   -5  -11    4   -9   -6    3    2   11  -10   11    0   -5   -5   -5    0
    1    1    9    1    3    2    3    1       674   -4  -15    8   -1    8   14   -3   12   10    8  -13   15    2   14  -13    6   16   -1
    1    1   10    1    2    5    3    0       724    1   13    6    5  -13   -1   12   -8    7  -14   21    5   -1   11   -6  -16  -10   14
    1    1   11    1    2    4    2    1       677   -1   11    4    6  -11   -1    5  -11    4   -8   13    6    1    5   -6  -14  -10   14
    1    1   12    1    3    3    3    1       744  -10  -15    9    1   10   16   -1   12   10   11  -20    8    4   15  -16    2   13   -1
    1    1   13    1    2    2    2    1       951    5   15    4    6  -12   -4   10   -8   13   -5   14   10    1   10   -4  -12   -8   14
    1    1   14    1    1    4    1    1       495    5   -2   14   -4  -11    2   -8   -6    3    2    6  -12    2   -9   -4   -5   -3   -1
    1    1   15    1    2    3    2    1       857   -1   11    3    6  -19   -4    7   -8    2   -9   18    8    1    5   -7  -13   -8   11
    1    2    1    1    2    8    2    1       516    0   10   11    3  -15   -2    7  -10    4  -10   16    8    5   14   -2  -10   -8   13
    1    2    2    1    3    7    3    1       588    1  -10   14    1    8   17   -3   15   12   -1  -22   22    2   14  -14    7   23    0
    1    2    3    1    3    6    3    1      1570   -7  -13    9    0    9   13    0   12    6    5  -10   16    1   15  -10    6   14    1
    1    2    4    1    3   10    3    1       706  -15   -4    6    9    4    7    0   13   12   10  -17   12    4   17  -10    5   14    0
    1    2    5    1    2   10    2    1       548    2   10    5    4  -19   -7   10   -9   12   -4   15    9    3    3   -7  -15  -11   12
    1    2    6    1    2    6    2    1       956    2   10    6    8  -15   -1    8  -11    2  -12   17   10   -1    5   -6  -15  -11   14
    1    2    7    1    3    9    2    0       773   -3  -10    9    0    7   15    1   10   10    7  -15   14   -1   19  -11    6   14    1
    1    2    8    1    1    6    2    0      1540    9   -3   12   -7  -12    3   -7   -8    3    5   20  -18    4  -10   -6   -2   -3   -1
    1    2    9    1    2    7    3    0       661    2   10   10   10  -15   -1   13  -14   -1  -11   15   10   -3    6    5  -17  -19   19
    1    2   10    1    2    9    2    1       841   -1   11    6    5  -14   -1    8   -9    3  -12   17    9    0    7   -7  -15   -8   12
    1    2   11    1    3    8    2    0       598   -8  -13    9   -3   10   16    0   14   10    8  -22   15    2   15  -21    3   17   -1
    1    2   12    1    1    8    1    1       526    6   -4   12  -11  -11    3   -9   -7    4    1    6  -19    2  -11    5   -9   -2   -1
    1    2   13    1    1   10    2    0      1463    6   -2   22  -13  -10    4  -11  -10    3    3   10  -10    0   -9   -4   -4    6   -5
    1    2   14    1    1    7    1    1      1051    5   -5   13   -7  -10    2  -11   -8   10   -4   10  -13    0  -11   -6   -5    2   -4
    1    2   15    1    1    9    1    1      2096    8   -3   11   -5  -19    2   -8   -7    3    3   14  -11    1  -12   -7   -4    5   -8
    1    3    1    1    1   15    1    1       890    4   -3   14   -7  -10    4   -8   -8    5    1   12  -12   -1   -7    3  -12   -4    0
    1    3    2    1    3   12    2    0      1188   -4  -11   11    0    9   14    0   12   10    7   -6    7    4   14  -14    7   18   -2
    1    3    3    1    1   13    1    1       851    8   -3   12   -6  -12    2   -7  -12    3    3   12  -11    2   -9   -3   -4   -2    1
    1    3    4    1    1   11    1    1       510   -1    7   14   -7  -10    2   -7  -10   -3    3   11   -8   -6  -13   -5   -4   -1    2
    1    3    5    1    2   13    2    1       632    1   10    7    8  -13   -3   11  -10    4  -11   15    9    2    8    5  -19   -4   14
    1    3    6    1    3   11    2    0      1037   -6  -12   11   -2    8   11   -1   14    9    9  -19   12    1   15  -13    7   16   -1
    1    3    7    1    2   11    2    1      1026    2   10    4    6  -12   -5   14    1    2  -11    7   12   -6   14   -7  -15  -18   13
    1    3    8    1    2   14    2    1       694   -6   15    8    1  -14    0   10  -10   -5   -9   16    0   -2    9   -6  -15  -10   13
    1    3    9    1    3   13    3    1       634   -3  -18   11   -2   18   21    0   10   11   10  -13   10    1   14  -13   15   15  -10
    1    3   10    1    3   15    3    1      1711   -6  -14    8   -2    2   11   -2   15    9    8  -12   19    2   15  -13    6   15   -2
    1    3   11    1    1   12    1    1       776    7   -4   13   -7   -1    8   -8   -6    3    1    9  -11    5   -6   -6   -2   -1   -8
    1    3   12    1    2   12    3    0       727    1   11    4    5  -14    5   10   -9    5  -12   17    9    2    6   -4  -13   -7    8
    1    3   13    1    2   15    3    0       904   -9   18    4    6  -11    7    7   -8   -2  -12   17   12    1    3    2  -13  -18   20
    1    3   14    1    3   14    3    1      1107  -10  -12   20  -11   10   16   -1   14   20    9  -13   15    4   16  -12    7   13    0
    1    3   15    1    1   14    1    1       630    6   -2   22   -2  -11    2   -7   -9    3    3   12  -14    1   -9   -2   -6   -5    1
    1    4    1    1    1   17    1    1       586    7   -2   13   -7  -10    1   -7  -15    3    4   12  -11    1  -15   -2   -4   -1   -2
    1    4    2    1    3   19    3    1       993   -6  -12    9    1   10   13    0   12   12    8  -15   16    4   16  -17   11   14   -6
    1    4    3    1    3   17    3    1       935  -11  -14    9   -3    7   14    5   20    9   11  -14   14    1   20  -12    7   11    2
    1    4    4    1    3   18    3    1       657   -1  -15    8    2   15   22   -4   19   10    5  -13   16    4   13  -12    5   16   -1
    1    4    5    1    1   19    1    1       900    8   -2   15   -8   -9    2  -10   -8    3    5   12   -9    0   -8   -4   -4   -1   -1
    1    4    6    1    2   19    2    1       510   -6    5    4    6  -14   -1    8   -9    4  -11    6   15    1    5   -6  -14   -4    9
    1    4    7    1    2   17    2    1      2058    1   11    4    8  -15    6    8   -7    3   -8   14    9    5   12   -6  -16   -6   12
    1    4    8    1    1   16    1    1       535    8   -4   14   -7  -10    2   -9   -9    5   -2   12  -13    1  -10   -7   -2    6   -7
    1    4    9    1    3   20    2    0      1437   -6  -14    6    2   14   11    1   13   14   14  -14   14    3   15  -12    7   22    1
    1    4   10    1    1   20    1    1      1024    5   -1   11   -7   -8    5   -9  -10    4    4   11  -14    0  -11   -6   -3   -3   -1
    1    4   11    1    2   16    2    1       675   -1   12    5    7  -12   -3   12  -12    2   -9   17    9   -2    8   -4  -14   -6    8
    1    4   12    1    3   16    2    0       756   -7  -15    8    0    8   15   -5   14   13   11  -14   14    3   13  -10   -2   15   -3
    1    4   13    1    1   18    2    0       930    9   -3   17   -5  -11    4  -15  -18    3    3   11  -12    3  -11   -3   -3    1    0
    1    4   14    1    2   18    2    1      2874    1   13    6    6  -15   -2    7   -9    4  -12   15   10   -1    5   -5  -13   -8   11
    1    4   15    1    2   20    3    0      1332    1   13    4    7  -12   -3   10  -10    4  -10   21   12    1    5   -7  -15   -9   10
    1    5    1    1    1   22    1    1       555    5   -1   11   -3  -11    3   -8   -9    2    5    8  -13    0   -8   -6   -3   -5    5
    1    5    2    1    2   24    1    0      4162    3   12   -1   11  -12   -3    9    0    5  -10   16    9    0    4   -5  -13  -11   12
    1    5    3    1    2   21    2    1       953    3   13    2   11  -16    4    7   -9    1   -5   14    9   -1    8   -3  -16   -8   12
    1    5    4    1    1   25    1    1       621   -2   -2   15   -7   -8    5   -1    1    2    2   12  -10    2  -11   -7   -1   -4    0
    1    5    5    1    3   25    3    1       834   -2  -11    7    9   14   18   -1   15   12    8  -20    8   10   14  -11    5   15   -2
    1    5    6    1    1   23    1    1      1021    7   -4   13   -4   -8    3  -10   -8    2    5   12  -14    1  -12   -7   -1   -5    0
    1    5    7    1    3   24    3    1      2929   -4  -13    5    3   12   13   -1   12   11    5  -11   18    3   16  -10    5   15   -2
    1    5    8    1    3   22    3    1       569   -4  -14   10    0   10   17    1   14   12   10  -13   15    4   12  -11    7   15   -7
    1    5    9    1    1   21    1    1       703    6   -3   22   -9   -8    2  -11   -6   10   -1    8  -12    1   -9   -5   -2   -2   -1
    1    5   10    1    3   23    3    1       703   -7  -14   18  -11   10   15   -1   12   13    4  -15   14    2   15  -13    6   15    0
    1    5   11    1    2   23    1    0       863   -1   12    6    5  -13   -4    8   -9    4  -13   17   10   -7   -1    0   -9   -2    6
    1    5   12    1    1   24    1    1      1020    6   -2   13   -7  -15   -2  -17    1    4    2   11  -10    9   -6   -6   -4   -4   -2
    1    5   13    1    2   25    3    0      1216   -2   12    5    3  -16   -1    9  -11    4  -10   16    9   -1    5   -4  -14   -9   14
    1    5   14    1    3   21    1    0       509   -5  -11    8   -1   10   16    0   15   14    4   -9    8   -1   17  -12    7    6   -4
    1    5   15    1    2   22    2    1      2261    2   12   13   16  -12   -1   11   -9    1  -10   15   12    0    7   -7  -17   -4   14
    1    6    1    1    3   26    2    0      2697   -2  -13   13    0    9   16    1   14   12    7   -6    7    1   18  -13    8   16   -3
    1    6    2    1    1   29    1    1       971    8   -4   13   -5  -12    3   -8   -8    9    1   11  -13    2  -12   -5   -2   -1   -2
    1    6    3    1    1   28    1    1      2385    9   -5   15   -5   -5    5   -5   -2    3    1    5  -16    1  -12   -7   -3   -4    1
    1    6    4    1    3   30    3    1       988   -5  -15    3    3   12   17   -3   14   19   14  -13   16    2    9  -11    5   13    1
    1    6    5    1    2   26    3    0      1233    1   13    4    6  -18    6    9   -8    2  -15   15    8    2    7   -5  -15  -12   11
    1    6    6    1    3   29    3    1      1485   -4  -15   10    1    9   16   -2   15   10    9  -16   14   10   19   -3   11   16   -2
    1    6    7    1    3   28    3    1       686   -3  -12   10   -2    8   15    0   14   10    8  -18   15    2   15  -14    8   20    3
    1    6    8    1    1   27    1    1       961    5   -4   13   -7  -10    2   -8   -4    6    4   17   -9    1  -10  -13    1   -3    2
    1    6    9    1    2   27    3    0      2998    1   13    1    9  -13   -2   14   -6    2  -12   10   18   -5   -2   -4  -15   -8   10
    1    6   10    1    2   29    2    1       874    2   10    6    4  -14   -1    8  -10    3  -11   14   13    3    4   -5  -16  -10   13
    1    6   11    1    2   28    2    1      1188    1   10    4    4  -14   -4    8   -8   11   -6   14   11    2    8   -6  -15  -12   14
    1    6   12    1    1   26    1    1       927   15  -12   11   -8  -12    3  -10   -9    4    2   12  -12    1  -12   -3   -5   -4    1
    1    6   13    1    2   30    2    1       791   -1   13    4    5  -13   -2    7  -10    5   -2   15    8    0    7   -6  -15  -10   14
    1    6   14    1    1   30    1    1       789   13   -8   12   -4   -5    7  -11   -6    2    5   10  -10    1  -10   -6   -2   -6    2
    1    6   15    1    3   27    3    1       755  -10  -14   12    0    9   14   -3   12   11    8  -15   17    6   15  -16    3   13   -2
    1    7    1    1    2   31    2    1       722    1   11    5    7  -16    0    6  -12   -4  -11   17   10    1    5   -6  -16  -10   13
    1    7    2    1    3   32    2    0      1443  -13   -4    9   -1    7   17    1   15   11    8   -9   23    4   12  -13    4   15   -2
    1    7    3    1    1   33    1    1       569    6   -5   15   -8   -9    2   -9   -5    4    8   11  -12    7   -8   -5   -4   -5    1
    1    7    4    1    1   35    1    1      1039    6   -3   13   -7   -8    5   -8  -10    5    3   11  -14    4  -12   -6   -1   -5    8
    1    7    5    1    3   35    3    1      1171   -6  -14   11   -1    8   14   -1   12   13    9  -17   24    3   13  -14    6   14   -1
    1    7    6    1    2   34    2    1       642   -1   10    4    7  -12    2   10   -7    2  -12   15   11    2    8   -4  -15  -10   12
    1    7    7    1    1   34    1    1       455    6   -2   13   -8   -8    3   -4   -5    5    3   10  -13    0  -10   -7   -4   -2    1
    1    7    8    1    2   33    2    1       611    1   11    5    7  -15   -1   11   -8    4  -11   17   11    2    4   -1  -14   -8   13
    1    7    9    1    1   32    3    0      1608    6   -2   14   -7   -9    2  -13   -2    3    5    7  -17   -1  -17  -12   -4    1   -2
    1    7   10    1    3   33    3    1       853   -6  -12    9   -1    8   17   -9    7    9    9  -16   14   -1    6  -12    4   16   -2
    1    7   11    1    3   34    3    1       785    1  -16   15   -7    7   14   -2   14   12   10  -14   11    3   12  -14    5   16   -2
    1    7   12    1    3   31    3    1       543   -5  -14   13   -6    8   15   -1   14   10   10  -16   17    2   15   -6    8   14   -3
    1    7   13    1    2   32    2    1       952    3   11    6    7  -14   -4    3  -12    2   -9   16    9   -3   10    1  -19  -10   12
    1    7   14    1    2   35    3    0      1630    3    9    5    8  -16   -3   11   -2   -2   -7   12    0    2    4   -6  -13  -13   17
    1    7   15    1    1   31    1    1       762    6   -5   14   -7  -12    2  -10   -9    3    4    9  -13   -8    0   -7  -13   -1   -2
    1    8    1    1    1   39    1    1       649    8   -4   11   -5  -12    7   -8  -12    2    5   10  -11    4  -12   -5   -2   -2   -1
    1    8    2    1    1   37    1    1       523    7   -4   12   -6  -10    6  -11   -6    8    4   10  -13    3  -11   -4   -5   -2    1
    1    8    3    1    1   36    1    1       482    8   -5   17   -6   -9    1   -8   -9    6    3   11  -11    3  -10   -6   -2   -2    1
    1    8    4    1    2   37    2    1       508   -1   22    4    8  -12   -2   11  -11    0   -8   17    9    1    5   -5  -16  -10   10
    1    8    5    1    3   38    3    1       630   -7  -13   11   -1   11   16    0   12   10    7  -14   17    2   13  -14    6   16    1
    1    8    6    1    3   40    3    1      1323   -5  -13    9   -2    8   16   -2   14   13    7  -16   15    2   17  -10    5   17   -1
    1    8    7    1    2   38    2    1      1523    1   14    6    5  -12   -1   10  -11    2  -11   18   11   -5   -1   -5  -15   -8   11
    1    8    8    1    3   36    3    1       836   -3   -8   18    7   10   15   -2   14   11   11  -14   14    4   15  -13    7   15   -2
    1    8    9    1    2   40    2    1       544    0   12    6    6   -8   -4    8   -9    5   -9   14   10    2    6   -1  -13   -8   12
    1    8   10    1    3   39    3    1      3656  -10   -3   10   -4   10   16   -3   12   11   11  -15   13    1   15  -12    7    9    0
    1    8   11    1    3   37    3    1       834  -10  -11    9   -1    7   15   -3   13   11   10  -14   14    4   14  -13    7   12    0
    1    8   12    1    1   40    3    0      1342    8   -2   13   -5  -17    9  -12  -18    5    2    8  -10    1  -10   -4   -4   -6   -1
    1    8   13    1    1   38    1    1      1156    5   -2   23  -12  -16   -3   -8   -8   10   -1    9  -13    2  -11   -4   -4   -4    0
    1    8   14    1    2   36    2    1       707    0   10    7    7  -18   -1   10   -8    4  -11   17    3   -3   13   -4  -15   -9   14
    1    8   15    1    2   39    2    1       499    2   14    7   14  -14    0   15   -5    3   -9   18    4   -2    9   -4  -13   -8   12
    1    9    1    1    1   41    1    1       574    7   -1    8   -7   -9    5  -10   -9    6    2    0   -4    3  -10   -6   -2   -4    2
    1    9    2    1    2   42    3    0      1427   -1   14    7    6  -15   -1   11   -9    2  -11   18   12   -1    5   -6  -15   -8   11
    1    9    3    1    2   45    2    1       471    2   13    9    6  -15   -2    9  -10    1  -12   15   10    0    4   -5  -13   -9   11
    1    9    4    1    3   43    3    1       643   -6  -12    9    0   10   15    1   12   11    8   -8    7   -1   16  -14    5   17   -2
    1    9    5    1    3   44    3    1       663   -6  -12   10   -3   11   14   -5    9   12    9   -8   22    4   12   -7    5   15    0
    1    9    6    1    2   44    3    0      3368    1   10    6    5   -8    8    5    0    5  -12   16    9    2    5   -6  -16  -17   20
    1    9    7    1    1   42    1    1      1533    9   -4   13   -8  -12    4  -11  -10    9    4   11  -10    4  -14  -10   -2   -1    2
    1    9    8    1    1   44    1    1       606   11   -1   12   -6   -9    2   -8  -10   -2    2    8  -21   -1  -10   -2   -3   -5   -5
    1    9    9    1    1   45    1    1       898    6   -4   14   -5  -10    2   -8  -10    6   12   11  -12    4  -11   -4   -5   -2   -3
    1    9   10    1    1   43    1    1       666   11  -11   12   -4   -9    4   -8   -6    3    2   15   -5    3  -12   -3   -1   -8   -2
    1    9   11    1    3   45    1    0      2651   -6  -12   11   -2    9   17   -3   13   10   14  -13   14    2   14  -11    5   16    1
    1    9   12    1    3   42    3    1       717    1  -15    8    1    9   16   -1   11   10   10  -13   14    5   14  -13    5   17   -1
    1    9   13    1    2   43    2    1       910    1   10    3    8  -16  -10    7   -8    7  -11   14   11    5    0   -5  -15   -7   13
    1    9   14    1    2   41    2    1      1319    0   14    7    6  -17   -3   10   -9    4   -9   16   15   -1    4   -4  -14   -4   16
    1    9   15    1    3   41    3    1       782   -5  -14   11   -2   11   14   -7   21   12    8  -14   17    2   15  -21    4   16    0
    1   10    1    1    1   50    1    1       572    5   -3   15   -1  -11    3  -18   -5    7    1   11  -10    3  -10   -6   -2   -2    1
    1   10    2    1    2   46    2    1       610    8    6    3    8  -13   -1   10   -9    4   -5   15   12   -3    8   -4   -9  -11   13
    1   10    3    1    2   49    2    1      1014   -1   11    7    7  -15    0   10   -7    5  -10   18   12   -1    8   -4  -14  -10   14
    1   10    4    1    3   50    3    1      1084   -6  -12   11    1    9   20    2   14   12    8  -14   14   -5    6   -8   16   14   -2
    1   10    5    1    2   48    2    1       654    0   13    5    8  -21   -6   10  -11    3   -9   16    9    2    6    2  -23  -14   15
    1   10    6    1    3   46    3    1       864  -14   -3   10    0    8   15    0   22    9   10   -9   13    5   12  -11    5   17    1
    1   10    7    1    3   49    3    1      1852   -8  -12   15   -3   12   19   -3   12    9   10  -16   17    2   14  -11    6   14   -1
    1   10    8    1    1   47    1    1       623    7   -5   12   -5  -11    4   -8   -9    2    0   11  -11   -1   -5   -4   -2   -2    1
    1   10    9    1    1   49    3    0       995    7   -2   13   -8  -10    4   -8  -16    5    4   11  -15    1  -10    3   -5   -5   -2
    1   10   10    1    2   47    2    1       698   -1   14    9    8  -16   -2   11   -7    9  -18   17    9    2    6   -4  -15  -10   14
    1   10   11    1    1   46    1    1       780    9   -3   13   -2  -10    1   -7  -10   -1   -4   10  -16    2  -12   -6   -2   -3   -3
    1   10   12    1    3   48    3    1       586   -8  -14   11   -3    9   14   -2   14   13   10  -15   13   -5   21  -11    8    5    0
    1   10   13    1    3   47    3    1      1263   -3   -5    9    1   10   16   -2   15   10    9  -15   14    3   15  -13    6   15   -8
    1   10   14    1    2   50    2    1      1130    2   14    4    7  -15   -1    8  -10    5   -9   18    6    0    6   -3  -13   -7   14
    1   10   15    1    1   48    1    1       507    7   -5   14   -5   -8    1   -8   -6    4    2   12  -14    0  -10   -6   -2  -13   -2
    1   11    1    1    3   51    3    1      1123   -5  -12    8   -3    9   16   -3   11   12    8  -15   16    3   13  -13    7   14    0
    1   11    2    1    2   55    2    1       644    3   15    6    8  -12   -7   11   -8    2  -11   14   10    2    5  -10  -13  -10   13
    1   11    3    1    2   52    2    1       648    2   13    3   10  -16   -2    8   -8    2   -9   18   11    0    7   -7  -14   -6   16
    1   11    4    1    3   52    3    1       699   -1  -15    9    0    5   19   -6   16   10   10  -20   19    0    4  -16    4   14   -1
    1   11    5    1    1   51    1    1       637    8   -3   11   -2   -6   10   -7  -10    3    2   11  -12    2  -11   -2    6   -5    1
    1   11    6    1    1   55    1    1      1232    6   -5   13   -7  -13    7  -11   -6    2    5   18   -7    3  -12    0    7   -5    2
    1   11    7    1    2   51    2    1      1115    6    9    0    7  -18   -3    7   -8   -6   -5   16    6    1   11   -5  -16   -8    2
    1   11    8    1    3   53    3    1      1147   -6  -14   14   -4    9   16    1   14   13   10  -16   15    3   13  -10    6   15    1
    1   11    9    1    1   54    1    1       811    6   -4   14   -7   -9    3   -8   -9   14   -3   11   -7    0  -16   -3   -4   -2   -2
    1   11   10    1    3   55    3    1      1239    3   -9   10    0    8   14    7    7   12    8  -13   14    3   13  -13    7   13    1
    1   11   11    1    2   54    2    1       884    2   12    5    5  -15    0   11   -7    2  -10   16    9    1    5   -4  -15  -10   10
    1   11   12    1    3   54    3    1       637   -5  -11    9   -1    7   16   -3   12   11   10  -13   14    3   13  -12    7   14    0
    1   11   13    1    2   53    1    0      3809    3   18    5    7   -4   -5    8   -9    1   -8   14   10    0    6   -6  -10  -10   12
    1   11   14    1    1   52    1    1       565    8   -3   11   -4  -10    4  -11   -7    2    3   12  -11    0  -11   -5   -4   -3    1
    1   11   15    1    1   53    2    0      1788    8   -2   11   -5  -15    1  -10   -9    2    1   11  -13    3  -12   -1   -7   -3   -1
    1   12    1    1    2   57    2    1       586   -1   13    6    6  -15   -2    5   -2   13   -5   16   11   -1    4   -6  -12   -9   14
    1   12    2    1    2   58    2    1       863    1   13    6    5  -13   -3   10  -10    1   -8   19    6   -1   -1   -3  -14  -11   18
    1   12    3    1    1   60    1    1       666    7   -4   12   -5  -11    2   -4  -17   -1    5   10  -13    2  -11   -4   -7  -13   -7
    1   12    4    1    2   59    2    1      1085    2   12   -2   10   -9    1    8   -5    7  -11   16   12    0    8   -3  -15   -9   13
    1   12    5    1    3   59    3    1       655   -5  -12   12   -3   10   14    0   13   12    9   -6   14    3   13  -14    6   24  -10
    1   12    6    1    3   58    3    1       675   -7  -12    8   -2   10   14    0   14    9    5  -13   15    6   22  -12    5   12    4
    1   12    7    1    3   56    3    1       517   -3   -7    9   -6    7   17    9    7   16    5  -13   14    5   18  -10    4   16   -3
    1   12    8    1    2   56    3    0       461    2   10    6    8  -13   -3    8   -9    1  -11   16    9    2    5    3  -17  -10   21
    1   12    9    1    2   60    2    1      1610   -2   12   15    5  -10   -6    8   -9    2   -9   15    9   -1    6   -6  -14   -8   11
    1   12   10    1    1   58    1    1      1685    6   -2   17    2  -11    3  -11   -9    4    2    9  -11   11   -4    0   -3   -3   -1
    1   12   11    1    3   57    3    1      1246   -8  -14    5   -2   12   11   -2   13   15   -1  -19   12    5   15  -13    2   13    1
    1   12   12    1    1   59    2    0       538    6   -2   18  -10  -11    3  -12   -7    3    3   11  -12    1   -8   -7   -2   -1   -1
    1   12   13    1    3   60    3    1      1508   -8  -15    9    0    7    7   -1   12   10    8  -12   15    4   13  -12    5   14    0
    1   12   14    1    1   56    1    1       612    6   -1    8   -3   -9    2   -8   -8    0    0   13  -14    3  -11   -4   -2   -5    0
    1   12   15    1    1   57    1    1       729    6   -3   18  -13  -10    4   -9   -7    5    3   10  -14    3   -9   -7   -1   -5    2
    1   13    1    1    2   65    1    0      1610   -2    8    6    6  -12   -2   11  -10   -4   -5   14    9    0    5   -4  -16  -10   11
    1   13    2    1    3   64    3    1       535   -7  -15   12   -6    9   13    0   11   12    9  -18   24   11    7  -12    8   14   -1
    1   13    3    1    3   63    3    1       688   -6  -14   10    0   10   17   -1   18   16   13  -24   12    2   14  -13    6   17    0
    1   13    4    1    1   64    1    1       515   10    6   13   -7   -9    3  -10   -8    5    2    6   -7    2   -9   -6    1   -4   -1
    1   13    5    1    3   61    2    0       877   -1  -14    0  -11   10   15   -1   11   16    9  -13   14    5   12  -10    5   15   -3
    1   13    6    1    3   65    3    1       553  -16  -10   12   -1    9   14   -1   12    8    5  -16   16   11    6  -10    4   16   -2
    1   13    7    1    3   62    3    1       880   -6  -11   20    4   10   15    1   13   12   17  -13   15    3   15  -11    5    8    1
    1   13    8    1    2   63    2    1      1066    2   12    6    6  -10    1   11  -10    2   -9   15   10   -1    7   -6  -13  -11   12
    1   13    9    1    1   65    1    1      1084    5   -4   12    4   -7    7   -4   -3    4    2    9   -7   -2  -15   -5   -5   -1   -2
    1   13   10    1    1   62    2    0      1119    9   -2   11   -4  -10    2   -9   -6    4    4   12  -14    8    0   -5   -2   -1   -1
    1   13   11    1    1   61    1    1       561    8   -3   15   -5   -8    4  -11   -7   -3   11    9  -11    2   -8   -4   -3   -1    0
    1   13   12    1    1   63    1    1       456    8   -3   15   -7  -10    2  -14   -7    6    5    9  -10    3  -10   -7   -1    2   -3
    1   13   13    1    2   62    2    1       516    0   13    6    7  -13   -2    7   -9    4  -10   17   10    1    7   -7  -15   -5   13
    1   13   14    1    2   61    2    1       557   -1   10    3    8   -6   -9    9  -11    2   -9   14   12    2    6   -4  -15   -5   13
    1   13   15    1    2   64    2    1       789    3   10    4    7  -16    0   -1   -9    2  -12   17   12    0    5   -6  -16  -10   14
    1   14    1    1    1   70    1    1       835    6   -1    4    4   -6   13  -11   -6    6    2   11  -13    0  -10   -4   -2   -2    0
    1   14    2    1    2   70    2    1       513    2   11    7    7   -7   -1   10   -9    4  -11   20   15   -3    5   -3  -13   -9   13
    1   14    3    1    1   68    1    1       826    3    1   14   -7  -10    4  -11   -6    4    4   10  -11    2  -11   -2    4  -13    0
    1   14    4    1    3   67    3    1       664   -6  -14    9   -1   15    5   -1   12   13    9  -13   15    5   13  -12    8   14   -4
    1   14    5    1    3   66    3    1       684   -7  -13    8    1   10   15   -3   15   12    9   -5   21    2   15  -11    8    8  -10
    1   14    6    1    3   69    3    1       526   -4  -12    8   -9    8   18   -1   11   11    7  -11   18    5   14  -13    5   16   -1
    1   14    7    1    2   66    2    1      1063   -1   11    6    5  -15   -2   11   -9    5   -9   24   11    2    8   -8  -23  -16   15
    1   14    8    1    3   68    3    1      1418   -8  -11   10    0   10   16    1   11   10   10  -10   13    4   14  -11    6    8   -4
    1   14    9    1    1   67    1    1       638   10   -1   15  -10  -11    3   -9   -9    3    3    7   -7    1   -9   -6   -4   -4    1
    1   14   10    1    1   66    1    1       865    8   -4   13   -8  -11    4  -11   -4    3    5    5  -12   -2   -7   -4   -4   -2   -1
    1   14   11    1    1   69    1    1       878    8   -4   14   -7   -8    1   -9   -9    3    3   11  -14    4  -12   -8    5   -3   -1
    1   14   12    1    3   70    3    1      1127   -7  -13   10    0    6   19   -3    9   11    8  -14   16   -4    7  -12    4   16   -1
    1   14   13    1    2   69    2    1       872    3   10    4    6  -19   -1   11  -11    4  -11   14    9    2    5  -10  -18   -9   13
    1   14   14    1    2   67    2    1       692   -1   13    3    5  -13   -1    1  -18    3  -11   17    9    0    5   -8  -18   -9   11
    1   14   15    1    2   68    2    1       790    0   10    5    8  -16   -3   10   -8   -1  -13   24    6    2    5   -4  -16   -7   11
    1   15    1    1    3   72    3    1       563   -7  -13   12   -1   10   15   -2   14   13   10  -15   15    3   15  -14    6   16   -1
    1   15    2    1    3   74    3    1       443  -15   -4   12    0    9   17   -1   15   16   13   -7   15    4   12  -13    7   14   -3
    1   15    3    1    3   73    3    1       855   -5  -12   11   -2    7   16   -2   14   11    7  -16   16    3   15  -15   11   14   -3
    1   15    4    1    1   71    1    1       579    8   -1   15   -7   -8    4   -5   -8    5    2   12  -12    1  -10   -7   -3   -4   -1
    1   15    5    1    1   75    1    1      3001    5   -4   12    3   -9    4   -8  -10    2    8   19   -2    1   -8   -5   -4   -1    0
    1   15    6    1    3   75    3    1       749    2   -5    9   -2   11   13    0   13   11   10  -12   14    0   10  -11    6   19    8
    1   15    7    1    3   71    3    1       927    2  -11    8    2    8   13   -3   18    4    2  -13   16    2   15  -11    6   14   -1
    1   15    8    1    2   73    2    1       853    3   13    7    4  -13    0   11  -10   10  -18   11    4    0    7    0  -12  -11   21
    1   15    9    1    2   72    2    1       546    1   14    7   10  -17   -1   10   -9    4  -10   17   10    1    2   -6  -14   -9   13
    1   15   10    1    1   72    1    1       570    8   -2   13   -5   -6    6   -8   -7    5    2    8  -13    2  -20    0   -9   -1   -1
    1   15   11    1    1   74    1    1       608    9   -4   13   -5   -5    2  -19   -1    6   -7    1   -5    4   -9   -4   -3   -9    4
    1   15   12    1    2   74    2    1       534    3   11    6    6  -13    0   12   -6    2  -10   12    5    0    4   -5  -13  -10   12
    1   15   13    1    1   73    1    1       605    9   -5    9   -9   -7    7  -10   -8    9    0   11  -13    4  -10   -4   -2   -2    1
    1   15   14    1    2   71    2    1       547    1   15    7   10   -4    6    1  -13    1   -3   16   12    0    6   -6  -13  -11   12
    1   15   15    1    2   75    2    1       747   -5   14    5    5  -16   -1    5  -13    4  -11   15    8   -1    5   -4  -13  -10   15
    2    1    1    2    1    0    1    1       716    7   -3   13   -6  -10    3   -9   -8    4    3   10  -12    2  -10   -5   -3   -3    0
    2    1    2    1    2   57    2    1      1246   -1   13    6    6  -15   -2    5   -2   13   -5   16   11   -1    4   -6  -12   -9   14
    2    1    3    5    3    2    3    1       843    0  -11    7   -3    6   11    0   14   10    7  -13   13    4   16  -10    4   19    0
    2    1    4    5    3    5    3    1      1704   -6  -20    5   -1   14    6   -5   11    2   12  -14   16   -6   22  -13   14    5    2
    2    1    5    1    2   35    2    1       609    3    9    5    8  -16   -3   11   -2   -2   -7   12    0    2    4   -6  -13  -13   17
    2    1    6    1    1   47    1    1       646    7   -5   12   -5  -11    4   -8   -9    2    0   11  -11   -1   -5   -4   -2   -2    1
    2    1    7    4    1    3    1    1       554    9   -2   15   -6   -9    3  -18   -7    3    1    9  -12    3   -9   -7   -4   -2    1
    2    1    8    4    3    3    3    1      1153   -6  -12    9   -1   14   16   -3   12   11    4  -15   14    5   15  -17   15   17   -1
    2    1    9    1    1   44    1    1       626   11   -1   12   -6   -9    2   -8  -10   -2    2    8  -21   -1  -10   -2   -3   -5   -5
    2    1   10    2    3    0    3    1      1207   -6  -13   10   -1    9   15   -1   13   11    9  -14   15    3   14  -12    6   15   -1
    2    1   11    5    1    5    1    1      2101    3    4   14   -7  -11    4  -10   -7    5    2   19  -13   12   -8  -12  -12   -5    0
    2    1   12    1    3   55    3    1      2078    3   -9   10    0    8   14    7    7   12    8  -13   14    3   13  -13    7   13    1
    2    1   13    3    3    5    3    1       649   -6  -13    9    0    9   15   -1   12   11    9  -14   16    4   13  -12    6   17   -1
    2    1   14    2    2    0    2    1       686    1   12    5    6  -14   -2    9   -9    3  -10   16   10    1    6   -5  -14   -9   12
    2    1   15    3    3    1    3    1      1234   -6  -13   11   -1   11   19   -2   12   11    9   -5    7    3   15  -12    5   14    0
    2    1   16    3    1    3    1    1       670    6   -2   13   -5  -11    4   -9   -8    4    3   11  -12    5   -5   -5   -2   -3    0
    2    1   17    1    1   13    1    1       545    8   -3   12   -6  -12    2   -7  -12    3    3   12  -11    2   -9   -3   -4   -2    1
    2    1   18    4    3    5    3    1      1610   -5  -12   15    1    7   11  -10   11   10    8  -12   20    1   12   -9    7   17   -3
    2    1   19    4    2    4    2    1       616    2    3    3    7  -14   -1   10  -10    2  -12   15    9   -3   12   -3  -13  -10   11
    2    1   20    3    2    2    2    1      2205    1   12    6    7  -14   -2   11   -7    2   -9   16   10    2    6   -8   -9  -10   12
    2    1   21    5    1    1    1    1       483    8   -4    6   -6  -10    1  -11  -11    4   -2    6  -22    1  -10  -10   -9  -13   -3
    2    1   22    3    3    2    3    1       670   -6  -13   10    0    9   13   -2   13   10   10  -14   16    4   13  -11    5   18  -11
    2    1   23    3    1    1    1    1       705    7   -3   12   -5  -13    3   -7  -11    6    2   11  -11    2  -11   -5   -2   -3    0
    2    1   24    4    3    2    3    1       931  -11   -9   11   -2    8   12  -11    9    9    7  -14   16    2   13  -13    7   12   -9
    2    1   25    3    2    3    2    1       651    1   12    4    6  -14   -2    1   -7    3  -10   15   10    1    5   -4  -13   -9   12
    2    1   26    4    2    3    2    1       799    1   13    5    7  -16    5   13  -10    2  -20   17    8    2    6   -6  -14  -10   13
    2    1   27    1    1   16    1    1       558    8   -4   14   -7  -10    2   -9   -9    5   -2   12  -13    1  -10   -7   -2    6   -7
    2    1   28    1    3   23    3    1       854   -7  -14   18  -11   10   15   -1   12   13    4  -15   14    2   15  -13    6   15    0
    2    1   29    5    3    1    3    1       515  -12  -20   17   -1   11   13    2   18   12    8  -15   20   11    4  -10    1   16   -4
    2    1   30    4    2    1    2    1       478   -3   11   11   15  -20    5    9   -7    3   -9   18   11    1    8   -5  -15  -10   14
    2    1   31    5    1    4    1    1      1337   15  -12   14   -7  -14    6    1    0    7    8    7  -13   -8   -7    3    7  -13    1
    2    1   32    5    2    1    2    1       656    1   13    3    3  -20    1   15    0    1  -20    7   10    0    7   -2  -16  -13   14
    2    1   33    4    1    5    1    1       516    0    1   14   -4  -10    2   -7   -8    2    3    9  -12    2   -9   -5   -1   -3    1
    2    1   34    5    2    3    2    1       989    5   16    0    4  -15   -6   11   -8    3   -7   12   11    3    4   -4  -14  -16   20
    2    1   35    1    2    3    2    1       546   -1   11    3    6  -19   -4    7   -8    2   -9   18    8    1    5   -7  -13   -8   11
    2    1   36    5    2    2    2    1       489    3    6    5    7  -22    3    6    0    1   -4   17    9    2   15   -1  -14  -10   13
    2    1   37    1    3   29    3    1       513   -4  -15   10    1    9   16   -2   15   10    9  -16   14   10   19   -3   11   16   -2
    2    1   38    1    2   64    2    1       492    3   10    4    7  -16    0   -1   -9    2  -12   17   12    0    5   -6  -16  -10   14
    2    1   39    4    1    1    1    1       983    8   -3   12   -5  -15    7   -8  -10    4    4    7  -13    3  -12   -4   -4   -2   -2
    2    1   40    3    1    4    1    1       559    7   -4   13   -6  -10    4   -9   -9    4    3   10  -12    2  -10   -6   -2   -2   -1
    2    1   41    3    2    4    2    1       551    0   13    5    5  -13   -3    9   -9    4  -10   17    9    0    7   -5  -14   -9   12
    2    1   42    5    3    3    3    1      1134  -10  -18    8   -5    0    7   -2   13   16   13  -13   17    2   15  -13    8   15    1
    2    1   43    5    2    5    2    1       992    2   14    0   10  -14   -1    7  -13    1   -6   17   10   -1    5   -6  -13   -8    8
    2    1   44    5    1    2    1    1       485   -1   -2    9    2   -6    2  -10  -10    4    4   11  -12    4   -8    3  -13   -3    1
    2    1   45    1    3   72    3    1       848   -7  -13   12   -1   10   15   -2   14   13   10  -15   15    3   15  -14    6   16   -1
    2    1   46    4    1    4    1    1       749    8   -4   14   -8  -10    6  -10   -7    3    4    4  -10   -2  -13   -5   -4   -4    0
    2    1   47    4    2    2    2    1       575   -8   15    4    6  -12   -1   10   -7    2  -10   18    9    2    5   -4  -14  -15   19
    2    1   48    4    2    5    2    1       839   -2   20    5    5  -13   -2   10   -7    8   -9   17   10   -1    8   -4  -15  -11   11
    2    1   49    5    2    4    3    0       628    1   11    4    6  -13   -6   10   -6   -1  -15    9   16    1    7   -5  -12    1   20
    2    1   50    3    1    5    1    1       619    7   -3   12  -11  -11    3   -9   -9    2    7   10  -12    3  -10   -5   -3   -3    0
    2    1   51    4    3    4    3    1      1377   -5  -11    9    0    8   17    0    7   13    8  -12   12    1   14  -12    8   17   -1
    2    1   52    1    1   40    1    1      1722    8   -2   13   -5  -17    9  -12  -18    5    2    8  -10    1  -10   -4   -4   -6   -1
    2    1   53    1    2    6    2    1       628    2   10    6    8  -15   -1    8  -11    2  -12   17   10   -1    5   -6  -15  -11   14
    2    1   54    3    1    2    1    1       520    6   -3   13   -6  -10    3   -9   -8    3    2    9  -11    1   -9   -4   -3   -3    0
    2    1   55    3    2    5    2    1       818    1   13    5    6  -13   -3    9   -9    3  -10   16   10    1    6   -6  -13   -9   13
    2    1   56    5    3    4    3    1       606  -10  -10   16  -11    1   23   -6   15    5    8  -14   16    3   21  -13    8   14   -2
    2    1   57    3    2    1    2    1       517   -3    8    6    5  -13   -2    9   -9    3  -11   17    9    0    7   -5  -14   -8   11
    2    1   58    1    3   66    3    1       927   -7  -13    8    1   10   15   -3   15   12    9   -5   21    2   15  -11    8    8  -10
    2    1   59    3    3    3    3    1       777   -6  -13    9   -1    9   15   -1   13    7   10  -15   15    4   14  -12    6   21    9
    2    1   60    4    1    2    1    1      1048    7   -2   15   -8  -10    1   -8   -9    5    5   14  -22    0  -10    5    0   -2   -1
    2    1   61    3    3    4    3    1       813   -5  -14   10   -1    8   15   -1   14   11    9  -15   14    3   14  -12    6   16   -2
    2    1   62    5    1    3    1    1      1051    5   -1   21   -7  -11    5   -9  -11    5    5    8  -17    3   -3   -6    0   -5   10
    2    1   63    4    3    1    1    0      2319   -5  -13    9   -2   11   16   -7    8   12    8  -10   19    4   16  -14    4   17   -2
